1 7
2 333
3 312
4 301
5 306
6 303
7 307
8 294
9 344
10 315
11 328
12 324
13 325
14 357
15 356
16 364
17 359
18 364
19 374
20 388
21 379
22 402
23 409
24 415
25 450
26 440
27 428
28 455
29 448
30 433
31 460
32 470
33 432
34 449
35 462
36 457
37 470
38 470
39 482
40 481
41 484
42 488
43 446
44 465
45 502
46 493
47 474
48 459
49 484
50 463
51 468
52 428
53 480
54 455
55 428
56 479
57 429
58 447
59 488
60 474
61 484
62 427
63 428
64 445
65 454
66 435
67 454
68 466
69 466
70 424
71 468
72 460
73 465
74 459
75 447
76 465
77 429
78 443
79 441
80 470
81 456
82 441
83 511
84 444
85 473
86 452
87 461
88 430
89 463
90 441
91 456
92 454
93 453
94 440
95 442
96 449
97 462
98 462
99 443
100 473
101 464
102 439
103 446
104 444
105 442
106 450
107 454
108 447
109 471
110 450
111 453
112 433
113 459
114 449
115 437
116 433
117 461
118 450
119 442
120 463
121 432
122 473
123 442
124 471
125 470
126 452
127 439
128 439
129 438
130 482
131 453
132 433
133 472
134 450
135 448
136 446
137 480
138 456
139 460
140 466
141 458
142 450
143 432
144 443
145 473
146 466
147 470
148 452
149 480
150 470
151 459
152 439
153 456
154 477
155 460
156 462
157 463
158 463
159 469
160 439
161 468
162 438
163 466
164 469
165 443
166 482
167 481
168 468
169 442
170 463
171 466
172 483
173 458
174 481
175 445
176 465
177 474
178 460
179 442
180 444
181 459
182 456
183 466
184 459
185 446
186 466
187 487
188 486
189 477
190 453
191 470
192 458
193 446
194 473
195 477
196 464
197 458
198 428
199 447
200 475
201 466
202 437
203 484
204 457
205 452
206 482
207 443
208 476
209 450
210 439
211 463
212 470
213 455
214 494
215 453
216 466
217 442
218 480
219 485
220 460
221 446
222 434
223 454
224 497
225 471
226 461
227 469
228 445
229 438
230 478
231 449
232 459
233 457
234 443
235 457
236 459
237 470
238 459
239 432
240 457
241 458
242 446
243 468
244 444
245 453
246 464
247 459
248 463
249 452
250 476
251 458
252 436
253 459
254 457
255 510
256 495
257 414
258 459
259 457
260 444
261 444
262 450
263 460
264 448
265 463
266 477
267 460
268 477
269 472
270 466
271 480
272 463
273 454
274 496
275 466
276 461
277 466
278 461
279 476
280 431
281 450
282 466
283 428
284 497
285 436
286 437
287 473
288 468
289 458
290 463
291 438
292 463
293 469
294 458
295 498
296 464
297 436
298 488
299 444
300 457
301 480
302 453
303 491
304 478
305 440
306 457
307 446
308 456
309 492
310 472
311 447
312 477
313 450
314 489
315 452
316 480
317 463
318 484
319 466
320 429
321 437
322 455
323 468
324 473
325 459
326 456
327 449
328 456
329 460
330 429
331 474
332 490
333 475
334 486
335 466
336 445
337 452
338 465
339 452
340 470
341 482
342 475
343 466
344 424
345 481
346 430
347 485
348 466
349 486
350 455
351 477
352 476
353 447
354 441
355 476
356 449
357 466
358 484
359 461
360 487
361 456
362 502
363 449
364 447
365 466
366 457
367 448
368 461
369 471
370 457
371 446
372 478
373 463
374 459
375 458
376 471
377 451
378 437
379 450
380 471
381 465
382 463
383 457
384 471
385 460
386 443
387 449
388 443
389 453
390 436
391 444
392 455
393 465
394 513
395 442
396 457
397 460
398 483
399 428
400 485
401 466
402 496
403 496
404 460
405 497
406 470
407 449
408 480
409 466
410 455
411 472
412 482
413 456
414 454
415 460
416 441
417 487
418 456
419 482
420 458
421 454
422 447
423 440
424 450
425 466
426 460
427 474
428 466
429 456
430 447
431 494
432 478
433 446
434 438
435 449
436 456
437 456
438 448
439 442
440 477
441 466
442 450
443 474
444 475
445 464
446 462
447 435
448 466
449 462
450 454
451 466
452 481
453 453
454 485
455 467
456 459
457 479
458 476
459 451
460 441
461 493
462 496
463 476
464 435
465 450
466 477
467 450
468 463
469 475
470 482
471 453
472 453
473 450
474 463
475 440
476 470
477 460
478 462
479 414
480 477
481 454
482 450
483 474
484 452
485 463
486 497
487 469
488 451
489 479
490 459
491 459
492 447
493 449
494 434
495 484
496 473
497 469
498 436
499 461
500 466
501 457
502 443
503 462
504 468
505 480
506 494
507 463
508 462
509 470
510 435
511 454
512 455
513 452
514 482
515 466
516 482
517 491
518 461
519 453
520 463
521 476
522 474
523 452
524 484
525 472
526 466
527 478
528 468
529 451
530 442
531 478
532 453
533 450
534 438
535 468
536 457
537 482
538 464
539 484
540 462
541 453
542 478
543 446
544 466
545 458
546 423
547 447
548 470
549 461
550 471
551 441
552 470
553 452
554 439
555 516
556 420
557 463
558 471
559 472
560 493
561 466
562 453
563 437
564 441
565 487
566 470
567 485
568 475
569 459
570 478
571 466
572 460
573 485
574 443
575 460
576 466
577 492
578 469
579 458
580 457
581 482
582 474
583 477
584 458
585 479
586 465
587 480
588 442
589 475
590 470
591 454
592 472
593 459
594 454
595 496
596 473
597 468
598 463
599 483
600 474
601 444
602 484
603 463
604 486
605 475
606 487
607 458
608 475
609 492
610 449
611 445
612 455
613 494
614 477
615 477
616 461
617 466
618 470
619 464
620 442
621 487
622 448
623 466
624 486
625 478
626 463
627 489
628 447
629 462
630 459
631 462
632 463
633 453
634 437
635 445
636 470
637 450
638 459
639 461
640 497
641 484
642 470
643 447
644 456
645 443
646 491
647 452
648 463
649 456
650 463
651 430
652 456
653 484
654 475
655 476
656 461
657 474
658 490
659 448
660 447
661 446
662 431
663 456
664 488
665 469
666 444
667 449
668 484
669 466
670 471
671 446
672 469
673 492
674 449
675 453
676 478
677 473
678 465
679 470
680 472
681 464
682 471
683 450
684 488
685 468
686 455
687 510
688 476
689 481
690 441
691 458
692 450
693 470
694 487
695 469
696 458
697 454
698 481
699 450
700 448
701 461
702 453
703 482
704 496
705 493
706 452
707 475
708 458
709 463
710 473
711 478
712 455
713 489
714 472
715 474
716 485
717 466
718 485
719 422
720 466
721 450
722 456
723 459
724 452
725 447
726 473
727 459
728 484
729 470
730 458
731 482
732 457
733 460
734 442
735 456
736 460
737 490
738 480
739 451
740 477
741 457
742 465
743 474
744 466
745 470
746 474
747 466
748 470
749 450
750 468
751 443
752 431
753 442
754 455
755 456
756 450
757 442
758 463
759 474
760 454
761 445
762 458
763 471
764 446
765 463
766 458
767 449
768 452
769 436
770 478
771 468
772 450
773 470
774 433
775 485
776 458
777 448
778 469
779 481
780 481
781 450
782 473
783 446
784 468
785 434
786 459
787 456
788 466
789 449
790 432
791 443
792 463
793 488
794 464
795 466
796 484
797 468
798 479
799 466
800 493
801 468
802 458
803 472
804 444
805 453
806 474
807 477
808 452
809 466
810 479
811 469
812 460
813 431
814 474
815 471
816 464
817 434
818 469
819 465
820 466
821 484
822 448
823 478
824 475
825 481
826 450
827 486
828 469
829 471
830 450
831 491
832 464
833 486
834 470
835 458
836 479
837 432
838 475
839 436
840 479
841 493
842 460
843 449
844 434
845 461
846 456
847 473
848 456
849 456
850 462
851 493
852 450
853 450
854 444
855 479
856 460
857 455
858 465
859 457
860 446
861 431
862 447
863 438
864 456
865 462
866 481
867 477
868 442
869 458
870 449
871 490
872 494
873 450
874 447
875 471
876 478
877 438
878 469
879 445
880 442
881 479
882 467
883 469
884 470
885 443
886 462
887 476
888 464
889 455
890 458
891 457
892 484
893 447
894 452
895 442
896 460
897 450
898 483
899 453
900 455
901 458
902 448
903 453
904 462
905 463
906 486
907 462
908 480
909 451
910 475
911 485
912 469
913 470
914 431
915 480
916 457
917 486
918 484
919 443
920 465
921 463
922 436
923 443
924 463
925 449
926 460
927 471
928 427
929 457
930 450
931 490
932 460
933 446
934 470
935 470
936 457
937 456
938 465
939 488
940 519
941 461
942 490
943 474
944 454
945 476
946 460
947 474
948 473
949 445
950 472
951 449
952 462
953 452
954 450
955 430
956 476
957 468
958 466
959 452
960 455
961 478
962 450
963 467
964 473
965 487
966 455
967 460
968 455
969 481
970 460
971 450
972 465
973 481
974 476
975 432
976 453
977 481
978 470
979 472
980 464
981 466
982 472
983 437
984 476
985 463
986 439
987 460
988 454
989 506
990 457
991 466
992 452
993 461
994 439
995 466
996 455
997 472
998 480
999 467
1000 486
1001 461
1002 446
1003 481
1004 456
1005 465
1006 466
1007 456
1008 452
1009 463
1010 474
1011 454
1012 463
1013 478
1014 470
1015 470
1016 453
1017 436
1018 450
1019 464
1020 450
1021 478
1022 480
1023 465
1024 480
1025 446
1026 465
1027 465
1028 463
1029 436
1030 496
1031 469
1032 472
1033 474
1034 438
1035 478
1036 454
1037 450
1038 456
1039 461
1040 473
1041 464
1042 460
1043 461
1044 489
1045 473
1046 462
1047 484
1048 474
1049 456
1050 458
1051 475
1052 457
1053 471
1054 428
1055 424
1056 476
1057 439
1058 437
1059 469
1060 480
1061 492
1062 479
1063 468
1064 461
1065 478
1066 474
1067 454
1068 455
1069 487
1070 445
1071 450
1072 459
1073 454
1074 477
1075 509
1076 459
1077 463
1078 474
1079 448
1080 448
1081 468
1082 454
1083 474
1084 458
1085 456
1086 439
1087 465
1088 475
1089 451
1090 450
1091 476
1092 434
1093 480
1094 456
1095 442
1096 475
1097 432
1098 465
1099 480
1100 501
1101 465
1102 484
1103 472
1104 466
1105 460
1106 476
1107 451
1108 486
1109 468
1110 448
1111 446
1112 443
1113 453
1114 463
1115 505
1116 453
1117 456
1118 468
1119 471
1120 486
1121 427
1122 467
1123 455
1124 456
1125 466
1126 448
1127 478
1128 480
1129 455
1130 447
1131 460
1132 486
1133 478
1134 456
1135 448
1136 458
1137 472
1138 465
1139 482
1140 427
1141 469
1142 468
1143 470
1144 492
1145 496
1146 424
1147 450
1148 473
1149 474
1150 474
1151 460
1152 473
1153 474
1154 489
1155 449
1156 452
1157 482
1158 463
1159 481
1160 445
1161 470
1162 452
1163 448
1164 453
1165 450
1166 457
1167 472
1168 443
1169 474
1170 439
1171 460
1172 466
1173 460
1174 450
1175 486
1176 437
1177 485
1178 454
1179 487
1180 456
1181 463
1182 469
1183 426
1184 460
1185 466
1186 462
1187 440
1188 450
1189 474
1190 464
1191 478
1192 450
1193 449
1194 463
1195 492
1196 461
1197 450
1198 456
1199 470
1200 488
1201 434
1202 448
1203 479
1204 455
1205 466
1206 487
1207 470
1208 481
1209 464
1210 467
1211 450
1212 458
1213 480
1214 474
1215 468
1216 433
1217 463
1218 490
1219 468
1220 472
1221 478
1222 448
1223 440
1224 468
1225 450
1226 447
1227 439
1228 461
1229 486
1230 448
1231 433
1232 440
1233 445
1234 454
1235 470
1236 454
1237 502
1238 485
1239 446
1240 478
1241 487
1242 468
1243 442
1244 476
1245 470
1246 445
1247 460
1248 463
1249 486
1250 473
1251 472
1252 457
1253 456
1254 480
1255 463
1256 450
1257 446
1258 458
1259 458
1260 446
1261 465
1262 443
1263 469
1264 460
1265 449
1266 422
1267 480
1268 454
1269 460
1270 457
1271 450
1272 442
1273 453
1274 462
1275 482
1276 450
1277 441
1278 466
1279 487
1280 441
1281 462
1282 482
1283 461
1284 447
1285 474
1286 439
1287 482
1288 471
1289 460
1290 440
1291 452
1292 445
1293 452
1294 459
1295 464
1296 475
1297 463
1298 450
1299 439
1300 458
1301 473
1302 466
1303 470
1304 476
1305 464
1306 478
1307 441
1308 474
1309 471
1310 450
1311 456
1312 452
1313 440
1314 472
1315 476
1316 472
1317 457
1318 476
1319 476
1320 455
1321 456
1322 470
1323 462
1324 458
1325 456
1326 442
1327 460
1328 464
1329 479
1330 451
1331 442
1332 453
1333 415
1334 482
1335 442
1336 450
1337 460
1338 450
1339 450
1340 471
1341 460
1342 462
1343 468
1344 466
1345 449
1346 463
1347 495
1348 453
1349 466
1350 467
1351 451
1352 466
1353 438
1354 480
1355 465
1356 469
1357 445
1358 488
1359 495
1360 482
1361 484
1362 450
1363 462
1364 454
1365 468
1366 476
1367 460
1368 466
1369 478
1370 474
1371 445
1372 462
1373 438
1374 475
1375 481
1376 471
1377 449
1378 480
1379 447
1380 436
1381 450
1382 454
1383 459
1384 452
1385 463
1386 486
1387 460
1388 484
1389 453
1390 448
1391 449
1392 434
1393 467
1394 454
1395 445
1396 477
1397 465
1398 465
1399 478
1400 468
1401 454
1402 466
1403 460
1404 468
1405 463
1406 465
1407 442
1408 439
1409 459
1410 455
1411 456
1412 506
1413 471
1414 481
1415 481
1416 480
1417 489
1418 482
1419 478
1420 466
1421 495
1422 491
1423 460
1424 448
1425 460
1426 444
1427 474
1428 469
1429 449
1430 469
1431 452
1432 473
1433 469
1434 473
1435 458
1436 466
1437 456
1438 454
1439 450
1440 473
1441 480
1442 456
1443 487
1444 484
1445 479
1446 433
1447 435
1448 476
1449 466
1450 477
1451 462
1452 450
1453 454
1454 479
1455 470
1456 429
1457 460
1458 458
1459 455
1460 485
1461 497
1462 463
1463 460
1464 429
1465 466
1466 473
1467 442
1468 476
1469 491
1470 479
1471 498
1472 482
1473 475
1474 464
1475 449
1476 473
1477 465
1478 450
1479 476
1480 450
1481 454
1482 446
1483 443
1484 459
1485 456
1486 470
1487 430
1488 468
1489 455
1490 509
1491 475
1492 484
1493 438
1494 476
1495 464
1496 465
1497 464
1498 479
1499 478
1500 461
1501 451
1502 457
1503 469
1504 476
1505 464
1506 448
1507 459
1508 474
1509 485
1510 441
1511 472
1512 482
1513 453
1514 453
1515 462
1516 459
1517 448
1518 453
1519 486
1520 479
1521 476
1522 455
1523 462
1524 473
1525 469
1526 442
1527 463
1528 455
1529 472
1530 459
1531 488
1532 448
1533 466
1534 447
1535 462
1536 466
1537 450
1538 453
1539 456
1540 454
1541 468
1542 434
1543 480
1544 466
1545 487
1546 475
1547 490
1548 475
1549 444
1550 471
1551 479
1552 499
1553 461
1554 484
1555 484
1556 482
1557 482
1558 461
1559 487
1560 481
1561 455
1562 461
1563 463
1564 444
1565 466
1566 472
1567 469
1568 461
1569 479
1570 466
1571 464
1572 457
1573 491
1574 478
1575 471
1576 487
1577 462
1578 460
1579 455
1580 461
1581 477
1582 427
1583 480
1584 463
1585 476
1586 454
1587 456
1588 477
1589 468
1590 482
1591 447
1592 472
1593 468
1594 484
1595 458
1596 477
1597 458
1598 470
1599 480
1600 481
1601 474
1602 462
1603 418
1604 490
1605 452
1606 465
1607 450
1608 463
1609 460
1610 463
1611 466
1612 465
1613 487
1614 474
1615 464
1616 460
1617 470
1618 448
1619 471
1620 466
1621 469
1622 474
1623 475
1624 478
1625 494
1626 457
1627 465
1628 478
1629 488
1630 459
1631 460
1632 449
1633 457
1634 459
1635 470
1636 456
1637 460
1638 471
1639 474
1640 452
1641 474
1642 472
1643 450
1644 472
1645 482
1646 466
1647 477
1648 464
1649 459
1650 456
1651 481
1652 474
1653 491
1654 478
1655 474
1656 447
1657 443
1658 470
1659 440
1660 447
1661 488
1662 442
1663 466
1664 461
1665 470
1666 444
1667 469
1668 444
1669 473
1670 462
1671 494
1672 466
1673 472
1674 482
1675 472
1676 488
1677 445
1678 456
1679 469
1680 489
1681 466
1682 460
1683 459
1684 477
1685 473
1686 482
1687 463
1688 471
1689 484
1690 462
1691 462
1692 442
1693 461
1694 469
1695 478
1696 479
1697 464
1698 433
1699 444
1700 420
1701 486
1702 458
1703 498
1704 465
1705 444
1706 458
1707 455
1708 448
1709 450
1710 466
1711 475
1712 466
1713 479
1714 463
1715 461
1716 483
1717 453
1718 482
1719 459
1720 473
1721 461
1722 473
1723 459
1724 458
1725 460
1726 480
1727 465
1728 436
1729 447
1730 474
1731 464
1732 482
1733 500
1734 463
1735 438
1736 469
1737 481
1738 466
1739 487
1740 474
1741 447
1742 473
1743 479
1744 466
1745 439
1746 462
1747 480
1748 476
1749 469
1750 479
1751 457
1752 470
1753 460
1754 482
1755 458
1756 459
1757 508
1758 450
1759 455
1760 477
1761 449
1762 452
1763 453
1764 429
1765 466
1766 464
1767 492
1768 460
1769 478
1770 477
1771 463
1772 436
1773 454
1774 493
1775 493
1776 478
1777 442
1778 450
1779 467
1780 441
1781 454
1782 446
1783 470
1784 465
1785 440
1786 459
1787 474
1788 444
1789 447
1790 460
1791 465
1792 466
1793 480
1794 477
1795 472
1796 473
1797 476
1798 482
1799 487
1800 439
1801 477
1802 470
1803 465
1804 443
1805 460
1806 462
1807 441
1808 448
1809 449
1810 476
1811 446
1812 466
1813 440
1814 468
1815 466
1816 484
1817 492
1818 474
1819 472
1820 465
1821 450
1822 457
1823 454
1824 476
1825 479
1826 488
1827 481
1828 473
1829 478
1830 459
1831 471
1832 476
1833 487
1834 475
1835 437
1836 456
1837 482
1838 473
1839 464
1840 433
1841 489
1842 446
1843 461
1844 471
1845 466
1846 488
1847 492
1848 477
1849 476
1850 477
1851 436
1852 470
1853 462
1854 454
1855 466
1856 489
1857 473
1858 471
1859 476
1860 490
1861 473
1862 457
1863 466
1864 461
1865 461
1866 444
1867 458
1868 449
1869 476
1870 441
1871 441
1872 471
1873 448
1874 465
1875 443
1876 468
1877 473
1878 450
1879 471
1880 482
1881 483
1882 473
1883 429
1884 462
1885 457
1886 460
1887 459
1888 443
1889 447
1890 469
1891 464
1892 476
1893 481
1894 434
1895 490
1896 462
1897 454
1898 456
1899 441
1900 487
1901 432
1902 443
1903 462
1904 480
1905 492
1906 440
1907 456
1908 468
1909 478
1910 466
1911 466
1912 457
1913 476
1914 440
1915 457
1916 500
1917 453
1918 488
1919 477
1920 463
1921 437
1922 455
1923 456
1924 432
1925 449
1926 450
1927 456
1928 465
1929 478
1930 481
1931 469
1932 470
1933 458
1934 466
1935 461
1936 476
1937 448
1938 474
1939 475
1940 502
1941 463
1942 486
1943 446
1944 476
1945 464
1946 481
1947 464
1948 473
1949 480
1950 463
1951 464
1952 485
1953 468
1954 444
1955 458
1956 473
1957 486
1958 448
1959 480
1960 482
1961 456
1962 478
1963 475
1964 455
1965 460
1966 478
1967 452
1968 476
1969 481
1970 450
1971 438
1972 466
1973 456
1974 444
1975 442
1976 479
1977 476
1978 450
1979 461
1980 443
1981 472
1982 444
1983 467
1984 466
1985 449
1986 461
1987 456
1988 479
1989 446
1990 476
1991 459
1992 466
1993 446
1994 459
1995 467
1996 466
1997 464
1998 454
1999 464
2000 456
2001 461
2002 463
2003 466
2004 483
2005 462
2006 440
2007 451
2008 462
2009 478
2010 459
2011 471
2012 469
2013 453
2014 471
2015 466
2016 448
2017 459
2018 450
2019 446
2020 450
2021 499
2022 455
2023 461
2024 464
2025 505
2026 469
2027 457
2028 447
2029 458
2030 480
2031 476
2032 460
2033 462
2034 478
2035 474
2036 445
2037 447
2038 498
2039 458
2040 465
2041 473
2042 448
2043 455
2044 429
2045 464
2046 464
2047 464
