gas=Ar_shot=32_power=158.8W_HR4000 spectrum
Wavelength [nm] // Intensity [u.a.] 
194.93414 787.0
195.2037815346219 762.0
195.47341553816543 776.0
195.74304201014752 786.0
196.012660950085 802.0
196.28227235749478 824.0
196.55187623189366 828.0
196.82147257279857 824.0
197.09106137972637 824.0
197.36064265219392 813.0
197.63021638971804 814.0
197.89978259181567 814.0
198.16934125800364 798.0
198.43889238779886 804.0
198.7084359807181 809.0
198.97797203627835 806.0
199.2475005539964 823.0
199.51702153338914 825.0
199.78653497397343 802.0
200.05604087526618 809.0
200.3255392367842 805.0
200.59503005804436 813.0
200.8645133385636 819.0
201.1339890778587 792.0
201.4034572754466 818.0
201.67291793084408 820.0
201.94237104356813 833.0
202.21181661313554 812.0
202.48125463906314 815.0
202.7506851208679 830.0
203.02010805806663 807.0
203.28952345017618 802.0
203.55893129671344 800.0
203.8283315971953 814.0
204.0977243511386 813.0
204.3671095580602 820.0
204.636487217477 821.0
204.90585732890585 814.0
205.17521989186366 819.0
205.44457490586717 820.0
205.7139223704334 819.0
205.98326228507918 817.0
206.2525946493213 813.0
206.5219194626767 806.0
206.79123672466224 808.0
207.06054643479476 822.0
207.32984859259116 834.0
207.59914319756828 837.0
207.86843024924303 828.0
208.13770974713225 816.0
208.40698169075276 823.0
208.6762460796215 830.0
208.94550291325532 814.0
209.2147521911711 820.0
209.48399391288567 801.0
209.75322807791594 795.0
210.02245468577874 802.0
210.29167373599094 804.0
210.56088522806942 818.0
210.83008916153108 811.0
211.09928553589276 820.0
211.3684743506713 812.0
211.63765560538363 811.0
211.9068292995466 831.0
212.175995432677 809.0
212.44515400429182 807.0
212.71430501390782 821.0
212.98344846104192 804.0
213.25258434521103 821.0
213.52171266593191 835.0
213.79083342272153 820.0
214.05994661509675 829.0
214.3290522425744 825.0
214.5981503046713 806.0
214.8672408009044 812.0
215.13632373079054 802.0
215.4053990938466 793.0
215.6744668895894 816.0
215.94352711753592 814.0
216.21257977720293 820.0
216.48162486810728 813.0
216.7506623897659 816.0
217.01969234169565 824.0
217.2887147234134 815.0
217.55772953443596 828.0
217.82673677428028 827.0
218.0957364424632 809.0
218.36472853850154 809.0
218.6337130619122 836.0
218.9026900122121 820.0
219.17165938891804 805.0
219.4406211915469 807.0
219.70957541961562 821.0
219.97852207264097 820.0
220.24746115013983 807.0
220.5163926516291 816.0
220.78531657662566 825.0
221.05423292464639 821.0
221.32314169520808 819.0
221.59204288782766 816.0
221.860936502022 812.0
222.12982253730797 816.0
222.39870099320237 816.0
222.66757186922214 804.0
222.93643516488416 810.0
223.20529087970525 818.0
223.47413901320226 820.0
223.74297956489212 814.0
224.01181253429166 825.0
224.28063792091777 816.0
224.5494557242873 818.0
224.8182659439171 816.0
225.08706857932413 829.0
225.35586363002508 808.0
225.62465109553705 796.0
225.89343097537673 824.0
226.16220326906105 816.0
226.43096797610687 808.0
226.69972509603105 824.0
226.9684746283505 810.0
227.237216572582 818.0
227.50595092824256 825.0
227.7746776948489 821.0
228.04339687191796 824.0
228.31210845896663 827.0
228.5808124555117 824.0
228.84950886107015 820.0
229.11819767515877 813.0
229.38687889729442 811.0
229.65555252699397 820.0
229.92421856377433 823.0
230.1928770071524 816.0
230.46152785664492 825.0
230.73017111176884 814.0
230.99880677204106 816.0
231.26743483697837 815.0
231.53605530609772 813.0
231.8046681789159 813.0
232.07327345494983 830.0
232.34187113371638 805.0
232.61046121473237 810.0
232.87904369751473 802.0
233.14761858158028 819.0
233.41618586644586 819.0
233.68474555162845 816.0
233.95329763664483 809.0
234.2218421210119 824.0
234.49037900424648 824.0
234.7589082858655 814.0
235.02742996538583 820.0
235.29594404232427 810.0
235.56445051619772 821.0
235.8329493865231 811.0
236.10144065281722 819.0
236.36992431459691 829.0
236.63840037137916 826.0
236.9068688226808 830.0
237.1753296680186 826.0
237.44378290690955 807.0
237.7122285388704 816.0
237.9806665634181 805.0
238.24909698006957 818.0
238.51751978834153 816.0
238.78593498775095 813.0
239.0543425778147 813.0
239.32274255804958 823.0
239.59113492797255 821.0
239.8595196871004 818.0
240.12789683495004 820.0
240.3962663710383 817.0
240.66462829488208 826.0
240.93298260599826 820.0
241.2013293039037 822.0
241.46966838811522 814.0
241.73799985814978 806.0
242.00632371352418 816.0
242.27463995375527 828.0
242.54294857835998 802.0
242.81124958685515 823.0
243.07954297875764 816.0
243.34782875358434 824.0
243.61610691085207 820.0
243.88437745007772 809.0
244.15264037077822 816.0
244.42089567247035 818.0
244.68914335467105 820.0
244.95738341689716 825.0
245.2256158586655 824.0
245.493840679493 820.0
245.76205787889654 831.0
246.03026745639292 820.0
246.29846941149904 819.0
246.5666637437318 824.0
246.834850452608 827.0
247.1030295376446 820.0
247.37120099835838 821.0
247.63936483426627 805.0
247.9075210448851 811.0
248.17566962973177 809.0
248.4438105883231 819.0
248.71194392017603 819.0
248.98006962480733 813.0
249.248187701734 812.0
249.51629815047275 826.0
249.78440097054056 816.0
250.05249616145431 822.0
250.32058372273076 812.0
250.5886636538869 808.0
250.85673595443953 826.0
251.12480062390551 812.0
251.39285766180177 815.0
251.6609070676451 807.0
251.92894884095242 804.0
252.19698298124058 795.0
252.46500948802645 780.0
252.73302836082692 801.0
253.00103959915882 790.0
253.26904320253902 826.0
253.53703917048443 812.0
253.80502750251188 813.0
254.07300819813827 826.0
254.34098125688044 828.0
254.60894667825525 824.0
254.87690446177962 810.0
255.14485460697037 805.0
255.41279711334434 825.0
255.6807319804185 812.0
255.94865920770962 814.0
256.2165787947346 813.0
256.48449074101035 816.0
256.75239504605366 824.0
257.02029170938147 811.0
257.28818073051065 803.0
257.556062108958 806.0
257.8239358442404 819.0
258.0918019358748 807.0
258.35966038337796 820.0
258.6275111862668 818.0
258.8953543440582 819.0
259.163189856269 826.0
259.4310177224162 813.0
259.6988379420164 799.0
259.9666505145867 811.0
260.23445543964385 832.0
260.50225271670473 824.0
260.77004234528624 800.0
261.03782432490533 818.0
261.3055986550787 824.0
261.5733653353234 825.0
261.8411243651561 810.0
262.1088757440937 825.0
262.37661947165327 821.0
262.6443555473515 807.0
262.9120839707053 809.0
263.1798047412315 802.0
263.44751785844704 824.0
263.7152233218687 821.0
263.98292113101354 828.0
264.2506112853982 825.0
264.51829378453965 809.0
264.7859686279547 822.0
265.05363581516025 817.0
265.32129534567326 813.0
265.5889472190105 807.0
265.8565914346889 822.0
266.1242279922252 826.0
266.39185689113634 810.0
266.65947813093925 799.0
266.9270917111508 817.0
267.19469763128774 818.0
267.46229589086704 806.0
267.72988648940554 826.0
267.9974694264201 824.0
268.2650447014276 817.0
268.53261231394487 806.0
268.80017226348883 824.0
269.0677245495763 822.0
269.3352691717242 813.0
269.60280612944933 832.0
269.8703354222686 828.0
270.13785704969894 808.0
270.40537101125716 821.0
270.67287730646007 812.0
270.9403759348246 809.0
271.2078668958677 821.0
271.47535018910605 826.0
271.7428258140567 817.0
272.01029377023633 810.0
272.2777540571619 816.0
272.5452066743504 825.0
272.81265162131854 819.0
273.08008889758327 835.0
273.34751850266144 821.0
273.6149404360698 815.0
273.8823546973254 808.0
274.1497612859451 795.0
274.4171602014456 801.0
274.6845514433439 827.0
274.95193501115676 820.0
275.2193109044012 818.0
275.486679122594 818.0
275.7540396652521 817.0
276.02139253189216 816.0
276.2887377220313 820.0
276.55607523518626 808.0
276.82340507087395 817.0
277.09072722861123 816.0
277.3580417079149 823.0
277.62534850830195 809.0
277.8926476292892 797.0
278.1599390703934 825.0
278.4272228311316 826.0
278.69449891102056 818.0
278.96176730957717 820.0
279.22902802631836 806.0
279.4962810607609 812.0
279.76352641242164 814.0
280.0307640808177 822.0
280.29799406546556 820.0
280.5652163658824 811.0
280.8324309815849 815.0
281.09963791209003 823.0
281.3668371569146 831.0
281.6340287155756 806.0
281.9012125875897 818.0
282.168388772474 823.0
282.4355572697452 828.0
282.7027180789201 823.0
282.9698711995158 825.0
283.23701663104896 809.0
283.50415437303667 805.0
283.77128442499554 812.0
284.0384067864426 800.0
284.3055214568946 812.0
284.57262843586864 820.0
284.8397277228814 818.0
285.1068193174497 837.0
285.37390321909055 831.0
285.6409794273207 820.0
285.9080479416572 806.0
286.1751087616167 810.0
286.4421618867162 805.0
286.7092073164725 807.0
286.9762450504025 815.0
287.24327508802315 817.0
287.5102974288511 826.0
287.77731207240345 826.0
288.04431901819703 833.0
288.3113182657485 806.0
288.578309814575 814.0
288.84529366419326 825.0
289.1122698141201 810.0
289.37923826387254 808.0
289.6461990129674 839.0
289.91315206092133 819.0
290.18009740725154 834.0
290.44703505147464 823.0
290.7139649931077 814.0
290.98088723166734 825.0
291.24780176667065 809.0
291.5147085976344 821.0
291.78160772407557 805.0
292.04849914551085 807.0
292.3153828614572 814.0
292.58225887143146 803.0
292.8491271749505 818.0
293.1159877715313 801.0
293.3828406606906 811.0
293.6496858419453 824.0
293.9165233148123 817.0
294.1833530788084 819.0
294.4501751334505 809.0
294.71698947825547 825.0
294.9837961127402 802.0
295.2505950364216 794.0
295.5173862488164 814.0
295.78416974944156 808.0
296.050945537814 817.0
296.31771361345045 810.0
296.584473975868 823.0
296.8512266245832 816.0
297.11797155911313 816.0
297.38470877897464 826.0
297.6514382836846 811.0
297.9181600727598 826.0
298.18487414571723 802.0
298.4515805020736 801.0
298.71827914134593 816.0
298.9849700630511 813.0
299.2516532667058 822.0
299.518328751827 824.0
299.78499651793163 821.0
300.0516565645365 808.0
300.3183088911584 826.0
300.58495349731436 813.0
300.8515903825211 813.0
301.1182195462956 805.0
301.3848409881546 820.0
301.65145470761513 809.0
301.91806070419403 825.0
302.184658977408 820.0
302.4512495267741 807.0
302.7178323518091 809.0
302.9844074520298 824.0
303.2509748269532 825.0
303.5175344760962 812.0
303.78408639897555 812.0
304.0506305951082 802.0
304.31716706401096 798.0
304.58369580520065 821.0
304.8502168181943 810.0
305.1167301025086 797.0
305.3832356576606 822.0
305.649733483167 827.0
305.9162235785447 829.0
306.1827059433106 812.0
306.4491805769817 812.0
306.7156474790747 818.0
306.98210664910647 818.0
307.2485580865939 823.0
307.5150017910539 823.0
307.7814377620034 824.0
308.0478659989591 813.0
308.31428650143795 818.0
308.58069926895683 811.0
308.8471043010326 817.0
309.1135015971821 809.0
309.37989115692227 809.0
309.6462729797699 820.0
309.91264706524197 829.0
310.1790134128551 808.0
310.4453720221265 818.0
310.71172289257277 818.0
310.97806602371094 803.0
311.2444014150577 804.0
311.5107290661301 809.0
311.777048976445 822.0
312.04336114551904 817.0
312.30966557286945 808.0
312.5759622580128 818.0
312.8422512004661 819.0
313.1085323997461 816.0
313.3748058553698 825.0
313.641071566854 811.0
313.90732953371554 797.0
314.17357975547145 792.0
314.4398222316384 826.0
314.70605696173334 819.0
314.9722839452731 800.0
315.23850318177466 804.0
315.50471467075477 832.0
315.7709184117303 821.0
316.0371144042182 825.0
316.3033026477353 811.0
316.56948314179846 808.0
316.8356558859246 808.0
317.1018208796305 824.0
317.36797812243304 822.0
317.6341276138491 816.0
317.90026935339563 806.0
318.1664033405894 818.0
318.4325295749473 840.0
318.6986480559862 805.0
318.96475878322303 805.0
319.2308617561746 808.0
319.4969569743577 809.0
319.76304443728935 801.0
320.0291241444864 815.0
320.2951960954656 803.0
320.5612602897438 829.0
320.82731672683815 818.0
321.0933654062652 822.0
321.359406327542 818.0
321.6254394901853 827.0
321.891464893712 827.0
322.157482537639 822.0
322.4234924214832 819.0
322.68949454476143 818.0
322.95548890699064 833.0
323.2214755076875 837.0
323.487454346369 815.0
323.753425422552 818.0
324.01938873575347 815.0
324.2853442854901 821.0
324.55129207127885 826.0
324.8172320926366 803.0
325.08316434908016 806.0
325.34908884012646 810.0
325.61500556529234 815.0
325.8809145240947 828.0
326.14681571605024 820.0
326.4127091406761 825.0
326.6785947974889 810.0
326.9444726860058 825.0
327.2103428057433 825.0
327.47620515621855 814.0
327.74205973694836 815.0
328.00790654744947 817.0
328.2737455872389 808.0
328.5395768558335 818.0
328.80540035275004 813.0
329.0712160775054 825.0
329.33702402961654 815.0
329.6028242086002 826.0
329.86861661397353 826.0
330.13440124525306 821.0
330.4001781019559 801.0
330.66594718359863 800.0
330.9317084896984 822.0
331.19746201977205 802.0
331.46320777333636 809.0
331.7289457499082 823.0
331.9946759490044 808.0
332.2603983701419 816.0
332.5261130128375 827.0
332.79181987660826 827.0
333.05751896097087 805.0
333.3232102654422 809.0
333.58889378953916 815.0
333.85456953277856 822.0
334.1202374946774 831.0
334.38589767475247 825.0
334.6515500725206 809.0
334.9171946874987 819.0
335.18283151920355 817.0
335.4484605671522 812.0
335.7140818308614 809.0
335.97969530984807 811.0
336.245301003629 819.0
336.51089891172114 810.0
336.77648903364127 816.0
337.04207136890636 808.0
337.30764591703326 820.0
337.5732126775387 795.0
337.83877164993976 814.0
338.10432283375314 817.0
338.36986622849577 817.0
338.63540183368457 823.0
338.9009296488363 822.0
339.16644967346787 835.0
339.4319619070962 812.0
339.6974663492381 821.0
339.9629629994105 815.0
340.22845185713027 833.0
340.4939329219141 803.0
340.75940619327906 803.0
341.02487167074196 816.0
341.2903293538197 810.0
341.555779242029 818.0
341.821221334887 841.0
342.0866556319103 825.0
342.3520821326158 818.0
342.6175008365205 818.0
342.8829117431413 812.0
343.1483148519949 821.0
343.41371016259825 824.0
343.6790976744682 825.0
343.9444773871216 805.0
344.20984930007546 819.0
344.4752134128465 829.0
344.74056972495157 808.0
345.0059182359076 833.0
345.27125894523147 830.0
345.53659185244 812.0
345.80191695705014 802.0
346.0672342585787 806.0
346.3325437565426 819.0
346.5978454504585 811.0
346.8631393398436 813.0
347.1284254242145 825.0
347.3937037030882 807.0
347.6589741759816 810.0
347.92423684241146 823.0
348.1894917018946 826.0
348.4547387539481 812.0
348.71997799808867 824.0
348.9852094338332 819.0
349.2504330606986 822.0
349.51564887820166 812.0
349.7808568858593 809.0
350.0460570831885 804.0
350.31124946970584 824.0
350.57643404492853 813.0
350.84161080837316 810.0
351.1067797595568 835.0
351.3719408979961 816.0
351.63709422320824 802.0
351.90223973470984 806.0
352.16737743201776 815.0
352.43250731464894 811.0
352.69762938212034 817.0
352.9627436339487 822.0
353.2278500696509 815.0
353.49294868874387 814.0
353.7580394907444 816.0
354.02312247516943 809.0
354.28819764153576 811.0
354.55326498936034 809.0
354.81832451816 823.0
355.08337622745165 822.0
355.348420116752 836.0
355.613456185578 821.0
355.8784844334467 816.0
356.1435048598747 814.0
356.4085174643791 836.0
356.6735222464765 830.0
356.938519205684 825.0
357.2035083415184 795.0
357.46848965349653 822.0
357.73346314113536 818.0
357.9984288039516 821.0
358.2633866414622 822.0
358.528336653184 813.0
358.793278838634 820.0
359.05821319732894 828.0
359.3231397287857 819.0
359.5880584325211 799.0
359.8529693080521 827.0
360.1178723548955 829.0
360.3827675725683 814.0
360.64765496058726 834.0
360.9125345184692 823.0
361.1774062457311 836.0
361.44227014188965 827.0
361.707126206462 808.0
361.9719744389649 808.0
362.2368148389151 816.0
362.5016474058295 831.0
362.766472139225 809.0
363.0312890386186 822.0
363.296098103527 820.0
363.5608993334672 822.0
363.82569272795587 819.0
364.09047828651006 822.0
364.35525600864656 815.0
364.6200258938823 820.0
364.8847879417341 809.0
365.1495421517188 841.0
365.41428852335326 820.0
365.67902705615444 817.0
365.9437577496392 817.0
366.2084806033243 808.0
366.4731956167267 827.0
366.7379027893632 819.0
367.0026021207507 815.0
367.2672936104061 826.0
367.5319772578463 832.0
367.79665306258806 804.0
368.06132102414836 822.0
368.32598114204393 815.0
368.59063341579173 824.0
368.85527784490864 827.0
369.1199144289115 819.0
369.3845431673172 806.0
369.6491640596426 818.0
369.91377710540445 825.0
370.1783823041198 836.0
370.44297965530546 825.0
370.70756915847835 819.0
370.97215081315517 827.0
371.2367246188529 828.0
371.5012905750884 821.0
371.7658486813786 809.0
372.0303989372402 800.0
372.29494134219027 800.0
372.5594758957455 812.0
372.82400259742286 827.0
373.08852144673915 804.0
373.3530324432114 834.0
373.6175355863563 826.0
373.8820308756908 819.0
374.1465183107317 816.0
374.410997890996 821.0
374.6754696160004 816.0
374.93993348526186 817.0
375.2043894982973 817.0
375.4688376546235 805.0
375.7332779537573 809.0
375.9977103952157 810.0
376.26213497851546 824.0
376.52655170317354 823.0
376.7909605687067 824.0
377.05536157463183 810.0
377.3197547204658 814.0
377.5841400057256 818.0
377.84851742992794 824.0
378.11288699258984 807.0
378.37724869322795 834.0
378.64160253135935 805.0
378.90594850650075 831.0
379.1702866181692 818.0
379.4346168658814 796.0
379.69893924915425 821.0
379.9632537675047 830.0
380.2275604204495 814.0
380.49185920750574 833.0
380.75615012819 828.0
381.0204331820193 833.0
381.2847083685105 835.0
381.5489756871804 809.0
381.8132351375459 824.0
382.07748671912407 817.0
382.34173043143153 817.0
382.6059662739852 826.0
382.8701942463019 802.0
383.1344143478986 836.0
383.3986265782921 834.0
383.6628309369994 855.0
383.92702742353725 808.0
384.1912160374225 827.0
384.45539677817203 814.0
384.7195696453027 819.0
384.98373463833155 820.0
385.2478917567753 822.0
385.5120410001507 811.0
385.7761823679748 823.0
386.0403158597644 820.0
386.30444147503647 824.0
386.5685592133077 814.0
386.8326690740951 817.0
387.09677105691543 822.0
387.36086516128563 838.0
387.6249513867226 825.0
387.88902973274315 825.0
388.15310019886414 808.0
388.41716278460245 829.0
388.68121748947493 823.0
388.9452643129986 824.0
389.2093032546901 831.0
389.47333431406645 829.0
389.73735749064434 818.0
390.0013727839409 827.0
390.2653801934728 836.0
390.52937971875696 826.0
390.7933713593103 809.0
391.05735511464974 818.0
391.3213309842919 818.0
391.5852989677539 813.0
391.8492590645524 824.0
392.1132112742045 821.0
392.37715559622694 817.0
392.6410920301366 828.0
392.9050205754503 827.0
393.1689412316849 824.0
393.43285399835736 822.0
393.69675887498465 843.0
393.96065586108335 835.0
394.2245449561705 841.0
394.4884261597629 846.0
394.75229947137757 849.0
395.01616489053123 845.0
395.28002241674085 843.0
395.5438720495231 839.0
395.80771378839506 818.0
396.0715476328735 814.0
396.33537358247537 818.0
396.5991916367174 815.0
396.86300179511665 809.0
397.12680405718976 827.0
397.39059842245376 827.0
397.65438489042543 839.0
397.91816346062177 810.0
398.18193413255955 802.0
398.4456969057556 821.0
398.7094517797268 815.0
398.97319875399006 813.0
399.2369378280623 830.0
399.50066900146027 807.0
399.764392273701 823.0
400.02810764430114 816.0
400.2918151127777 826.0
400.55551467864757 813.0
400.81920634142756 810.0
401.08289010063453 817.0
401.34656595578537 813.0
401.6102339063969 819.0
401.8738939519861 818.0
402.1375460920697 824.0
402.4011903261647 812.0
402.6648266537879 806.0
402.92845507445617 826.0
403.1920755876863 820.0
403.4556881929953 828.0
403.71929288990003 817.0
403.98288967791734 856.0
404.246478556564 845.0
404.5100595253569 873.0
404.77363258381297 858.0
405.03719773144906 834.0
405.3007549677821 837.0
405.56430429232887 821.0
405.82784570460626 831.0
406.0913792041311 810.0
406.35490479042033 817.0
406.61842246299085 812.0
406.88193222135936 822.0
407.14543406504293 821.0
407.4089279935582 822.0
407.6724140064223 826.0
407.9358921031519 832.0
408.19936228326395 813.0
408.4628245462754 812.0
408.7262788917029 827.0
408.9897253190635 847.0
409.25316382787395 830.0
409.5165944176513 837.0
409.7800170879122 827.0
410.04343183817366 819.0
410.30683866795243 811.0
410.57023757676546 827.0
410.83362856412975 822.0
411.09701162956185 840.0
411.3603867725789 833.0
411.62375399269763 822.0
411.887113289435 832.0
412.1504646623078 831.0
412.4138081108329 826.0
412.6771436345273 812.0
412.94047123290767 818.0
413.20379090549096 836.0
413.46710265179405 812.0
413.7304064713339 826.0
413.9937023636272 820.0
414.25699032819097 827.0
414.52027036454194 829.0
414.78354247219704 830.0
415.0468066506732 830.0
415.31006289948726 895.0
415.5733112181561 933.0
415.83655160619645 1013.0
416.0997840631253 985.0
416.3630085884595 901.0
416.62622518171594 893.0
416.8894338424115 844.0
417.152634570063 835.0
417.4158273641873 821.0
417.67901222430123 855.0
417.9421891499217 846.0
418.2053581405658 871.0
418.46851919575005 874.0
418.7316723149915 877.0
418.99481749780693 945.0
419.2579547437133 1011.0
419.5210840522274 1024.0
419.78420542286625 1120.0
420.04731885514644 1179.0
420.31042434858506 1047.0
420.573521902699 937.0
420.83661151700494 871.0
421.0996931910199 833.0
421.3627669242608 840.0
421.6258327162443 829.0
421.88889056648736 837.0
422.1519404745069 838.0
422.41498243981977 825.0
422.6780164619429 809.0
422.9410425403929 818.0
423.2040606746869 816.0
423.46707086434174 818.0
423.7300731088742 820.0
423.9930674078012 818.0
424.25605376063965 830.0
424.5190321669063 825.0
424.782002626118 834.0
425.0449651377918 868.0
425.30791970144446 883.0
425.57086631659286 917.0
425.83380498275386 972.0
426.0967356994443 1006.0
426.3596584661811 927.0
426.6225732824811 936.0
426.88548014786113 919.0
427.14837906183817 938.0
427.411270023929 910.0
427.6741530336505 848.0
427.9370280905195 844.0
428.199895194053 822.0
428.46275434376776 843.0
428.72560553918066 829.0
428.98844877980855 829.0
429.2512840651683 843.0
429.51411139477693 869.0
429.77693076815115 868.0
430.03974218480784 886.0
430.3025456442639 868.0
430.5653411460361 846.0
430.82812868964146 842.0
431.09090827459687 823.0
431.353679900419 830.0
431.61644356662487 838.0
431.87919927273134 832.0
432.1419470182551 822.0
432.40468680271334 815.0
432.66741862562276 854.0
432.93014248650013 844.0
433.1928583848624 855.0
433.45556632022647 925.0
433.7182662921092 893.0
433.9809583000275 872.0
434.24364234349815 843.0
434.506318422038 832.0
434.768986535164 841.0
435.031646682393 836.0
435.2942988632418 844.0
435.55694307722734 824.0
435.81957932386655 829.0
436.08220760267614 817.0
436.34482791317305 831.0
436.6074402548742 814.0
436.8700446272964 823.0
437.1326410299566 833.0
437.3952294623715 812.0
437.65780992405803 823.0
437.9203824145332 820.0
438.1829469333138 809.0
438.4455034799166 812.0
438.7080520538586 822.0
438.9705926546565 796.0
439.23312528182737 822.0
439.49564993488787 802.0
439.7581666133551 837.0
440.0206753167459 821.0
440.28317604457686 826.0
440.5456687963651 807.0
440.8081535716274 818.0
441.07063036988075 823.0
441.3330991906418 837.0
441.5955600334276 816.0
441.858012897755 801.0
442.12045778314075 819.0
442.3828946891018 811.0
442.6453236151551 840.0
442.9077445608174 834.0
443.17015752560553 811.0
443.4325625090365 820.0
443.69495951062703 814.0
443.95734852989415 801.0
444.21972956635454 826.0
444.4821026195253 814.0
444.74446768892307 821.0
445.00682477406485 820.0
445.2691738744674 813.0
445.5315149896478 828.0
445.79384811912274 814.0
446.05617326240906 821.0
446.31849041902376 804.0
446.58079958848356 822.0
446.8431007703055 806.0
447.10539396400634 812.0
447.367679169103 832.0
447.6299563851123 821.0
447.892225611551 811.0
448.15448684793625 821.0
448.4167400937847 805.0
448.67898534861325 812.0
448.9412226119389 824.0
449.2034518832783 816.0
449.46567316214856 821.0
449.72788644806633 826.0
449.99009174054856 839.0
450.2522890391122 835.0
450.514478343274 852.0
450.77665965255085 838.0
451.0388329664597 879.0
451.30099828451733 880.0
451.5631556062406 848.0
451.82530493114655 836.0
452.08744625875175 855.0
452.3495795885734 838.0
452.6117049201281 830.0
452.87382225293277 826.0
453.13593158650446 827.0
453.3980329203598 831.0
453.6601262540158 822.0
453.9222115869893 814.0
454.1842889187971 813.0
454.4463582489562 823.0
454.70841957698343 815.0
454.97047290239556 819.0
455.23251822470957 836.0
455.49455554344223 815.0
455.75658485811044 823.0
456.0186061682312 824.0
456.2806194733211 824.0
456.5426247728973 826.0
456.8046220664765 816.0
457.0666113535756 803.0
457.32859263371154 813.0
457.5905659064011 824.0
457.8525311711611 824.0
458.1144884275086 822.0
458.37643767496024 824.0
458.6383789130331 821.0
458.9003121412439 800.0
459.1622373591095 827.0
459.4241545661469 835.0
459.68606376187284 839.0
459.9479649458043 821.0
460.2098581174581 830.0
460.471743276351 816.0
460.733620422 820.0
460.9954895539219 825.0
461.2573506716337 811.0
461.51920377465206 827.0
461.78104886249406 819.0
462.0428859346764 813.0
462.304714990716 814.0
462.5665360301298 838.0
462.82834905243453 839.0
463.09015405714723 827.0
463.35195104378465 829.0
463.6137400118636 840.0
463.8755209609011 816.0
464.13729389041396 823.0
464.399058799919 820.0
464.6608156889332 811.0
464.92256455697327 820.0
465.18430540355615 822.0
465.4460382281988 825.0
465.707763030418 800.0
465.96947980973056 814.0
466.23118856565344 822.0
466.49288929770347 814.0
466.75458200539765 815.0
467.0162666882526 806.0
467.27794334578533 820.0
467.5396119775127 817.0
467.8012725829516 810.0
468.0629251616188 813.0
468.3245697130314 832.0
468.586206236706 823.0
468.8478347321596 809.0
469.109455198909 817.0
469.3710676364711 840.0
469.6326720443629 830.0
469.89426842210105 830.0
470.1558567692025 834.0
470.4174370851842 837.0
470.6790093695629 840.0
470.94057362185555 841.0
471.20212984157905 830.0
471.4636780282501 823.0
471.72521818138574 825.0
471.9867503005027 827.0
472.248274385118 809.0
472.5097904347484 832.0
472.7712984489108 831.0
473.03279842712203 813.0
473.29429036889906 806.0
473.55577427375863 806.0
473.8172501412177 814.0
474.07871797079315 820.0
474.34017776200176 824.0
474.6016295143605 828.0
474.8630732273861 813.0
475.1245089005955 818.0
475.3859365335057 816.0
475.64735612563334 819.0
475.9087676764954 823.0
476.1701711856088 808.0
476.4315666524903 830.0
476.6929540766569 839.0
476.95433345762535 825.0
477.2157047949125 816.0
477.47706808803537 806.0
477.7384233365106 816.0
477.9997705398553 803.0
478.26110969758616 821.0
478.52244080922014 840.0
478.78376387427414 827.0
479.04507889226494 811.0
479.3063858627094 815.0
479.5676847851245 833.0
479.828975659027 827.0
480.0902584839338 823.0
480.3515332593618 835.0
480.61279998482775 814.0
480.8740586598487 814.0
481.13530928394147 824.0
481.3965518566228 834.0
481.65778637740965 816.0
481.9190128458189 815.0
482.1802312613674 837.0
482.4414416235721 815.0
482.70264393194964 829.0
482.9638381860171 831.0
483.2250243852913 829.0
483.4862025292891 807.0
483.7473726175273 829.0
484.0085346495229 807.0
484.26968862479265 815.0
484.5308345428534 823.0
484.79197240322225 833.0
485.0531022054157 819.0
485.314223948951 810.0
485.57533763334476 819.0
485.8364432581139 818.0
486.0975408227754 814.0
486.35863032684597 819.0
486.61971176984247 814.0
486.880785151282 826.0
487.1418504706812 824.0
487.402907727557 823.0
487.66395692142635 834.0
487.92499805180597 835.0
488.18603111821284 831.0
488.44705612016384 819.0
488.7080730571757 824.0
488.9690819287655 830.0
489.2300827344499 815.0
489.49107547374587 825.0
489.75206014617027 820.0
490.01303675124 822.0
490.27400528847187 818.0
490.53496575738274 812.0
490.79591815748955 818.0
491.05686248830915 814.0
491.31779874935836 814.0
491.57872694015396 835.0
491.8396470602131 835.0
492.1005591090524 810.0
492.3614630861888 822.0
492.6223589911392 804.0
492.88324682342045 818.0
493.14412658254946 813.0
493.40499826804296 815.0
493.66586187941795 823.0
493.92671741619125 813.0
494.18756487787977 825.0
494.44840426400026 816.0
494.70923557406974 826.0
494.97005880760497 796.0
495.23087396412285 802.0
495.4916810431403 813.0
495.7524800441741 821.0
496.01327096674123 808.0
496.27405381035845 821.0
496.53482857454264 808.0
496.79559525881075 822.0
497.05635386267954 823.0
497.31710438566597 802.0
497.57784682728686 804.0
497.8385811870591 832.0
498.0993074644995 809.0
498.360025659125 818.0
498.6207357704524 814.0
498.88143779799873 816.0
499.14213174128065 822.0
499.40281759981514 830.0
499.6634953731191 807.0
499.92416506070924 814.0
500.1848266621026 836.0
500.445480176816 831.0
500.70612560436615 813.0
500.96676294427016 817.0
501.22739219604483 834.0
501.48801335920695 811.0
501.74862643327344 806.0
502.00923141776116 821.0
502.2698283121869 806.0
502.5304171160677 814.0
502.7909978289203 835.0
503.0515704502616 819.0
503.31213497960846 810.0
503.57269141647777 831.0
503.8332397603864 818.0
504.09378001085116 807.0
504.354312167389 824.0
504.6148362295168 790.0
504.8753521967513 816.0
505.1358600686094 827.0
505.3963598446082 834.0
505.6568515242642 838.0
505.9173351070945 828.0
506.17781059261597 849.0
506.4382779803454 832.0
506.69873726979966 821.0
506.95918846049574 820.0
507.2196315519502 822.0
507.4800665436803 828.0
507.74049343520267 825.0
508.00091222603425 826.0
508.261322915692 845.0
508.5217255036924 817.0
508.7821199895529 826.0
509.0425063727899 829.0
509.3028846529204 808.0
509.5632548294615 836.0
509.8236169019296 825.0
510.0839708698421 826.0
510.3443167327155 826.0
510.60465449006676 819.0
510.8649841414127 820.0
511.12530568627034 803.0
511.3856191241566 829.0
511.64592445458794 836.0
511.90622167708165 840.0
512.1665107911545 836.0
512.4267917963232 810.0
512.6870646921047 826.0
512.947329478016 829.0
513.2075861535739 816.0
513.467834718295 812.0
513.7280751716964 818.0
513.9883075132952 825.0
514.248531742608 822.0
514.5087478591515 827.0
514.7689558624429 823.0
515.0291557519989 840.0
515.2893475273365 851.0
515.5495311879723 838.0
515.8097067334235 854.0
516.0698741632067 849.0
516.3300334768389 892.0
516.5901846738369 847.0
516.8503277537177 837.0
517.1104627159981 833.0
517.3705895601947 829.0
517.630708285825 847.0
517.8908188924053 830.0
518.1509213794526 837.0
518.411015746484 853.0
518.6711019930159 879.0
518.9311801185657 898.0
519.19125012265 868.0
519.4513120047856 847.0
519.7113657644896 834.0
519.9714114012784 824.0
520.2314489146695 821.0
520.4914783041794 826.0
520.751499569325 826.0
521.0115127096234 828.0
521.271517724591 827.0
521.5315146137451 824.0
521.7915033766022 827.0
522.0514840126796 841.0
522.3114565214938 854.0
522.5714209025618 836.0
522.8313771554007 827.0
523.0913252795269 820.0
523.3512652744578 843.0
523.6111971397097 825.0
523.8711208747998 824.0
524.1310364792452 833.0
524.390943952562 822.0
524.6508432942679 843.0
524.9107345038794 832.0
525.1706175809132 825.0
525.4304925248866 847.0
525.690359335316 827.0
525.9502180117188 829.0
526.2100685536113 820.0
526.4699109605107 837.0
526.729745231934 824.0
526.9895713673975 810.0
527.2493893664187 804.0
527.5091992285141 815.0
527.7690009532007 825.0
528.0287945399953 814.0
528.2885799884149 821.0
528.5483572979764 830.0
528.8081264681963 805.0
529.0678874985917 830.0
529.3276403886796 839.0
529.5873851379768 819.0
529.8471217460001 827.0
530.1068502122662 818.0
530.3665705362923 828.0
530.6262827175951 808.0
530.8859867556915 817.0
531.1456826500984 822.0
531.4053704003326 827.0
531.6650500059111 825.0
531.9247214663504 806.0
532.1843847811678 826.0
532.4440399498801 809.0
532.7036869720038 818.0
532.9633258470562 818.0
533.222956574554 816.0
533.4825791540142 828.0
533.7421935849534 814.0
534.0017998668885 816.0
534.2613979993366 830.0
534.5209879818145 838.0
534.780569813839 805.0
535.0401434949268 827.0
535.2997090245951 817.0
535.5592664023607 822.0
535.8188156277402 818.0
536.0783567002508 820.0
536.3378896194092 821.0
536.5974143847321 824.0
536.8569309957369 814.0
537.1164394519398 803.0
537.3759397528582 826.0
537.6354318980087 816.0
537.8949158869082 802.0
538.1543917190737 819.0
538.4138593940218 814.0
538.6733189112697 810.0
538.932770270334 827.0
539.1922134707318 826.0
539.4516485119797 803.0
539.7110753935946 822.0
539.9704941150937 826.0
540.2299046759937 827.0
540.4893070758112 819.0
540.7487013140633 820.0
541.008087390267 818.0
541.2674653039389 823.0
541.526835054596 836.0
541.7861966417552 831.0
542.0455500649333 844.0
542.3048953236471 853.0
542.5642324174137 854.0
542.8235613457497 824.0
543.0828821081722 834.0
543.3421947041979 838.0
543.6014991333436 835.0
543.8607953951266 836.0
544.1200834890632 839.0
544.3793634146708 844.0
544.6386351714658 847.0
544.8978987589653 860.0
545.1571541766862 871.0
545.4164014241451 868.0
545.6756405008593 845.0
545.9348714063455 854.0
546.1940941401203 849.0
546.4533087017008 833.0
546.712515090604 838.0
546.9717133063466 826.0
547.2309033484453 822.0
547.4900852164174 834.0
547.7492589097793 827.0
548.0084244280482 819.0
548.2675817707409 837.0
548.526730937374 831.0
548.7858719274648 855.0
549.0450047405299 851.0
549.3041293760863 870.0
549.5632458336507 898.0
549.82235411274 926.0
550.0814542128714 881.0
550.3405461335612 854.0
550.5996298743269 846.0
550.8587054346848 856.0
551.117772814152 841.0
551.3768320122455 829.0
551.6358830284819 827.0
551.8949258623783 815.0
552.1539605134514 818.0
552.4129869812182 838.0
552.6720052651955 837.0
552.9310153649002 830.0
553.1900172798491 833.0
553.4490110095592 818.0
553.7079965535472 832.0
553.9669739113302 824.0
554.2259430824248 829.0
554.484904066348 836.0
554.7438568626167 821.0
555.0028014707476 832.0
555.261737890258 873.0
555.520666120664 867.0
555.7795861614834 885.0
556.0384980122324 952.0
556.2974016724281 893.0
556.5562971415874 875.0
556.8151844192269 864.0
557.0740635048638 862.0
557.3329343980148 876.0
557.5917970981968 854.0
557.8506516049267 849.0
558.1094979177213 819.0
558.3683360360976 828.0
558.6271659595724 838.0
558.8859876876625 841.0
559.1448012198848 830.0
559.4036065557561 818.0
559.6624036947936 834.0
559.9211926365136 859.0
560.1799733804337 873.0
560.43874592607 876.0
560.6975102729399 923.0
560.9562664205602 908.0
561.2150143684473 861.0
561.4737541161188 848.0
561.732485663091 838.0
561.9912090088809 819.0
562.2499241530056 832.0
562.5086310949818 838.0
562.7673298343262 836.0
563.026020370556 837.0
563.2847027031879 841.0
563.5433768317389 827.0
563.8020427557254 844.0
564.0607004746649 848.0
564.3193499880738 836.0
564.5779912954692 834.0
564.8366243963679 869.0
565.0952492902868 883.0
565.3538659767429 877.0
565.6124744552527 854.0
565.8710747253335 839.0
566.1296667865018 831.0
566.3882506382747 833.0
566.6468262801691 822.0
566.9053937117014 814.0
567.1639529323893 831.0
567.4225039417488 805.0
567.6810467392974 814.0
567.9395813245517 827.0
568.1981076970284 837.0
568.4566258562448 833.0
568.7151358017175 830.0
568.9736375329633 816.0
569.2321310494995 827.0
569.4906163508422 827.0
569.749093436509 818.0
570.0075623060163 810.0
570.2660229588813 828.0
570.5244753946206 816.0
570.7829196127512 812.0
571.0413556127901 811.0
571.2997833942537 824.0
571.5582029566596 818.0
571.8166142995238 821.0
572.075017422364 820.0
572.3334123246967 822.0
572.5917990060384 813.0
572.8501774659068 828.0
573.108547703818 826.0
573.3669097192892 832.0
573.6252635118373 829.0
573.8836090809789 838.0
574.1419464262314 852.0
574.400275547111 844.0
574.6585964431351 824.0
574.9169091138205 830.0
575.1752135586836 840.0
575.4335097772419 814.0
575.6917977690118 819.0
575.9500775335105 827.0
576.2083490702545 816.0
576.4666123787609 816.0
576.7248674585469 813.0
576.9831143091286 825.0
577.2413529300236 828.0
577.4995833207483 818.0
577.7578054808198 819.0
578.0160194097549 838.0
578.2742251070703 823.0
578.5324225722832 818.0
578.7906118049101 821.0
579.0487928044681 836.0
579.3069655704743 832.0
579.565130102445 811.0
579.8232863998975 822.0
580.0814344623485 830.0
580.339574289315 834.0
580.5977058803137 839.0
580.8558292348614 826.0
581.1139443524753 817.0
581.3720512326721 810.0
581.6301498749685 812.0
581.8882402788817 832.0
582.146322443928 810.0
582.4043963696251 814.0
582.6624620554893 820.0
582.9205195010375 833.0
583.1785687057866 825.0
583.4366096692537 857.0
583.6946423909554 838.0
583.9526668704085 832.0
584.2106831071303 809.0
584.4686911006373 824.0
584.7266908504463 837.0
584.9846823560746 828.0
585.2426656170385 828.0
585.5006406328554 822.0
585.7586074030418 825.0
586.0165659271148 812.0
586.2745162045912 837.0
586.5324582349878 818.0
586.7903920178214 835.0
587.0483175526091 830.0
587.3062348388676 822.0
587.5641438761138 834.0
587.8220446638645 834.0
588.0799372016369 854.0
588.3378214889474 867.0
588.5956975253132 887.0
588.8535653102509 906.0
589.1114248432776 912.0
589.3692761239103 863.0
589.6271191516653 842.0
589.88495392606 829.0
590.1427804466111 826.0
590.4005987128355 836.0
590.6584087242501 856.0
590.9162104803713 875.0
591.1740039807169 910.0
591.4317892248029 932.0
591.6895662121466 900.0
591.9473349422648 853.0
592.2050954146741 854.0
592.462847628892 844.0
592.7205915844347 850.0
592.9783272808194 883.0
593.236054717563 869.0
593.493773894182 860.0
593.7514848101939 852.0
594.009187465115 829.0
594.2668818584625 824.0
594.5245679897531 824.0
594.7822458585038 824.0
595.0399154642313 832.0
595.2975768064524 835.0
595.5552298846843 822.0
595.8128746984438 827.0
596.0705112472474 816.0
596.3281395306126 819.0
596.5857595480555 827.0
596.8433712990935 805.0
597.1009747832434 827.0
597.3585700000219 818.0
597.6161569489462 826.0
597.8737356295327 830.0
598.1313060412986 831.0
598.3888681837607 835.0
598.6464220564358 825.0
598.9039676588409 851.0
599.1615049904925 847.0
599.4190340509081 847.0
599.676554839604 827.0
599.9340673560972 830.0
600.1915715999048 837.0
600.4490675705435 827.0
600.7065552675302 852.0
600.9640346903817 849.0
601.221505838615 839.0
601.4789687117469 840.0
601.7364233092942 849.0
601.9938696307739 847.0
602.2513076757026 843.0
602.5087374435976 887.0
602.7661589339755 936.0
603.023572146353 987.0
603.2809770802475 1122.0
603.5383737351752 1078.0
603.7957621106534 1012.0
604.053142206199 945.0
604.3105140213286 970.0
604.5678775555593 960.0
604.8252328084078 904.0
605.0825797793912 882.0
605.3399184680261 878.0
605.5972488738295 882.0
605.8545709963181 881.0
606.111884835009 878.0
606.3691903894193 861.0
606.6264876590651 845.0
606.883776643464 833.0
607.1410573421324 838.0
607.3983297545875 816.0
607.6555938803461 820.0
607.9128497189247 820.0
608.1700972698408 812.0
608.4273365326108 830.0
608.6845675067516 826.0
608.9417901917803 841.0
609.1990045872135 831.0
609.4562106925683 848.0
609.7134085073615 836.0
609.9705980311098 875.0
610.2277792633305 877.0
610.4849522035397 881.0
610.7421168512552 886.0
610.9992732059933 854.0
611.2564212672709 833.0
611.5135610346049 828.0
611.7706925075122 828.0
612.0278156855098 812.0
612.2849305681145 824.0
612.542037154843 834.0
612.7991354452124 836.0
613.0562254387393 827.0
613.3133071349409 814.0
613.5703805333337 821.0
613.8274456334349 834.0
614.0845024347612 846.0
614.3415509368294 852.0
614.5985911391567 873.0
614.8556230412595 849.0
615.1126466426551 843.0
615.36966194286 825.0
615.6266689413914 849.0
615.8836676377659 838.0
616.1406580315004 852.0
616.3976401221121 834.0
616.6546139091173 851.0
616.9115793920333 862.0
617.1685365703769 872.0
617.4254854436648 873.0
617.6824260114142 847.0
617.9393582731417 837.0
618.196282228364 826.0
618.4531978765983 812.0
618.7101052173614 838.0
618.9670042501702 816.0
619.2238949745413 819.0
619.4807773899919 826.0
619.7376514960388 825.0
619.9945172921986 811.0
620.2513747779885 799.0
620.508223952925 824.0
620.7650648165256 838.0
621.0218973683066 837.0
621.2787216077849 848.0
621.5355375344776 869.0
621.7923451479013 857.0
622.0491444475734 851.0
622.3059354330103 830.0
622.5627181037288 832.0
622.8194924592461 822.0
623.0762584990788 803.0
623.333016222744 826.0
623.5897656297584 815.0
623.8465067196389 816.0
624.1032394919024 804.0
624.3599639460657 820.0
624.6166800816459 831.0
624.8733878981594 836.0
625.1300873951237 819.0
625.3867785720552 815.0
625.6434614284708 817.0
625.9001359638876 813.0
626.1568021778221 830.0
626.4134600697917 829.0
626.6701096393127 807.0
626.9267508859024 817.0
627.1833838090776 813.0
627.4400084083547 818.0
627.6966246832512 813.0
627.9532326332837 821.0
628.2098322579691 816.0
628.4664235568243 822.0
628.723006529366 833.0
628.9795811751112 825.0
629.2361474935768 822.0
629.4927054842794 842.0
629.7492551467363 850.0
630.0057964804641 840.0
630.2623294849799 862.0
630.5188541598001 848.0
630.775370504442 859.0
631.0318785184223 851.0
631.2883782012578 850.0
631.5448695524658 838.0
631.8013525715625 829.0
632.0578272580652 826.0
632.3142936114906 818.0
632.5707516313557 814.0
632.8272013171775 814.0
633.0836426684723 816.0
633.3400756847575 814.0
633.5965003655499 797.0
633.8529167103661 819.0
634.1093247187234 816.0
634.3657243901381 815.0
634.6221157241276 816.0
634.8784987202085 839.0
635.1348733778977 845.0
635.3912396967121 816.0
635.6475976761684 830.0
635.9039473157839 835.0
636.1602886150749 823.0
636.4166215735588 805.0
636.6729461907521 824.0
636.9292624661718 848.0
637.1855703993349 841.0
637.4418699897578 834.0
637.6981612369581 836.0
637.9544441404521 839.0
638.2107186997567 819.0
638.4669849143892 851.0
638.7232427838659 850.0
638.979492307704 840.0
639.2357334854204 836.0
639.4919663165317 822.0
639.7481908005552 820.0
640.0044069370073 801.0
640.2606147254052 832.0
640.5168141652655 822.0
640.7730052561054 851.0
641.0291879974413 856.0
641.2853623887906 874.0
641.5415284296699 938.0
641.797686119596 983.0
642.0538354580859 944.0
642.3099764446565 897.0
642.5661090788245 859.0
642.8222333601069 838.0
643.0783492880205 809.0
643.3344568620822 814.0
643.5905560818089 824.0
643.8466469467173 810.0
644.1027294563247 817.0
644.3588036101473 813.0
644.6148694077026 821.0
644.8709268485071 816.0
645.1269759320778 823.0
645.3830166579316 806.0
645.6390490255851 829.0
645.8950730345556 810.0
646.1510886843597 821.0
646.4070959745143 818.0
646.6630949045363 829.0
646.9190854739425 824.0
647.17506768225 829.0
647.4310415289752 815.0
647.6870070136354 805.0
647.9429641357473 810.0
648.1989128948277 812.0
648.4548532903938 823.0
648.7107853219619 817.0
648.9667089890495 803.0
649.222624291173 818.0
649.4785312278494 821.0
649.7344297985958 825.0
649.9903200029287 827.0
650.2462018403652 832.0
650.502075310422 822.0
650.7579404126162 820.0
651.0137971464646 810.0
651.2696455114838 809.0
651.525485507191 835.0
651.7813171331029 804.0
652.0371403887364 821.0
652.2929552736086 808.0
652.5487617872358 806.0
652.8045599291355 825.0
653.0603496988242 831.0
653.3161310958188 811.0
653.5719041196362 820.0
653.8276687697933 832.0
654.0834250458071 826.0
654.3391729471941 829.0
654.5949124734717 837.0
654.8506436241562 817.0
655.1063663987647 819.0
655.3620807968144 807.0
655.6177868178215 826.0
655.8734844613035 825.0
656.129173726777 821.0
656.3848546137588 816.0
656.6405271217659 825.0
656.8961912503149 817.0
657.1518469989231 798.0
657.4074943671071 811.0
657.6631333543837 828.0
657.9187639602701 820.0
658.1743861842826 811.0
658.4300000259387 804.0
658.6856054847549 820.0
658.9412025602483 821.0
659.1967912519353 816.0
659.4523715593333 820.0
659.707943481959 819.0
659.9635070193291 818.0
660.2190621709606 835.0
660.4746089363705 853.0
660.7301473150753 835.0
660.9856773065924 834.0
661.2411989104381 822.0
661.4967121261298 828.0
661.7522169531838 830.0
662.0077133911174 819.0
662.2632014394475 814.0
662.5186810976904 820.0
662.7741523653638 806.0
663.029615241984 814.0
663.2850697270679 817.0
663.5405158201327 815.0
663.7959535206948 827.0
664.0513828282715 819.0
664.3068037423793 816.0
664.5622162625355 822.0
664.8176203882564 820.0
665.0730161190594 820.0
665.3284034544613 819.0
665.5837823939785 832.0
665.8391529371283 825.0
666.0945150834276 838.0
666.349868832393 841.0
666.6052141835415 824.0
666.8605511363899 828.0
667.1158796904554 836.0
667.3711998452544 823.0
667.626511600304 849.0
667.8818149551211 861.0
668.1371099092223 869.0
668.3923964621249 830.0
668.6476746133454 825.0
668.9029443624008 807.0
669.1582057088083 826.0
669.4134586520839 834.0
669.6687031917455 831.0
669.9239393273093 845.0
670.1791670582923 823.0
670.4343863842114 824.0
670.6895973045835 822.0
670.9447998189256 808.0
671.1999939267544 808.0
671.4551796275866 811.0
671.7103569209394 837.0
671.9655258063294 835.0
672.220686283274 827.0
672.475838351289 826.0
672.7309820098925 821.0
672.9861172586005 835.0
673.2412440969302 817.0
673.4963625243987 822.0
673.7514725405223 824.0
674.0065741448183 836.0
674.2616673368035 827.0
674.5167521159946 853.0
674.7718284819086 913.0
675.0268964340622 956.0
675.2819559719727 1080.0
675.5370070951565 1081.0
675.7920498031307 1043.0
676.0470840954122 942.0
676.3021099715176 898.0
676.5571274309642 863.0
676.8121364732684 872.0
677.0671370979474 864.0
677.3221293045178 859.0
677.5771130924968 838.0
677.8320884614011 825.0
678.0870554107474 836.0
678.3420139400529 820.0
678.5969640488343 826.0
678.8519057366083 818.0
679.1068390028922 830.0
679.3617638472023 815.0
679.616680269056 820.0
679.8715882679699 812.0
680.1264878434607 811.0
680.3813789950458 825.0
680.6362617222414 843.0
680.8911360245651 828.0
681.146001901533 813.0
681.4008593526627 830.0
681.6557083774705 825.0
681.9105489754734 837.0
682.1653811461886 833.0
682.4202048891326 821.0
682.6750202038223 822.0
682.9298270897748 836.0
683.1846255465068 814.0
683.4394155735351 827.0
683.6941971703767 808.0
683.9489703365485 819.0
684.2037350715673 833.0
684.4584913749499 822.0
684.7132392462133 836.0
684.9679786848742 841.0
685.2227096904496 808.0
685.4774322624564 827.0
685.7321464004115 840.0
685.9868521038316 835.0
686.2415493722334 837.0
686.4962382051343 861.0
686.7509186020508 925.0
687.0055905624997 994.0
687.2602540859983 1032.0
687.514909172063 1010.0
687.7695558202109 968.0
688.0241940299587 892.0
688.2788238008236 876.0
688.5334451323221 884.0
688.7880580239712 881.0
689.042662475288 873.0
689.2972584857889 844.0
689.5518460549912 825.0
689.8064251824115 814.0
690.0609958675668 831.0
690.3155581099742 822.0
690.5701119091498 830.0
690.8246572646113 832.0
691.0791941758752 823.0
691.3337226424583 826.0
691.5882426638777 818.0
691.84275423965 831.0
692.0972573692924 830.0
692.3517520523214 825.0
692.6062382882542 828.0
692.8607160766074 819.0
693.1151854168979 873.0
693.3696463086428 872.0
693.6240987513587 900.0
693.8785427445628 909.0
694.1329782877717 908.0
694.3874053805022 902.0
694.6418240222713 860.0
694.8962342125958 876.0
695.1506359509929 877.0
695.405029236979 893.0
695.6594140700711 974.0
695.9137904497863 1156.0
696.168158375641 1419.0
696.4225178471527 1874.0
696.676868863838 2097.0
696.9312114252134 1916.0
697.1855455307963 1664.0
697.4398711801031 1179.0
697.6941883726512 997.0
697.9484971079568 928.0
698.2027973855375 882.0
698.4570892049098 860.0
698.7113725655903 838.0
698.9656474670965 862.0
699.2199139089445 838.0
699.4741718906519 837.0
699.7284214117353 836.0
699.9826624717113 835.0
700.2368950700971 826.0
700.4911192064093 842.0
700.7453348801653 834.0
700.9995420908814 831.0
701.2537408380745 817.0
701.5079311212619 825.0
701.7621129399598 851.0
702.016286293686 835.0
702.2704511819566 861.0
702.5246076042886 906.0
702.778755560199 953.0
703.0328950492045 1044.0
703.2870260708224 1032.0
703.5411486245691 996.0
703.7952627099618 913.0
704.0493683265172 874.0
704.3034654737519 846.0
704.5575541511835 855.0
704.8116343583279 852.0
705.0657060947029 840.0
705.3197693598249 868.0
705.5738241532106 876.0
705.8278704743772 918.0
706.0819083228414 1093.0
706.3359376981203 1350.0
706.5899585997306 1776.0
706.8439710271889 2054.0
707.0979749800126 1863.0
707.3519704577179 1676.0
707.6059574598225 1245.0
707.8599359858429 1028.0
708.1139060352955 939.0
708.3678676076978 882.0
708.6218207025663 884.0
708.8757653194182 855.0
709.12970145777 849.0
709.3836291171389 848.0
709.6375482970416 843.0
709.8914589969946 846.0
710.1453612165157 852.0
710.3992549551208 855.0
710.6531402123275 860.0
710.9070169876522 874.0
711.1608852806118 864.0
711.4147450907236 840.0
711.6685964175037 832.0
711.9224392604699 833.0
712.1762736191384 834.0
712.4300994930262 850.0
712.6839168816504 841.0
712.9377257845274 823.0
713.1915262011746 830.0
713.4453181311087 820.0
713.6991015738463 842.0
713.9528765289045 844.0
714.2066429958 889.0
714.4604009740502 964.0
714.7141504631712 1042.0
714.9678914626805 996.0
715.2216239720948 1002.0
715.4753479909306 905.0
715.7290635187052 883.0
715.982770554935 882.0
716.2364690991376 843.0
716.4901591508293 860.0
716.743840709527 832.0
716.9975137747479 832.0
717.2511783460084 819.0
717.5048344228259 818.0
717.7584820047169 816.0
718.0121210911982 827.0
718.2657516817872 825.0
718.519373776 836.0
718.772987373354 841.0
719.026592473366 822.0
719.2801890755527 816.0
719.5337771794311 822.0
719.7873567845179 832.0
720.0409278903304 848.0
720.294490496385 875.0
720.5480446021987 878.0
720.8015902072887 891.0
721.0551273111711 880.0
721.3086559133636 876.0
721.5621760133826 857.0
721.815687610745 834.0
722.0691907049679 822.0
722.3226852955679 812.0
722.5761713820622 820.0
722.8296489639672 828.0
723.0831180408002 834.0
723.3365786120778 833.0
723.5900306773169 837.0
723.8434742360346 836.0
724.0969092877473 826.0
724.3503358319725 840.0
724.6037538682267 829.0
724.8571633960265 836.0
725.1105644148894 828.0
725.3639569243315 825.0
725.6173409238706 829.0
725.8707164130229 838.0
726.1240833913054 841.0
726.3774418582351 872.0
726.6307918133285 912.0
726.8841332561029 1013.0
727.137466186075 1124.0
727.3907906027619 1189.0
727.6441065056802 1158.0
727.8974138943464 1098.0
728.1507127682783 969.0
728.4040031269918 886.0
728.6572849700045 866.0
728.9105582968331 854.0
729.1638231069941 841.0
729.4170794000048 830.0
729.6703271753817 830.0
729.923566432642 822.0
730.1767971713025 831.0
730.4300193908798 844.0
730.6832330908911 854.0
730.936438270853 864.0
731.1896349302828 901.0
731.442823068697 903.0
731.6960026856123 887.0
731.949173780546 883.0
732.2023363530145 853.0
732.4554904025351 840.0
732.7086359286245 835.0
732.9617729307997 821.0
733.2149014085775 825.0
733.4680213614745 840.0
733.7211327890079 836.0
733.9742356906943 850.0
734.2273300660511 848.0
734.4804159145946 839.0
734.7334932358416 860.0
734.9865620293094 904.0
735.2396222945147 957.0
735.4926740309744 939.0
735.7457172382054 936.0
735.9987519157243 909.0
736.2517780630484 894.0
736.504795679694 900.0
736.7578047651785 968.0
737.0108053190187 1105.0
737.2637973407312 1223.0
737.516780829833 1255.0
737.769755785841 1510.0
738.0227222082721 1914.0
738.2756800966428 2768.0
738.5286294504706 2817.0
738.781570269272 2620.0
739.0345025525638 2350.0
739.2874262998632 1528.0
739.5403415106866 1217.0
739.7932481845512 1058.0
740.046146320974 965.0
740.2990359194714 914.0
740.5519169795606 880.0
740.8047895007583 889.0
741.0576534825816 895.0
741.3105089245472 875.0
741.563355826172 873.0
741.8161941869729 875.0
742.0690240064664 854.0
742.3218452841702 850.0
742.5746580196005 856.0
742.8274622122741 874.0
743.0802578617083 904.0
743.3330449674197 917.0
743.5858235289254 908.0
743.8385935457418 892.0
744.0913550173865 892.0
744.3441079433758 870.0
744.5968523232264 845.0
744.8495881564559 843.0
745.1023154425804 826.0
745.3550341811174 832.0
745.6077443715835 834.0
745.8604460134952 846.0
746.1131391063701 850.0
746.3658236497243 837.0
746.6184996430754 852.0
746.87116708594 865.0
747.1238259778346 870.0
747.3764763182764 852.0
747.6291181067822 887.0
747.8817513428692 882.0
748.1343760260539 881.0
748.3869921558529 920.0
748.6395997317837 921.0
748.8921987533628 965.0
749.1447892201071 979.0
749.3973711315336 1050.0
749.6499444871589 1362.0
749.9025092865003 2221.0
750.1550655290741 3781.0
750.4076132143978 4964.0
750.6601523419877 4398.0
750.912682911361 4896.0
751.1652049220347 4267.0
751.4177183735251 4119.0
751.6702232653497 3332.0
751.9227195970248 3159.0
752.1752073680677 2445.0
752.4276865779954 1566.0
752.680157226324 1276.0
752.9326193125712 1064.0
753.1850728362533 1004.0
753.4375177968876 934.0
753.6899541939908 920.0
753.9423820270795 901.0
754.194801295671 901.0
754.4472119992819 874.0
754.6996141374291 859.0
754.9520077096296 841.0
755.2043927154 874.0
755.4567691542577 858.0
755.7091370257187 849.0
755.9614963293008 824.0
756.2138470645202 834.0
756.4661892308942 831.0
756.7185228279395 836.0
756.9708478551728 843.0
757.2231643121112 846.0
757.4754721982714 848.0
757.7277715131704 842.0
757.9800622563251 825.0
758.2323444272521 857.0
758.4846180254688 841.0
758.7368830504913 838.0
758.9891395018373 858.0
759.2413873790232 840.0
759.4936266815657 846.0
759.7458574089821 865.0
759.9980795607888 843.0
760.2502931365033 847.0
760.502498135642 857.0
760.7546945577217 859.0
761.0068824022595 869.0
761.2590616687722 875.0
761.5112323567769 876.0
761.7633944657899 902.0
762.0155479953288 930.0
762.26769294491 964.0
762.5198293140501 1068.0
762.7719571022666 1368.0
763.024076309076 2300.0
763.2761869339953 4113.0
763.5282889765415 5237.0
763.780382436231 4417.0
764.032467312581 4654.0
764.2845436051083 3161.0
764.53661131333 1795.0
764.7886704367629 1390.0
765.0407209749233 1164.0
765.2927629273288 1043.0
765.5447962934958 969.0
765.7968210729414 918.0
766.0488372651824 923.0
766.3008448697357 916.0
766.5528438861181 902.0
766.8048343138464 900.0
767.0568161524378 874.0
767.3087894014087 866.0
767.5607540602764 866.0
767.8127101285577 857.0
768.0646576057691 845.0
768.3165964914278 842.0
768.5685267850505 834.0
768.8204484861544 849.0
769.0723615942561 836.0
769.3242661088722 856.0
769.5761620295201 843.0
769.8280493557162 856.0
770.0799280869778 849.0
770.3317982228216 861.0
770.5836597627642 871.0
770.835512706323 876.0
771.0873570530143 885.0
771.3391928023555 910.0
771.591019953863 1030.0
771.8428385070538 1346.0
772.094648461445 2062.0
772.3464498165532 2828.0
772.5982425718955 2477.0
772.8500267269885 2518.0
773.1018022813494 2110.0
773.3535692344948 1401.0
773.6053275859415 1137.0
773.8570773352067 1016.0
774.108818481807 939.0
774.3605510252594 902.0
774.6122749650807 889.0
774.8639903007878 868.0
775.1156970318975 870.0
775.3673951579267 862.0
775.6190846783925 852.0
775.8707655928115 850.0
776.1224379007004 832.0
776.3741016015766 842.0
776.6257566949563 842.0
776.8774031803571 828.0
777.1290410572955 841.0
777.3806703252881 836.0
777.6322909838522 838.0
777.8839030325043 830.0
778.1355064707618 820.0
778.3871012981411 824.0
778.6386875141592 833.0
778.890265118333 834.0
779.1418341101793 821.0
779.3933944892151 816.0
779.6449462549571 840.0
779.8964894069222 842.0
780.1480239446275 836.0
780.3995498675895 830.0
780.6510671753255 837.0
780.9025758673517 821.0
781.1540759431858 821.0
781.4055674023442 831.0
781.6570502443437 832.0
781.9085244687013 840.0
782.159990074934 832.0
782.4114470625585 818.0
782.6628954310918 822.0
782.9143351800503 829.0
783.1657663089516 818.0
783.4171888173119 825.0
783.6686027046486 820.0
783.9200079704783 845.0
784.1714046143178 837.0
784.4227926356843 832.0
784.6741720340941 829.0
784.9255428090647 819.0
785.1769049601126 836.0
785.4282584867548 828.0
785.6796033885082 837.0
785.9309396648893 840.0
786.1822673154155 827.0
786.4335863396033 831.0
786.6848967369698 833.0
786.9361985070317 836.0
787.1874916493058 841.0
787.4387761633094 829.0
787.6900520485588 838.0
787.9413193045713 834.0
788.1925779308636 837.0
788.4438279269523 832.0
788.6950692923548 841.0
788.9463020265875 870.0
789.1975261291677 857.0
789.448741599612 878.0
789.6999484374371 871.0
789.9511466421604 837.0
790.2023362132982 829.0
790.4535171503677 835.0
790.7046894528855 826.0
790.9558531203689 837.0
791.2070081523347 836.0
791.458154548299 841.0
791.7092923077797 841.0
791.9604214302931 841.0
792.2115419153562 851.0
792.462653762486 836.0
792.7137569711989 832.0
792.9648515410123 838.0
793.2159374714428 856.0
793.4670147620074 863.0
793.718083412223 888.0
793.9691434216061 941.0
794.220194789674 1152.0
794.4712375159432 1683.0
794.722271599931 2366.0
794.9732970411541 2106.0
795.2243138391292 2124.0
795.4753219933733 1988.0
795.7263215034031 1379.0
795.9773123687357 1112.0
796.2282945888878 969.0
796.4792681633767 924.0
796.7302330917187 897.0
796.9811893734307 890.0
797.23213700803 884.0
797.483075995033 872.0
797.7340063339569 861.0
797.9849280243186 861.0
798.2358410656345 888.0
798.4867454574222 875.0
798.7376411991978 884.0
798.9885282904788 888.0
799.2394067307818 883.0
799.4902765196234 904.0
799.741137656521 984.0
799.9919901409909 1188.0
800.2428339725506 1823.0
800.4936691507165 2733.0
800.7444956750055 2552.0
800.9953135449347 2897.0
801.2461227600207 3775.0
801.4969233197808 3304.0
801.7477152237312 2555.0
801.9984984713894 2594.0
802.2492730622722 2002.0
802.5000389958959 1358.0
802.7507962717781 1141.0
803.0015448894349 1014.0
803.252284848384 943.0
803.5030161481417 919.0
803.7537387882248 904.0
804.0044527681507 890.0
804.2551580874358 883.0
804.5058547455972 889.0
804.7565427421519 872.0
805.0072220766161 877.0
805.2578927485075 897.0
805.5085547573423 893.0
805.7592081026379 886.0
806.009852783911 885.0
806.2604888006782 867.0
806.5111161524568 884.0
806.7617348387631 879.0
807.0123448591147 896.0
807.2629462130279 899.0
807.5135389000196 908.0
807.7641229196071 910.0
808.0146982713067 941.0
808.2652649546358 956.0
808.5158229691108 990.0
808.7663723142489 997.0
809.016912989567 985.0
809.2674449945815 1036.0
809.5179683288098 1131.0
809.7684829917686 1468.0
810.0189889829746 2432.0
810.269486301945 3617.0
810.5199749481961 3330.0
810.7704549212456 4060.0
811.0209262206095 6316.0
811.2713888458052 11860.0
811.5218427963496 13502.0
811.7722880717591 10680.0
812.022724671551 11977.0
812.2731525952421 9184.0
812.5235718423493 4212.0
812.7739824123893 2601.0
813.0243843048788 1864.0
813.2747775193352 1506.0
813.5251620552749 1286.0
813.7755379122152 1143.0
814.0259050896724 1100.0
814.276263587164 1038.0
814.5266134042064 987.0
814.7769545403165 950.0
815.0272869950115 917.0
815.2776107678079 906.0
815.5279258582229 918.0
815.7782322657732 898.0
816.0285299899754 872.0
816.2788190303468 865.0
816.529099386404 861.0
816.7793710576641 844.0
817.0296340436439 844.0
817.2798883438601 849.0
817.5301339578298 845.0
817.7803708850694 855.0
818.0305991250964 837.0
818.2808186774273 836.0
818.531029541579 851.0
818.7812317170685 837.0
819.0314252034124 836.0
819.281610000128 845.0
819.5317861067317 844.0
819.7819535227408 833.0
820.0321122476719 842.0
820.2822622810417 859.0
820.5324036223675 837.0
820.7825362711658 843.0
821.0326602269538 852.0
821.2827754892483 830.0
821.5328820575656 843.0
821.7829799314234 855.0
822.033069110338 847.0
822.2831495938267 840.0
822.5332213814061 842.0
822.7832844725929 837.0
823.0333388669044 819.0
823.283384563857 836.0
823.533421562968 850.0
823.7834498637541 832.0
824.033469465732 830.0
824.2834803684189 832.0
824.5334825713311 845.0
824.7834760739862 850.0
825.0334608759005 848.0
825.2834369765912 870.0
825.5334043755751 889.0
825.7833630723688 990.0
826.0333130664897 1255.0
826.2832543574541 1841.0
826.5331869447793 1748.0
826.783110827982 1666.0
827.0330260065789 1755.0
827.2829324800872 1395.0
827.5328302480233 1060.0
827.7827193099047 965.0
828.032599665248 907.0
828.2824713135695 889.0
828.532334254387 868.0
828.7821884872168 869.0
829.0320340115759 837.0
829.2818708269813 829.0
829.5316989329494 848.0
829.7815183289979 824.0
830.0313290146428 837.0
830.2811309894015 837.0
830.5309242527906 830.0
830.7807088043272 839.0
831.0304846435281 834.0
831.2802517699099 834.0
831.5300101829899 828.0
831.7797598822846 851.0
832.0295008673112 828.0
832.2792331375864 820.0
832.5289566926268 833.0
832.7786715319497 824.0
833.0283776550717 830.0
833.27807506151 829.0
833.5277637507811 819.0
833.7774437224018 813.0
834.0271149758895 812.0
834.2767775107606 821.0
834.526431326532 839.0
834.7760764227208 820.0
835.0257127988438 833.0
835.2753404544177 837.0
835.5249593889594 817.0
835.774569601986 817.0
836.0241710930143 832.0
836.2737638615607 825.0
836.5233479071428 832.0
836.7729232292768 837.0
837.0224898274802 830.0
837.2720477012693 855.0
837.5215968501614 829.0
837.7711372736733 839.0
838.0206689713215 857.0
838.2701919426232 862.0
838.5197061870952 853.0
838.7692117042545 841.0
839.0187084936177 871.0
839.2681965547017 894.0
839.5176758870236 887.0
839.7671464901001 913.0
840.0166083634483 983.0
840.2660615065847 1218.0
840.5155059190262 1968.0
840.7649416002901 2497.0
841.0143685498927 2103.0
841.2637867673512 2339.0
841.5131962521828 2270.0
841.7625970039035 1800.0
842.0119890220308 2242.0
842.2613723060813 4106.0
842.5107468555723 3756.0
842.76011267002 3338.0
843.0094697489418 3786.0
843.2588180918546 2873.0
843.5081576982747 1682.0
843.7574885677194 1280.0
844.0068106997054 1105.0
844.25612409375 1017.0
844.5054287493696 944.0
844.754724666081 908.0
845.0040118434015 893.0
845.2532902808475 876.0
845.5025599779364 877.0
845.7518209341847 858.0
846.0010731491091 848.0
846.2503166222269 847.0
846.4995513530547 827.0
846.7487773411094 847.0
846.9979945859081 853.0
847.2472030869674 845.0
847.4964028438043 836.0
847.7455938559353 830.0
847.994776122878 838.0
848.2439496441485 832.0
848.4931144192642 823.0
848.7422704477419 823.0
848.9914177290981 835.0
849.2405562628502 829.0
849.4896860485144 852.0
849.7388070856083 833.0
849.9879193736485 843.0
850.2370229121515 852.0
850.4861177006346 858.0
850.7352037386146 857.0
850.9842810256082 860.0
851.2333495611326 876.0
851.482409344704 967.0
851.7314603758401 1279.0
851.9805026540571 1894.0
852.2295361788724 1704.0
852.4785609498026 1666.0
852.7275769663643 1766.0
852.9765842280748 1416.0
853.2255827344507 1077.0
853.4745724850093 965.0
853.7235534792667 902.0
853.9725257167406 878.0
854.2214891969475 861.0
854.4704439194039 862.0
854.7193898836274 834.0
854.9683270891342 840.0
855.2172555354416 828.0
855.4661752220665 830.0
855.7150861485252 812.0
855.9639883143353 809.0
856.212881719013 818.0
856.4617663620759 828.0
856.7106422430403 812.0
856.9595093614231 820.0
857.2083677167415 823.0
857.4572173085119 836.0
857.7060581362517 819.0
857.9548901994776 833.0
858.2037134977061 832.0
858.4525280304546 821.0
858.7013337972394 817.0
858.950130797578 796.0
859.1989190309868 810.0
859.4476984969828 806.0
859.696469195083 820.0
859.9452311248039 818.0
860.1939842856627 816.0
860.4427286771763 841.0
860.6914642988615 832.0
860.9401911502351 844.0
861.1889092308139 850.0
861.437618540115 846.0
861.686319077655 834.0
861.935010842951 845.0
862.1836938355198 829.0
862.432368054878 823.0
862.6810335005429 832.0
862.9296901720311 816.0
863.1783380688596 825.0
863.4269771905452 819.0
863.6756075366046 815.0
863.9242291065551 825.0
864.1728418999131 819.0
864.4214459161959 823.0
864.6700411549201 834.0
864.9186276156024 814.0
865.1672052977602 826.0
865.4157742009098 824.0
865.6643343245685 818.0
865.9128856682528 833.0
866.1614282314799 841.0
866.4099620137665 919.0
866.6584870146295 1036.0
866.9070032335858 969.0
867.155510670152 977.0
867.4040093238455 969.0
867.6524991941827 910.0
867.9009802806806 857.0
868.1494525828563 835.0
868.3979161002262 833.0
868.6463708323078 837.0
868.8948167786174 808.0
869.1432539386718 814.0
869.3916823119887 816.0
869.6401018980839 816.0
869.8885126964751 814.0
870.1369147066789 810.0
870.3853079282118 814.0
870.6336923605911 817.0
870.8820680033335 828.0
871.1304348559562 802.0
871.3787929179755 808.0
871.6271421889087 808.0
871.8754826682726 818.0
872.1238143555837 806.0
872.3721372503595 811.0
872.6204513521162 800.0
872.8687566603713 809.0
873.1170531746413 817.0
873.365340894443 817.0
873.6136198192935 829.0
873.8618899487094 820.0
874.110151282208 818.0
874.3584038193057 808.0
874.6066475595196 828.0
874.8548825023668 820.0
875.1031086473636 830.0
875.3513259940273 804.0
875.5995345418747 816.0
875.8477342904224 822.0
876.0959252391877 828.0
876.3441073876871 835.0
876.5922807354377 815.0
876.8404452819562 829.0
877.0886010267599 810.0
877.3367479693651 829.0
877.5848861092887 812.0
877.8330154460481 824.0
878.0811359791594 808.0
878.3292477081402 831.0
878.5773506325071 821.0
878.8254447517768 818.0
879.0735300654665 819.0
879.3216065730924 810.0
879.5696742741723 821.0
879.8177331682225 811.0
880.0657832547598 818.0
880.3138245333014 816.0
880.5618570033639 812.0
880.8098806644645 829.0
881.0578955161196 830.0
881.3059015578464 818.0
881.5538987891618 795.0
881.8018872095822 824.0
882.0498668186252 811.0
882.297837615807 813.0
882.5457996006451 808.0
882.7937527726558 819.0
883.041697131356 805.0
883.2896326762632 814.0
883.5375594068934 822.0
883.7854773227642 825.0
884.0333864233922 825.0
884.2812867082938 820.0
884.5291781769868 828.0
884.7770608289871 825.0
885.0249346638125 827.0
885.2727996809792 816.0
885.5206558800041 823.0
885.7685032604046 833.0
886.0163418216969 803.0
886.2641715633982 816.0
886.5119924850256 801.0
886.7598045860955 818.0
887.007607866125 811.0
887.2554023246308 815.0
887.5031879611303 824.0
887.7509647751398 818.0
887.9987327661763 804.0
888.2464919337567 813.0
888.4942422773979 817.0
888.7419837966169 819.0
888.9897164909302 811.0
889.2374403598551 817.0
889.4851554029083 801.0
889.7328616196063 809.0
889.9805590094667 821.0
890.2282475720056 805.0
890.4759273067405 803.0
890.7235982131879 811.0
890.9712602908646 800.0
891.218913539288 804.0
891.4665579579743 821.0
891.7141935464408 811.0
891.9618203042044 824.0
892.2094382307815 825.0
892.4570473256895 808.0
892.7046475884449 797.0
892.9522390185649 811.0
893.1998216155661 812.0
893.4473953789653 807.0
893.6949603082797 803.0
893.9425164030258 806.0
894.1900636627211 828.0
894.4376020868815 796.0
894.6851316750246 824.0
894.9326524266672 844.0
895.1801643413257 816.0
895.4276674185177 817.0
895.6751616577593 821.0
895.922647058568 817.0
896.1701236204603 815.0
896.4175913429531 818.0
896.6650502255636 820.0
896.912500267808 806.0
897.159941469204 809.0
897.4073738292678 817.0
897.6547973475165 800.0
897.9022120234671 801.0
898.1496178566362 805.0
898.3970148465409 820.0
898.644402992698 823.0
898.8917822946241 818.0
899.1391527518367 810.0
899.386514363852 822.0
899.6338671301874 824.0
899.8812110503592 826.0
900.1285461238849 822.0
900.375872350281 808.0
900.6231897290643 814.0
900.8704982597519 817.0
901.1177979418604 826.0
901.3650887749071 825.0
901.6123707584086 818.0
901.8596438918815 816.0
902.106908174843 815.0
902.35416360681 815.0
902.6014101872993 823.0
902.8486479158278 808.0
903.095876791912 800.0
903.3430968150694 818.0
903.5903079848164 820.0
903.83751030067 812.0
904.0847037621473 823.0
904.3318883687646 798.0
904.5790641200394 802.0
904.826231015488 816.0
905.0733890546279 794.0
905.3205382369753 804.0
905.5676785620476 821.0
905.8148100293615 819.0
906.0619326384336 812.0
906.3090463887813 810.0
906.5561512799208 809.0
906.8032473113697 816.0
907.0503344826443 822.0
907.2974127932616 830.0
907.5444822427387 837.0
907.7915428305921 838.0
908.038594556339 822.0
908.2856374194963 827.0
908.5326714195803 824.0
908.7796965561088 824.0
909.0267128285976 818.0
909.2737202365645 817.0
909.520718779526 840.0
909.7677084569985 838.0
910.0146892684998 833.0
910.261661213546 833.0
910.5086242916544 846.0
910.7555785023416 842.0
911.0025238451248 842.0
911.2494603195206 877.0
911.4963879250456 920.0
911.7433066612174 1066.0
911.9902165275522 1781.0
912.2371175235672 2252.0
912.4840096487795 1688.0
912.7308929027052 1736.0
912.9777672848619 1761.0
913.2246327947661 1478.0
913.4714894319347 1146.0
913.7183371958849 951.0
913.965176086133 904.0
914.2120061021965 899.0
914.4588272435916 856.0
914.7056395098358 853.0
914.9524429004457 832.0
915.1992374149379 830.0
915.4460230528298 814.0
915.6927998136375 835.0
915.9395676968788 855.0
916.1863267020701 824.0
916.4330768287281 837.0
916.67981807637 822.0
916.9265504445123 816.0
917.1732739326723 805.0
917.4199885403666 814.0
917.6666942671121 823.0
917.9133911124259 829.0
918.1600790758242 824.0
918.4067581568248 818.0
918.6534283549438 803.0
918.9000896696987 811.0
919.1467421006058 838.0
919.3933856471822 847.0
919.6400203089449 865.0
919.8866460854103 849.0
920.1332629760961 841.0
920.3798709805186 835.0
920.6264700981943 832.0
920.8730603286409 832.0
921.1196416713748 832.0
921.3662141259131 856.0
921.6127776917724 858.0
921.8593323684695 921.0
922.1058781555217 1231.0
922.3524150524454 1568.0
922.598943058758 1245.0
922.8454621739758 1180.0
923.0919723976159 1240.0
923.3384737291954 1163.0
923.5849661682307 989.0
923.8314497142393 901.0
924.0779243667373 845.0
924.3243901252423 846.0
924.5708469892709 832.0
924.8172949583395 826.0
925.0637340319656 831.0
925.3101642096658 825.0
925.5565854909571 830.0
925.8029978753563 830.0
926.04940136238 827.0
926.2957959515456 815.0
926.5421816423694 816.0
926.7885584343687 805.0
927.0349263270604 811.0
927.281285319961 818.0
927.5276354125876 821.0
927.7739766044568 816.0
928.020308895086 803.0
928.2666322839915 809.0
928.5129467706906 812.0
928.7592523547 817.0
929.0055490355364 829.0
929.2518368127171 821.0
929.4981156857584 820.0
929.7443856541778 821.0
929.9906467174917 825.0
930.2368988752169 797.0
930.4831421268707 806.0
930.7293764719695 817.0
930.9756019100306 802.0
931.2218184405708 833.0
931.4680260631065 817.0
931.7142247771553 809.0
931.9604145822334 828.0
932.2065954778582 814.0
932.4527674635461 821.0
932.6989305388141 796.0
932.9450847031794 801.0
933.1912299561584 812.0
933.4373662972685 821.0
933.6834937260257 820.0
933.929612241948 826.0
934.1757218445516 805.0
934.4218225333533 821.0
934.6679143078701 816.0
934.913997167619 821.0
935.1600711121167 852.0
935.4061361408803 858.0
935.6521922534262 846.0
935.8982394492718 827.0
936.1442777279336 821.0
936.3903070889288 832.0
936.636327531774 828.0
936.882339055986 815.0
937.128341661082 802.0
937.3743353465785 800.0
937.6203201119927 817.0
937.8662959568414 814.0
938.1122628806411 816.0
938.3582208829092 815.0
938.6041699631621 797.0
938.8501101209171 812.0
939.0960413556905 829.0
939.341963667 813.0
939.5878770543618 808.0
939.8337815172929 820.0
940.0796770553103 812.0
940.3255636679306 798.0
940.5714413546712 809.0
940.8173101150486 803.0
941.0631699485793 808.0
941.309020854781 810.0
941.5548628331699 802.0
941.8006958832632 812.0
942.0465200045778 797.0
942.2923351966301 801.0
942.5381414589376 817.0
942.7839387910167 811.0
943.0297271923846 805.0
943.275506662558 796.0
943.5212772010536 818.0
943.7670388073888 824.0
944.0127914810797 810.0
944.2585352216438 804.0
944.504270028598 811.0
944.7499959014584 801.0
944.9957128397427 811.0
945.2414208429674 816.0
945.4871199106495 827.0
945.7328100423057 818.0
945.978491237453 819.0
946.2241634956084 825.0
946.4698268162882 826.0
946.71548119901 820.0
946.9611266432901 832.0
947.2067631486459 800.0
947.4523907145939 805.0
947.6980093406509 818.0
947.943619026334 822.0
948.1892197711599 806.0
948.4348115746456 806.0
948.680394436308 803.0
948.9259683556636 798.0
949.17153333223 796.0
949.4170893655231 804.0
949.6626364550607 797.0
949.9081746003591 801.0
950.1537038009352 805.0
950.3992240563063 819.0
950.6447353659886 800.0
950.8902377294995 785.0
951.1357311463555 813.0
951.381215616074 821.0
951.6266911381715 806.0
951.8721577121647 815.0
952.1176153375708 797.0
952.3630640139064 823.0
952.6085037406887 816.0
952.8539345174344 806.0
953.09935634366 822.0
953.3447692188829 812.0
953.5901731426196 812.0
953.8355681143876 806.0
954.080954133703 811.0
954.326331200083 816.0
954.5716993130445 818.0
954.8170584721041 807.0
955.0624086767792 819.0
955.3077499265863 799.0
955.5530822210421 808.0
955.798405559664 817.0
956.0437199419682 811.0
956.2890253674723 802.0
956.5343218356925 795.0
956.7796093461461 805.0
957.02488789835 813.0
957.2701574918206 833.0
957.5154181260752 805.0
957.7606698006304 802.0
958.0059125150034 818.0
958.2511462687107 821.0
958.4963710612694 813.0
958.7415868921963 806.0
958.9867937610082 826.0
959.2319916672224 816.0
959.4771806103552 821.0
959.7223605899235 814.0
959.9675316054446 829.0
960.2126936564348 815.0
960.4578467424116 814.0
960.7029908628915 815.0
960.9481260173911 818.0
961.193252205428 812.0
961.4383694265184 803.0
961.6834776801796 799.0
961.9285769659282 803.0
962.1736672832812 805.0
962.4187486317555 820.0
962.6638210108677 798.0
962.908884420135 814.0
963.153938859074 804.0
963.3989843272019 829.0
963.6440208240352 817.0
963.889048349091 820.0
964.1340669018862 823.0
964.3790764819373 821.0
964.6240770887617 813.0
964.8690687218761 828.0
965.114051380797 874.0
965.3590250650417 996.0
965.6039897741268 1352.0
965.8489455075695 1168.0
966.0938922648864 969.0
966.3388300455941 940.0
966.5837588492103 976.0
966.8286786752509 968.0
967.0735895232334 929.0
967.3184913926743 888.0
967.5633842830911 852.0
967.808268194 832.0
968.0531431249179 824.0
968.2980090753622 827.0
968.5428660448491 836.0
968.7877140328961 840.0
969.0325530390197 811.0
969.2773830627367 809.0
969.5222041035643 821.0
969.7670161610189 827.0
970.0118192346179 800.0
970.2566133238779 814.0
970.5013984283155 811.0
970.746174547448 820.0
970.990941680792 823.0
971.2356998278649 828.0
971.480448988183 823.0
971.725189161263 817.0
971.9699203466223 803.0
972.2146425437775 794.0
972.4593557522456 821.0
972.7040599715434 817.0
972.9487552011876 832.0
973.1934414406954 833.0
973.4381186895833 832.0
973.6827869473685 802.0
973.9274462135677 809.0
974.1720964876979 813.0
974.4167377692759 818.0
974.6613700578182 808.0
974.9059933528424 808.0
975.1506076538647 824.0
975.3952129604023 813.0
975.6398092719721 817.0
975.8843965880908 810.0
976.1289749082755 820.0
976.3735442320426 799.0
976.6181045589096 804.0
976.862655888393 797.0
977.1071982200094 802.0
977.3517315532764 819.0
977.5962558877101 820.0
977.840771222828 823.0
978.0852775581467 848.0
978.3297748931827 879.0
978.5742632274536 841.0
978.8187425604756 807.0
979.063212891766 826.0
979.3076742208415 827.0
979.5521265472191 838.0
979.7965698704156 839.0
980.0410041899477 820.0
980.2854295053326 811.0
980.5298458160865 813.0
980.7742531217272 810.0
981.0186514217711 803.0
981.2630407157347 799.0
981.5074210031356 813.0
981.7517922834901 817.0
981.9961545563154 817.0
982.2405078211283 815.0
982.4848520774455 814.0
982.729187324784 810.0
982.9735135626606 804.0
983.2178307905924 802.0
983.4621390080961 821.0
983.7064382146882 806.0
983.9507284098863 813.0
984.1950095932067 810.0
984.4392817641666 813.0
984.6835449222825 810.0
984.9277990670716 801.0
985.1720441980509 832.0
985.4162803147366 810.0
985.6605074166464 824.0
985.9047255032964 804.0
986.1489345742042 821.0
986.3931346288863 814.0
986.6373256668593 819.0
986.8815076876406 807.0
987.1256806907464 814.0
987.3698446756944 822.0
987.613999642001 813.0
987.8581455891829 813.0
988.1022825167574 820.0
988.3464104242408 815.0
988.5905293111508 798.0
988.8346391770036 808.0
989.0787400213161 813.0
989.3228318436055 805.0
989.5669146433884 806.0
989.8109884201817 808.0
990.0550531735024 822.0
990.2991089028674 824.0
990.5431556077934 814.0
990.7871932877973 815.0
991.031221942396 811.0
991.2752415711062 813.0
991.5192521734452 813.0
991.7632537489297 818.0
992.0072462970761 810.0
992.251229817402 802.0
992.4952043094236 799.0
992.7391697726582 798.0
992.9831262066227 797.0
993.2270736108336 811.0
993.4710119848082 811.0
993.7149413280629 812.0
993.958861640115 799.0
994.2027729204812 822.0
994.4466751686781 809.0
994.6905683842231 812.0
994.9344525666326 826.0
995.1783277154237 804.0
995.4221938301132 807.0
995.6660509102181 823.0
995.9098989552552 810.0
996.1537379647411 821.0
996.3975679381932 812.0
996.6413888751279 816.0
996.8852007750622 830.0
997.1290036375133 824.0
997.3727974619973 816.0
997.6165822480319 819.0
997.8603579951333 812.0
998.104124702819 802.0
998.3478823706055 809.0
998.5916309980095 809.0
998.8353705845483 815.0
999.0791011297383 806.0
999.3228226330968 814.0
999.5665350941406 810.0
999.8102385123861 816.0
1000.0539328873509 812.0
1000.2976182185512 825.0
1000.5412945055043 812.0
1000.7849617477269 813.0
1001.0286199447357 830.0
1001.2722690960481 805.0
1001.5159092011804 808.0
1001.75954025965 822.0
1002.003162270973 806.0
1002.246775234667 814.0
1002.4903791502487 813.0
1002.7339740172346 820.0
1002.9775598351421 826.0
1003.2211366034876 809.0
1003.4647043217884 821.0
1003.7082629895611 812.0
1003.9518126063224 821.0
1004.1953531715895 807.0
1004.4388846848791 813.0
1004.6824071457083 812.0
1004.9259205535938 825.0
1005.1694249080521 831.0
1005.4129202086007 812.0
1005.6564064547559 817.0
1005.8998836460353 794.0
1006.1433517819551 817.0
1006.3868108620323 808.0
1006.6302608857841 817.0
1006.8737018527269 813.0
1007.1171337623779 808.0
1007.3605566142537 828.0
1007.6039704078715 805.0
1007.8473751427481 828.0
1008.0907708184001 804.0
1008.3341574343445 806.0
1008.5775349900982 804.0
1008.8209034851784 806.0
1009.0642629191013 802.0
1009.3076132913841 809.0
1009.5509546015439 816.0
1009.7942868490973 821.0
1010.0376100335611 814.0
1010.2809241544525 817.0
1010.5242292112879 805.0
1010.7675252035845 823.0
1011.010812130859 822.0
1011.2540899926286 806.0
1011.4973587884098 812.0
1011.7406185177194 816.0
1011.9838691800747 816.0
1012.2271107749921 799.0
1012.470343301989 799.0
1012.7135667605817 814.0
1012.9567811502875 801.0
1013.1999864706231 822.0
1013.4431827211052 802.0
1013.686369901251 808.0
1013.929548010577 820.0
1014.1727170486006 808.0
1014.4158770148383 793.0
1014.6590279088067 802.0
1014.9021697300233 804.0
1015.1453024780044 818.0
1015.3884261522674 829.0
1015.6315407523286 828.0
1015.8746462777051 820.0
1016.1177427279141 806.0
1016.3608301024719 825.0
1016.603908400896 827.0
1016.8469776227028 817.0
1017.0900377674091 829.0
1017.3330888345322 816.0
1017.5761308235883 796.0
1017.8191637340951 821.0
1018.0621875655689 797.0
1018.3052023175269 815.0
1018.5482079894858 815.0
1018.7912045809622 823.0
1019.0341920914735 802.0
1019.2771705205361 809.0
1019.5201398676672 813.0
1019.7631001323837 819.0
1020.006051314202 831.0
1020.2489934126395 821.0
1020.4919264272125 822.0
1020.7348503574386 830.0
1020.9777652028342 823.0
1021.2206709629161 821.0
1021.4635676372014 817.0
1021.7064552252067 815.0
1021.9493337264495 821.0
1022.1922031404459 826.0
1022.4350634667132 816.0
1022.6779147047681 816.0
1022.9207568541273 807.0
1023.1635899143083 795.0
1023.4064138848273 808.0
1023.6492287652015 817.0
1023.8920345549478 800.0
1024.134831253583 816.0
1024.377618860624 808.0
1024.6203973755871 814.0
1024.8631667979898 802.0
1025.1059271273493 808.0
1025.3486783631818 816.0
1025.5914205050044 803.0
1025.8341535523336 817.0
1026.076877504687 837.0
1026.3195923615808 799.0
1026.5622981225324 817.0
1026.8049947870584 802.0
1027.0476823546753 807.0
1027.2903608249007 828.0
1027.5330301972513 828.0
1027.7756904712435 821.0
1028.0183416463947 806.0
1028.260983722221 811.0
1028.5036166982402 825.0
1028.7462405739689 806.0
1028.9888553489234 809.0
1029.2314610226213 812.0
1029.474057594579 818.0
1029.7166450643138 821.0
1029.9592234313418 827.0
1030.2017926951808 815.0
1030.4443528553472 809.0
1030.6869039113576 799.0
1030.9294458627296 799.0
1031.1719787089794 810.0
1031.414502449624 817.0
1031.6570170841808 804.0
1031.8995226121658 816.0
1032.1420190330966 822.0
1032.3845063464896 811.0
1032.6269845518618 815.0
1032.8694536487305 812.0
1033.111913636612 794.0
1033.3543645150232 817.0
1033.596806283481 809.0
1033.8392389415026 831.0
1034.081662488605 816.0
1034.324076924304 810.0
1034.566482248118 808.0
1034.8088784595625 800.0
1035.0512655581551 807.0
1035.2936435434124 812.0
1035.5360124148515 816.0
1035.778372171989 822.0
1036.020722814342 805.0
1036.2630643414275 819.0
1036.5053967527615 818.0
1036.7477200478622 824.0
1036.9900342262456 816.0
1037.2323392874284 809.0
1037.4746352309282 810.0
1037.7169220562612 802.0
1037.9591997629448 812.0
1038.2014683504956 802.0
1038.4437278184303 824.0
1038.685978166266 808.0
1038.9282193935196 812.0
1039.170451499708 801.0
1039.4126744843477 807.0
1039.6548883469559 810.0
1039.8970930870496 810.0
1040.1392887041452 822.0
1040.3814751977598 817.0
1040.6236525674105 806.0
1040.8658208126137 796.0
1041.107979932887 806.0
1041.3501299277466 825.0
1041.5922707967095 811.0
1041.8344025392926 804.0
1042.0765251550129 788.0
1042.3186386433872 819.0
1042.5607430039322 815.0
1042.802838236165 812.0
1043.0449243396022 822.0
1043.2870013137613 808.0
1043.5290691581586 806.0
1043.7711278723107 792.0
1044.013177455735 806.0
1044.2552179079482 808.0
1044.4972492284676 809.0
1044.7392714168093 823.0
1044.9812844724902 809.0
1045.223288395028 813.0
1045.4652831839387 807.0
1045.70726883874 806.0
1045.949245358948 809.0
1046.1912127440798 806.0
1046.4331709936528 805.0
1046.675120107183 807.0
1046.9170600841878 837.0
1047.1589909241836 823.0
1047.400912626688 812.0
1047.6428251912175 813.0
1047.8847286172886 811.0
1048.1266229044188 815.0
1048.3685080521243 802.0
1048.6103840599228 800.0
1048.8522509273307 809.0
1049.0941086538646 821.0
1049.3359572390418 801.0
1049.577796682379 810.0
1049.819626983393 814.0
1050.061448141601 810.0
1050.3032601565194 808.0
1050.5450630276655 812.0
1050.7868567545556 808.0
1051.0286413367073 814.0
1051.270416773637 810.0
1051.5121830648616 813.0
1051.7539402098982 812.0
1051.9956882082631 807.0
1052.237427059474 807.0
1052.479156763047 810.0
1052.7208773184996 817.0
1052.9625887253483 799.0
1053.2042909831098 818.0
1053.4459840913016 803.0
1053.6876680494397 824.0
1053.929342857042 799.0
1054.1710085136244 811.0
1054.4126650187043 822.0
1054.6543123717986 814.0
1054.8959505724238 824.0
1055.1375796200969 818.0
1055.3791995143351 813.0
1055.620810254655 807.0
1055.8624118405735 809.0
1056.1040042716074 817.0
1056.3455875472737 794.0
1056.5871616670893 817.0
1056.8287266305706 795.0
1057.070282437235 820.0
1057.3118290865991 817.0
1057.5533665781802 823.0
1057.7948949114943 818.0
1058.0364140860593 817.0
1058.2779241013916 823.0
1058.5194249570077 816.0
1058.760916652425 811.0
1059.0023991871599 818.0
1059.24387256073 822.0
1059.4853367726514 803.0
1059.7267918224413 810.0
1059.968237709617 805.0
1060.2096744336943 800.0
1060.451101994191 805.0
1060.6925203906237 822.0
1060.933929622509 807.0
1061.1753296893642 802.0
1061.4167205907056 792.0
1061.6581023260508 806.0
1061.8994748949162 812.0
1062.1408382968189 814.0
1062.3821925312755 811.0
1062.6235375978026 817.0
1062.8648734959181 825.0
1063.1062002251376 812.0
1063.3475177849793 821.0
1063.588826174959 813.0
1063.830125394594 810.0
1064.0714154434013 808.0
1064.312696320897 820.0
1064.553968026599 805.0
1064.7952305600238 812.0
1065.036483920688 804.0
1065.2777281081087 820.0
1065.5189631218025 808.0
1065.7601889612868 805.0
1066.001405626078 808.0
1066.2426131156928 813.0
1066.4838114296492 804.0
1066.7250005674625 812.0
1066.9661805286507 806.0
1067.2073513127305 811.0
1067.4485129192178 832.0
1067.689665347631 803.0
1067.9308085974856 812.0
1068.1719426682996 808.0
1068.413067559589 821.0
1068.654183270871 799.0
1068.8952898016628 811.0
1069.1363871514804 816.0
1069.3774753198418 813.0
1069.618554306263 814.0
1069.8596241102612 808.0
1070.100684731353 809.0
1070.3417361690556 811.0
1070.582778422886 787.0
1070.8238114923604 810.0
1071.0648353769964 811.0
1071.3058500763104 804.0
1071.5468555898192 809.0
1071.7878519170404 787.0
1072.02883905749 807.0
1072.2698170106853 802.0
1072.5107857761434 794.0
1072.75174535338 805.0
1072.9926957419138 810.0
1073.23363694126 805.0
1073.4745689509368 811.0
1073.7154917704597 807.0
1073.9564053993467 813.0
1074.1973098371145 818.0
1074.4382050832794 810.0
1074.6790911373587 797.0
1074.9199679988692 821.0
1075.1608356673278 805.0
1075.4016941422512 795.0
1075.6425434231562 798.0
1075.8833835095604 804.0
1076.1242144009796 818.0
1076.3650360969316 804.0
1076.6058485969324 802.0
1076.8466519004996 815.0
1077.0874460071498 813.0
1077.3282309163997 807.0
1077.5690066277664 805.0
1077.8097731407665 801.0
1078.0505304549172 798.0
1078.2912785697354 807.0
1078.5320174847377 821.0
1078.772747199441 805.0
1079.0134677133622 805.0
1079.2541790260184 792.0
1079.4948811369263 808.0
1079.7355740456023 808.0
1079.9762577515642 798.0
1080.2169322543277 815.0
1080.4575975534112 828.0
1080.6982536483301 811.0
1080.9389005386022 812.0
1081.179538223744 811.0
1081.4201667032721 812.0
1081.6607859767041 799.0
1081.9013960435564 808.0
1082.1419969033457 801.0
1082.382588555589 814.0
1082.6231709998035 815.0
1082.863744235506 809.0
1083.104308262213 818.0
1083.3448630794412 809.0
1083.5854086867082 798.0
1083.8259450835303 798.0
1084.0664722694248 808.0
1084.306990243908 812.0
1084.5474990064974 811.0
1084.7879985567097 811.0
1085.0284888940612 825.0
1085.2689700180695 813.0
1085.509441928251 809.0
1085.749904624123 805.0
1085.990358105202 808.0
1086.2308023710048 803.0
1086.4712374210485 790.0
1086.71166325485 805.0
1086.9520798719261 794.0
1087.1924872717937 800.0
1087.4328854539694 804.0
1087.6732744179706 811.0
1087.9136541633134 812.0
1088.1540246895156 815.0
1088.3943859960934 813.0
1088.6347380825637 810.0
1088.8750809484436 813.0
1089.1154145932499 822.0
1089.3557390164995 813.0
1089.5960542177095 795.0
1089.836360196396 808.0
1090.0766569520767 801.0
1090.3169444842679 805.0
1090.557222792487 800.0
1090.7974918762502 803.0
1091.037751735075 821.0
1091.2780023684782 805.0
1091.518243775976 813.0
1091.7584759570861 814.0
1091.9986989113247 810.0
1092.2389126382093 802.0
1092.4791171372563 801.0
1092.7193124079827 806.0
1092.9594984499054 804.0
1093.1996752625412 801.0
1093.4398428454072 803.0
1093.68000119802 808.0
1093.9201503198965 810.0
1094.1602902105537 811.0
1094.4004208695083 827.0
1094.6405422962773 807.0
1094.8806544903778 816.0
1095.120757451326 811.0
1095.3608511786392 816.0
1095.6009356718341 805.0
1095.8410109304282 802.0
1096.0810769539376 804.0
1096.3211337418795 819.0
1096.5611812937707 806.0
1096.8012196091279 794.0
1097.0412486874682 811.0
1097.2812685283084 807.0
1097.5212791311658 812.0
1097.7612804955563 818.0
1098.0012726209975 800.0
1098.2412555070064 795.0
1098.4812291530989 807.0
1098.721193558793 795.0
1098.961148723605 800.0
1099.2010946470518 808.0
1099.4410313286503 806.0
1099.6809587679172 794.0
1099.92087696437 810.0
1100.1607859175251 816.0
1100.400685626899 809.0
1100.640576092009 803.0
1100.880457312372 797.0
1101.1203292875052 812.0
1101.3601920169247 819.0
1101.6000455001479 808.0
1101.8398897366915 809.0
1102.079724726072 798.0
1102.3195504678072 808.0
1102.559366961413 828.0
1102.7991742064069 826.0
1103.0389722023056 816.0
1103.2787609486254 803.0
1103.5185404448844 825.0
1103.7583106905984 821.0
1103.9980716852845 812.0
1104.23782342846 824.0
1104.4775659196412 818.0
1104.7172991583454 802.0
1104.9570231440887 799.0
1105.1967378763893 792.0
1105.436443354763 808.0
1105.6761395787273 813.0
1105.9158265477986 800.0
1106.1555042614937 787.0
1106.3951727193298 809.0
1106.6348319208234 810.0
1106.8744818654923 810.0
1107.1141225528525 801.0
1107.3537539824208 794.0
1107.5933761537144 802.0
1107.8329890662503 801.0
1108.072592719545 814.0
1108.3121871131157 814.0
1108.551772246479 796.0
1108.7913481191517 791.0
1109.030914730651 814.0
1109.2704720804938 815.0
1109.5100201681967 802.0
1109.7495589932764 811.0
1109.9890885552504 819.0
1110.2286088536348 820.0
1110.4681198879473 805.0
1110.707621657704 820.0
1110.9471141624224 811.0
1111.1865974016187 812.0
1111.4260713748101 797.0
1111.665536081514 822.0
1111.9049915212463 812.0
1112.1444376935244 811.0
1112.3838745978653 802.0
1112.6233022337854 809.0
1112.8627206008023 813.0
1113.102129698432 793.0
1113.3415295261918 807.0
1113.5809200835986 811.0
1113.820301370169 802.0
1114.0596733854206 819.0
1114.2990361288694 820.0
1114.5383896000326 811.0
1114.7777337984273 798.0
1115.0170687235698 816.0
1115.2563943749778 826.0
1115.4957107521673 809.0
1115.7350178546556 811.0
1115.9743156819598 799.0
1116.213604233596 793.0
1116.452883509082 807.0
1116.692153507934 812.0
1116.9314142296694 817.0
1117.1706656738045 806.0
1117.4099078398563 811.0
1117.6491407273422 806.0
1117.8883643357783 806.0
1118.1275786646822 831.0
1118.36678371357 808.0
1118.6059794819594 809.0
1118.8451659693665 824.0
1119.0843431753085 807.0
1119.3235110993026 814.0
1119.5626697408647 817.0
1119.8018190995128 805.0
1120.0409591747637 801.0
1120.2800899661331 806.0
1120.519211473139 808.0
1120.7583236952978 812.0
1120.9974266321262 807.0
1121.236520283142 802.0
1121.4756046478608 816.0
1121.7146797258001 808.0
1121.9537455164768 809.0
1122.192802019408 790.0
1122.4318492341101 793.0
1122.6708871601 807.0
1122.909915796895 807.0
1123.1489351440111 812.0
1123.3879452009662 788.0
1123.6269459672762 805.0
1123.865937442459 821.0
1124.1049196260308 804.0
1124.3438925175087 817.0
