gas=Ar_shot=7_power=121.6WHR4000 spectrum
Wavelength [nm] // Intensity [u.a.] 
194.93414 806.0
195.2037815346219 766.0
195.47341553816543 768.0
195.74304201014752 766.0
196.012660950085 793.0
196.28227235749478 806.0
196.55187623189366 800.0
196.82147257279857 797.0
197.09106137972637 805.0
197.36064265219392 789.0
197.63021638971804 806.0
197.89978259181567 809.0
198.16934125800364 797.0
198.43889238779886 819.0
198.7084359807181 806.0
198.97797203627835 807.0
199.2475005539964 815.0
199.51702153338914 820.0
199.78653497397343 805.0
200.05604087526618 806.0
200.3255392367842 798.0
200.59503005804436 813.0
200.8645133385636 808.0
201.1339890778587 821.0
201.4034572754466 815.0
201.67291793084408 816.0
201.94237104356813 821.0
202.21181661313554 815.0
202.48125463906314 818.0
202.7506851208679 810.0
203.02010805806663 795.0
203.28952345017618 812.0
203.55893129671344 823.0
203.8283315971953 826.0
204.0977243511386 800.0
204.3671095580602 816.0
204.636487217477 819.0
204.90585732890585 804.0
205.17521989186366 816.0
205.44457490586717 807.0
205.7139223704334 810.0
205.98326228507918 805.0
206.2525946493213 825.0
206.5219194626767 816.0
206.79123672466224 811.0
207.06054643479476 813.0
207.32984859259116 811.0
207.59914319756828 813.0
207.86843024924303 806.0
208.13770974713225 805.0
208.40698169075276 808.0
208.6762460796215 820.0
208.94550291325532 805.0
209.2147521911711 800.0
209.48399391288567 816.0
209.75322807791594 803.0
210.02245468577874 802.0
210.29167373599094 819.0
210.56088522806942 799.0
210.83008916153108 793.0
211.09928553589276 805.0
211.3684743506713 808.0
211.63765560538363 797.0
211.9068292995466 819.0
212.175995432677 808.0
212.44515400429182 807.0
212.71430501390782 826.0
212.98344846104192 808.0
213.25258434521103 808.0
213.52171266593191 823.0
213.79083342272153 821.0
214.05994661509675 804.0
214.3290522425744 814.0
214.5981503046713 807.0
214.8672408009044 813.0
215.13632373079054 810.0
215.4053990938466 797.0
215.6744668895894 788.0
215.94352711753592 813.0
216.21257977720293 803.0
216.48162486810728 806.0
216.7506623897659 814.0
217.01969234169565 816.0
217.2887147234134 791.0
217.55772953443596 813.0
217.82673677428028 823.0
218.0957364424632 806.0
218.36472853850154 796.0
218.6337130619122 792.0
218.9026900122121 823.0
219.17165938891804 820.0
219.4406211915469 805.0
219.70957541961562 827.0
219.97852207264097 807.0
220.24746115013983 791.0
220.5163926516291 791.0
220.78531657662566 818.0
221.05423292464639 811.0
221.32314169520808 806.0
221.59204288782766 810.0
221.860936502022 809.0
222.12982253730797 801.0
222.39870099320237 806.0
222.66757186922214 814.0
222.93643516488416 812.0
223.20529087970525 806.0
223.47413901320226 817.0
223.74297956489212 816.0
224.01181253429166 821.0
224.28063792091777 812.0
224.5494557242873 841.0
224.8182659439171 809.0
225.08706857932413 803.0
225.35586363002508 814.0
225.62465109553705 808.0
225.89343097537673 811.0
226.16220326906105 814.0
226.43096797610687 816.0
226.69972509603105 803.0
226.9684746283505 797.0
227.237216572582 808.0
227.50595092824256 801.0
227.7746776948489 807.0
228.04339687191796 805.0
228.31210845896663 814.0
228.5808124555117 829.0
228.84950886107015 807.0
229.11819767515877 818.0
229.38687889729442 818.0
229.65555252699397 808.0
229.92421856377433 805.0
230.1928770071524 801.0
230.46152785664492 806.0
230.73017111176884 812.0
230.99880677204106 812.0
231.26743483697837 809.0
231.53605530609772 806.0
231.8046681789159 810.0
232.07327345494983 820.0
232.34187113371638 825.0
232.61046121473237 810.0
232.87904369751473 813.0
233.14761858158028 805.0
233.41618586644586 810.0
233.68474555162845 816.0
233.95329763664483 837.0
234.2218421210119 826.0
234.49037900424648 819.0
234.7589082858655 814.0
235.02742996538583 820.0
235.29594404232427 828.0
235.56445051619772 814.0
235.8329493865231 821.0
236.10144065281722 817.0
236.36992431459691 817.0
236.63840037137916 814.0
236.9068688226808 815.0
237.1753296680186 821.0
237.44378290690955 802.0
237.7122285388704 809.0
237.9806665634181 810.0
238.24909698006957 810.0
238.51751978834153 809.0
238.78593498775095 817.0
239.0543425778147 818.0
239.32274255804958 824.0
239.59113492797255 809.0
239.8595196871004 802.0
240.12789683495004 821.0
240.3962663710383 806.0
240.66462829488208 811.0
240.93298260599826 813.0
241.2013293039037 806.0
241.46966838811522 806.0
241.73799985814978 803.0
242.00632371352418 811.0
242.27463995375527 796.0
242.54294857835998 799.0
242.81124958685515 825.0
243.07954297875764 826.0
243.34782875358434 816.0
243.61610691085207 812.0
243.88437745007772 813.0
244.15264037077822 807.0
244.42089567247035 836.0
244.68914335467105 818.0
244.95738341689716 797.0
245.2256158586655 793.0
245.493840679493 809.0
245.76205787889654 811.0
246.03026745639292 813.0
246.29846941149904 809.0
246.5666637437318 812.0
246.834850452608 822.0
247.1030295376446 803.0
247.37120099835838 805.0
247.63936483426627 803.0
247.9075210448851 808.0
248.17566962973177 806.0
248.4438105883231 804.0
248.71194392017603 814.0
248.98006962480733 796.0
249.248187701734 813.0
249.51629815047275 818.0
249.78440097054056 796.0
250.05249616145431 813.0
250.32058372273076 812.0
250.5886636538869 803.0
250.85673595443953 815.0
251.12480062390551 836.0
251.39285766180177 798.0
251.6609070676451 816.0
251.92894884095242 796.0
252.19698298124058 805.0
252.46500948802645 804.0
252.73302836082692 822.0
253.00103959915882 813.0
253.26904320253902 808.0
253.53703917048443 813.0
253.80502750251188 821.0
254.07300819813827 804.0
254.34098125688044 802.0
254.60894667825525 820.0
254.87690446177962 814.0
255.14485460697037 814.0
255.41279711334434 806.0
255.6807319804185 821.0
255.94865920770962 808.0
256.2165787947346 813.0
256.48449074101035 807.0
256.75239504605366 810.0
257.02029170938147 812.0
257.28818073051065 792.0
257.556062108958 812.0
257.8239358442404 829.0
258.0918019358748 795.0
258.35966038337796 816.0
258.6275111862668 812.0
258.8953543440582 806.0
259.163189856269 818.0
259.4310177224162 822.0
259.6988379420164 801.0
259.9666505145867 813.0
260.23445543964385 810.0
260.50225271670473 817.0
260.77004234528624 809.0
261.03782432490533 818.0
261.3055986550787 818.0
261.5733653353234 816.0
261.8411243651561 812.0
262.1088757440937 818.0
262.37661947165327 815.0
262.6443555473515 822.0
262.9120839707053 802.0
263.1798047412315 799.0
263.44751785844704 827.0
263.7152233218687 810.0
263.98292113101354 807.0
264.2506112853982 810.0
264.51829378453965 800.0
264.7859686279547 812.0
265.05363581516025 798.0
265.32129534567326 807.0
265.5889472190105 816.0
265.8565914346889 809.0
266.1242279922252 811.0
266.39185689113634 809.0
266.65947813093925 816.0
266.9270917111508 808.0
267.19469763128774 820.0
267.46229589086704 823.0
267.72988648940554 820.0
267.9974694264201 813.0
268.2650447014276 797.0
268.53261231394487 800.0
268.80017226348883 819.0
269.0677245495763 819.0
269.3352691717242 804.0
269.60280612944933 804.0
269.8703354222686 813.0
270.13785704969894 809.0
270.40537101125716 812.0
270.67287730646007 812.0
270.9403759348246 824.0
271.2078668958677 822.0
271.47535018910605 809.0
271.7428258140567 804.0
272.01029377023633 809.0
272.2777540571619 806.0
272.5452066743504 812.0
272.81265162131854 816.0
273.08008889758327 791.0
273.34751850266144 818.0
273.6149404360698 811.0
273.8823546973254 800.0
274.1497612859451 807.0
274.4171602014456 805.0
274.6845514433439 815.0
274.95193501115676 807.0
275.2193109044012 814.0
275.486679122594 826.0
275.7540396652521 818.0
276.02139253189216 827.0
276.2887377220313 821.0
276.55607523518626 821.0
276.82340507087395 802.0
277.09072722861123 798.0
277.3580417079149 806.0
277.62534850830195 798.0
277.8926476292892 807.0
278.1599390703934 809.0
278.4272228311316 830.0
278.69449891102056 809.0
278.96176730957717 814.0
279.22902802631836 816.0
279.4962810607609 813.0
279.76352641242164 826.0
280.0307640808177 808.0
280.29799406546556 832.0
280.5652163658824 806.0
280.8324309815849 812.0
281.09963791209003 833.0
281.3668371569146 812.0
281.6340287155756 829.0
281.9012125875897 817.0
282.168388772474 808.0
282.4355572697452 822.0
282.7027180789201 813.0
282.9698711995158 801.0
283.23701663104896 818.0
283.50415437303667 806.0
283.77128442499554 807.0
284.0384067864426 811.0
284.3055214568946 806.0
284.57262843586864 801.0
284.8397277228814 810.0
285.1068193174497 815.0
285.37390321909055 824.0
285.6409794273207 822.0
285.9080479416572 813.0
286.1751087616167 806.0
286.4421618867162 813.0
286.7092073164725 819.0
286.9762450504025 810.0
287.24327508802315 818.0
287.5102974288511 815.0
287.77731207240345 804.0
288.04431901819703 826.0
288.3113182657485 819.0
288.578309814575 804.0
288.84529366419326 825.0
289.1122698141201 814.0
289.37923826387254 822.0
289.6461990129674 829.0
289.91315206092133 796.0
290.18009740725154 816.0
290.44703505147464 797.0
290.7139649931077 813.0
290.98088723166734 809.0
291.24780176667065 818.0
291.5147085976344 822.0
291.78160772407557 810.0
292.04849914551085 812.0
292.3153828614572 811.0
292.58225887143146 798.0
292.8491271749505 810.0
293.1159877715313 800.0
293.3828406606906 814.0
293.6496858419453 817.0
293.9165233148123 802.0
294.1833530788084 798.0
294.4501751334505 806.0
294.71698947825547 814.0
294.9837961127402 809.0
295.2505950364216 818.0
295.5173862488164 796.0
295.78416974944156 817.0
296.050945537814 809.0
296.31771361345045 815.0
296.584473975868 833.0
296.8512266245832 832.0
297.11797155911313 821.0
297.38470877897464 805.0
297.6514382836846 810.0
297.9181600727598 811.0
298.18487414571723 805.0
298.4515805020736 801.0
298.71827914134593 813.0
298.9849700630511 819.0
299.2516532667058 821.0
299.518328751827 806.0
299.78499651793163 807.0
300.0516565645365 798.0
300.3183088911584 819.0
300.58495349731436 820.0
300.8515903825211 817.0
301.1182195462956 804.0
301.3848409881546 820.0
301.65145470761513 806.0
301.91806070419403 819.0
302.184658977408 809.0
302.4512495267741 816.0
302.7178323518091 802.0
302.9844074520298 799.0
303.2509748269532 801.0
303.5175344760962 815.0
303.78408639897555 813.0
304.0506305951082 802.0
304.31716706401096 816.0
304.58369580520065 814.0
304.8502168181943 809.0
305.1167301025086 810.0
305.3832356576606 828.0
305.649733483167 824.0
305.9162235785447 813.0
306.1827059433106 818.0
306.4491805769817 817.0
306.7156474790747 806.0
306.98210664910647 806.0
307.2485580865939 818.0
307.5150017910539 799.0
307.7814377620034 817.0
308.0478659989591 804.0
308.31428650143795 803.0
308.58069926895683 826.0
308.8471043010326 810.0
309.1135015971821 830.0
309.37989115692227 814.0
309.6462729797699 811.0
309.91264706524197 822.0
310.1790134128551 810.0
310.4453720221265 813.0
310.71172289257277 811.0
310.97806602371094 805.0
311.2444014150577 813.0
311.5107290661301 814.0
311.777048976445 807.0
312.04336114551904 799.0
312.30966557286945 809.0
312.5759622580128 821.0
312.8422512004661 820.0
313.1085323997461 822.0
313.3748058553698 811.0
313.641071566854 811.0
313.90732953371554 807.0
314.17357975547145 818.0
314.4398222316384 829.0
314.70605696173334 831.0
314.9722839452731 810.0
315.23850318177466 798.0
315.50471467075477 817.0
315.7709184117303 804.0
316.0371144042182 806.0
316.3033026477353 804.0
316.56948314179846 817.0
316.8356558859246 818.0
317.1018208796305 813.0
317.36797812243304 815.0
317.6341276138491 796.0
317.90026935339563 809.0
318.1664033405894 806.0
318.4325295749473 809.0
318.6986480559862 816.0
318.96475878322303 812.0
319.2308617561746 810.0
319.4969569743577 801.0
319.76304443728935 822.0
320.0291241444864 804.0
320.2951960954656 793.0
320.5612602897438 806.0
320.82731672683815 815.0
321.0933654062652 823.0
321.359406327542 809.0
321.6254394901853 796.0
321.891464893712 814.0
322.157482537639 822.0
322.4234924214832 801.0
322.68949454476143 810.0
322.95548890699064 816.0
323.2214755076875 811.0
323.487454346369 808.0
323.753425422552 793.0
324.01938873575347 818.0
324.2853442854901 806.0
324.55129207127885 816.0
324.8172320926366 809.0
325.08316434908016 804.0
325.34908884012646 817.0
325.61500556529234 806.0
325.8809145240947 807.0
326.14681571605024 820.0
326.4127091406761 817.0
326.6785947974889 792.0
326.9444726860058 820.0
327.2103428057433 821.0
327.47620515621855 810.0
327.74205973694836 817.0
328.00790654744947 813.0
328.2737455872389 820.0
328.5395768558335 801.0
328.80540035275004 813.0
329.0712160775054 798.0
329.33702402961654 832.0
329.6028242086002 823.0
329.86861661397353 816.0
330.13440124525306 806.0
330.4001781019559 824.0
330.66594718359863 815.0
330.9317084896984 817.0
331.19746201977205 819.0
331.46320777333636 822.0
331.7289457499082 810.0
331.9946759490044 812.0
332.2603983701419 826.0
332.5261130128375 830.0
332.79181987660826 805.0
333.05751896097087 808.0
333.3232102654422 816.0
333.58889378953916 812.0
333.85456953277856 813.0
334.1202374946774 828.0
334.38589767475247 823.0
334.6515500725206 811.0
334.9171946874987 807.0
335.18283151920355 817.0
335.4484605671522 808.0
335.7140818308614 810.0
335.97969530984807 806.0
336.245301003629 806.0
336.51089891172114 806.0
336.77648903364127 818.0
337.04207136890636 793.0
337.30764591703326 806.0
337.5732126775387 796.0
337.83877164993976 802.0
338.10432283375314 825.0
338.36986622849577 809.0
338.63540183368457 821.0
338.9009296488363 810.0
339.16644967346787 820.0
339.4319619070962 816.0
339.6974663492381 798.0
339.9629629994105 805.0
340.22845185713027 809.0
340.4939329219141 805.0
340.75940619327906 809.0
341.02487167074196 812.0
341.2903293538197 815.0
341.555779242029 814.0
341.821221334887 812.0
342.0866556319103 818.0
342.3520821326158 825.0
342.6175008365205 826.0
342.8829117431413 802.0
343.1483148519949 814.0
343.41371016259825 799.0
343.6790976744682 802.0
343.9444773871216 804.0
344.20984930007546 809.0
344.4752134128465 814.0
344.74056972495157 802.0
345.0059182359076 817.0
345.27125894523147 813.0
345.53659185244 806.0
345.80191695705014 826.0
346.0672342585787 822.0
346.3325437565426 807.0
346.5978454504585 811.0
346.8631393398436 809.0
347.1284254242145 817.0
347.3937037030882 805.0
347.6589741759816 806.0
347.92423684241146 808.0
348.1894917018946 815.0
348.4547387539481 815.0
348.71997799808867 809.0
348.9852094338332 805.0
349.2504330606986 816.0
349.51564887820166 805.0
349.7808568858593 813.0
350.0460570831885 809.0
350.31124946970584 799.0
350.57643404492853 806.0
350.84161080837316 812.0
351.1067797595568 820.0
351.3719408979961 805.0
351.63709422320824 814.0
351.90223973470984 805.0
352.16737743201776 805.0
352.43250731464894 820.0
352.69762938212034 803.0
352.9627436339487 822.0
353.2278500696509 820.0
353.49294868874387 791.0
353.7580394907444 814.0
354.02312247516943 823.0
354.28819764153576 806.0
354.55326498936034 813.0
354.81832451816 825.0
355.08337622745165 810.0
355.348420116752 809.0
355.613456185578 811.0
355.8784844334467 811.0
356.1435048598747 805.0
356.4085174643791 802.0
356.6735222464765 827.0
356.938519205684 821.0
357.2035083415184 806.0
357.46848965349653 802.0
357.73346314113536 818.0
357.9984288039516 797.0
358.2633866414622 806.0
358.528336653184 814.0
358.793278838634 812.0
359.05821319732894 810.0
359.3231397287857 821.0
359.5880584325211 824.0
359.8529693080521 811.0
360.1178723548955 810.0
360.3827675725683 825.0
360.64765496058726 826.0
360.9125345184692 828.0
361.1774062457311 818.0
361.44227014188965 805.0
361.707126206462 806.0
361.9719744389649 811.0
362.2368148389151 812.0
362.5016474058295 810.0
362.766472139225 819.0
363.0312890386186 799.0
363.296098103527 820.0
363.5608993334672 809.0
363.82569272795587 818.0
364.09047828651006 814.0
364.35525600864656 813.0
364.6200258938823 822.0
364.8847879417341 828.0
365.1495421517188 810.0
365.41428852335326 817.0
365.67902705615444 810.0
365.9437577496392 827.0
366.2084806033243 817.0
366.4731956167267 830.0
366.7379027893632 797.0
367.0026021207507 810.0
367.2672936104061 821.0
367.5319772578463 812.0
367.79665306258806 826.0
368.06132102414836 810.0
368.32598114204393 813.0
368.59063341579173 807.0
368.85527784490864 818.0
369.1199144289115 817.0
369.3845431673172 821.0
369.6491640596426 801.0
369.91377710540445 807.0
370.1783823041198 817.0
370.44297965530546 822.0
370.70756915847835 815.0
370.97215081315517 814.0
371.2367246188529 798.0
371.5012905750884 800.0
371.7658486813786 799.0
372.0303989372402 807.0
372.29494134219027 821.0
372.5594758957455 836.0
372.82400259742286 803.0
373.08852144673915 796.0
373.3530324432114 819.0
373.6175355863563 812.0
373.8820308756908 819.0
374.1465183107317 813.0
374.410997890996 809.0
374.6754696160004 799.0
374.93993348526186 807.0
375.2043894982973 815.0
375.4688376546235 815.0
375.7332779537573 817.0
375.9977103952157 805.0
376.26213497851546 805.0
376.52655170317354 819.0
376.7909605687067 815.0
377.05536157463183 830.0
377.3197547204658 811.0
377.5841400057256 811.0
377.84851742992794 808.0
378.11288699258984 813.0
378.37724869322795 833.0
378.64160253135935 816.0
378.90594850650075 820.0
379.1702866181692 824.0
379.4346168658814 805.0
379.69893924915425 806.0
379.9632537675047 806.0
380.2275604204495 824.0
380.49185920750574 814.0
380.75615012819 791.0
381.0204331820193 816.0
381.2847083685105 796.0
381.5489756871804 825.0
381.8132351375459 813.0
382.07748671912407 812.0
382.34173043143153 824.0
382.6059662739852 831.0
382.8701942463019 810.0
383.1344143478986 821.0
383.3986265782921 829.0
383.6628309369994 824.0
383.92702742353725 810.0
384.1912160374225 806.0
384.45539677817203 817.0
384.7195696453027 813.0
384.98373463833155 805.0
385.2478917567753 817.0
385.5120410001507 816.0
385.7761823679748 807.0
386.0403158597644 816.0
386.30444147503647 817.0
386.5685592133077 812.0
386.8326690740951 808.0
387.09677105691543 799.0
387.36086516128563 805.0
387.6249513867226 826.0
387.88902973274315 810.0
388.15310019886414 820.0
388.41716278460245 815.0
388.68121748947493 803.0
388.9452643129986 803.0
389.2093032546901 801.0
389.47333431406645 826.0
389.73735749064434 821.0
390.0013727839409 817.0
390.2653801934728 809.0
390.52937971875696 813.0
390.7933713593103 810.0
391.05735511464974 818.0
391.3213309842919 820.0
391.5852989677539 810.0
391.8492590645524 812.0
392.1132112742045 807.0
392.37715559622694 804.0
392.6410920301366 781.0
392.9050205754503 801.0
393.1689412316849 824.0
393.43285399835736 824.0
393.69675887498465 821.0
393.96065586108335 819.0
394.2245449561705 813.0
394.4884261597629 836.0
394.75229947137757 822.0
395.01616489053123 831.0
395.28002241674085 818.0
395.5438720495231 822.0
395.80771378839506 808.0
396.0715476328735 811.0
396.33537358247537 808.0
396.5991916367174 835.0
396.86300179511665 822.0
397.12680405718976 807.0
397.39059842245376 817.0
397.65438489042543 801.0
397.91816346062177 802.0
398.18193413255955 812.0
398.4456969057556 804.0
398.7094517797268 813.0
398.97319875399006 798.0
399.2369378280623 801.0
399.50066900146027 813.0
399.764392273701 793.0
400.02810764430114 805.0
400.2918151127777 810.0
400.55551467864757 824.0
400.81920634142756 817.0
401.08289010063453 808.0
401.34656595578537 798.0
401.6102339063969 805.0
401.8738939519861 805.0
402.1375460920697 806.0
402.4011903261647 803.0
402.6648266537879 807.0
402.92845507445617 808.0
403.1920755876863 811.0
403.4556881929953 818.0
403.71929288990003 814.0
403.98288967791734 838.0
404.246478556564 841.0
404.5100595253569 841.0
404.77363258381297 826.0
405.03719773144906 830.0
405.3007549677821 819.0
405.56430429232887 830.0
405.82784570460626 817.0
406.0913792041311 819.0
406.35490479042033 808.0
406.61842246299085 800.0
406.88193222135936 799.0
407.14543406504293 794.0
407.4089279935582 813.0
407.6724140064223 802.0
407.9358921031519 813.0
408.19936228326395 805.0
408.4628245462754 807.0
408.7262788917029 809.0
408.9897253190635 829.0
409.25316382787395 810.0
409.5165944176513 830.0
409.7800170879122 813.0
410.04343183817366 808.0
410.30683866795243 796.0
410.57023757676546 816.0
410.83362856412975 811.0
411.09701162956185 823.0
411.3603867725789 822.0
411.62375399269763 822.0
411.887113289435 804.0
412.1504646623078 813.0
412.4138081108329 828.0
412.6771436345273 812.0
412.94047123290767 810.0
413.20379090549096 817.0
413.46710265179405 830.0
413.7304064713339 808.0
413.9937023636272 825.0
414.25699032819097 809.0
414.52027036454194 827.0
414.78354247219704 826.0
415.0468066506732 829.0
415.31006289948726 857.0
415.5733112181561 883.0
415.83655160619645 954.0
416.0997840631253 927.0
416.3630085884595 874.0
416.62622518171594 853.0
416.8894338424115 829.0
417.152634570063 823.0
417.4158273641873 821.0
417.67901222430123 833.0
417.9421891499217 837.0
418.2053581405658 874.0
418.46851919575005 862.0
418.7316723149915 858.0
418.99481749780693 914.0
419.2579547437133 933.0
419.5210840522274 957.0
419.78420542286625 1012.0
420.04731885514644 1078.0
420.31042434858506 964.0
420.573521902699 893.0
420.83661151700494 855.0
421.0996931910199 813.0
421.3627669242608 801.0
421.6258327162443 813.0
421.88889056648736 816.0
422.1519404745069 807.0
422.41498243981977 798.0
422.6780164619429 817.0
422.9410425403929 800.0
423.2040606746869 803.0
423.46707086434174 813.0
423.7300731088742 830.0
423.9930674078012 826.0
424.25605376063965 836.0
424.5190321669063 823.0
424.782002626118 828.0
425.0449651377918 848.0
425.30791970144446 850.0
425.57086631659286 879.0
425.83380498275386 910.0
426.0967356994443 947.0
426.3596584661811 904.0
426.6225732824811 889.0
426.88548014786113 880.0
427.14837906183817 901.0
427.411270023929 876.0
427.6741530336505 824.0
427.9370280905195 829.0
428.199895194053 812.0
428.46275434376776 816.0
428.72560553918066 821.0
428.98844877980855 832.0
429.2512840651683 835.0
429.51411139477693 850.0
429.77693076815115 855.0
430.03974218480784 886.0
430.3025456442639 836.0
430.5653411460361 839.0
430.82812868964146 836.0
431.09090827459687 826.0
431.353679900419 836.0
431.61644356662487 820.0
431.87919927273134 810.0
432.1419470182551 825.0
432.40468680271334 819.0
432.66741862562276 832.0
432.93014248650013 844.0
433.1928583848624 862.0
433.45556632022647 873.0
433.7182662921092 867.0
433.9809583000275 849.0
434.24364234349815 836.0
434.506318422038 841.0
434.768986535164 831.0
435.031646682393 822.0
435.2942988632418 820.0
435.55694307722734 807.0
435.81957932386655 822.0
436.08220760267614 807.0
436.34482791317305 822.0
436.6074402548742 805.0
436.8700446272964 812.0
437.1326410299566 806.0
437.3952294623715 818.0
437.65780992405803 808.0
437.9203824145332 819.0
438.1829469333138 817.0
438.4455034799166 819.0
438.7080520538586 806.0
438.9705926546565 822.0
439.23312528182737 806.0
439.49564993488787 804.0
439.7581666133551 812.0
440.0206753167459 817.0
440.28317604457686 812.0
440.5456687963651 804.0
440.8081535716274 802.0
441.07063036988075 813.0
441.3330991906418 812.0
441.5955600334276 802.0
441.858012897755 814.0
442.12045778314075 800.0
442.3828946891018 817.0
442.6453236151551 807.0
442.9077445608174 809.0
443.17015752560553 809.0
443.4325625090365 808.0
443.69495951062703 800.0
443.95734852989415 815.0
444.21972956635454 814.0
444.4821026195253 813.0
444.74446768892307 826.0
445.00682477406485 820.0
445.2691738744674 807.0
445.5315149896478 812.0
445.79384811912274 811.0
446.05617326240906 819.0
446.31849041902376 808.0
446.58079958848356 804.0
446.8431007703055 814.0
447.10539396400634 806.0
447.367679169103 820.0
447.6299563851123 817.0
447.892225611551 809.0
448.15448684793625 827.0
448.4167400937847 813.0
448.67898534861325 808.0
448.9412226119389 810.0
449.2034518832783 812.0
449.46567316214856 812.0
449.72788644806633 825.0
449.99009174054856 823.0
450.2522890391122 829.0
450.514478343274 836.0
450.77665965255085 842.0
451.0388329664597 856.0
451.30099828451733 855.0
451.5631556062406 837.0
451.82530493114655 821.0
452.08744625875175 808.0
452.3495795885734 812.0
452.6117049201281 816.0
452.87382225293277 815.0
453.13593158650446 812.0
453.3980329203598 816.0
453.6601262540158 815.0
453.9222115869893 817.0
454.1842889187971 807.0
454.4463582489562 811.0
454.70841957698343 820.0
454.97047290239556 797.0
455.23251822470957 808.0
455.49455554344223 807.0
455.75658485811044 818.0
456.0186061682312 812.0
456.2806194733211 795.0
456.5426247728973 818.0
456.8046220664765 811.0
457.0666113535756 830.0
457.32859263371154 820.0
457.5905659064011 811.0
457.8525311711611 817.0
458.1144884275086 815.0
458.37643767496024 801.0
458.6383789130331 815.0
458.9003121412439 797.0
459.1622373591095 813.0
459.4241545661469 814.0
459.68606376187284 821.0
459.9479649458043 811.0
460.2098581174581 808.0
460.471743276351 815.0
460.733620422 804.0
460.9954895539219 805.0
461.2573506716337 807.0
461.51920377465206 805.0
461.78104886249406 811.0
462.0428859346764 808.0
462.304714990716 826.0
462.5665360301298 805.0
462.82834905243453 816.0
463.09015405714723 816.0
463.35195104378465 806.0
463.6137400118636 823.0
463.8755209609011 806.0
464.13729389041396 820.0
464.399058799919 809.0
464.6608156889332 810.0
464.92256455697327 793.0
465.18430540355615 794.0
465.4460382281988 804.0
465.707763030418 821.0
465.96947980973056 816.0
466.23118856565344 805.0
466.49288929770347 800.0
466.75458200539765 802.0
467.0162666882526 804.0
467.27794334578533 806.0
467.5396119775127 817.0
467.8012725829516 798.0
468.0629251616188 808.0
468.3245697130314 826.0
468.586206236706 817.0
468.8478347321596 824.0
469.109455198909 817.0
469.3710676364711 833.0
469.6326720443629 825.0
469.89426842210105 819.0
470.1558567692025 820.0
470.4174370851842 833.0
470.6790093695629 816.0
470.94057362185555 810.0
471.20212984157905 805.0
471.4636780282501 820.0
471.72521818138574 812.0
471.9867503005027 820.0
472.248274385118 812.0
472.5097904347484 816.0
472.7712984489108 817.0
473.03279842712203 814.0
473.29429036889906 806.0
473.55577427375863 809.0
473.8172501412177 812.0
474.07871797079315 814.0
474.34017776200176 819.0
474.6016295143605 815.0
474.8630732273861 811.0
475.1245089005955 809.0
475.3859365335057 820.0
475.64735612563334 807.0
475.9087676764954 824.0
476.1701711856088 814.0
476.4315666524903 805.0
476.6929540766569 812.0
476.95433345762535 809.0
477.2157047949125 813.0
477.47706808803537 828.0
477.7384233365106 803.0
477.9997705398553 818.0
478.26110969758616 821.0
478.52244080922014 808.0
478.78376387427414 811.0
479.04507889226494 808.0
479.3063858627094 802.0
479.5676847851245 802.0
479.828975659027 814.0
480.0902584839338 815.0
480.3515332593618 824.0
480.61279998482775 796.0
480.8740586598487 815.0
481.13530928394147 806.0
481.3965518566228 821.0
481.65778637740965 804.0
481.9190128458189 824.0
482.1802312613674 815.0
482.4414416235721 822.0
482.70264393194964 828.0
482.9638381860171 810.0
483.2250243852913 817.0
483.4862025292891 813.0
483.7473726175273 809.0
484.0085346495229 817.0
484.26968862479265 791.0
484.5308345428534 806.0
484.79197240322225 806.0
485.0531022054157 816.0
485.314223948951 810.0
485.57533763334476 814.0
485.8364432581139 826.0
486.0975408227754 816.0
486.35863032684597 822.0
486.61971176984247 809.0
486.880785151282 812.0
487.1418504706812 800.0
487.402907727557 807.0
487.66395692142635 820.0
487.92499805180597 822.0
488.18603111821284 813.0
488.44705612016384 808.0
488.7080730571757 821.0
488.9690819287655 822.0
489.2300827344499 815.0
489.49107547374587 819.0
489.75206014617027 816.0
490.01303675124 823.0
490.27400528847187 814.0
490.53496575738274 803.0
490.79591815748955 800.0
491.05686248830915 809.0
491.31779874935836 812.0
491.57872694015396 810.0
491.8396470602131 816.0
492.1005591090524 820.0
492.3614630861888 822.0
492.6223589911392 808.0
492.88324682342045 817.0
493.14412658254946 817.0
493.40499826804296 812.0
493.66586187941795 818.0
493.92671741619125 829.0
494.18756487787977 822.0
494.44840426400026 804.0
494.70923557406974 824.0
494.97005880760497 821.0
495.23087396412285 821.0
495.4916810431403 814.0
495.7524800441741 836.0
496.01327096674123 825.0
496.27405381035845 817.0
496.53482857454264 826.0
496.79559525881075 816.0
497.05635386267954 812.0
497.31710438566597 814.0
497.57784682728686 825.0
497.8385811870591 814.0
498.0993074644995 814.0
498.360025659125 809.0
498.6207357704524 805.0
498.88143779799873 807.0
499.14213174128065 808.0
499.40281759981514 805.0
499.6634953731191 819.0
499.92416506070924 798.0
500.1848266621026 825.0
500.445480176816 816.0
500.70612560436615 808.0
500.96676294427016 818.0
501.22739219604483 829.0
501.48801335920695 803.0
501.74862643327344 825.0
502.00923141776116 824.0
502.2698283121869 824.0
502.5304171160677 802.0
502.7909978289203 823.0
503.0515704502616 812.0
503.31213497960846 786.0
503.57269141647777 829.0
503.8332397603864 817.0
504.09378001085116 813.0
504.354312167389 803.0
504.6148362295168 823.0
504.8753521967513 817.0
505.1358600686094 818.0
505.3963598446082 811.0
505.6568515242642 837.0
505.9173351070945 827.0
506.17781059261597 834.0
506.4382779803454 825.0
506.69873726979966 816.0
506.95918846049574 812.0
507.2196315519502 817.0
507.4800665436803 814.0
507.74049343520267 832.0
508.00091222603425 817.0
508.261322915692 809.0
508.5217255036924 814.0
508.7821199895529 809.0
509.0425063727899 811.0
509.3028846529204 813.0
509.5632548294615 821.0
509.8236169019296 814.0
510.0839708698421 824.0
510.3443167327155 803.0
510.60465449006676 809.0
510.8649841414127 818.0
511.12530568627034 815.0
511.3856191241566 809.0
511.64592445458794 826.0
511.90622167708165 824.0
512.1665107911545 817.0
512.4267917963232 837.0
512.6870646921047 819.0
512.947329478016 816.0
513.2075861535739 822.0
513.467834718295 839.0
513.7280751716964 812.0
513.9883075132952 819.0
514.248531742608 825.0
514.5087478591515 822.0
514.7689558624429 816.0
515.0291557519989 827.0
515.2893475273365 837.0
515.5495311879723 839.0
515.8097067334235 841.0
516.0698741632067 817.0
516.3300334768389 862.0
516.5901846738369 847.0
516.8503277537177 819.0
517.1104627159981 817.0
517.3705895601947 824.0
517.630708285825 833.0
517.8908188924053 840.0
518.1509213794526 820.0
518.411015746484 835.0
518.6711019930159 852.0
518.9311801185657 881.0
519.19125012265 856.0
519.4513120047856 840.0
519.7113657644896 824.0
519.9714114012784 814.0
520.2314489146695 811.0
520.4914783041794 817.0
520.751499569325 822.0
521.0115127096234 814.0
521.271517724591 805.0
521.5315146137451 813.0
521.7915033766022 806.0
522.0514840126796 833.0
522.3114565214938 839.0
522.5714209025618 828.0
522.8313771554007 821.0
523.0913252795269 804.0
523.3512652744578 830.0
523.6111971397097 825.0
523.8711208747998 819.0
524.1310364792452 821.0
524.390943952562 817.0
524.6508432942679 828.0
524.9107345038794 815.0
525.1706175809132 816.0
525.4304925248866 834.0
525.690359335316 816.0
525.9502180117188 824.0
526.2100685536113 824.0
526.4699109605107 809.0
526.729745231934 812.0
526.9895713673975 799.0
527.2493893664187 814.0
527.5091992285141 822.0
527.7690009532007 817.0
528.0287945399953 808.0
528.2885799884149 811.0
528.5483572979764 803.0
528.8081264681963 801.0
529.0678874985917 806.0
529.3276403886796 795.0
529.5873851379768 810.0
529.8471217460001 820.0
530.1068502122662 797.0
530.3665705362923 817.0
530.6262827175951 811.0
530.8859867556915 808.0
531.1456826500984 807.0
531.4053704003326 828.0
531.6650500059111 829.0
531.9247214663504 834.0
532.1843847811678 822.0
532.4440399498801 829.0
532.7036869720038 806.0
532.9633258470562 816.0
533.222956574554 822.0
533.4825791540142 821.0
533.7421935849534 798.0
534.0017998668885 809.0
534.2613979993366 799.0
534.5209879818145 813.0
534.780569813839 809.0
535.0401434949268 827.0
535.2997090245951 826.0
535.5592664023607 821.0
535.8188156277402 815.0
536.0783567002508 801.0
536.3378896194092 819.0
536.5974143847321 815.0
536.8569309957369 823.0
537.1164394519398 808.0
537.3759397528582 796.0
537.6354318980087 817.0
537.8949158869082 832.0
538.1543917190737 820.0
538.4138593940218 818.0
538.6733189112697 818.0
538.932770270334 817.0
539.1922134707318 826.0
539.4516485119797 823.0
539.7110753935946 817.0
539.9704941150937 810.0
540.2299046759937 811.0
540.4893070758112 803.0
540.7487013140633 837.0
541.008087390267 833.0
541.2674653039389 824.0
541.526835054596 826.0
541.7861966417552 817.0
542.0455500649333 831.0
542.3048953236471 834.0
542.5642324174137 813.0
542.8235613457497 821.0
543.0828821081722 824.0
543.3421947041979 825.0
543.6014991333436 835.0
543.8607953951266 822.0
544.1200834890632 830.0
544.3793634146708 827.0
544.6386351714658 817.0
544.8978987589653 842.0
545.1571541766862 841.0
545.4164014241451 853.0
545.6756405008593 835.0
545.9348714063455 833.0
546.1940941401203 814.0
546.4533087017008 814.0
546.712515090604 821.0
546.9717133063466 830.0
547.2309033484453 818.0
547.4900852164174 808.0
547.7492589097793 820.0
548.0084244280482 817.0
548.2675817707409 824.0
548.526730937374 838.0
548.7858719274648 819.0
549.0450047405299 828.0
549.3041293760863 837.0
549.5632458336507 885.0
549.82235411274 898.0
550.0814542128714 848.0
550.3405461335612 845.0
550.5996298743269 833.0
550.8587054346848 840.0
551.117772814152 816.0
551.3768320122455 822.0
551.6358830284819 830.0
551.8949258623783 833.0
552.1539605134514 828.0
552.4129869812182 823.0
552.6720052651955 834.0
552.9310153649002 813.0
553.1900172798491 816.0
553.4490110095592 813.0
553.7079965535472 797.0
553.9669739113302 809.0
554.2259430824248 809.0
554.484904066348 832.0
554.7438568626167 818.0
555.0028014707476 816.0
555.261737890258 850.0
555.520666120664 845.0
555.7795861614834 864.0
556.0384980122324 907.0
556.2974016724281 872.0
556.5562971415874 850.0
556.8151844192269 851.0
557.0740635048638 819.0
557.3329343980148 855.0
557.5917970981968 847.0
557.8506516049267 831.0
558.1094979177213 826.0
558.3683360360976 821.0
558.6271659595724 818.0
558.8859876876625 828.0
559.1448012198848 818.0
559.4036065557561 834.0
559.6624036947936 833.0
559.9211926365136 844.0
560.1799733804337 836.0
560.43874592607 833.0
560.6975102729399 886.0
560.9562664205602 904.0
561.2150143684473 843.0
561.4737541161188 840.0
561.732485663091 816.0
561.9912090088809 813.0
562.2499241530056 802.0
562.5086310949818 812.0
562.7673298343262 825.0
563.026020370556 809.0
563.2847027031879 822.0
563.5433768317389 820.0
563.8020427557254 829.0
564.0607004746649 836.0
564.3193499880738 830.0
564.5779912954692 833.0
564.8366243963679 824.0
565.0952492902868 876.0
565.3538659767429 853.0
565.6124744552527 838.0
565.8710747253335 835.0
566.1296667865018 819.0
566.3882506382747 810.0
566.6468262801691 818.0
566.9053937117014 805.0
567.1639529323893 797.0
567.4225039417488 809.0
567.6810467392974 817.0
567.9395813245517 815.0
568.1981076970284 825.0
568.4566258562448 824.0
568.7151358017175 829.0
568.9736375329633 823.0
569.2321310494995 820.0
569.4906163508422 826.0
569.749093436509 802.0
570.0075623060163 821.0
570.2660229588813 828.0
570.5244753946206 804.0
570.7829196127512 803.0
571.0413556127901 803.0
571.2997833942537 818.0
571.5582029566596 806.0
571.8166142995238 815.0
572.075017422364 824.0
572.3334123246967 820.0
572.5917990060384 813.0
572.8501774659068 814.0
573.108547703818 826.0
573.3669097192892 822.0
573.6252635118373 809.0
573.8836090809789 833.0
574.1419464262314 828.0
574.400275547111 839.0
574.6585964431351 808.0
574.9169091138205 826.0
575.1752135586836 805.0
575.4335097772419 821.0
575.6917977690118 812.0
575.9500775335105 810.0
576.2083490702545 793.0
576.4666123787609 810.0
576.7248674585469 808.0
576.9831143091286 814.0
577.2413529300236 814.0
577.4995833207483 818.0
577.7578054808198 806.0
578.0160194097549 840.0
578.2742251070703 831.0
578.5324225722832 822.0
578.7906118049101 812.0
579.0487928044681 806.0
579.3069655704743 828.0
579.565130102445 807.0
579.8232863998975 827.0
580.0814344623485 826.0
580.339574289315 814.0
580.5977058803137 828.0
580.8558292348614 804.0
581.1139443524753 798.0
581.3720512326721 810.0
581.6301498749685 804.0
581.8882402788817 794.0
582.146322443928 806.0
582.4043963696251 816.0
582.6624620554893 807.0
582.9205195010375 812.0
583.1785687057866 837.0
583.4366096692537 835.0
583.6946423909554 817.0
583.9526668704085 832.0
584.2106831071303 815.0
584.4686911006373 809.0
584.7266908504463 817.0
584.9846823560746 822.0
585.2426656170385 826.0
585.5006406328554 813.0
585.7586074030418 805.0
586.0165659271148 820.0
586.2745162045912 821.0
586.5324582349878 822.0
586.7903920178214 830.0
587.0483175526091 810.0
587.3062348388676 825.0
587.5641438761138 840.0
587.8220446638645 825.0
588.0799372016369 839.0
588.3378214889474 833.0
588.5956975253132 861.0
588.8535653102509 884.0
589.1114248432776 900.0
589.3692761239103 858.0
589.6271191516653 840.0
589.88495392606 835.0
590.1427804466111 812.0
590.4005987128355 829.0
590.6584087242501 836.0
590.9162104803713 851.0
591.1740039807169 890.0
591.4317892248029 900.0
591.6895662121466 866.0
591.9473349422648 850.0
592.2050954146741 841.0
592.462847628892 832.0
592.7205915844347 832.0
592.9783272808194 856.0
593.236054717563 835.0
593.493773894182 821.0
593.7514848101939 832.0
594.009187465115 826.0
594.2668818584625 805.0
594.5245679897531 812.0
594.7822458585038 821.0
595.0399154642313 822.0
595.2975768064524 822.0
595.5552298846843 821.0
595.8128746984438 811.0
596.0705112472474 811.0
596.3281395306126 813.0
596.5857595480555 827.0
596.8433712990935 820.0
597.1009747832434 807.0
597.3585700000219 822.0
597.6161569489462 824.0
597.8737356295327 823.0
598.1313060412986 819.0
598.3888681837607 812.0
598.6464220564358 824.0
598.9039676588409 825.0
599.1615049904925 816.0
599.4190340509081 808.0
599.676554839604 813.0
599.9340673560972 828.0
600.1915715999048 842.0
600.4490675705435 821.0
600.7065552675302 801.0
600.9640346903817 816.0
601.221505838615 829.0
601.4789687117469 823.0
601.7364233092942 838.0
601.9938696307739 841.0
602.2513076757026 841.0
602.5087374435976 866.0
602.7661589339755 902.0
603.023572146353 926.0
603.2809770802475 1034.0
603.5383737351752 1003.0
603.7957621106534 969.0
604.053142206199 908.0
604.3105140213286 911.0
604.5678775555593 885.0
604.8252328084078 890.0
605.0825797793912 850.0
605.3399184680261 845.0
605.5972488738295 854.0
605.8545709963181 860.0
606.111884835009 861.0
606.3691903894193 843.0
606.6264876590651 837.0
606.883776643464 833.0
607.1410573421324 818.0
607.3983297545875 813.0
607.6555938803461 806.0
607.9128497189247 807.0
608.1700972698408 808.0
608.4273365326108 825.0
608.6845675067516 811.0
608.9417901917803 834.0
609.1990045872135 820.0
609.4562106925683 814.0
609.7134085073615 819.0
609.9705980311098 861.0
610.2277792633305 854.0
610.4849522035397 847.0
610.7421168512552 853.0
610.9992732059933 850.0
611.2564212672709 829.0
611.5135610346049 825.0
611.7706925075122 822.0
612.0278156855098 811.0
612.2849305681145 837.0
612.542037154843 821.0
612.7991354452124 830.0
613.0562254387393 825.0
613.3133071349409 826.0
613.5703805333337 821.0
613.8274456334349 817.0
614.0845024347612 825.0
614.3415509368294 823.0
614.5985911391567 849.0
614.8556230412595 852.0
615.1126466426551 846.0
615.36966194286 829.0
615.6266689413914 834.0
615.8836676377659 823.0
616.1406580315004 831.0
616.3976401221121 827.0
616.6546139091173 842.0
616.9115793920333 853.0
617.1685365703769 853.0
617.4254854436648 849.0
617.6824260114142 853.0
617.9393582731417 841.0
618.196282228364 814.0
618.4531978765983 802.0
618.7101052173614 800.0
618.9670042501702 803.0
619.2238949745413 820.0
619.4807773899919 811.0
619.7376514960388 805.0
619.9945172921986 802.0
620.2513747779885 818.0
620.508223952925 828.0
620.7650648165256 810.0
621.0218973683066 823.0
621.2787216077849 837.0
621.5355375344776 857.0
621.7923451479013 847.0
622.0491444475734 822.0
622.3059354330103 820.0
622.5627181037288 815.0
622.8194924592461 816.0
623.0762584990788 803.0
623.333016222744 809.0
623.5897656297584 825.0
623.8465067196389 817.0
624.1032394919024 822.0
624.3599639460657 809.0
624.6166800816459 806.0
624.8733878981594 817.0
625.1300873951237 804.0
625.3867785720552 816.0
625.6434614284708 826.0
625.9001359638876 798.0
626.1568021778221 806.0
626.4134600697917 824.0
626.6701096393127 819.0
626.9267508859024 815.0
627.1833838090776 810.0
627.4400084083547 817.0
627.6966246832512 809.0
627.9532326332837 807.0
628.2098322579691 813.0
628.4664235568243 811.0
628.723006529366 803.0
628.9795811751112 815.0
629.2361474935768 818.0
629.4927054842794 820.0
629.7492551467363 833.0
630.0057964804641 839.0
630.2623294849799 857.0
630.5188541598001 830.0
630.775370504442 838.0
631.0318785184223 849.0
631.2883782012578 833.0
631.5448695524658 837.0
631.8013525715625 822.0
632.0578272580652 816.0
632.3142936114906 806.0
632.5707516313557 824.0
632.8272013171775 802.0
633.0836426684723 813.0
633.3400756847575 802.0
633.5965003655499 803.0
633.8529167103661 807.0
634.1093247187234 808.0
634.3657243901381 822.0
634.6221157241276 801.0
634.8784987202085 801.0
635.1348733778977 823.0
635.3912396967121 794.0
635.6475976761684 809.0
635.9039473157839 812.0
636.1602886150749 830.0
636.4166215735588 817.0
636.6729461907521 807.0
636.9292624661718 845.0
637.1855703993349 829.0
637.4418699897578 821.0
637.6981612369581 820.0
637.9544441404521 848.0
638.2107186997567 838.0
638.4669849143892 826.0
638.7232427838659 843.0
638.979492307704 835.0
639.2357334854204 817.0
639.4919663165317 816.0
639.7481908005552 812.0
640.0044069370073 811.0
640.2606147254052 814.0
640.5168141652655 801.0
640.7730052561054 826.0
641.0291879974413 837.0
641.2853623887906 864.0
641.5415284296699 893.0
641.797686119596 921.0
642.0538354580859 913.0
642.3099764446565 862.0
642.5661090788245 850.0
642.8222333601069 828.0
643.0783492880205 822.0
643.3344568620822 817.0
643.5905560818089 822.0
643.8466469467173 824.0
644.1027294563247 816.0
644.3588036101473 821.0
644.6148694077026 809.0
644.8709268485071 808.0
645.1269759320778 805.0
645.3830166579316 806.0
645.6390490255851 798.0
645.8950730345556 813.0
646.1510886843597 822.0
646.4070959745143 816.0
646.6630949045363 812.0
646.9190854739425 798.0
647.17506768225 806.0
647.4310415289752 820.0
647.6870070136354 817.0
647.9429641357473 821.0
648.1989128948277 825.0
648.4548532903938 815.0
648.7107853219619 815.0
648.9667089890495 807.0
649.222624291173 818.0
649.4785312278494 798.0
649.7344297985958 819.0
649.9903200029287 822.0
650.2462018403652 829.0
650.502075310422 814.0
650.7579404126162 818.0
651.0137971464646 814.0
651.2696455114838 824.0
651.525485507191 816.0
651.7813171331029 808.0
652.0371403887364 829.0
652.2929552736086 816.0
652.5487617872358 815.0
652.8045599291355 808.0
653.0603496988242 823.0
653.3161310958188 803.0
653.5719041196362 803.0
653.8276687697933 828.0
654.0834250458071 820.0
654.3391729471941 818.0
654.5949124734717 819.0
654.8506436241562 818.0
655.1063663987647 819.0
655.3620807968144 799.0
655.6177868178215 809.0
655.8734844613035 823.0
656.129173726777 816.0
656.3848546137588 809.0
656.6405271217659 829.0
656.8961912503149 830.0
657.1518469989231 818.0
657.4074943671071 822.0
657.6631333543837 821.0
657.9187639602701 820.0
658.1743861842826 814.0
658.4300000259387 812.0
658.6856054847549 822.0
658.9412025602483 804.0
659.1967912519353 823.0
659.4523715593333 802.0
659.707943481959 825.0
659.9635070193291 830.0
660.2190621709606 822.0
660.4746089363705 830.0
660.7301473150753 840.0
660.9856773065924 809.0
661.2411989104381 825.0
661.4967121261298 813.0
661.7522169531838 827.0
662.0077133911174 810.0
662.2632014394475 826.0
662.5186810976904 803.0
662.7741523653638 802.0
663.029615241984 815.0
663.2850697270679 805.0
663.5405158201327 815.0
663.7959535206948 807.0
664.0513828282715 796.0
664.3068037423793 821.0
664.5622162625355 818.0
664.8176203882564 810.0
665.0730161190594 808.0
665.3284034544613 826.0
665.5837823939785 829.0
665.8391529371283 833.0
666.0945150834276 827.0
666.349868832393 825.0
666.6052141835415 858.0
666.8605511363899 839.0
667.1158796904554 832.0
667.3711998452544 828.0
667.626511600304 835.0
667.8818149551211 835.0
668.1371099092223 829.0
668.3923964621249 845.0
668.6476746133454 818.0
668.9029443624008 828.0
669.1582057088083 834.0
669.4134586520839 823.0
669.6687031917455 818.0
669.9239393273093 819.0
670.1791670582923 826.0
670.4343863842114 806.0
670.6895973045835 813.0
670.9447998189256 811.0
671.1999939267544 808.0
671.4551796275866 806.0
671.7103569209394 818.0
671.9655258063294 817.0
672.220686283274 823.0
672.475838351289 817.0
672.7309820098925 829.0
672.9861172586005 822.0
673.2412440969302 809.0
673.4963625243987 816.0
673.7514725405223 802.0
674.0065741448183 805.0
674.2616673368035 812.0
674.5167521159946 837.0
674.7718284819086 867.0
675.0268964340622 886.0
675.2819559719727 991.0
675.5370070951565 969.0
675.7920498031307 986.0
676.0470840954122 934.0
676.3021099715176 875.0
676.5571274309642 848.0
676.8121364732684 860.0
677.0671370979474 838.0
677.3221293045178 840.0
677.5771130924968 828.0
677.8320884614011 816.0
678.0870554107474 821.0
678.3420139400529 823.0
678.5969640488343 818.0
678.8519057366083 816.0
679.1068390028922 817.0
679.3617638472023 818.0
679.616680269056 822.0
679.8715882679699 810.0
680.1264878434607 815.0
680.3813789950458 818.0
680.6362617222414 820.0
680.8911360245651 817.0
681.146001901533 803.0
681.4008593526627 811.0
681.6557083774705 811.0
681.9105489754734 822.0
682.1653811461886 814.0
682.4202048891326 809.0
682.6750202038223 818.0
682.9298270897748 833.0
683.1846255465068 822.0
683.4394155735351 834.0
683.6941971703767 817.0
683.9489703365485 829.0
684.2037350715673 824.0
684.4584913749499 816.0
684.7132392462133 830.0
684.9679786848742 836.0
685.2227096904496 816.0
685.4774322624564 820.0
685.7321464004115 808.0
685.9868521038316 822.0
686.2415493722334 821.0
686.4962382051343 849.0
686.7509186020508 873.0
687.0055905624997 944.0
687.2602540859983 967.0
687.514909172063 948.0
687.7695558202109 952.0
688.0241940299587 890.0
688.2788238008236 848.0
688.5334451323221 832.0
688.7880580239712 843.0
689.042662475288 837.0
689.2972584857889 852.0
689.5518460549912 841.0
689.8064251824115 811.0
690.0609958675668 818.0
690.3155581099742 813.0
690.5701119091498 818.0
690.8246572646113 841.0
691.0791941758752 825.0
691.3337226424583 816.0
691.5882426638777 817.0
691.84275423965 820.0
692.0972573692924 813.0
692.3517520523214 813.0
692.6062382882542 821.0
692.8607160766074 819.0
693.1151854168979 842.0
693.3696463086428 843.0
693.6240987513587 875.0
693.8785427445628 877.0
694.1329782877717 867.0
694.3874053805022 872.0
694.6418240222713 843.0
694.8962342125958 843.0
695.1506359509929 864.0
695.405029236979 875.0
695.6594140700711 920.0
695.9137904497863 1073.0
696.168158375641 1244.0
696.4225178471527 1546.0
696.676868863838 1745.0
696.9312114252134 1617.0
697.1855455307963 1500.0
697.4398711801031 1135.0
697.6941883726512 946.0
697.9484971079568 883.0
698.2027973855375 857.0
698.4570892049098 852.0
698.7113725655903 828.0
698.9656474670965 839.0
699.2199139089445 847.0
699.4741718906519 844.0
699.7284214117353 821.0
699.9826624717113 842.0
700.2368950700971 834.0
700.4911192064093 819.0
700.7453348801653 826.0
700.9995420908814 818.0
701.2537408380745 826.0
701.5079311212619 813.0
701.7621129399598 816.0
702.016286293686 829.0
702.2704511819566 845.0
702.5246076042886 867.0
702.778755560199 896.0
703.0328950492045 975.0
703.2870260708224 944.0
703.5411486245691 942.0
703.7952627099618 893.0
704.0493683265172 843.0
704.3034654737519 834.0
704.5575541511835 823.0
704.8116343583279 841.0
705.0657060947029 831.0
705.3197693598249 856.0
705.5738241532106 852.0
705.8278704743772 883.0
706.0819083228414 1033.0
706.3359376981203 1217.0
706.5899585997306 1515.0
706.8439710271889 1671.0
707.0979749800126 1597.0
707.3519704577179 1542.0
707.6059574598225 1143.0
707.8599359858429 972.0
708.1139060352955 914.0
708.3678676076978 865.0
708.6218207025663 842.0
708.8757653194182 833.0
709.12970145777 838.0
709.3836291171389 838.0
709.6375482970416 838.0
709.8914589969946 825.0
710.1453612165157 819.0
710.3992549551208 841.0
710.6531402123275 839.0
710.9070169876522 848.0
711.1608852806118 843.0
711.4147450907236 832.0
711.6685964175037 829.0
711.9224392604699 824.0
712.1762736191384 838.0
712.4300994930262 830.0
712.6839168816504 849.0
712.9377257845274 817.0
713.1915262011746 832.0
713.4453181311087 837.0
713.6991015738463 830.0
713.9528765289045 829.0
714.2066429958 860.0
714.4604009740502 899.0
714.7141504631712 963.0
714.9678914626805 932.0
715.2216239720948 944.0
715.4753479909306 873.0
715.7290635187052 865.0
715.982770554935 853.0
716.2364690991376 844.0
716.4901591508293 832.0
716.743840709527 809.0
716.9975137747479 816.0
717.2511783460084 820.0
717.5048344228259 817.0
717.7584820047169 822.0
718.0121210911982 835.0
718.2657516817872 825.0
718.519373776 827.0
718.772987373354 827.0
719.026592473366 825.0
719.2801890755527 818.0
719.5337771794311 810.0
719.7873567845179 826.0
720.0409278903304 817.0
720.294490496385 841.0
720.5480446021987 858.0
720.8015902072887 863.0
721.0551273111711 865.0
721.3086559133636 840.0
721.5621760133826 834.0
721.815687610745 832.0
722.0691907049679 822.0
722.3226852955679 832.0
722.5761713820622 802.0
722.8296489639672 826.0
723.0831180408002 820.0
723.3365786120778 809.0
723.5900306773169 819.0
723.8434742360346 822.0
724.0969092877473 813.0
724.3503358319725 813.0
724.6037538682267 822.0
724.8571633960265 816.0
725.1105644148894 828.0
725.3639569243315 830.0
725.6173409238706 819.0
725.8707164130229 832.0
726.1240833913054 838.0
726.3774418582351 830.0
726.6307918133285 883.0
726.8841332561029 930.0
727.137466186075 1035.0
727.3907906027619 1074.0
727.6441065056802 1059.0
727.8974138943464 1045.0
728.1507127682783 918.0
728.4040031269918 861.0
728.6572849700045 846.0
728.9105582968331 835.0
729.1638231069941 833.0
729.4170794000048 824.0
729.6703271753817 826.0
729.923566432642 834.0
730.1767971713025 811.0
730.4300193908798 840.0
730.6832330908911 831.0
730.936438270853 852.0
731.1896349302828 863.0
731.442823068697 873.0
731.6960026856123 882.0
731.949173780546 854.0
732.2023363530145 834.0
732.4554904025351 828.0
732.7086359286245 817.0
732.9617729307997 825.0
733.2149014085775 841.0
733.4680213614745 818.0
733.7211327890079 845.0
733.9742356906943 837.0
734.2273300660511 816.0
734.4804159145946 823.0
734.7334932358416 839.0
734.9865620293094 869.0
735.2396222945147 925.0
735.4926740309744 913.0
735.7457172382054 903.0
735.9987519157243 892.0
736.2517780630484 881.0
736.504795679694 874.0
736.7578047651785 932.0
737.0108053190187 1006.0
737.2637973407312 1084.0
737.516780829833 1126.0
737.769755785841 1369.0
738.0227222082721 1602.0
738.2756800966428 2147.0
738.5286294504706 2231.0
738.781570269272 2137.0
739.0345025525638 2011.0
739.2874262998632 1398.0
739.5403415106866 1120.0
739.7932481845512 992.0
740.046146320974 920.0
740.2990359194714 895.0
740.5519169795606 861.0
740.8047895007583 871.0
741.0576534825816 873.0
741.3105089245472 845.0
741.563355826172 849.0
741.8161941869729 860.0
742.0690240064664 843.0
742.3218452841702 838.0
742.5746580196005 851.0
742.8274622122741 848.0
743.0802578617083 865.0
743.3330449674197 876.0
743.5858235289254 880.0
743.8385935457418 853.0
744.0913550173865 859.0
744.3441079433758 851.0
744.5968523232264 821.0
744.8495881564559 828.0
745.1023154425804 848.0
745.3550341811174 829.0
745.6077443715835 828.0
745.8604460134952 815.0
746.1131391063701 833.0
746.3658236497243 846.0
746.6184996430754 840.0
746.87116708594 835.0
747.1238259778346 849.0
747.3764763182764 845.0
747.6291181067822 852.0
747.8817513428692 856.0
748.1343760260539 885.0
748.3869921558529 870.0
748.6395997317837 893.0
748.8921987533628 938.0
749.1447892201071 925.0
749.3973711315336 988.0
749.6499444871589 1234.0
749.9025092865003 1803.0
750.1550655290741 2718.0
750.4076132143978 3528.0
750.6601523419877 3266.0
750.912682911361 3826.0
751.1652049220347 3393.0
751.4177183735251 3096.0
751.6702232653497 2631.0
751.9227195970248 2514.0
752.1752073680677 2104.0
752.4276865779954 1414.0
752.680157226324 1148.0
752.9326193125712 1013.0
753.1850728362533 956.0
753.4375177968876 923.0
753.6899541939908 891.0
753.9423820270795 866.0
754.194801295671 860.0
754.4472119992819 830.0
754.6996141374291 840.0
754.9520077096296 850.0
755.2043927154 836.0
755.4567691542577 842.0
755.7091370257187 830.0
755.9614963293008 835.0
756.2138470645202 837.0
756.4661892308942 820.0
756.7185228279395 821.0
756.9708478551728 831.0
757.2231643121112 825.0
757.4754721982714 848.0
757.7277715131704 837.0
757.9800622563251 835.0
758.2323444272521 845.0
758.4846180254688 842.0
758.7368830504913 836.0
758.9891395018373 848.0
759.2413873790232 815.0
759.4936266815657 838.0
759.7458574089821 849.0
759.9980795607888 836.0
760.2502931365033 843.0
760.502498135642 858.0
760.7546945577217 840.0
761.0068824022595 850.0
761.2590616687722 870.0
761.5112323567769 862.0
761.7633944657899 861.0
762.0155479953288 875.0
762.26769294491 928.0
762.5198293140501 1001.0
762.7719571022666 1273.0
763.024076309076 1943.0
763.2761869339953 3088.0
763.5282889765415 3934.0
763.780382436231 3463.0
764.032467312581 3771.0
764.2845436051083 2794.0
764.53661131333 1636.0
764.7886704367629 1278.0
765.0407209749233 1072.0
765.2927629273288 995.0
765.5447962934958 919.0
765.7968210729414 896.0
766.0488372651824 896.0
766.3008448697357 883.0
766.5528438861181 890.0
766.8048343138464 866.0
767.0568161524378 856.0
767.3087894014087 859.0
767.5607540602764 846.0
767.8127101285577 838.0
768.0646576057691 828.0
768.3165964914278 826.0
768.5685267850505 843.0
768.8204484861544 827.0
769.0723615942561 836.0
769.3242661088722 841.0
769.5761620295201 833.0
769.8280493557162 829.0
770.0799280869778 836.0
770.3317982228216 850.0
770.5836597627642 856.0
770.835512706323 843.0
771.0873570530143 849.0
771.3391928023555 886.0
771.591019953863 955.0
771.8428385070538 1230.0
772.094648461445 1694.0
772.3464498165532 2185.0
772.5982425718955 2003.0
772.8500267269885 2086.0
773.1018022813494 1901.0
773.3535692344948 1306.0
773.6053275859415 1053.0
773.8570773352067 947.0
774.108818481807 896.0
774.3605510252594 873.0
774.6122749650807 868.0
774.8639903007878 856.0
775.1156970318975 843.0
775.3673951579267 826.0
775.6190846783925 831.0
775.8707655928115 832.0
776.1224379007004 851.0
776.3741016015766 850.0
776.6257566949563 838.0
776.8774031803571 828.0
777.1290410572955 817.0
777.3806703252881 822.0
777.6322909838522 842.0
777.8839030325043 828.0
778.1355064707618 827.0
778.3871012981411 826.0
778.6386875141592 826.0
778.890265118333 820.0
779.1418341101793 825.0
779.3933944892151 828.0
779.6449462549571 801.0
779.8964894069222 823.0
780.1480239446275 810.0
780.3995498675895 825.0
780.6510671753255 812.0
780.9025758673517 818.0
781.1540759431858 814.0
781.4055674023442 828.0
781.6570502443437 817.0
781.9085244687013 825.0
782.159990074934 818.0
782.4114470625585 828.0
782.6628954310918 824.0
782.9143351800503 830.0
783.1657663089516 824.0
783.4171888173119 822.0
783.6686027046486 818.0
783.9200079704783 810.0
784.1714046143178 811.0
784.4227926356843 805.0
784.6741720340941 815.0
784.9255428090647 810.0
785.1769049601126 810.0
785.4282584867548 823.0
785.6796033885082 824.0
785.9309396648893 825.0
786.1822673154155 823.0
786.4335863396033 832.0
786.6848967369698 840.0
786.9361985070317 818.0
787.1874916493058 834.0
787.4387761633094 809.0
787.6900520485588 827.0
787.9413193045713 833.0
788.1925779308636 823.0
788.4438279269523 828.0
788.6950692923548 828.0
788.9463020265875 853.0
789.1975261291677 860.0
789.448741599612 862.0
789.6999484374371 826.0
789.9511466421604 849.0
790.2023362132982 834.0
790.4535171503677 844.0
790.7046894528855 829.0
790.9558531203689 825.0
791.2070081523347 828.0
791.458154548299 832.0
791.7092923077797 827.0
791.9604214302931 834.0
792.2115419153562 823.0
792.462653762486 825.0
792.7137569711989 836.0
792.9648515410123 840.0
793.2159374714428 853.0
793.4670147620074 845.0
793.718083412223 852.0
793.9691434216061 900.0
794.220194789674 1054.0
794.4712375159432 1408.0
794.722271599931 1869.0
794.9732970411541 1726.0
795.2243138391292 1779.0
795.4753219933733 1775.0
795.7263215034031 1306.0
795.9773123687357 1048.0
796.2282945888878 954.0
796.4792681633767 904.0
796.7302330917187 872.0
796.9811893734307 869.0
797.23213700803 880.0
797.483075995033 871.0
797.7340063339569 854.0
797.9849280243186 861.0
798.2358410656345 849.0
798.4867454574222 849.0
798.7376411991978 861.0
798.9885282904788 868.0
799.2394067307818 858.0
799.4902765196234 880.0
799.741137656521 931.0
799.9919901409909 1086.0
800.2428339725506 1502.0
800.4936691507165 2101.0
800.7444956750055 2025.0
800.9953135449347 2315.0
801.2461227600207 2993.0
801.4969233197808 2698.0
801.7477152237312 2141.0
801.9984984713894 2229.0
802.2492730622722 1812.0
802.5000389958959 1280.0
802.7507962717781 1075.0
803.0015448894349 979.0
803.252284848384 908.0
803.5030161481417 899.0
803.7537387882248 892.0
804.0044527681507 870.0
804.2551580874358 861.0
804.5058547455972 855.0
804.7565427421519 853.0
805.0072220766161 869.0
805.2578927485075 851.0
805.5085547573423 868.0
805.7592081026379 854.0
806.009852783911 864.0
806.2604888006782 847.0
806.5111161524568 854.0
806.7617348387631 853.0
807.0123448591147 853.0
807.2629462130279 851.0
807.5135389000196 853.0
807.7641229196071 889.0
808.0146982713067 873.0
808.2652649546358 908.0
808.5158229691108 928.0
808.7663723142489 960.0
809.016912989567 944.0
809.2674449945815 942.0
809.5179683288098 1035.0
809.7684829917686 1298.0
810.0189889829746 1948.0
810.269486301945 2762.0
810.5199749481961 2550.0
810.7704549212456 3229.0
811.0209262206095 4936.0
811.2713888458052 8627.0
811.5218427963496 10056.0
811.7722880717591 7888.0
812.022724671551 9186.0
812.2731525952421 7682.0
812.5235718423493 3766.0
812.7739824123893 2285.0
813.0243843048788 1661.0
813.2747775193352 1359.0
813.5251620552749 1179.0
813.7755379122152 1068.0
814.0259050896724 1031.0
814.276263587164 969.0
814.5266134042064 932.0
814.7769545403165 925.0
815.0272869950115 914.0
815.2776107678079 889.0
815.5279258582229 882.0
815.7782322657732 876.0
816.0285299899754 852.0
816.2788190303468 849.0
816.529099386404 860.0
816.7793710576641 838.0
817.0296340436439 825.0
817.2798883438601 834.0
817.5301339578298 833.0
817.7803708850694 844.0
818.0305991250964 838.0
818.2808186774273 837.0
818.531029541579 830.0
818.7812317170685 839.0
819.0314252034124 826.0
819.281610000128 818.0
819.5317861067317 829.0
819.7819535227408 821.0
820.0321122476719 834.0
820.2822622810417 838.0
820.5324036223675 824.0
820.7825362711658 846.0
821.0326602269538 833.0
821.2827754892483 848.0
821.5328820575656 806.0
821.7829799314234 833.0
822.033069110338 808.0
822.2831495938267 830.0
822.5332213814061 844.0
822.7832844725929 830.0
823.0333388669044 832.0
823.283384563857 829.0
823.533421562968 830.0
823.7834498637541 825.0
824.033469465732 834.0
824.2834803684189 849.0
824.5334825713311 818.0
824.7834760739862 841.0
825.0334608759005 823.0
825.2834369765912 839.0
825.5334043755751 871.0
825.7833630723688 931.0
826.0333130664897 1127.0
826.2832543574541 1490.0
826.5331869447793 1416.0
826.783110827982 1410.0
827.0330260065789 1520.0
827.2829324800872 1280.0
827.5328302480233 1020.0
827.7827193099047 928.0
828.032599665248 871.0
828.2824713135695 880.0
828.532334254387 848.0
828.7821884872168 844.0
829.0320340115759 839.0
829.2818708269813 833.0
829.5316989329494 818.0
829.7815183289979 819.0
830.0313290146428 802.0
830.2811309894015 820.0
830.5309242527906 823.0
830.7807088043272 818.0
831.0304846435281 829.0
831.2802517699099 830.0
831.5300101829899 830.0
831.7797598822846 807.0
832.0295008673112 822.0
832.2792331375864 816.0
832.5289566926268 838.0
832.7786715319497 842.0
833.0283776550717 816.0
833.27807506151 822.0
833.5277637507811 813.0
833.7774437224018 822.0
834.0271149758895 821.0
834.2767775107606 817.0
834.526431326532 816.0
834.7760764227208 805.0
835.0257127988438 810.0
835.2753404544177 825.0
835.5249593889594 836.0
835.774569601986 818.0
836.0241710930143 823.0
836.2737638615607 827.0
836.5233479071428 813.0
836.7729232292768 815.0
837.0224898274802 828.0
837.2720477012693 817.0
837.5215968501614 825.0
837.7711372736733 829.0
838.0206689713215 819.0
838.2701919426232 847.0
838.5197061870952 849.0
838.7692117042545 845.0
839.0187084936177 865.0
839.2681965547017 859.0
839.5176758870236 865.0
839.7671464901001 872.0
840.0166083634483 957.0
840.2660615065847 1120.0
840.5155059190262 1656.0
840.7649416002901 2018.0
841.0143685498927 1748.0
841.2637867673512 1953.0
841.5131962521828 1980.0
841.7625970039035 1612.0
842.0119890220308 1848.0
842.2613723060813 3095.0
842.5107468555723 2943.0
842.76011267002 2591.0
843.0094697489418 3019.0
843.2588180918546 2487.0
843.5081576982747 1515.0
843.7574885677194 1187.0
844.0068106997054 1042.0
844.25612409375 943.0
844.5054287493696 914.0
844.754724666081 890.0
845.0040118434015 876.0
845.2532902808475 856.0
845.5025599779364 844.0
845.7518209341847 854.0
846.0010731491091 829.0
846.2503166222269 828.0
846.4995513530547 834.0
846.7487773411094 825.0
846.9979945859081 826.0
847.2472030869674 813.0
847.4964028438043 828.0
847.7455938559353 833.0
847.994776122878 827.0
848.2439496441485 812.0
848.4931144192642 829.0
848.7422704477419 814.0
848.9914177290981 808.0
849.2405562628502 831.0
849.4896860485144 818.0
849.7388070856083 829.0
849.9879193736485 816.0
850.2370229121515 839.0
850.4861177006346 826.0
850.7352037386146 821.0
850.9842810256082 837.0
851.2333495611326 859.0
851.482409344704 920.0
851.7314603758401 1136.0
851.9805026540571 1566.0
852.2295361788724 1445.0
852.4785609498026 1395.0
852.7275769663643 1512.0
852.9765842280748 1287.0
853.2255827344507 1017.0
853.4745724850093 930.0
853.7235534792667 869.0
853.9725257167406 834.0
854.2214891969475 847.0
854.4704439194039 848.0
854.7193898836274 842.0
854.9683270891342 838.0
855.2172555354416 835.0
855.4661752220665 821.0
855.7150861485252 801.0
855.9639883143353 812.0
856.212881719013 812.0
856.4617663620759 814.0
856.7106422430403 817.0
856.9595093614231 791.0
857.2083677167415 804.0
857.4572173085119 813.0
857.7060581362517 814.0
857.9548901994776 809.0
858.2037134977061 809.0
858.4525280304546 795.0
858.7013337972394 803.0
858.950130797578 818.0
859.1989190309868 803.0
859.4476984969828 807.0
859.696469195083 823.0
859.9452311248039 831.0
860.1939842856627 814.0
860.4427286771763 839.0
860.6914642988615 811.0
860.9401911502351 813.0
861.1889092308139 833.0
861.437618540115 822.0
861.686319077655 823.0
861.935010842951 826.0
862.1836938355198 822.0
862.432368054878 814.0
862.6810335005429 832.0
862.9296901720311 821.0
863.1783380688596 823.0
863.4269771905452 818.0
863.6756075366046 814.0
863.9242291065551 804.0
864.1728418999131 812.0
864.4214459161959 804.0
864.6700411549201 825.0
864.9186276156024 802.0
865.1672052977602 806.0
865.4157742009098 813.0
865.6643343245685 814.0
865.9128856682528 825.0
866.1614282314799 826.0
866.4099620137665 875.0
866.6584870146295 938.0
866.9070032335858 943.0
867.155510670152 903.0
867.4040093238455 933.0
867.6524991941827 910.0
867.9009802806806 839.0
868.1494525828563 833.0
868.3979161002262 822.0
868.6463708323078 816.0
868.8948167786174 804.0
869.1432539386718 798.0
869.3916823119887 819.0
869.6401018980839 801.0
869.8885126964751 804.0
870.1369147066789 819.0
870.3853079282118 810.0
870.6336923605911 808.0
870.8820680033335 801.0
871.1304348559562 806.0
871.3787929179755 822.0
871.6271421889087 803.0
871.8754826682726 820.0
872.1238143555837 803.0
872.3721372503595 801.0
872.6204513521162 807.0
872.8687566603713 804.0
873.1170531746413 814.0
873.365340894443 808.0
873.6136198192935 792.0
873.8618899487094 817.0
874.110151282208 811.0
874.3584038193057 819.0
874.6066475595196 804.0
874.8548825023668 824.0
875.1031086473636 841.0
875.3513259940273 804.0
875.5995345418747 817.0
875.8477342904224 826.0
876.0959252391877 817.0
876.3441073876871 805.0
876.5922807354377 829.0
876.8404452819562 809.0
877.0886010267599 810.0
877.3367479693651 808.0
877.5848861092887 815.0
877.8330154460481 813.0
878.0811359791594 801.0
878.3292477081402 813.0
878.5773506325071 818.0
878.8254447517768 810.0
879.0735300654665 788.0
879.3216065730924 805.0
879.5696742741723 798.0
879.8177331682225 806.0
880.0657832547598 807.0
880.3138245333014 813.0
880.5618570033639 806.0
880.8098806644645 812.0
881.0578955161196 807.0
881.3059015578464 822.0
881.5538987891618 800.0
881.8018872095822 801.0
882.0498668186252 822.0
882.297837615807 805.0
882.5457996006451 797.0
882.7937527726558 819.0
883.041697131356 805.0
883.2896326762632 808.0
883.5375594068934 805.0
883.7854773227642 810.0
884.0333864233922 824.0
884.2812867082938 801.0
884.5291781769868 834.0
884.7770608289871 805.0
885.0249346638125 812.0
885.2727996809792 811.0
885.5206558800041 820.0
885.7685032604046 816.0
886.0163418216969 812.0
886.2641715633982 817.0
886.5119924850256 811.0
886.7598045860955 806.0
887.007607866125 814.0
887.2554023246308 815.0
887.5031879611303 816.0
887.7509647751398 802.0
887.9987327661763 791.0
888.2464919337567 806.0
888.4942422773979 819.0
888.7419837966169 810.0
888.9897164909302 804.0
889.2374403598551 817.0
889.4851554029083 802.0
889.7328616196063 805.0
889.9805590094667 811.0
890.2282475720056 803.0
890.4759273067405 808.0
890.7235982131879 813.0
890.9712602908646 813.0
891.218913539288 794.0
891.4665579579743 802.0
891.7141935464408 808.0
891.9618203042044 808.0
892.2094382307815 808.0
892.4570473256895 798.0
892.7046475884449 818.0
892.9522390185649 800.0
893.1998216155661 815.0
893.4473953789653 811.0
893.6949603082797 803.0
893.9425164030258 811.0
894.1900636627211 805.0
894.4376020868815 809.0
894.6851316750246 809.0
894.9326524266672 820.0
895.1801643413257 808.0
895.4276674185177 805.0
895.6751616577593 814.0
895.922647058568 801.0
896.1701236204603 804.0
896.4175913429531 811.0
896.6650502255636 814.0
896.912500267808 808.0
897.159941469204 812.0
897.4073738292678 806.0
897.6547973475165 799.0
897.9022120234671 797.0
898.1496178566362 802.0
898.3970148465409 800.0
898.644402992698 794.0
898.8917822946241 784.0
899.1391527518367 789.0
899.386514363852 812.0
899.6338671301874 807.0
899.8812110503592 811.0
900.1285461238849 811.0
900.375872350281 797.0
900.6231897290643 810.0
900.8704982597519 796.0
901.1177979418604 808.0
901.3650887749071 809.0
901.6123707584086 811.0
901.8596438918815 801.0
902.106908174843 795.0
902.35416360681 796.0
902.6014101872993 797.0
902.8486479158278 803.0
903.095876791912 811.0
903.3430968150694 810.0
903.5903079848164 797.0
903.83751030067 802.0
904.0847037621473 795.0
904.3318883687646 796.0
904.5790641200394 808.0
904.826231015488 814.0
905.0733890546279 819.0
905.3205382369753 809.0
905.5676785620476 814.0
905.8148100293615 818.0
906.0619326384336 817.0
906.3090463887813 810.0
906.5561512799208 808.0
906.8032473113697 810.0
907.0503344826443 818.0
907.2974127932616 829.0
907.5444822427387 816.0
907.7915428305921 823.0
908.038594556339 810.0
908.2856374194963 807.0
908.5326714195803 815.0
908.7796965561088 812.0
909.0267128285976 828.0
909.2737202365645 830.0
909.520718779526 828.0
909.7677084569985 806.0
910.0146892684998 830.0
910.261661213546 821.0
910.5086242916544 826.0
910.7555785023416 838.0
911.0025238451248 845.0
911.2494603195206 865.0
911.4963879250456 905.0
911.7433066612174 996.0
911.9902165275522 1496.0
912.2371175235672 1873.0
912.4840096487795 1487.0
912.7308929027052 1472.0
912.9777672848619 1547.0
913.2246327947661 1361.0
913.4714894319347 1070.0
913.7183371958849 915.0
913.965176086133 885.0
914.2120061021965 874.0
914.4588272435916 837.0
914.7056395098358 834.0
914.9524429004457 835.0
915.1992374149379 824.0
915.4460230528298 829.0
915.6927998136375 828.0
915.9395676968788 811.0
916.1863267020701 820.0
916.4330768287281 821.0
916.67981807637 807.0
916.9265504445123 801.0
917.1732739326723 804.0
917.4199885403666 818.0
917.6666942671121 813.0
917.9133911124259 813.0
918.1600790758242 811.0
918.4067581568248 819.0
918.6534283549438 816.0
918.9000896696987 802.0
919.1467421006058 819.0
919.3933856471822 836.0
919.6400203089449 829.0
919.8866460854103 823.0
920.1332629760961 826.0
920.3798709805186 828.0
920.6264700981943 818.0
920.8730603286409 823.0
921.1196416713748 842.0
921.3662141259131 842.0
921.6127776917724 853.0
921.8593323684695 880.0
922.1058781555217 1089.0
922.3524150524454 1347.0
922.598943058758 1113.0
922.8454621739758 1082.0
923.0919723976159 1119.0
923.3384737291954 1069.0
923.5849661682307 966.0
923.8314497142393 865.0
924.0779243667373 832.0
924.3243901252423 820.0
924.5708469892709 829.0
924.8172949583395 818.0
925.0637340319656 818.0
925.3101642096658 821.0
925.5565854909571 822.0
925.8029978753563 825.0
926.04940136238 805.0
926.2957959515456 827.0
926.5421816423694 816.0
926.7885584343687 802.0
927.0349263270604 801.0
927.281285319961 793.0
927.5276354125876 821.0
927.7739766044568 810.0
928.020308895086 802.0
928.2666322839915 814.0
928.5129467706906 809.0
928.7592523547 816.0
929.0055490355364 814.0
929.2518368127171 819.0
929.4981156857584 810.0
929.7443856541778 799.0
929.9906467174917 813.0
930.2368988752169 810.0
930.4831421268707 832.0
930.7293764719695 802.0
930.9756019100306 803.0
931.2218184405708 804.0
931.4680260631065 813.0
931.7142247771553 806.0
931.9604145822334 816.0
932.2065954778582 808.0
932.4527674635461 806.0
932.6989305388141 808.0
932.9450847031794 809.0
933.1912299561584 804.0
933.4373662972685 808.0
933.6834937260257 817.0
933.929612241948 818.0
934.1757218445516 812.0
934.4218225333533 802.0
934.6679143078701 804.0
934.913997167619 804.0
935.1600711121167 845.0
935.4061361408803 841.0
935.6521922534262 840.0
935.8982394492718 807.0
936.1442777279336 813.0
936.3903070889288 823.0
936.636327531774 811.0
936.882339055986 799.0
937.128341661082 800.0
937.3743353465785 801.0
937.6203201119927 807.0
937.8662959568414 806.0
938.1122628806411 804.0
938.3582208829092 813.0
938.6041699631621 792.0
938.8501101209171 809.0
939.0960413556905 808.0
939.341963667 817.0
939.5878770543618 804.0
939.8337815172929 806.0
940.0796770553103 817.0
940.3255636679306 819.0
940.5714413546712 798.0
940.8173101150486 801.0
941.0631699485793 804.0
941.309020854781 799.0
941.5548628331699 811.0
941.8006958832632 823.0
942.0465200045778 802.0
942.2923351966301 802.0
942.5381414589376 811.0
942.7839387910167 805.0
943.0297271923846 808.0
943.275506662558 803.0
943.5212772010536 799.0
943.7670388073888 790.0
944.0127914810797 802.0
944.2585352216438 810.0
944.504270028598 815.0
944.7499959014584 811.0
944.9957128397427 822.0
945.2414208429674 826.0
945.4871199106495 794.0
945.7328100423057 810.0
945.978491237453 806.0
946.2241634956084 814.0
946.4698268162882 806.0
946.71548119901 807.0
946.9611266432901 811.0
947.2067631486459 807.0
947.4523907145939 809.0
947.6980093406509 797.0
947.943619026334 812.0
948.1892197711599 810.0
948.4348115746456 823.0
948.680394436308 795.0
948.9259683556636 801.0
949.17153333223 817.0
949.4170893655231 812.0
949.6626364550607 793.0
949.9081746003591 795.0
950.1537038009352 794.0
950.3992240563063 808.0
950.6447353659886 813.0
950.8902377294995 801.0
951.1357311463555 806.0
951.381215616074 797.0
951.6266911381715 820.0
951.8721577121647 805.0
952.1176153375708 802.0
952.3630640139064 818.0
952.6085037406887 813.0
952.8539345174344 796.0
953.09935634366 808.0
953.3447692188829 809.0
953.5901731426196 797.0
953.8355681143876 805.0
954.080954133703 804.0
954.326331200083 820.0
954.5716993130445 808.0
954.8170584721041 804.0
955.0624086767792 820.0
955.3077499265863 800.0
955.5530822210421 802.0
955.798405559664 824.0
956.0437199419682 809.0
956.2890253674723 810.0
956.5343218356925 796.0
956.7796093461461 799.0
957.02488789835 809.0
957.2701574918206 800.0
957.5154181260752 825.0
957.7606698006304 806.0
958.0059125150034 796.0
958.2511462687107 809.0
958.4963710612694 827.0
958.7415868921963 797.0
958.9867937610082 806.0
959.2319916672224 796.0
959.4771806103552 813.0
959.7223605899235 818.0
959.9675316054446 813.0
960.2126936564348 816.0
960.4578467424116 809.0
960.7029908628915 794.0
960.9481260173911 814.0
961.193252205428 822.0
961.4383694265184 817.0
961.6834776801796 796.0
961.9285769659282 808.0
962.1736672832812 796.0
962.4187486317555 804.0
962.6638210108677 796.0
962.908884420135 799.0
963.153938859074 812.0
963.3989843272019 817.0
963.6440208240352 801.0
963.889048349091 813.0
964.1340669018862 809.0
964.3790764819373 814.0
964.6240770887617 811.0
964.8690687218761 804.0
965.114051380797 833.0
965.3590250650417 923.0
965.6039897741268 1200.0
965.8489455075695 1078.0
966.0938922648864 898.0
966.3388300455941 906.0
966.5837588492103 918.0
966.8286786752509 912.0
967.0735895232334 878.0
967.3184913926743 864.0
967.5633842830911 836.0
967.808268194 823.0
968.0531431249179 832.0
968.2980090753622 819.0
968.5428660448491 817.0
968.7877140328961 824.0
969.0325530390197 830.0
969.2773830627367 799.0
969.5222041035643 810.0
969.7670161610189 817.0
970.0118192346179 801.0
970.2566133238779 803.0
970.5013984283155 807.0
970.746174547448 798.0
970.990941680792 808.0
971.2356998278649 797.0
971.480448988183 801.0
971.725189161263 814.0
971.9699203466223 805.0
972.2146425437775 802.0
972.4593557522456 817.0
972.7040599715434 808.0
972.9487552011876 808.0
973.1934414406954 792.0
973.4381186895833 810.0
973.6827869473685 798.0
973.9274462135677 803.0
974.1720964876979 793.0
974.4167377692759 800.0
974.6613700578182 807.0
974.9059933528424 810.0
975.1506076538647 818.0
975.3952129604023 806.0
975.6398092719721 812.0
975.8843965880908 816.0
976.1289749082755 818.0
976.3735442320426 811.0
976.6181045589096 801.0
976.862655888393 808.0
977.1071982200094 808.0
977.3517315532764 830.0
977.5962558877101 809.0
977.840771222828 816.0
978.0852775581467 827.0
978.3297748931827 857.0
978.5742632274536 837.0
978.8187425604756 809.0
979.063212891766 808.0
979.3076742208415 803.0
979.5521265472191 821.0
979.7965698704156 804.0
980.0410041899477 823.0
980.2854295053326 794.0
980.5298458160865 785.0
980.7742531217272 817.0
981.0186514217711 819.0
981.2630407157347 805.0
981.5074210031356 803.0
981.7517922834901 801.0
981.9961545563154 812.0
982.2405078211283 810.0
982.4848520774455 804.0
982.729187324784 805.0
982.9735135626606 805.0
983.2178307905924 816.0
983.4621390080961 804.0
983.7064382146882 818.0
983.9507284098863 810.0
984.1950095932067 826.0
984.4392817641666 810.0
984.6835449222825 812.0
984.9277990670716 805.0
985.1720441980509 806.0
985.4162803147366 813.0
985.6605074166464 821.0
985.9047255032964 816.0
986.1489345742042 803.0
986.3931346288863 804.0
986.6373256668593 818.0
986.8815076876406 795.0
987.1256806907464 813.0
987.3698446756944 804.0
987.613999642001 821.0
987.8581455891829 811.0
988.1022825167574 814.0
988.3464104242408 805.0
988.5905293111508 806.0
988.8346391770036 805.0
989.0787400213161 782.0
989.3228318436055 804.0
989.5669146433884 799.0
989.8109884201817 800.0
990.0550531735024 799.0
990.2991089028674 803.0
990.5431556077934 805.0
990.7871932877973 802.0
991.031221942396 806.0
991.2752415711062 810.0
991.5192521734452 810.0
991.7632537489297 799.0
992.0072462970761 809.0
992.251229817402 803.0
992.4952043094236 806.0
992.7391697726582 792.0
992.9831262066227 798.0
993.2270736108336 804.0
993.4710119848082 811.0
993.7149413280629 819.0
993.958861640115 822.0
994.2027729204812 805.0
994.4466751686781 811.0
994.6905683842231 816.0
994.9344525666326 804.0
995.1783277154237 819.0
995.4221938301132 800.0
995.6660509102181 806.0
995.9098989552552 822.0
996.1537379647411 799.0
996.3975679381932 808.0
996.6413888751279 808.0
996.8852007750622 817.0
997.1290036375133 810.0
997.3727974619973 811.0
997.6165822480319 797.0
997.8603579951333 817.0
998.104124702819 803.0
998.3478823706055 805.0
998.5916309980095 809.0
998.8353705845483 790.0
999.0791011297383 804.0
999.3228226330968 803.0
999.5665350941406 800.0
999.8102385123861 803.0
1000.0539328873509 813.0
1000.2976182185512 799.0
1000.5412945055043 804.0
1000.7849617477269 799.0
1001.0286199447357 817.0
1001.2722690960481 805.0
1001.5159092011804 796.0
1001.75954025965 810.0
1002.003162270973 806.0
1002.246775234667 807.0
1002.4903791502487 809.0
1002.7339740172346 800.0
1002.9775598351421 805.0
1003.2211366034876 813.0
1003.4647043217884 816.0
1003.7082629895611 805.0
1003.9518126063224 815.0
1004.1953531715895 816.0
1004.4388846848791 799.0
1004.6824071457083 790.0
1004.9259205535938 808.0
1005.1694249080521 807.0
1005.4129202086007 806.0
1005.6564064547559 797.0
1005.8998836460353 804.0
1006.1433517819551 823.0
1006.3868108620323 811.0
1006.6302608857841 800.0
1006.8737018527269 801.0
1007.1171337623779 796.0
1007.3605566142537 816.0
1007.6039704078715 803.0
1007.8473751427481 793.0
1008.0907708184001 791.0
1008.3341574343445 808.0
1008.5775349900982 811.0
1008.8209034851784 809.0
1009.0642629191013 797.0
1009.3076132913841 808.0
1009.5509546015439 828.0
1009.7942868490973 806.0
1010.0376100335611 819.0
1010.2809241544525 805.0
1010.5242292112879 803.0
1010.7675252035845 810.0
1011.010812130859 782.0
1011.2540899926286 814.0
1011.4973587884098 801.0
1011.7406185177194 800.0
1011.9838691800747 805.0
1012.2271107749921 821.0
1012.470343301989 810.0
1012.7135667605817 796.0
1012.9567811502875 814.0
1013.1999864706231 810.0
1013.4431827211052 802.0
1013.686369901251 816.0
1013.929548010577 788.0
1014.1727170486006 807.0
1014.4158770148383 806.0
1014.6590279088067 822.0
1014.9021697300233 810.0
1015.1453024780044 808.0
1015.3884261522674 811.0
1015.6315407523286 813.0
1015.8746462777051 797.0
1016.1177427279141 805.0
1016.3608301024719 808.0
1016.603908400896 808.0
1016.8469776227028 793.0
1017.0900377674091 808.0
1017.3330888345322 807.0
1017.5761308235883 801.0
1017.8191637340951 797.0
1018.0621875655689 800.0
1018.3052023175269 809.0
1018.5482079894858 819.0
1018.7912045809622 802.0
1019.0341920914735 807.0
1019.2771705205361 817.0
1019.5201398676672 801.0
1019.7631001323837 796.0
1020.006051314202 794.0
1020.2489934126395 811.0
1020.4919264272125 816.0
1020.7348503574386 809.0
1020.9777652028342 814.0
1021.2206709629161 809.0
1021.4635676372014 805.0
1021.7064552252067 805.0
1021.9493337264495 804.0
1022.1922031404459 825.0
1022.4350634667132 821.0
1022.6779147047681 816.0
1022.9207568541273 809.0
1023.1635899143083 808.0
1023.4064138848273 804.0
1023.6492287652015 816.0
1023.8920345549478 814.0
1024.134831253583 809.0
1024.377618860624 814.0
1024.6203973755871 798.0
1024.8631667979898 803.0
1025.1059271273493 801.0
1025.3486783631818 805.0
1025.5914205050044 821.0
1025.8341535523336 798.0
1026.076877504687 816.0
1026.3195923615808 800.0
1026.5622981225324 814.0
1026.8049947870584 808.0
1027.0476823546753 817.0
1027.2903608249007 812.0
1027.5330301972513 808.0
1027.7756904712435 798.0
1028.0183416463947 793.0
1028.260983722221 798.0
1028.5036166982402 795.0
1028.7462405739689 817.0
1028.9888553489234 806.0
1029.2314610226213 807.0
1029.474057594579 791.0
1029.7166450643138 820.0
1029.9592234313418 821.0
1030.2017926951808 808.0
1030.4443528553472 807.0
1030.6869039113576 787.0
1030.9294458627296 810.0
1031.1719787089794 813.0
1031.414502449624 817.0
1031.6570170841808 807.0
1031.8995226121658 799.0
1032.1420190330966 805.0
1032.3845063464896 809.0
1032.6269845518618 812.0
1032.8694536487305 812.0
1033.111913636612 794.0
1033.3543645150232 804.0
1033.596806283481 799.0
1033.8392389415026 795.0
1034.081662488605 809.0
1034.324076924304 796.0
1034.566482248118 796.0
1034.8088784595625 808.0
1035.0512655581551 818.0
1035.2936435434124 806.0
1035.5360124148515 810.0
1035.778372171989 803.0
1036.020722814342 806.0
1036.2630643414275 797.0
1036.5053967527615 805.0
1036.7477200478622 801.0
1036.9900342262456 804.0
1037.2323392874284 804.0
1037.4746352309282 809.0
1037.7169220562612 794.0
1037.9591997629448 802.0
1038.2014683504956 802.0
1038.4437278184303 803.0
1038.685978166266 808.0
1038.9282193935196 800.0
1039.170451499708 796.0
1039.4126744843477 802.0
1039.6548883469559 788.0
1039.8970930870496 794.0
1040.1392887041452 818.0
1040.3814751977598 803.0
1040.6236525674105 800.0
1040.8658208126137 800.0
1041.107979932887 800.0
1041.3501299277466 821.0
1041.5922707967095 817.0
1041.8344025392926 807.0
1042.0765251550129 799.0
1042.3186386433872 812.0
1042.5607430039322 802.0
1042.802838236165 806.0
1043.0449243396022 790.0
1043.2870013137613 805.0
1043.5290691581586 806.0
1043.7711278723107 822.0
1044.013177455735 807.0
1044.2552179079482 785.0
1044.4972492284676 815.0
1044.7392714168093 810.0
1044.9812844724902 810.0
1045.223288395028 807.0
1045.4652831839387 809.0
1045.70726883874 812.0
1045.949245358948 806.0
1046.1912127440798 804.0
1046.4331709936528 812.0
1046.675120107183 805.0
1046.9170600841878 813.0
1047.1589909241836 816.0
1047.400912626688 816.0
1047.6428251912175 814.0
1047.8847286172886 803.0
1048.1266229044188 809.0
1048.3685080521243 813.0
1048.6103840599228 806.0
1048.8522509273307 810.0
1049.0941086538646 804.0
1049.3359572390418 808.0
1049.577796682379 802.0
1049.819626983393 792.0
1050.061448141601 805.0
1050.3032601565194 808.0
1050.5450630276655 813.0
1050.7868567545556 792.0
1051.0286413367073 800.0
1051.270416773637 800.0
1051.5121830648616 793.0
1051.7539402098982 801.0
1051.9956882082631 814.0
1052.237427059474 812.0
1052.479156763047 805.0
1052.7208773184996 808.0
1052.9625887253483 804.0
1053.2042909831098 828.0
1053.4459840913016 805.0
1053.6876680494397 805.0
1053.929342857042 806.0
1054.1710085136244 798.0
1054.4126650187043 806.0
1054.6543123717986 810.0
1054.8959505724238 810.0
1055.1375796200969 799.0
1055.3791995143351 808.0
1055.620810254655 805.0
1055.8624118405735 792.0
1056.1040042716074 804.0
1056.3455875472737 805.0
1056.5871616670893 816.0
1056.8287266305706 796.0
1057.070282437235 808.0
1057.3118290865991 797.0
1057.5533665781802 814.0
1057.7948949114943 813.0
1058.0364140860593 794.0
1058.2779241013916 820.0
1058.5194249570077 821.0
1058.760916652425 810.0
1059.0023991871599 792.0
1059.24387256073 792.0
1059.4853367726514 804.0
1059.7267918224413 808.0
1059.968237709617 802.0
1060.2096744336943 792.0
1060.451101994191 802.0
1060.6925203906237 797.0
1060.933929622509 808.0
1061.1753296893642 807.0
1061.4167205907056 804.0
1061.6581023260508 807.0
1061.8994748949162 798.0
1062.1408382968189 807.0
1062.3821925312755 801.0
1062.6235375978026 802.0
1062.8648734959181 811.0
1063.1062002251376 803.0
1063.3475177849793 802.0
1063.588826174959 812.0
1063.830125394594 808.0
1064.0714154434013 813.0
1064.312696320897 798.0
1064.553968026599 803.0
1064.7952305600238 805.0
1065.036483920688 814.0
1065.2777281081087 811.0
1065.5189631218025 803.0
1065.7601889612868 804.0
1066.001405626078 801.0
1066.2426131156928 798.0
1066.4838114296492 794.0
1066.7250005674625 788.0
1066.9661805286507 805.0
1067.2073513127305 794.0
1067.4485129192178 794.0
1067.689665347631 801.0
1067.9308085974856 809.0
1068.1719426682996 786.0
1068.413067559589 803.0
1068.654183270871 796.0
1068.8952898016628 801.0
1069.1363871514804 795.0
1069.3774753198418 807.0
1069.618554306263 805.0
1069.8596241102612 808.0
1070.100684731353 806.0
1070.3417361690556 800.0
1070.582778422886 820.0
1070.8238114923604 811.0
1071.0648353769964 808.0
1071.3058500763104 788.0
1071.5468555898192 792.0
1071.7878519170404 793.0
1072.02883905749 796.0
1072.2698170106853 800.0
1072.5107857761434 792.0
1072.75174535338 797.0
1072.9926957419138 814.0
1073.23363694126 816.0
1073.4745689509368 823.0
1073.7154917704597 818.0
1073.9564053993467 808.0
1074.1973098371145 798.0
1074.4382050832794 782.0
1074.6790911373587 806.0
1074.9199679988692 816.0
1075.1608356673278 797.0
1075.4016941422512 797.0
1075.6425434231562 823.0
1075.8833835095604 804.0
1076.1242144009796 805.0
1076.3650360969316 801.0
1076.6058485969324 782.0
1076.8466519004996 792.0
1077.0874460071498 805.0
1077.3282309163997 800.0
1077.5690066277664 806.0
1077.8097731407665 796.0
1078.0505304549172 790.0
1078.2912785697354 800.0
1078.5320174847377 816.0
1078.772747199441 812.0
1079.0134677133622 804.0
1079.2541790260184 783.0
1079.4948811369263 801.0
1079.7355740456023 793.0
1079.9762577515642 797.0
1080.2169322543277 814.0
1080.4575975534112 810.0
1080.6982536483301 819.0
1080.9389005386022 805.0
1081.179538223744 805.0
1081.4201667032721 801.0
1081.6607859767041 797.0
1081.9013960435564 819.0
1082.1419969033457 810.0
1082.382588555589 802.0
1082.6231709998035 807.0
1082.863744235506 797.0
1083.104308262213 806.0
1083.3448630794412 798.0
1083.5854086867082 792.0
1083.8259450835303 796.0
1084.0664722694248 802.0
1084.306990243908 813.0
1084.5474990064974 828.0
1084.7879985567097 797.0
1085.0284888940612 791.0
1085.2689700180695 811.0
1085.509441928251 798.0
1085.749904624123 809.0
1085.990358105202 815.0
1086.2308023710048 798.0
1086.4712374210485 791.0
1086.71166325485 808.0
1086.9520798719261 807.0
1087.1924872717937 809.0
1087.4328854539694 806.0
1087.6732744179706 818.0
1087.9136541633134 801.0
1088.1540246895156 806.0
1088.3943859960934 789.0
1088.6347380825637 800.0
1088.8750809484436 790.0
1089.1154145932499 786.0
1089.3557390164995 797.0
1089.5960542177095 795.0
1089.836360196396 794.0
1090.0766569520767 810.0
1090.3169444842679 814.0
1090.557222792487 814.0
1090.7974918762502 816.0
1091.037751735075 825.0
1091.2780023684782 800.0
1091.518243775976 798.0
1091.7584759570861 799.0
1091.9986989113247 797.0
1092.2389126382093 786.0
1092.4791171372563 802.0
1092.7193124079827 810.0
1092.9594984499054 811.0
1093.1996752625412 798.0
1093.4398428454072 802.0
1093.68000119802 808.0
1093.9201503198965 801.0
1094.1602902105537 790.0
1094.4004208695083 815.0
1094.6405422962773 800.0
1094.8806544903778 803.0
1095.120757451326 798.0
1095.3608511786392 801.0
1095.6009356718341 794.0
1095.8410109304282 789.0
1096.0810769539376 813.0
1096.3211337418795 808.0
1096.5611812937707 808.0
1096.8012196091279 791.0
1097.0412486874682 786.0
1097.2812685283084 805.0
1097.5212791311658 808.0
1097.7612804955563 811.0
1098.0012726209975 808.0
1098.2412555070064 800.0
1098.4812291530989 803.0
1098.721193558793 805.0
1098.961148723605 808.0
1099.2010946470518 782.0
1099.4410313286503 818.0
1099.6809587679172 803.0
1099.92087696437 788.0
1100.1607859175251 802.0
1100.400685626899 802.0
1100.640576092009 797.0
1100.880457312372 810.0
1101.1203292875052 818.0
1101.3601920169247 802.0
1101.6000455001479 805.0
1101.8398897366915 791.0
1102.079724726072 805.0
1102.3195504678072 801.0
1102.559366961413 810.0
1102.7991742064069 808.0
1103.0389722023056 805.0
1103.2787609486254 808.0
1103.5185404448844 789.0
1103.7583106905984 796.0
1103.9980716852845 800.0
1104.23782342846 803.0
1104.4775659196412 804.0
1104.7172991583454 807.0
1104.9570231440887 791.0
1105.1967378763893 797.0
1105.436443354763 805.0
1105.6761395787273 814.0
1105.9158265477986 804.0
1106.1555042614937 797.0
1106.3951727193298 805.0
1106.6348319208234 801.0
1106.8744818654923 796.0
1107.1141225528525 792.0
1107.3537539824208 800.0
1107.5933761537144 801.0
1107.8329890662503 796.0
1108.072592719545 790.0
1108.3121871131157 792.0
1108.551772246479 801.0
1108.7913481191517 793.0
1109.030914730651 814.0
1109.2704720804938 805.0
1109.5100201681967 799.0
1109.7495589932764 802.0
1109.9890885552504 799.0
1110.2286088536348 800.0
1110.4681198879473 794.0
1110.707621657704 805.0
1110.9471141624224 790.0
1111.1865974016187 792.0
1111.4260713748101 797.0
1111.665536081514 804.0
1111.9049915212463 806.0
1112.1444376935244 798.0
1112.3838745978653 796.0
1112.6233022337854 811.0
1112.8627206008023 800.0
1113.102129698432 810.0
1113.3415295261918 797.0
1113.5809200835986 781.0
1113.820301370169 790.0
1114.0596733854206 798.0
1114.2990361288694 825.0
1114.5383896000326 795.0
1114.7777337984273 797.0
1115.0170687235698 809.0
1115.2563943749778 809.0
1115.4957107521673 783.0
1115.7350178546556 821.0
1115.9743156819598 796.0
1116.213604233596 792.0
1116.452883509082 787.0
1116.692153507934 803.0
1116.9314142296694 805.0
1117.1706656738045 807.0
1117.4099078398563 791.0
1117.6491407273422 808.0
1117.8883643357783 821.0
1118.1275786646822 811.0
1118.36678371357 803.0
1118.6059794819594 785.0
1118.8451659693665 807.0
1119.0843431753085 804.0
1119.3235110993026 793.0
1119.5626697408647 797.0
1119.8018190995128 815.0
1120.0409591747637 792.0
1120.2800899661331 794.0
1120.519211473139 811.0
1120.7583236952978 800.0
1120.9974266321262 796.0
1121.236520283142 813.0
1121.4756046478608 813.0
1121.7146797258001 815.0
1121.9537455164768 804.0
1122.192802019408 795.0
1122.4318492341101 813.0
1122.6708871601 803.0
1122.909915796895 801.0
1123.1489351440111 804.0
1123.3879452009662 794.0
1123.6269459672762 815.0
1123.865937442459 814.0
1124.1049196260308 798.0
1124.3438925175087 805.0
