gas=Ar_shot=22_power=216.6WHR4000 spectrum
Wavelength [nm] // Intensity [u.a.] 
194.93414 807.0
195.2037815346219 773.0
195.47341553816543 785.0
195.74304201014752 785.0
196.012660950085 804.0
196.28227235749478 807.0
196.55187623189366 799.0
196.82147257279857 808.0
197.09106137972637 807.0
197.36064265219392 807.0
197.63021638971804 809.0
197.89978259181567 820.0
198.16934125800364 809.0
198.43889238779886 799.0
198.7084359807181 813.0
198.97797203627835 808.0
199.2475005539964 792.0
199.51702153338914 829.0
199.78653497397343 810.0
200.05604087526618 808.0
200.3255392367842 816.0
200.59503005804436 816.0
200.8645133385636 806.0
201.1339890778587 788.0
201.4034572754466 805.0
201.67291793084408 796.0
201.94237104356813 811.0
202.21181661313554 825.0
202.48125463906314 807.0
202.7506851208679 802.0
203.02010805806663 805.0
203.28952345017618 807.0
203.55893129671344 806.0
203.8283315971953 812.0
204.0977243511386 815.0
204.3671095580602 805.0
204.636487217477 793.0
204.90585732890585 809.0
205.17521989186366 810.0
205.44457490586717 819.0
205.7139223704334 829.0
205.98326228507918 823.0
206.2525946493213 785.0
206.5219194626767 799.0
206.79123672466224 797.0
207.06054643479476 817.0
207.32984859259116 802.0
207.59914319756828 806.0
207.86843024924303 790.0
208.13770974713225 818.0
208.40698169075276 798.0
208.6762460796215 821.0
208.94550291325532 802.0
209.2147521911711 807.0
209.48399391288567 812.0
209.75322807791594 804.0
210.02245468577874 811.0
210.29167373599094 803.0
210.56088522806942 806.0
210.83008916153108 814.0
211.09928553589276 804.0
211.3684743506713 811.0
211.63765560538363 805.0
211.9068292995466 819.0
212.175995432677 806.0
212.44515400429182 817.0
212.71430501390782 817.0
212.98344846104192 816.0
213.25258434521103 812.0
213.52171266593191 828.0
213.79083342272153 814.0
214.05994661509675 809.0
214.3290522425744 820.0
214.5981503046713 834.0
214.8672408009044 817.0
215.13632373079054 794.0
215.4053990938466 811.0
215.6744668895894 812.0
215.94352711753592 817.0
216.21257977720293 808.0
216.48162486810728 801.0
216.7506623897659 811.0
217.01969234169565 799.0
217.2887147234134 792.0
217.55772953443596 808.0
217.82673677428028 815.0
218.0957364424632 807.0
218.36472853850154 805.0
218.6337130619122 810.0
218.9026900122121 819.0
219.17165938891804 804.0
219.4406211915469 805.0
219.70957541961562 815.0
219.97852207264097 813.0
220.24746115013983 808.0
220.5163926516291 814.0
220.78531657662566 808.0
221.05423292464639 825.0
221.32314169520808 817.0
221.59204288782766 798.0
221.860936502022 812.0
222.12982253730797 815.0
222.39870099320237 819.0
222.66757186922214 818.0
222.93643516488416 808.0
223.20529087970525 797.0
223.47413901320226 805.0
223.74297956489212 814.0
224.01181253429166 823.0
224.28063792091777 821.0
224.5494557242873 810.0
224.8182659439171 805.0
225.08706857932413 814.0
225.35586363002508 800.0
225.62465109553705 822.0
225.89343097537673 821.0
226.16220326906105 811.0
226.43096797610687 797.0
226.69972509603105 792.0
226.9684746283505 805.0
227.237216572582 809.0
227.50595092824256 810.0
227.7746776948489 810.0
228.04339687191796 805.0
228.31210845896663 816.0
228.5808124555117 813.0
228.84950886107015 809.0
229.11819767515877 806.0
229.38687889729442 796.0
229.65555252699397 800.0
229.92421856377433 811.0
230.1928770071524 819.0
230.46152785664492 822.0
230.73017111176884 801.0
230.99880677204106 813.0
231.26743483697837 807.0
231.53605530609772 803.0
231.8046681789159 834.0
232.07327345494983 808.0
232.34187113371638 819.0
232.61046121473237 812.0
232.87904369751473 804.0
233.14761858158028 811.0
233.41618586644586 819.0
233.68474555162845 818.0
233.95329763664483 820.0
234.2218421210119 816.0
234.49037900424648 814.0
234.7589082858655 804.0
235.02742996538583 818.0
235.29594404232427 818.0
235.56445051619772 800.0
235.8329493865231 807.0
236.10144065281722 823.0
236.36992431459691 810.0
236.63840037137916 816.0
236.9068688226808 795.0
237.1753296680186 816.0
237.44378290690955 824.0
237.7122285388704 823.0
237.9806665634181 797.0
238.24909698006957 810.0
238.51751978834153 808.0
238.78593498775095 795.0
239.0543425778147 837.0
239.32274255804958 832.0
239.59113492797255 814.0
239.8595196871004 815.0
240.12789683495004 809.0
240.3962663710383 813.0
240.66462829488208 825.0
240.93298260599826 812.0
241.2013293039037 809.0
241.46966838811522 810.0
241.73799985814978 809.0
242.00632371352418 811.0
242.27463995375527 825.0
242.54294857835998 813.0
242.81124958685515 811.0
243.07954297875764 813.0
243.34782875358434 812.0
243.61610691085207 825.0
243.88437745007772 817.0
244.15264037077822 814.0
244.42089567247035 816.0
244.68914335467105 825.0
244.95738341689716 822.0
245.2256158586655 808.0
245.493840679493 826.0
245.76205787889654 803.0
246.03026745639292 797.0
246.29846941149904 808.0
246.5666637437318 812.0
246.834850452608 812.0
247.1030295376446 813.0
247.37120099835838 814.0
247.63936483426627 824.0
247.9075210448851 818.0
248.17566962973177 811.0
248.4438105883231 817.0
248.71194392017603 818.0
248.98006962480733 828.0
249.248187701734 826.0
249.51629815047275 830.0
249.78440097054056 822.0
250.05249616145431 794.0
250.32058372273076 814.0
250.5886636538869 801.0
250.85673595443953 819.0
251.12480062390551 809.0
251.39285766180177 823.0
251.6609070676451 810.0
251.92894884095242 801.0
252.19698298124058 801.0
252.46500948802645 816.0
252.73302836082692 801.0
253.00103959915882 805.0
253.26904320253902 833.0
253.53703917048443 813.0
253.80502750251188 809.0
254.07300819813827 823.0
254.34098125688044 821.0
254.60894667825525 825.0
254.87690446177962 804.0
255.14485460697037 791.0
255.41279711334434 802.0
255.6807319804185 806.0
255.94865920770962 812.0
256.2165787947346 811.0
256.48449074101035 810.0
256.75239504605366 805.0
257.02029170938147 818.0
257.28818073051065 809.0
257.556062108958 839.0
257.8239358442404 821.0
258.0918019358748 803.0
258.35966038337796 815.0
258.6275111862668 822.0
258.8953543440582 821.0
259.163189856269 822.0
259.4310177224162 810.0
259.6988379420164 808.0
259.9666505145867 808.0
260.23445543964385 803.0
260.50225271670473 808.0
260.77004234528624 813.0
261.03782432490533 809.0
261.3055986550787 826.0
261.5733653353234 815.0
261.8411243651561 818.0
262.1088757440937 802.0
262.37661947165327 804.0
262.6443555473515 822.0
262.9120839707053 823.0
263.1798047412315 817.0
263.44751785844704 816.0
263.7152233218687 805.0
263.98292113101354 807.0
264.2506112853982 806.0
264.51829378453965 814.0
264.7859686279547 818.0
265.05363581516025 805.0
265.32129534567326 810.0
265.5889472190105 802.0
265.8565914346889 808.0
266.1242279922252 809.0
266.39185689113634 807.0
266.65947813093925 806.0
266.9270917111508 815.0
267.19469763128774 829.0
267.46229589086704 814.0
267.72988648940554 806.0
267.9974694264201 821.0
268.2650447014276 812.0
268.53261231394487 804.0
268.80017226348883 804.0
269.0677245495763 810.0
269.3352691717242 816.0
269.60280612944933 807.0
269.8703354222686 807.0
270.13785704969894 808.0
270.40537101125716 802.0
270.67287730646007 808.0
270.9403759348246 816.0
271.2078668958677 811.0
271.47535018910605 804.0
271.7428258140567 825.0
272.01029377023633 814.0
272.2777540571619 804.0
272.5452066743504 808.0
272.81265162131854 804.0
273.08008889758327 808.0
273.34751850266144 817.0
273.6149404360698 803.0
273.8823546973254 803.0
274.1497612859451 809.0
274.4171602014456 801.0
274.6845514433439 813.0
274.95193501115676 812.0
275.2193109044012 817.0
275.486679122594 816.0
275.7540396652521 825.0
276.02139253189216 820.0
276.2887377220313 820.0
276.55607523518626 812.0
276.82340507087395 806.0
277.09072722861123 789.0
277.3580417079149 779.0
277.62534850830195 814.0
277.8926476292892 822.0
278.1599390703934 837.0
278.4272228311316 806.0
278.69449891102056 806.0
278.96176730957717 796.0
279.22902802631836 792.0
279.4962810607609 800.0
279.76352641242164 820.0
280.0307640808177 820.0
280.29799406546556 809.0
280.5652163658824 821.0
280.8324309815849 813.0
281.09963791209003 807.0
281.3668371569146 820.0
281.6340287155756 817.0
281.9012125875897 804.0
282.168388772474 805.0
282.4355572697452 817.0
282.7027180789201 804.0
282.9698711995158 814.0
283.23701663104896 813.0
283.50415437303667 810.0
283.77128442499554 802.0
284.0384067864426 812.0
284.3055214568946 806.0
284.57262843586864 809.0
284.8397277228814 806.0
285.1068193174497 812.0
285.37390321909055 818.0
285.6409794273207 813.0
285.9080479416572 812.0
286.1751087616167 820.0
286.4421618867162 814.0
286.7092073164725 833.0
286.9762450504025 800.0
287.24327508802315 816.0
287.5102974288511 801.0
287.77731207240345 793.0
288.04431901819703 812.0
288.3113182657485 800.0
288.578309814575 818.0
288.84529366419326 806.0
289.1122698141201 801.0
289.37923826387254 787.0
289.6461990129674 812.0
289.91315206092133 810.0
290.18009740725154 811.0
290.44703505147464 809.0
290.7139649931077 821.0
290.98088723166734 809.0
291.24780176667065 798.0
291.5147085976344 796.0
291.78160772407557 814.0
292.04849914551085 812.0
292.3153828614572 807.0
292.58225887143146 803.0
292.8491271749505 805.0
293.1159877715313 809.0
293.3828406606906 800.0
293.6496858419453 804.0
293.9165233148123 806.0
294.1833530788084 809.0
294.4501751334505 825.0
294.71698947825547 819.0
294.9837961127402 810.0
295.2505950364216 802.0
295.5173862488164 809.0
295.78416974944156 807.0
296.050945537814 804.0
296.31771361345045 821.0
296.584473975868 816.0
296.8512266245832 818.0
297.11797155911313 805.0
297.38470877897464 818.0
297.6514382836846 789.0
297.9181600727598 801.0
298.18487414571723 807.0
298.4515805020736 807.0
298.71827914134593 821.0
298.9849700630511 805.0
299.2516532667058 815.0
299.518328751827 798.0
299.78499651793163 809.0
300.0516565645365 813.0
300.3183088911584 809.0
300.58495349731436 811.0
300.8515903825211 810.0
301.1182195462956 802.0
301.3848409881546 821.0
301.65145470761513 812.0
301.91806070419403 820.0
302.184658977408 816.0
302.4512495267741 812.0
302.7178323518091 810.0
302.9844074520298 802.0
303.2509748269532 805.0
303.5175344760962 826.0
303.78408639897555 810.0
304.0506305951082 806.0
304.31716706401096 794.0
304.58369580520065 798.0
304.8502168181943 802.0
305.1167301025086 805.0
305.3832356576606 826.0
305.649733483167 820.0
305.9162235785447 817.0
306.1827059433106 814.0
306.4491805769817 818.0
306.7156474790747 802.0
306.98210664910647 805.0
307.2485580865939 811.0
307.5150017910539 819.0
307.7814377620034 809.0
308.0478659989591 816.0
308.31428650143795 810.0
308.58069926895683 819.0
308.8471043010326 802.0
309.1135015971821 812.0
309.37989115692227 807.0
309.6462729797699 797.0
309.91264706524197 825.0
310.1790134128551 817.0
310.4453720221265 807.0
310.71172289257277 800.0
310.97806602371094 806.0
311.2444014150577 802.0
311.5107290661301 802.0
311.777048976445 792.0
312.04336114551904 804.0
312.30966557286945 797.0
312.5759622580128 803.0
312.8422512004661 813.0
313.1085323997461 824.0
313.3748058553698 810.0
313.641071566854 814.0
313.90732953371554 805.0
314.17357975547145 802.0
314.4398222316384 803.0
314.70605696173334 793.0
314.9722839452731 804.0
315.23850318177466 796.0
315.50471467075477 805.0
315.7709184117303 804.0
316.0371144042182 818.0
316.3033026477353 809.0
316.56948314179846 800.0
316.8356558859246 805.0
317.1018208796305 810.0
317.36797812243304 814.0
317.6341276138491 827.0
317.90026935339563 799.0
318.1664033405894 812.0
318.4325295749473 814.0
318.6986480559862 802.0
318.96475878322303 793.0
319.2308617561746 793.0
319.4969569743577 817.0
319.76304443728935 821.0
320.0291241444864 795.0
320.2951960954656 805.0
320.5612602897438 813.0
320.82731672683815 802.0
321.0933654062652 810.0
321.359406327542 797.0
321.6254394901853 826.0
321.891464893712 811.0
322.157482537639 817.0
322.4234924214832 818.0
322.68949454476143 810.0
322.95548890699064 824.0
323.2214755076875 820.0
323.487454346369 823.0
323.753425422552 810.0
324.01938873575347 799.0
324.2853442854901 809.0
324.55129207127885 803.0
324.8172320926366 804.0
325.08316434908016 814.0
325.34908884012646 819.0
325.61500556529234 813.0
325.8809145240947 807.0
326.14681571605024 806.0
326.4127091406761 831.0
326.6785947974889 824.0
326.9444726860058 815.0
327.2103428057433 818.0
327.47620515621855 806.0
327.74205973694836 821.0
328.00790654744947 819.0
328.2737455872389 795.0
328.5395768558335 806.0
328.80540035275004 811.0
329.0712160775054 807.0
329.33702402961654 811.0
329.6028242086002 808.0
329.86861661397353 818.0
330.13440124525306 822.0
330.4001781019559 832.0
330.66594718359863 817.0
330.9317084896984 806.0
331.19746201977205 797.0
331.46320777333636 811.0
331.7289457499082 808.0
331.9946759490044 824.0
332.2603983701419 823.0
332.5261130128375 798.0
332.79181987660826 816.0
333.05751896097087 807.0
333.3232102654422 813.0
333.58889378953916 804.0
333.85456953277856 805.0
334.1202374946774 818.0
334.38589767475247 816.0
334.6515500725206 809.0
334.9171946874987 804.0
335.18283151920355 812.0
335.4484605671522 825.0
335.7140818308614 820.0
335.97969530984807 827.0
336.245301003629 820.0
336.51089891172114 806.0
336.77648903364127 808.0
337.04207136890636 825.0
337.30764591703326 819.0
337.5732126775387 801.0
337.83877164993976 800.0
338.10432283375314 819.0
338.36986622849577 817.0
338.63540183368457 801.0
338.9009296488363 801.0
339.16644967346787 807.0
339.4319619070962 823.0
339.6974663492381 825.0
339.9629629994105 807.0
340.22845185713027 804.0
340.4939329219141 810.0
340.75940619327906 811.0
341.02487167074196 808.0
341.2903293538197 814.0
341.555779242029 808.0
341.821221334887 814.0
342.0866556319103 805.0
342.3520821326158 817.0
342.6175008365205 817.0
342.8829117431413 813.0
343.1483148519949 794.0
343.41371016259825 810.0
343.6790976744682 815.0
343.9444773871216 806.0
344.20984930007546 802.0
344.4752134128465 827.0
344.74056972495157 813.0
345.0059182359076 814.0
345.27125894523147 833.0
345.53659185244 819.0
345.80191695705014 804.0
346.0672342585787 818.0
346.3325437565426 825.0
346.5978454504585 810.0
346.8631393398436 819.0
347.1284254242145 814.0
347.3937037030882 819.0
347.6589741759816 813.0
347.92423684241146 807.0
348.1894917018946 805.0
348.4547387539481 805.0
348.71997799808867 805.0
348.9852094338332 811.0
349.2504330606986 820.0
349.51564887820166 807.0
349.7808568858593 801.0
350.0460570831885 821.0
350.31124946970584 806.0
350.57643404492853 811.0
350.84161080837316 807.0
351.1067797595568 824.0
351.3719408979961 809.0
351.63709422320824 825.0
351.90223973470984 818.0
352.16737743201776 807.0
352.43250731464894 796.0
352.69762938212034 806.0
352.9627436339487 804.0
353.2278500696509 819.0
353.49294868874387 821.0
353.7580394907444 804.0
354.02312247516943 809.0
354.28819764153576 790.0
354.55326498936034 801.0
354.81832451816 818.0
355.08337622745165 843.0
355.348420116752 826.0
355.613456185578 819.0
355.8784844334467 816.0
356.1435048598747 803.0
356.4085174643791 826.0
356.6735222464765 814.0
356.938519205684 825.0
357.2035083415184 811.0
357.46848965349653 794.0
357.73346314113536 807.0
357.9984288039516 807.0
358.2633866414622 824.0
358.528336653184 800.0
358.793278838634 806.0
359.05821319732894 814.0
359.3231397287857 810.0
359.5880584325211 811.0
359.8529693080521 819.0
360.1178723548955 820.0
360.3827675725683 823.0
360.64765496058726 841.0
360.9125345184692 810.0
361.1774062457311 811.0
361.44227014188965 808.0
361.707126206462 806.0
361.9719744389649 813.0
362.2368148389151 825.0
362.5016474058295 824.0
362.766472139225 813.0
363.0312890386186 826.0
363.296098103527 822.0
363.5608993334672 819.0
363.82569272795587 809.0
364.09047828651006 802.0
364.35525600864656 824.0
364.6200258938823 826.0
364.8847879417341 821.0
365.1495421517188 812.0
365.41428852335326 816.0
365.67902705615444 822.0
365.9437577496392 819.0
366.2084806033243 819.0
366.4731956167267 823.0
366.7379027893632 814.0
367.0026021207507 811.0
367.2672936104061 816.0
367.5319772578463 805.0
367.79665306258806 815.0
368.06132102414836 823.0
368.32598114204393 820.0
368.59063341579173 813.0
368.85527784490864 812.0
369.1199144289115 805.0
369.3845431673172 811.0
369.6491640596426 819.0
369.91377710540445 824.0
370.1783823041198 824.0
370.44297965530546 811.0
370.70756915847835 802.0
370.97215081315517 822.0
371.2367246188529 821.0
371.5012905750884 814.0
371.7658486813786 823.0
372.0303989372402 809.0
372.29494134219027 809.0
372.5594758957455 816.0
372.82400259742286 816.0
373.08852144673915 799.0
373.3530324432114 818.0
373.6175355863563 816.0
373.8820308756908 805.0
374.1465183107317 814.0
374.410997890996 823.0
374.6754696160004 809.0
374.93993348526186 811.0
375.2043894982973 819.0
375.4688376546235 806.0
375.7332779537573 806.0
375.9977103952157 819.0
376.26213497851546 812.0
376.52655170317354 809.0
376.7909605687067 825.0
377.05536157463183 826.0
377.3197547204658 801.0
377.5841400057256 804.0
377.84851742992794 807.0
378.11288699258984 809.0
378.37724869322795 817.0
378.64160253135935 828.0
378.90594850650075 813.0
379.1702866181692 803.0
379.4346168658814 801.0
379.69893924915425 796.0
379.9632537675047 832.0
380.2275604204495 800.0
380.49185920750574 806.0
380.75615012819 804.0
381.0204331820193 829.0
381.2847083685105 825.0
381.5489756871804 839.0
381.8132351375459 818.0
382.07748671912407 814.0
382.34173043143153 821.0
382.6059662739852 813.0
382.8701942463019 807.0
383.1344143478986 826.0
383.3986265782921 823.0
383.6628309369994 820.0
383.92702742353725 820.0
384.1912160374225 823.0
384.45539677817203 815.0
384.7195696453027 798.0
384.98373463833155 815.0
385.2478917567753 816.0
385.5120410001507 813.0
385.7761823679748 802.0
386.0403158597644 816.0
386.30444147503647 812.0
386.5685592133077 813.0
386.8326690740951 827.0
387.09677105691543 820.0
387.36086516128563 802.0
387.6249513867226 823.0
387.88902973274315 819.0
388.15310019886414 813.0
388.41716278460245 798.0
388.68121748947493 806.0
388.9452643129986 813.0
389.2093032546901 812.0
389.47333431406645 807.0
389.73735749064434 797.0
390.0013727839409 810.0
390.2653801934728 806.0
390.52937971875696 810.0
390.7933713593103 797.0
391.05735511464974 826.0
391.3213309842919 840.0
391.5852989677539 813.0
391.8492590645524 810.0
392.1132112742045 809.0
392.37715559622694 815.0
392.6410920301366 812.0
392.9050205754503 825.0
393.1689412316849 819.0
393.43285399835736 794.0
393.69675887498465 814.0
393.96065586108335 830.0
394.2245449561705 818.0
394.4884261597629 830.0
394.75229947137757 867.0
395.01616489053123 861.0
395.28002241674085 839.0
395.5438720495231 839.0
395.80771378839506 818.0
396.0715476328735 816.0
396.33537358247537 819.0
396.5991916367174 813.0
396.86300179511665 823.0
397.12680405718976 820.0
397.39059842245376 821.0
397.65438489042543 812.0
397.91816346062177 817.0
398.18193413255955 806.0
398.4456969057556 812.0
398.7094517797268 813.0
398.97319875399006 809.0
399.2369378280623 816.0
399.50066900146027 816.0
399.764392273701 825.0
400.02810764430114 810.0
400.2918151127777 818.0
400.55551467864757 821.0
400.81920634142756 806.0
401.08289010063453 801.0
401.34656595578537 805.0
401.6102339063969 821.0
401.8738939519861 810.0
402.1375460920697 813.0
402.4011903261647 824.0
402.6648266537879 814.0
402.92845507445617 813.0
403.1920755876863 824.0
403.4556881929953 826.0
403.71929288990003 826.0
403.98288967791734 834.0
404.246478556564 828.0
404.5100595253569 862.0
404.77363258381297 818.0
405.03719773144906 829.0
405.3007549677821 819.0
405.56430429232887 818.0
405.82784570460626 839.0
406.0913792041311 822.0
406.35490479042033 815.0
406.61842246299085 797.0
406.88193222135936 821.0
407.14543406504293 815.0
407.4089279935582 815.0
407.6724140064223 824.0
407.9358921031519 821.0
408.19936228326395 810.0
408.4628245462754 813.0
408.7262788917029 825.0
408.9897253190635 821.0
409.25316382787395 811.0
409.5165944176513 813.0
409.7800170879122 820.0
410.04343183817366 815.0
410.30683866795243 817.0
410.57023757676546 833.0
410.83362856412975 813.0
411.09701162956185 812.0
411.3603867725789 820.0
411.62375399269763 812.0
411.887113289435 804.0
412.1504646623078 814.0
412.4138081108329 823.0
412.6771436345273 808.0
412.94047123290767 805.0
413.20379090549096 825.0
413.46710265179405 829.0
413.7304064713339 807.0
413.9937023636272 818.0
414.25699032819097 805.0
414.52027036454194 815.0
414.78354247219704 835.0
415.0468066506732 852.0
415.31006289948726 902.0
415.5733112181561 953.0
415.83655160619645 1066.0
416.0997840631253 993.0
416.3630085884595 922.0
416.62622518171594 869.0
416.8894338424115 853.0
417.152634570063 821.0
417.4158273641873 853.0
417.67901222430123 844.0
417.9421891499217 857.0
418.2053581405658 898.0
418.46851919575005 890.0
418.7316723149915 912.0
418.99481749780693 952.0
419.2579547437133 1016.0
419.5210840522274 1055.0
419.78420542286625 1168.0
420.04731885514644 1234.0
420.31042434858506 1066.0
420.573521902699 938.0
420.83661151700494 878.0
421.0996931910199 829.0
421.3627669242608 814.0
421.6258327162443 820.0
421.88889056648736 822.0
422.1519404745069 832.0
422.41498243981977 812.0
422.6780164619429 832.0
422.9410425403929 812.0
423.2040606746869 821.0
423.46707086434174 804.0
423.7300731088742 809.0
423.9930674078012 817.0
424.25605376063965 829.0
424.5190321669063 819.0
424.782002626118 835.0
425.0449651377918 859.0
425.30791970144446 889.0
425.57086631659286 912.0
425.83380498275386 990.0
426.0967356994443 1007.0
426.3596584661811 938.0
426.6225732824811 943.0
426.88548014786113 932.0
427.14837906183817 926.0
427.411270023929 902.0
427.6741530336505 841.0
427.9370280905195 835.0
428.199895194053 840.0
428.46275434376776 837.0
428.72560553918066 821.0
428.98844877980855 816.0
429.2512840651683 823.0
429.51411139477693 840.0
429.77693076815115 869.0
430.03974218480784 898.0
430.3025456442639 846.0
430.5653411460361 837.0
430.82812868964146 825.0
431.09090827459687 822.0
431.353679900419 827.0
431.61644356662487 821.0
431.87919927273134 815.0
432.1419470182551 810.0
432.40468680271334 837.0
432.66741862562276 852.0
432.93014248650013 877.0
433.1928583848624 896.0
433.45556632022647 927.0
433.7182662921092 902.0
433.9809583000275 873.0
434.24364234349815 855.0
434.506318422038 854.0
434.768986535164 845.0
435.031646682393 837.0
435.2942988632418 826.0
435.55694307722734 823.0
435.81957932386655 819.0
436.08220760267614 807.0
436.34482791317305 817.0
436.6074402548742 812.0
436.8700446272964 813.0
437.1326410299566 820.0
437.3952294623715 789.0
437.65780992405803 812.0
437.9203824145332 808.0
438.1829469333138 813.0
438.4455034799166 807.0
438.7080520538586 818.0
438.9705926546565 806.0
439.23312528182737 812.0
439.49564993488787 802.0
439.7581666133551 810.0
440.0206753167459 816.0
440.28317604457686 816.0
440.5456687963651 818.0
440.8081535716274 807.0
441.07063036988075 817.0
441.3330991906418 837.0
441.5955600334276 808.0
441.858012897755 807.0
442.12045778314075 809.0
442.3828946891018 823.0
442.6453236151551 815.0
442.9077445608174 812.0
443.17015752560553 813.0
443.4325625090365 816.0
443.69495951062703 825.0
443.95734852989415 806.0
444.21972956635454 815.0
444.4821026195253 818.0
444.74446768892307 812.0
445.00682477406485 808.0
445.2691738744674 807.0
445.5315149896478 804.0
445.79384811912274 817.0
446.05617326240906 810.0
446.31849041902376 813.0
446.58079958848356 817.0
446.8431007703055 794.0
447.10539396400634 796.0
447.367679169103 827.0
447.6299563851123 817.0
447.892225611551 822.0
448.15448684793625 810.0
448.4167400937847 810.0
448.67898534861325 814.0
448.9412226119389 827.0
449.2034518832783 812.0
449.46567316214856 809.0
449.72788644806633 825.0
449.99009174054856 818.0
450.2522890391122 838.0
450.514478343274 844.0
450.77665965255085 848.0
451.0388329664597 904.0
451.30099828451733 881.0
451.5631556062406 849.0
451.82530493114655 849.0
452.08744625875175 821.0
452.3495795885734 828.0
452.6117049201281 840.0
452.87382225293277 835.0
453.13593158650446 830.0
453.3980329203598 817.0
453.6601262540158 827.0
453.9222115869893 809.0
454.1842889187971 804.0
454.4463582489562 816.0
454.70841957698343 820.0
454.97047290239556 824.0
455.23251822470957 808.0
455.49455554344223 828.0
455.75658485811044 804.0
456.0186061682312 820.0
456.2806194733211 825.0
456.5426247728973 803.0
456.8046220664765 795.0
457.0666113535756 818.0
457.32859263371154 802.0
457.5905659064011 822.0
457.8525311711611 832.0
458.1144884275086 815.0
458.37643767496024 795.0
458.6383789130331 826.0
458.9003121412439 821.0
459.1622373591095 828.0
459.4241545661469 816.0
459.68606376187284 831.0
459.9479649458043 814.0
460.2098581174581 818.0
460.471743276351 806.0
460.733620422 816.0
460.9954895539219 832.0
461.2573506716337 812.0
461.51920377465206 809.0
461.78104886249406 815.0
462.0428859346764 821.0
462.304714990716 815.0
462.5665360301298 808.0
462.82834905243453 814.0
463.09015405714723 824.0
463.35195104378465 818.0
463.6137400118636 802.0
463.8755209609011 819.0
464.13729389041396 826.0
464.399058799919 805.0
464.6608156889332 824.0
464.92256455697327 818.0
465.18430540355615 834.0
465.4460382281988 802.0
465.707763030418 804.0
465.96947980973056 813.0
466.23118856565344 814.0
466.49288929770347 820.0
466.75458200539765 813.0
467.0162666882526 831.0
467.27794334578533 809.0
467.5396119775127 808.0
467.8012725829516 802.0
468.0629251616188 820.0
468.3245697130314 811.0
468.586206236706 817.0
468.8478347321596 811.0
469.109455198909 811.0
469.3710676364711 812.0
469.6326720443629 816.0
469.89426842210105 833.0
470.1558567692025 860.0
470.4174370851842 848.0
470.6790093695629 831.0
470.94057362185555 811.0
471.20212984157905 822.0
471.4636780282501 812.0
471.72521818138574 816.0
471.9867503005027 806.0
472.248274385118 818.0
472.5097904347484 813.0
472.7712984489108 806.0
473.03279842712203 818.0
473.29429036889906 815.0
473.55577427375863 813.0
473.8172501412177 813.0
474.07871797079315 816.0
474.34017776200176 803.0
474.6016295143605 822.0
474.8630732273861 822.0
475.1245089005955 810.0
475.3859365335057 824.0
475.64735612563334 819.0
475.9087676764954 818.0
476.1701711856088 815.0
476.4315666524903 821.0
476.6929540766569 810.0
476.95433345762535 811.0
477.2157047949125 811.0
477.47706808803537 823.0
477.7384233365106 806.0
477.9997705398553 806.0
478.26110969758616 798.0
478.52244080922014 798.0
478.78376387427414 812.0
479.04507889226494 817.0
479.3063858627094 813.0
479.5676847851245 808.0
479.828975659027 803.0
480.0902584839338 809.0
480.3515332593618 819.0
480.61279998482775 803.0
480.8740586598487 817.0
481.13530928394147 797.0
481.3965518566228 825.0
481.65778637740965 818.0
481.9190128458189 811.0
482.1802312613674 818.0
482.4414416235721 795.0
482.70264393194964 839.0
482.9638381860171 817.0
483.2250243852913 819.0
483.4862025292891 804.0
483.7473726175273 814.0
484.0085346495229 807.0
484.26968862479265 815.0
484.5308345428534 812.0
484.79197240322225 810.0
485.0531022054157 818.0
485.314223948951 836.0
485.57533763334476 816.0
485.8364432581139 812.0
486.0975408227754 821.0
486.35863032684597 817.0
486.61971176984247 800.0
486.880785151282 811.0
487.1418504706812 813.0
487.402907727557 827.0
487.66395692142635 836.0
487.92499805180597 847.0
488.18603111821284 837.0
488.44705612016384 819.0
488.7080730571757 833.0
488.9690819287655 804.0
489.2300827344499 817.0
489.49107547374587 821.0
489.75206014617027 812.0
490.01303675124 833.0
490.27400528847187 819.0
490.53496575738274 808.0
490.79591815748955 798.0
491.05686248830915 808.0
491.31779874935836 801.0
491.57872694015396 816.0
491.8396470602131 839.0
492.1005591090524 811.0
492.3614630861888 816.0
492.6223589911392 812.0
492.88324682342045 803.0
493.14412658254946 814.0
493.40499826804296 806.0
493.66586187941795 812.0
493.92671741619125 818.0
494.18756487787977 810.0
494.44840426400026 824.0
494.70923557406974 815.0
494.97005880760497 802.0
495.23087396412285 815.0
495.4916810431403 801.0
495.7524800441741 805.0
496.01327096674123 814.0
496.27405381035845 812.0
496.53482857454264 826.0
496.79559525881075 815.0
497.05635386267954 821.0
497.31710438566597 809.0
497.57784682728686 818.0
497.8385811870591 812.0
498.0993074644995 798.0
498.360025659125 817.0
498.6207357704524 835.0
498.88143779799873 810.0
499.14213174128065 816.0
499.40281759981514 819.0
499.6634953731191 817.0
499.92416506070924 813.0
500.1848266621026 818.0
500.445480176816 825.0
500.70612560436615 822.0
500.96676294427016 798.0
501.22739219604483 802.0
501.48801335920695 819.0
501.74862643327344 816.0
502.00923141776116 812.0
502.2698283121869 814.0
502.5304171160677 807.0
502.7909978289203 817.0
503.0515704502616 829.0
503.31213497960846 818.0
503.57269141647777 813.0
503.8332397603864 827.0
504.09378001085116 827.0
504.354312167389 829.0
504.6148362295168 833.0
504.8753521967513 837.0
505.1358600686094 824.0
505.3963598446082 821.0
505.6568515242642 834.0
505.9173351070945 841.0
506.17781059261597 851.0
506.4382779803454 818.0
506.69873726979966 816.0
506.95918846049574 814.0
507.2196315519502 826.0
507.4800665436803 809.0
507.74049343520267 818.0
508.00091222603425 818.0
508.261322915692 818.0
508.5217255036924 813.0
508.7821199895529 808.0
509.0425063727899 815.0
509.3028846529204 806.0
509.5632548294615 819.0
509.8236169019296 816.0
510.0839708698421 816.0
510.3443167327155 800.0
510.60465449006676 807.0
510.8649841414127 805.0
511.12530568627034 822.0
511.3856191241566 817.0
511.64592445458794 813.0
511.90622167708165 822.0
512.1665107911545 812.0
512.4267917963232 801.0
512.6870646921047 819.0
512.947329478016 805.0
513.2075861535739 817.0
513.467834718295 823.0
513.7280751716964 821.0
513.9883075132952 806.0
514.248531742608 810.0
514.5087478591515 829.0
514.7689558624429 842.0
515.0291557519989 847.0
515.2893475273365 848.0
515.5495311879723 839.0
515.8097067334235 843.0
516.0698741632067 848.0
516.3300334768389 907.0
516.5901846738369 865.0
516.8503277537177 833.0
517.1104627159981 820.0
517.3705895601947 822.0
517.630708285825 828.0
517.8908188924053 833.0
518.1509213794526 825.0
518.411015746484 832.0
518.6711019930159 876.0
518.9311801185657 906.0
519.19125012265 863.0
519.4513120047856 849.0
519.7113657644896 835.0
519.9714114012784 821.0
520.2314489146695 828.0
520.4914783041794 822.0
520.751499569325 823.0
521.0115127096234 841.0
521.271517724591 816.0
521.5315146137451 829.0
521.7915033766022 828.0
522.0514840126796 832.0
522.3114565214938 844.0
522.5714209025618 818.0
522.8313771554007 837.0
523.0913252795269 812.0
523.3512652744578 816.0
523.6111971397097 828.0
523.8711208747998 808.0
524.1310364792452 815.0
524.390943952562 827.0
524.6508432942679 830.0
524.9107345038794 827.0
525.1706175809132 812.0
525.4304925248866 837.0
525.690359335316 833.0
525.9502180117188 804.0
526.2100685536113 823.0
526.4699109605107 808.0
526.729745231934 798.0
526.9895713673975 810.0
527.2493893664187 833.0
527.5091992285141 812.0
527.7690009532007 809.0
528.0287945399953 810.0
528.2885799884149 806.0
528.5483572979764 810.0
528.8081264681963 818.0
529.0678874985917 831.0
529.3276403886796 824.0
529.5873851379768 819.0
529.8471217460001 831.0
530.1068502122662 811.0
530.3665705362923 812.0
530.6262827175951 820.0
530.8859867556915 806.0
531.1456826500984 808.0
531.4053704003326 795.0
531.6650500059111 817.0
531.9247214663504 809.0
532.1843847811678 822.0
532.4440399498801 818.0
532.7036869720038 811.0
532.9633258470562 805.0
533.222956574554 821.0
533.4825791540142 802.0
533.7421935849534 815.0
534.0017998668885 828.0
534.2613979993366 844.0
534.5209879818145 826.0
534.780569813839 811.0
535.0401434949268 816.0
535.2997090245951 822.0
535.5592664023607 819.0
535.8188156277402 807.0
536.0783567002508 818.0
536.3378896194092 816.0
536.5974143847321 820.0
536.8569309957369 813.0
537.1164394519398 812.0
537.3759397528582 816.0
537.6354318980087 822.0
537.8949158869082 817.0
538.1543917190737 823.0
538.4138593940218 823.0
538.6733189112697 817.0
538.932770270334 818.0
539.1922134707318 804.0
539.4516485119797 833.0
539.7110753935946 808.0
539.9704941150937 824.0
540.2299046759937 805.0
540.4893070758112 808.0
540.7487013140633 812.0
541.008087390267 827.0
541.2674653039389 833.0
541.526835054596 830.0
541.7861966417552 820.0
542.0455500649333 829.0
542.3048953236471 839.0
542.5642324174137 826.0
542.8235613457497 818.0
543.0828821081722 827.0
543.3421947041979 814.0
543.6014991333436 824.0
543.8607953951266 827.0
544.1200834890632 841.0
544.3793634146708 842.0
544.6386351714658 837.0
544.8978987589653 845.0
545.1571541766862 852.0
545.4164014241451 866.0
545.6756405008593 831.0
545.9348714063455 829.0
546.1940941401203 829.0
546.4533087017008 825.0
546.712515090604 812.0
546.9717133063466 814.0
547.2309033484453 828.0
547.4900852164174 830.0
547.7492589097793 815.0
548.0084244280482 809.0
548.2675817707409 822.0
548.526730937374 837.0
548.7858719274648 846.0
549.0450047405299 870.0
549.3041293760863 871.0
549.5632458336507 916.0
549.82235411274 936.0
550.0814542128714 887.0
550.3405461335612 840.0
550.5996298743269 852.0
550.8587054346848 853.0
551.117772814152 838.0
551.3768320122455 824.0
551.6358830284819 823.0
551.8949258623783 830.0
552.1539605134514 820.0
552.4129869812182 819.0
552.6720052651955 846.0
552.9310153649002 837.0
553.1900172798491 820.0
553.4490110095592 833.0
553.7079965535472 833.0
553.9669739113302 819.0
554.2259430824248 830.0
554.484904066348 838.0
554.7438568626167 836.0
555.0028014707476 834.0
555.261737890258 848.0
555.520666120664 849.0
555.7795861614834 899.0
556.0384980122324 944.0
556.2974016724281 906.0
556.5562971415874 856.0
556.8151844192269 837.0
557.0740635048638 834.0
557.3329343980148 880.0
557.5917970981968 872.0
557.8506516049267 848.0
558.1094979177213 840.0
558.3683360360976 822.0
558.6271659595724 822.0
558.8859876876625 845.0
559.1448012198848 837.0
559.4036065557561 834.0
559.6624036947936 854.0
559.9211926365136 865.0
560.1799733804337 858.0
560.43874592607 869.0
560.6975102729399 938.0
560.9562664205602 936.0
561.2150143684473 897.0
561.4737541161188 856.0
561.732485663091 838.0
561.9912090088809 830.0
562.2499241530056 837.0
562.5086310949818 816.0
562.7673298343262 824.0
563.026020370556 826.0
563.2847027031879 820.0
563.5433768317389 820.0
563.8020427557254 820.0
564.0607004746649 841.0
564.3193499880738 838.0
564.5779912954692 837.0
564.8366243963679 858.0
565.0952492902868 895.0
565.3538659767429 876.0
565.6124744552527 859.0
565.8710747253335 831.0
566.1296667865018 825.0
566.3882506382747 834.0
566.6468262801691 810.0
566.9053937117014 808.0
567.1639529323893 830.0
567.4225039417488 822.0
567.6810467392974 820.0
567.9395813245517 806.0
568.1981076970284 821.0
568.4566258562448 821.0
568.7151358017175 834.0
568.9736375329633 837.0
569.2321310494995 831.0
569.4906163508422 819.0
569.749093436509 810.0
570.0075623060163 809.0
570.2660229588813 830.0
570.5244753946206 822.0
570.7829196127512 826.0
571.0413556127901 820.0
571.2997833942537 806.0
571.5582029566596 822.0
571.8166142995238 813.0
572.075017422364 812.0
572.3334123246967 802.0
572.5917990060384 826.0
572.8501774659068 818.0
573.108547703818 832.0
573.3669097192892 841.0
573.6252635118373 826.0
573.8836090809789 865.0
574.1419464262314 852.0
574.400275547111 856.0
574.6585964431351 819.0
574.9169091138205 829.0
575.1752135586836 819.0
575.4335097772419 827.0
575.6917977690118 817.0
575.9500775335105 821.0
576.2083490702545 818.0
576.4666123787609 818.0
576.7248674585469 823.0
576.9831143091286 818.0
577.2413529300236 833.0
577.4995833207483 825.0
577.7578054808198 816.0
578.0160194097549 825.0
578.2742251070703 819.0
578.5324225722832 807.0
578.7906118049101 797.0
579.0487928044681 836.0
579.3069655704743 823.0
579.565130102445 817.0
579.8232863998975 806.0
580.0814344623485 805.0
580.339574289315 835.0
580.5977058803137 835.0
580.8558292348614 811.0
581.1139443524753 832.0
581.3720512326721 818.0
581.6301498749685 807.0
581.8882402788817 819.0
582.146322443928 817.0
582.4043963696251 814.0
582.6624620554893 817.0
582.9205195010375 824.0
583.1785687057866 814.0
583.4366096692537 838.0
583.6946423909554 839.0
583.9526668704085 841.0
584.2106831071303 812.0
584.4686911006373 830.0
584.7266908504463 818.0
584.9846823560746 814.0
585.2426656170385 812.0
585.5006406328554 803.0
585.7586074030418 827.0
586.0165659271148 839.0
586.2745162045912 822.0
586.5324582349878 832.0
586.7903920178214 823.0
587.0483175526091 821.0
587.3062348388676 811.0
587.5641438761138 824.0
587.8220446638645 836.0
588.0799372016369 853.0
588.3378214889474 858.0
588.5956975253132 887.0
588.8535653102509 919.0
589.1114248432776 916.0
589.3692761239103 874.0
589.6271191516653 850.0
589.88495392606 830.0
590.1427804466111 834.0
590.4005987128355 846.0
590.6584087242501 849.0
590.9162104803713 857.0
591.1740039807169 934.0
591.4317892248029 931.0
591.6895662121466 891.0
591.9473349422648 868.0
592.2050954146741 869.0
592.462847628892 835.0
592.7205915844347 856.0
592.9783272808194 874.0
593.236054717563 861.0
593.493773894182 848.0
593.7514848101939 851.0
594.009187465115 825.0
594.2668818584625 854.0
594.5245679897531 830.0
594.7822458585038 828.0
595.0399154642313 824.0
595.2975768064524 812.0
595.5552298846843 819.0
595.8128746984438 813.0
596.0705112472474 817.0
596.3281395306126 804.0
596.5857595480555 808.0
596.8433712990935 820.0
597.1009747832434 825.0
597.3585700000219 816.0
597.6161569489462 836.0
597.8737356295327 814.0
598.1313060412986 814.0
598.3888681837607 822.0
598.6464220564358 827.0
598.9039676588409 842.0
599.1615049904925 831.0
599.4190340509081 823.0
599.676554839604 834.0
599.9340673560972 826.0
600.1915715999048 823.0
600.4490675705435 811.0
600.7065552675302 819.0
600.9640346903817 820.0
601.221505838615 846.0
601.4789687117469 844.0
601.7364233092942 846.0
601.9938696307739 858.0
602.2513076757026 869.0
602.5087374435976 908.0
602.7661589339755 926.0
603.023572146353 969.0
603.2809770802475 1112.0
603.5383737351752 1079.0
603.7957621106534 1012.0
604.053142206199 949.0
604.3105140213286 966.0
604.5678775555593 959.0
604.8252328084078 916.0
605.0825797793912 870.0
605.3399184680261 889.0
605.5972488738295 866.0
605.8545709963181 872.0
606.111884835009 889.0
606.3691903894193 869.0
606.6264876590651 861.0
606.883776643464 851.0
607.1410573421324 835.0
607.3983297545875 821.0
607.6555938803461 835.0
607.9128497189247 818.0
608.1700972698408 825.0
608.4273365326108 833.0
608.6845675067516 826.0
608.9417901917803 821.0
609.1990045872135 818.0
609.4562106925683 835.0
609.7134085073615 828.0
609.9705980311098 867.0
610.2277792633305 866.0
610.4849522035397 888.0
610.7421168512552 874.0
610.9992732059933 861.0
611.2564212672709 828.0
611.5135610346049 833.0
611.7706925075122 808.0
612.0278156855098 835.0
612.2849305681145 829.0
612.542037154843 820.0
612.7991354452124 835.0
613.0562254387393 826.0
613.3133071349409 822.0
613.5703805333337 804.0
613.8274456334349 825.0
614.0845024347612 826.0
614.3415509368294 838.0
614.5985911391567 858.0
614.8556230412595 859.0
615.1126466426551 845.0
615.36966194286 841.0
615.6266689413914 838.0
615.8836676377659 828.0
616.1406580315004 822.0
616.3976401221121 825.0
616.6546139091173 844.0
616.9115793920333 858.0
617.1685365703769 863.0
617.4254854436648 877.0
617.6824260114142 857.0
617.9393582731417 836.0
618.196282228364 820.0
618.4531978765983 818.0
618.7101052173614 810.0
618.9670042501702 811.0
619.2238949745413 812.0
619.4807773899919 827.0
619.7376514960388 830.0
619.9945172921986 804.0
620.2513747779885 802.0
620.508223952925 807.0
620.7650648165256 813.0
621.0218973683066 839.0
621.2787216077849 848.0
621.5355375344776 858.0
621.7923451479013 862.0
622.0491444475734 848.0
622.3059354330103 838.0
622.5627181037288 821.0
622.8194924592461 817.0
623.0762584990788 815.0
623.333016222744 801.0
623.5897656297584 823.0
623.8465067196389 816.0
624.1032394919024 822.0
624.3599639460657 823.0
624.6166800816459 818.0
624.8733878981594 804.0
625.1300873951237 814.0
625.3867785720552 811.0
625.6434614284708 825.0
625.9001359638876 821.0
626.1568021778221 810.0
626.4134600697917 806.0
626.6701096393127 805.0
626.9267508859024 830.0
627.1833838090776 828.0
627.4400084083547 804.0
627.6966246832512 814.0
627.9532326332837 829.0
628.2098322579691 818.0
628.4664235568243 806.0
628.723006529366 813.0
628.9795811751112 834.0
629.2361474935768 835.0
629.4927054842794 849.0
629.7492551467363 850.0
630.0057964804641 848.0
630.2623294849799 867.0
630.5188541598001 839.0
630.775370504442 865.0
631.0318785184223 853.0
631.2883782012578 850.0
631.5448695524658 829.0
631.8013525715625 818.0
632.0578272580652 803.0
632.3142936114906 824.0
632.5707516313557 809.0
632.8272013171775 812.0
633.0836426684723 813.0
633.3400756847575 809.0
633.5965003655499 820.0
633.8529167103661 816.0
634.1093247187234 812.0
634.3657243901381 817.0
634.6221157241276 814.0
634.8784987202085 807.0
635.1348733778977 809.0
635.3912396967121 809.0
635.6475976761684 823.0
635.9039473157839 816.0
636.1602886150749 821.0
636.4166215735588 813.0
636.6729461907521 824.0
636.9292624661718 816.0
637.1855703993349 819.0
637.4418699897578 824.0
637.6981612369581 837.0
637.9544441404521 838.0
638.2107186997567 843.0
638.4669849143892 855.0
638.7232427838659 865.0
638.979492307704 853.0
639.2357334854204 829.0
639.4919663165317 819.0
639.7481908005552 807.0
640.0044069370073 827.0
640.2606147254052 819.0
640.5168141652655 826.0
640.7730052561054 833.0
641.0291879974413 854.0
641.2853623887906 869.0
641.5415284296699 942.0
641.797686119596 975.0
642.0538354580859 946.0
642.3099764446565 892.0
642.5661090788245 845.0
642.8222333601069 841.0
643.0783492880205 832.0
643.3344568620822 817.0
643.5905560818089 824.0
643.8466469467173 822.0
644.1027294563247 823.0
644.3588036101473 806.0
644.6148694077026 807.0
644.8709268485071 807.0
645.1269759320778 821.0
645.3830166579316 814.0
645.6390490255851 813.0
645.8950730345556 822.0
646.1510886843597 820.0
646.4070959745143 820.0
646.6630949045363 808.0
646.9190854739425 819.0
647.17506768225 824.0
647.4310415289752 819.0
647.6870070136354 814.0
647.9429641357473 816.0
648.1989128948277 811.0
648.4548532903938 827.0
648.7107853219619 805.0
648.9667089890495 818.0
649.222624291173 804.0
649.4785312278494 818.0
649.7344297985958 837.0
649.9903200029287 825.0
650.2462018403652 822.0
650.502075310422 804.0
650.7579404126162 824.0
651.0137971464646 801.0
651.2696455114838 821.0
651.525485507191 823.0
651.7813171331029 808.0
652.0371403887364 823.0
652.2929552736086 820.0
652.5487617872358 810.0
652.8045599291355 815.0
653.0603496988242 788.0
653.3161310958188 812.0
653.5719041196362 821.0
653.8276687697933 845.0
654.0834250458071 833.0
654.3391729471941 818.0
654.5949124734717 827.0
654.8506436241562 810.0
655.1063663987647 838.0
655.3620807968144 815.0
655.6177868178215 811.0
655.8734844613035 819.0
656.129173726777 815.0
656.3848546137588 847.0
656.6405271217659 837.0
656.8961912503149 829.0
657.1518469989231 809.0
657.4074943671071 820.0
657.6631333543837 817.0
657.9187639602701 817.0
658.1743861842826 806.0
658.4300000259387 820.0
658.6856054847549 824.0
658.9412025602483 803.0
659.1967912519353 806.0
659.4523715593333 803.0
659.707943481959 814.0
659.9635070193291 816.0
660.2190621709606 826.0
660.4746089363705 857.0
660.7301473150753 835.0
660.9856773065924 832.0
661.2411989104381 814.0
661.4967121261298 809.0
661.7522169531838 802.0
662.0077133911174 822.0
662.2632014394475 815.0
662.5186810976904 802.0
662.7741523653638 797.0
663.029615241984 812.0
663.2850697270679 807.0
663.5405158201327 811.0
663.7959535206948 793.0
664.0513828282715 826.0
664.3068037423793 824.0
664.5622162625355 828.0
664.8176203882564 825.0
665.0730161190594 808.0
665.3284034544613 804.0
665.5837823939785 826.0
665.8391529371283 836.0
666.0945150834276 838.0
666.349868832393 854.0
666.6052141835415 868.0
666.8605511363899 832.0
667.1158796904554 834.0
667.3711998452544 828.0
667.626511600304 868.0
667.8818149551211 877.0
668.1371099092223 860.0
668.3923964621249 843.0
668.6476746133454 843.0
668.9029443624008 823.0
669.1582057088083 830.0
669.4134586520839 817.0
669.6687031917455 827.0
669.9239393273093 835.0
670.1791670582923 818.0
670.4343863842114 823.0
670.6895973045835 831.0
670.9447998189256 817.0
671.1999939267544 834.0
671.4551796275866 810.0
671.7103569209394 821.0
671.9655258063294 833.0
672.220686283274 803.0
672.475838351289 798.0
672.7309820098925 822.0
672.9861172586005 823.0
673.2412440969302 809.0
673.4963625243987 814.0
673.7514725405223 816.0
674.0065741448183 805.0
674.2616673368035 814.0
674.5167521159946 855.0
674.7718284819086 908.0
675.0268964340622 973.0
675.2819559719727 1112.0
675.5370070951565 1099.0
675.7920498031307 1070.0
676.0470840954122 974.0
676.3021099715176 886.0
676.5571274309642 860.0
676.8121364732684 865.0
677.0671370979474 852.0
677.3221293045178 845.0
677.5771130924968 830.0
677.8320884614011 822.0
678.0870554107474 829.0
678.3420139400529 836.0
678.5969640488343 825.0
678.8519057366083 836.0
679.1068390028922 816.0
679.3617638472023 818.0
679.616680269056 827.0
679.8715882679699 813.0
680.1264878434607 821.0
680.3813789950458 823.0
680.6362617222414 825.0
680.8911360245651 811.0
681.146001901533 800.0
681.4008593526627 797.0
681.6557083774705 813.0
681.9105489754734 827.0
682.1653811461886 834.0
682.4202048891326 824.0
682.6750202038223 813.0
682.9298270897748 823.0
683.1846255465068 816.0
683.4394155735351 811.0
683.6941971703767 812.0
683.9489703365485 828.0
684.2037350715673 829.0
684.4584913749499 815.0
684.7132392462133 828.0
684.9679786848742 820.0
685.2227096904496 808.0
685.4774322624564 842.0
685.7321464004115 810.0
685.9868521038316 834.0
686.2415493722334 860.0
686.4962382051343 880.0
686.7509186020508 918.0
687.0055905624997 1002.0
687.2602540859983 1070.0
687.514909172063 1047.0
687.7695558202109 1020.0
688.0241940299587 898.0
688.2788238008236 877.0
688.5334451323221 871.0
688.7880580239712 886.0
689.042662475288 855.0
689.2972584857889 857.0
689.5518460549912 838.0
689.8064251824115 818.0
690.0609958675668 802.0
690.3155581099742 833.0
690.5701119091498 813.0
690.8246572646113 834.0
691.0791941758752 827.0
691.3337226424583 839.0
691.5882426638777 822.0
691.84275423965 818.0
692.0972573692924 826.0
692.3517520523214 828.0
692.6062382882542 830.0
692.8607160766074 816.0
693.1151854168979 856.0
693.3696463086428 859.0
693.6240987513587 911.0
693.8785427445628 925.0
694.1329782877717 929.0
694.3874053805022 920.0
694.6418240222713 878.0
694.8962342125958 860.0
695.1506359509929 890.0
695.405029236979 918.0
695.6594140700711 1011.0
695.9137904497863 1269.0
696.168158375641 1588.0
696.4225178471527 2188.0
696.676868863838 2475.0
696.9312114252134 2319.0
697.1855455307963 2053.0
697.4398711801031 1378.0
697.6941883726512 1057.0
697.9484971079568 949.0
698.2027973855375 906.0
698.4570892049098 892.0
698.7113725655903 872.0
698.9656474670965 858.0
699.2199139089445 856.0
699.4741718906519 865.0
699.7284214117353 844.0
699.9826624717113 846.0
700.2368950700971 829.0
700.4911192064093 820.0
700.7453348801653 831.0
700.9995420908814 837.0
701.2537408380745 821.0
701.5079311212619 821.0
701.7621129399598 841.0
702.016286293686 828.0
702.2704511819566 858.0
702.5246076042886 927.0
702.778755560199 981.0
703.0328950492045 1066.0
703.2870260708224 1028.0
703.5411486245691 1020.0
703.7952627099618 942.0
704.0493683265172 869.0
704.3034654737519 844.0
704.5575541511835 856.0
704.8116343583279 842.0
705.0657060947029 845.0
705.3197693598249 866.0
705.5738241532106 902.0
705.8278704743772 967.0
706.0819083228414 1190.0
706.3359376981203 1546.0
706.5899585997306 2116.0
706.8439710271889 2494.0
707.0979749800126 2258.0
707.3519704577179 2101.0
707.6059574598225 1432.0
707.8599359858429 1110.0
708.1139060352955 983.0
708.3678676076978 920.0
708.6218207025663 901.0
708.8757653194182 866.0
709.12970145777 852.0
709.3836291171389 844.0
709.6375482970416 850.0
709.8914589969946 854.0
710.1453612165157 843.0
710.3992549551208 840.0
710.6531402123275 870.0
710.9070169876522 876.0
711.1608852806118 862.0
711.4147450907236 874.0
711.6685964175037 854.0
711.9224392604699 832.0
712.1762736191384 851.0
712.4300994930262 842.0
712.6839168816504 847.0
712.9377257845274 843.0
713.1915262011746 834.0
713.4453181311087 823.0
713.6991015738463 850.0
713.9528765289045 852.0
714.2066429958 905.0
714.4604009740502 983.0
714.7141504631712 1066.0
714.9678914626805 1041.0
715.2216239720948 1043.0
715.4753479909306 958.0
715.7290635187052 885.0
715.982770554935 889.0
716.2364690991376 877.0
716.4901591508293 869.0
716.743840709527 851.0
716.9975137747479 822.0
717.2511783460084 834.0
717.5048344228259 837.0
717.7584820047169 827.0
718.0121210911982 824.0
718.2657516817872 819.0
718.519373776 836.0
718.772987373354 830.0
719.026592473366 826.0
719.2801890755527 824.0
719.5337771794311 833.0
719.7873567845179 813.0
720.0409278903304 842.0
720.294490496385 857.0
720.5480446021987 881.0
720.8015902072887 882.0
721.0551273111711 864.0
721.3086559133636 875.0
721.5621760133826 842.0
721.815687610745 833.0
722.0691907049679 834.0
722.3226852955679 826.0
722.5761713820622 828.0
722.8296489639672 829.0
723.0831180408002 840.0
723.3365786120778 824.0
723.5900306773169 828.0
723.8434742360346 835.0
724.0969092877473 824.0
724.3503358319725 822.0
724.6037538682267 828.0
724.8571633960265 834.0
725.1105644148894 823.0
725.3639569243315 828.0
725.6173409238706 830.0
725.8707164130229 840.0
726.1240833913054 843.0
726.3774418582351 872.0
726.6307918133285 945.0
726.8841332561029 1054.0
727.137466186075 1227.0
727.3907906027619 1289.0
727.6441065056802 1246.0
727.8974138943464 1211.0
728.1507127682783 1005.0
728.4040031269918 914.0
728.6572849700045 881.0
728.9105582968331 876.0
729.1638231069941 849.0
729.4170794000048 844.0
729.6703271753817 838.0
729.923566432642 836.0
730.1767971713025 825.0
730.4300193908798 832.0
730.6832330908911 852.0
730.936438270853 874.0
731.1896349302828 906.0
731.442823068697 889.0
731.6960026856123 904.0
731.949173780546 879.0
732.2023363530145 848.0
732.4554904025351 831.0
732.7086359286245 846.0
732.9617729307997 849.0
733.2149014085775 839.0
733.4680213614745 845.0
733.7211327890079 843.0
733.9742356906943 837.0
734.2273300660511 835.0
734.4804159145946 846.0
734.7334932358416 877.0
734.9865620293094 904.0
735.2396222945147 975.0
735.4926740309744 972.0
735.7457172382054 947.0
735.9987519157243 957.0
736.2517780630484 923.0
736.504795679694 921.0
736.7578047651785 1017.0
737.0108053190187 1151.0
737.2637973407312 1259.0
737.516780829833 1339.0
737.769755785841 1740.0
738.0227222082721 2286.0
738.2756800966428 3345.0
738.5286294504706 3447.0
738.781570269272 3305.0
739.0345025525638 3050.0
739.2874262998632 1850.0
739.5403415106866 1373.0
739.7932481845512 1125.0
740.046146320974 1022.0
740.2990359194714 948.0
740.5519169795606 921.0
740.8047895007583 906.0
741.0576534825816 902.0
741.3105089245472 893.0
741.563355826172 876.0
741.8161941869729 879.0
742.0690240064664 887.0
742.3218452841702 878.0
742.5746580196005 864.0
742.8274622122741 858.0
743.0802578617083 893.0
743.3330449674197 914.0
743.5858235289254 917.0
743.8385935457418 899.0
744.0913550173865 899.0
744.3441079433758 883.0
744.5968523232264 823.0
744.8495881564559 835.0
745.1023154425804 837.0
745.3550341811174 846.0
745.6077443715835 833.0
745.8604460134952 837.0
746.1131391063701 853.0
746.3658236497243 853.0
746.6184996430754 834.0
746.87116708594 857.0
747.1238259778346 868.0
747.3764763182764 851.0
747.6291181067822 880.0
747.8817513428692 890.0
748.1343760260539 917.0
748.3869921558529 928.0
748.6395997317837 936.0
748.8921987533628 979.0
749.1447892201071 1020.0
749.3973711315336 1102.0
749.6499444871589 1539.0
749.9025092865003 2560.0
750.1550655290741 4288.0
750.4076132143978 5760.0
750.6601523419877 5147.0
750.912682911361 6032.0
751.1652049220347 5266.0
751.4177183735251 4883.0
751.6702232653497 3981.0
751.9227195970248 3846.0
752.1752073680677 3035.0
752.4276865779954 1854.0
752.680157226324 1388.0
752.9326193125712 1168.0
753.1850728362533 1062.0
753.4375177968876 993.0
753.6899541939908 966.0
753.9423820270795 932.0
754.194801295671 897.0
754.4472119992819 882.0
754.6996141374291 857.0
754.9520077096296 871.0
755.2043927154 859.0
755.4567691542577 850.0
755.7091370257187 857.0
755.9614963293008 865.0
756.2138470645202 833.0
756.4661892308942 827.0
756.7185228279395 824.0
756.9708478551728 833.0
757.2231643121112 828.0
757.4754721982714 850.0
757.7277715131704 837.0
757.9800622563251 844.0
758.2323444272521 846.0
758.4846180254688 840.0
758.7368830504913 859.0
758.9891395018373 847.0
759.2413873790232 852.0
759.4936266815657 853.0
759.7458574089821 853.0
759.9980795607888 857.0
760.2502931365033 867.0
760.502498135642 875.0
760.7546945577217 874.0
761.0068824022595 876.0
761.2590616687722 888.0
761.5112323567769 914.0
761.7633944657899 936.0
762.0155479953288 973.0
762.26769294491 1007.0
762.5198293140501 1158.0
762.7719571022666 1596.0
763.024076309076 2962.0
763.2761869339953 5360.0
763.5282889765415 7003.0
763.780382436231 5965.0
764.032467312581 6623.0
764.2845436051083 4471.0
764.53661131333 2305.0
764.7886704367629 1622.0
765.0407209749233 1294.0
765.2927629273288 1128.0
765.5447962934958 1038.0
765.7968210729414 976.0
766.0488372651824 951.0
766.3008448697357 926.0
766.5528438861181 912.0
766.8048343138464 890.0
767.0568161524378 869.0
767.3087894014087 887.0
767.5607540602764 878.0
767.8127101285577 862.0
768.0646576057691 858.0
768.3165964914278 857.0
768.5685267850505 850.0
768.8204484861544 848.0
769.0723615942561 841.0
769.3242661088722 855.0
769.5761620295201 855.0
769.8280493557162 864.0
770.0799280869778 857.0
770.3317982228216 883.0
770.5836597627642 869.0
770.835512706323 903.0
771.0873570530143 905.0
771.3391928023555 938.0
771.591019953863 1099.0
771.8428385070538 1538.0
772.094648461445 2480.0
772.3464498165532 3425.0
772.5982425718955 3052.0
772.8500267269885 3216.0
773.1018022813494 2782.0
773.3535692344948 1697.0
773.6053275859415 1259.0
773.8570773352067 1079.0
774.108818481807 980.0
774.3605510252594 923.0
774.6122749650807 891.0
774.8639903007878 881.0
775.1156970318975 852.0
775.3673951579267 873.0
775.6190846783925 858.0
775.8707655928115 845.0
776.1224379007004 843.0
776.3741016015766 850.0
776.6257566949563 842.0
776.8774031803571 835.0
777.1290410572955 867.0
777.3806703252881 849.0
777.6322909838522 863.0
777.8839030325043 849.0
778.1355064707618 846.0
778.3871012981411 820.0
778.6386875141592 822.0
778.890265118333 809.0
779.1418341101793 833.0
779.3933944892151 821.0
779.6449462549571 821.0
779.8964894069222 837.0
780.1480239446275 817.0
780.3995498675895 827.0
780.6510671753255 814.0
780.9025758673517 823.0
781.1540759431858 838.0
781.4055674023442 835.0
781.6570502443437 822.0
781.9085244687013 825.0
782.159990074934 837.0
782.4114470625585 819.0
782.6628954310918 823.0
782.9143351800503 817.0
783.1657663089516 834.0
783.4171888173119 811.0
783.6686027046486 820.0
783.9200079704783 828.0
784.1714046143178 830.0
784.4227926356843 821.0
784.6741720340941 833.0
784.9255428090647 826.0
785.1769049601126 809.0
785.4282584867548 830.0
785.6796033885082 828.0
785.9309396648893 819.0
786.1822673154155 855.0
786.4335863396033 822.0
786.6848967369698 827.0
786.9361985070317 838.0
787.1874916493058 852.0
787.4387761633094 835.0
787.6900520485588 814.0
787.9413193045713 823.0
788.1925779308636 832.0
788.4438279269523 840.0
788.6950692923548 853.0
788.9463020265875 865.0
789.1975261291677 868.0
789.448741599612 873.0
789.6999484374371 870.0
789.9511466421604 855.0
790.2023362132982 827.0
790.4535171503677 835.0
790.7046894528855 806.0
790.9558531203689 825.0
791.2070081523347 826.0
791.458154548299 841.0
791.7092923077797 849.0
791.9604214302931 836.0
792.2115419153562 845.0
792.462653762486 838.0
792.7137569711989 836.0
792.9648515410123 866.0
793.2159374714428 845.0
793.4670147620074 878.0
793.718083412223 907.0
793.9691434216061 960.0
794.220194789674 1285.0
794.4712375159432 1981.0
794.722271599931 2916.0
794.9732970411541 2614.0
795.2243138391292 2663.0
795.4753219933733 2578.0
795.7263215034031 1675.0
795.9773123687357 1229.0
796.2282945888878 1066.0
796.4792681633767 990.0
796.7302330917187 937.0
796.9811893734307 892.0
797.23213700803 882.0
797.483075995033 865.0
797.7340063339569 877.0
797.9849280243186 903.0
798.2358410656345 878.0
798.4867454574222 894.0
798.7376411991978 882.0
798.9885282904788 899.0
799.2394067307818 905.0
799.4902765196234 949.0
799.741137656521 1055.0
799.9919901409909 1286.0
800.2428339725506 2027.0
800.4936691507165 3033.0
800.7444956750055 2966.0
800.9953135449347 3486.0
801.2461227600207 4817.0
801.4969233197808 4322.0
801.7477152237312 3227.0
801.9984984713894 3452.0
802.2492730622722 2678.0
802.5000389958959 1652.0
802.7507962717781 1280.0
803.0015448894349 1097.0
803.252284848384 1029.0
803.5030161481417 981.0
803.7537387882248 944.0
804.0044527681507 933.0
804.2551580874358 901.0
804.5058547455972 905.0
804.7565427421519 885.0
805.0072220766161 901.0
805.2578927485075 903.0
805.5085547573423 889.0
805.7592081026379 888.0
806.009852783911 888.0
806.2604888006782 877.0
806.5111161524568 900.0
806.7617348387631 881.0
807.0123448591147 893.0
807.2629462130279 910.0
807.5135389000196 918.0
807.7641229196071 918.0
808.0146982713067 952.0
808.2652649546358 981.0
808.5158229691108 1010.0
808.7663723142489 1035.0
809.016912989567 1066.0
809.2674449945815 1122.0
809.5179683288098 1225.0
809.7684829917686 1688.0
810.0189889829746 2874.0
810.269486301945 4378.0
810.5199749481961 4000.0
810.7704549212456 5161.0
811.0209262206095 8282.0
811.2713888458052 14125.0
811.5218427963496 15573.0
811.7722880717591 13012.0
812.022724671551 14840.0
812.2731525952421 12510.0
812.5235718423493 5760.0
812.7739824123893 3305.0
813.0243843048788 2270.0
813.2747775193352 1722.0
813.5251620552749 1448.0
813.7755379122152 1279.0
814.0259050896724 1179.0
814.276263587164 1085.0
814.5266134042064 1052.0
814.7769545403165 1006.0
815.0272869950115 961.0
815.2776107678079 948.0
815.5279258582229 936.0
815.7782322657732 920.0
816.0285299899754 891.0
816.2788190303468 888.0
816.529099386404 899.0
816.7793710576641 857.0
817.0296340436439 869.0
817.2798883438601 857.0
817.5301339578298 876.0
817.7803708850694 871.0
818.0305991250964 882.0
818.2808186774273 853.0
818.531029541579 868.0
818.7812317170685 848.0
819.0314252034124 852.0
819.281610000128 843.0
819.5317861067317 844.0
819.7819535227408 843.0
820.0321122476719 844.0
820.2822622810417 845.0
820.5324036223675 857.0
820.7825362711658 844.0
821.0326602269538 854.0
821.2827754892483 853.0
821.5328820575656 848.0
821.7829799314234 838.0
822.033069110338 843.0
822.2831495938267 864.0
822.5332213814061 859.0
822.7832844725929 835.0
823.0333388669044 840.0
823.283384563857 853.0
823.533421562968 857.0
823.7834498637541 848.0
824.033469465732 854.0
824.2834803684189 861.0
824.5334825713311 848.0
824.7834760739862 840.0
825.0334608759005 866.0
825.2834369765912 884.0
825.5334043755751 901.0
825.7833630723688 1032.0
826.0333130664897 1392.0
826.2832543574541 2087.0
826.5331869447793 1957.0
826.783110827982 1842.0
827.0330260065789 2034.0
827.2829324800872 1625.0
827.5328302480233 1156.0
827.7827193099047 1028.0
828.032599665248 937.0
828.2824713135695 898.0
828.532334254387 881.0
828.7821884872168 864.0
829.0320340115759 860.0
829.2818708269813 839.0
829.5316989329494 833.0
829.7815183289979 825.0
830.0313290146428 824.0
830.2811309894015 837.0
830.5309242527906 822.0
830.7807088043272 853.0
831.0304846435281 828.0
831.2802517699099 826.0
831.5300101829899 832.0
831.7797598822846 838.0
832.0295008673112 840.0
832.2792331375864 823.0
832.5289566926268 828.0
832.7786715319497 843.0
833.0283776550717 836.0
833.27807506151 822.0
833.5277637507811 824.0
833.7774437224018 840.0
834.0271149758895 843.0
834.2767775107606 820.0
834.526431326532 824.0
834.7760764227208 807.0
835.0257127988438 842.0
835.2753404544177 830.0
835.5249593889594 839.0
835.774569601986 830.0
836.0241710930143 834.0
836.2737638615607 817.0
836.5233479071428 844.0
836.7729232292768 849.0
837.0224898274802 851.0
837.2720477012693 846.0
837.5215968501614 846.0
837.7711372736733 844.0
838.0206689713215 857.0
838.2701919426232 859.0
838.5197061870952 878.0
838.7692117042545 865.0
839.0187084936177 894.0
839.2681965547017 913.0
839.5176758870236 932.0
839.7671464901001 968.0
840.0166083634483 1051.0
840.2660615065847 1355.0
840.5155059190262 2374.0
840.7649416002901 3111.0
841.0143685498927 2543.0
841.2637867673512 2902.0
841.5131962521828 2903.0
841.7625970039035 2220.0
842.0119890220308 2661.0
842.2613723060813 4974.0
842.5107468555723 4661.0
842.76011267002 3997.0
843.0094697489418 4724.0
843.2588180918546 3700.0
843.5081576982747 2021.0
843.7574885677194 1456.0
844.0068106997054 1221.0
844.25612409375 1073.0
844.5054287493696 996.0
844.754724666081 931.0
845.0040118434015 922.0
845.2532902808475 897.0
845.5025599779364 871.0
845.7518209341847 862.0
846.0010731491091 869.0
846.2503166222269 860.0
846.4995513530547 860.0
846.7487773411094 850.0
846.9979945859081 857.0
847.2472030869674 849.0
847.4964028438043 848.0
847.7455938559353 812.0
847.994776122878 840.0
848.2439496441485 852.0
848.4931144192642 822.0
848.7422704477419 828.0
848.9914177290981 836.0
849.2405562628502 848.0
849.4896860485144 843.0
849.7388070856083 843.0
849.9879193736485 836.0
850.2370229121515 837.0
850.4861177006346 846.0
850.7352037386146 848.0
850.9842810256082 873.0
851.2333495611326 893.0
851.482409344704 1015.0
851.7314603758401 1348.0
851.9805026540571 2126.0
852.2295361788724 1901.0
852.4785609498026 1824.0
852.7275769663643 2026.0
852.9765842280748 1667.0
853.2255827344507 1153.0
853.4745724850093 1012.0
853.7235534792667 930.0
853.9725257167406 879.0
854.2214891969475 875.0
854.4704439194039 860.0
854.7193898836274 839.0
854.9683270891342 843.0
855.2172555354416 827.0
855.4661752220665 832.0
855.7150861485252 834.0
855.9639883143353 823.0
856.212881719013 820.0
856.4617663620759 824.0
856.7106422430403 830.0
856.9595093614231 824.0
857.2083677167415 817.0
857.4572173085119 831.0
857.7060581362517 829.0
857.9548901994776 822.0
858.2037134977061 825.0
858.4525280304546 825.0
858.7013337972394 834.0
858.950130797578 830.0
859.1989190309868 830.0
859.4476984969828 813.0
859.696469195083 810.0
859.9452311248039 826.0
860.1939842856627 840.0
860.4427286771763 867.0
860.6914642988615 846.0
860.9401911502351 834.0
861.1889092308139 840.0
861.437618540115 837.0
861.686319077655 825.0
861.935010842951 833.0
862.1836938355198 840.0
862.432368054878 840.0
862.6810335005429 828.0
862.9296901720311 816.0
863.1783380688596 818.0
863.4269771905452 820.0
863.6756075366046 835.0
863.9242291065551 824.0
864.1728418999131 822.0
864.4214459161959 821.0
864.6700411549201 823.0
864.9186276156024 818.0
865.1672052977602 829.0
865.4157742009098 818.0
865.6643343245685 808.0
865.9128856682528 826.0
866.1614282314799 847.0
866.4099620137665 948.0
866.6584870146295 1065.0
866.9070032335858 1007.0
867.155510670152 1006.0
867.4040093238455 1040.0
867.6524991941827 956.0
867.9009802806806 873.0
868.1494525828563 834.0
868.3979161002262 826.0
868.6463708323078 824.0
868.8948167786174 820.0
869.1432539386718 814.0
869.3916823119887 822.0
869.6401018980839 817.0
869.8885126964751 822.0
870.1369147066789 826.0
870.3853079282118 807.0
870.6336923605911 815.0
870.8820680033335 818.0
871.1304348559562 828.0
871.3787929179755 817.0
871.6271421889087 811.0
871.8754826682726 801.0
872.1238143555837 822.0
872.3721372503595 806.0
872.6204513521162 806.0
872.8687566603713 817.0
873.1170531746413 810.0
873.365340894443 810.0
873.6136198192935 807.0
873.8618899487094 816.0
874.110151282208 798.0
874.3584038193057 814.0
874.6066475595196 816.0
874.8548825023668 817.0
875.1031086473636 828.0
875.3513259940273 806.0
875.5995345418747 819.0
875.8477342904224 807.0
876.0959252391877 827.0
876.3441073876871 816.0
876.5922807354377 818.0
876.8404452819562 811.0
877.0886010267599 804.0
877.3367479693651 807.0
877.5848861092887 805.0
877.8330154460481 819.0
878.0811359791594 827.0
878.3292477081402 812.0
878.5773506325071 827.0
878.8254447517768 807.0
879.0735300654665 814.0
879.3216065730924 809.0
879.5696742741723 807.0
879.8177331682225 806.0
880.0657832547598 818.0
880.3138245333014 825.0
880.5618570033639 813.0
880.8098806644645 817.0
881.0578955161196 813.0
881.3059015578464 806.0
881.5538987891618 790.0
881.8018872095822 804.0
882.0498668186252 813.0
882.297837615807 825.0
882.5457996006451 817.0
882.7937527726558 811.0
883.041697131356 803.0
883.2896326762632 803.0
883.5375594068934 825.0
883.7854773227642 808.0
884.0333864233922 817.0
884.2812867082938 806.0
884.5291781769868 807.0
884.7770608289871 829.0
885.0249346638125 810.0
885.2727996809792 821.0
885.5206558800041 816.0
885.7685032604046 814.0
886.0163418216969 820.0
886.2641715633982 823.0
886.5119924850256 819.0
886.7598045860955 808.0
887.007607866125 825.0
887.2554023246308 814.0
887.5031879611303 818.0
887.7509647751398 807.0
887.9987327661763 806.0
888.2464919337567 807.0
888.4942422773979 801.0
888.7419837966169 808.0
888.9897164909302 803.0
889.2374403598551 793.0
889.4851554029083 805.0
889.7328616196063 813.0
889.9805590094667 802.0
890.2282475720056 794.0
890.4759273067405 808.0
890.7235982131879 805.0
890.9712602908646 810.0
891.218913539288 809.0
891.4665579579743 828.0
891.7141935464408 822.0
891.9618203042044 821.0
892.2094382307815 808.0
892.4570473256895 796.0
892.7046475884449 808.0
892.9522390185649 787.0
893.1998216155661 807.0
893.4473953789653 811.0
893.6949603082797 809.0
893.9425164030258 788.0
894.1900636627211 818.0
894.4376020868815 818.0
894.6851316750246 811.0
894.9326524266672 820.0
895.1801643413257 818.0
895.4276674185177 800.0
895.6751616577593 806.0
895.922647058568 825.0
896.1701236204603 811.0
896.4175913429531 806.0
896.6650502255636 805.0
896.912500267808 798.0
897.159941469204 818.0
897.4073738292678 810.0
897.6547973475165 818.0
897.9022120234671 818.0
898.1496178566362 818.0
898.3970148465409 818.0
898.644402992698 819.0
898.8917822946241 817.0
899.1391527518367 808.0
899.386514363852 818.0
899.6338671301874 824.0
899.8812110503592 814.0
900.1285461238849 821.0
900.375872350281 817.0
900.6231897290643 807.0
900.8704982597519 801.0
901.1177979418604 818.0
901.3650887749071 816.0
901.6123707584086 820.0
901.8596438918815 813.0
902.106908174843 825.0
902.35416360681 817.0
902.6014101872993 808.0
902.8486479158278 821.0
903.095876791912 805.0
903.3430968150694 807.0
903.5903079848164 817.0
903.83751030067 814.0
904.0847037621473 814.0
904.3318883687646 813.0
904.5790641200394 800.0
904.826231015488 814.0
905.0733890546279 813.0
905.3205382369753 803.0
905.5676785620476 813.0
905.8148100293615 824.0
906.0619326384336 810.0
906.3090463887813 826.0
906.5561512799208 845.0
906.8032473113697 818.0
907.0503344826443 804.0
907.2974127932616 821.0
907.5444822427387 817.0
907.7915428305921 829.0
908.038594556339 836.0
908.2856374194963 832.0
908.5326714195803 825.0
908.7796965561088 823.0
909.0267128285976 817.0
909.2737202365645 837.0
909.520718779526 844.0
909.7677084569985 833.0
910.0146892684998 820.0
910.261661213546 845.0
910.5086242916544 826.0
910.7555785023416 840.0
911.0025238451248 856.0
911.2494603195206 894.0
911.4963879250456 961.0
911.7433066612174 1125.0
911.9902165275522 2038.0
912.2371175235672 2837.0
912.4840096487795 2021.0
912.7308929027052 2088.0
912.9777672848619 2208.0
913.2246327947661 1791.0
913.4714894319347 1291.0
913.7183371958849 1026.0
913.965176086133 952.0
914.2120061021965 932.0
914.4588272435916 874.0
914.7056395098358 864.0
914.9524429004457 844.0
915.1992374149379 842.0
915.4460230528298 822.0
915.6927998136375 814.0
915.9395676968788 823.0
916.1863267020701 822.0
916.4330768287281 817.0
916.67981807637 830.0
916.9265504445123 834.0
917.1732739326723 829.0
917.4199885403666 820.0
917.6666942671121 796.0
917.9133911124259 849.0
918.1600790758242 815.0
918.4067581568248 816.0
918.6534283549438 826.0
918.9000896696987 820.0
919.1467421006058 829.0
919.3933856471822 844.0
919.6400203089449 859.0
919.8866460854103 846.0
920.1332629760961 839.0
920.3798709805186 831.0
920.6264700981943 833.0
920.8730603286409 833.0
921.1196416713748 843.0
921.3662141259131 841.0
921.6127776917724 879.0
921.8593323684695 941.0
922.1058781555217 1270.0
922.3524150524454 1728.0
922.598943058758 1334.0
922.8454621739758 1254.0
923.0919723976159 1344.0
923.3384737291954 1256.0
923.5849661682307 1061.0
923.8314497142393 928.0
924.0779243667373 869.0
924.3243901252423 854.0
924.5708469892709 831.0
924.8172949583395 830.0
925.0637340319656 829.0
925.3101642096658 821.0
925.5565854909571 801.0
925.8029978753563 832.0
926.04940136238 829.0
926.2957959515456 827.0
926.5421816423694 806.0
926.7885584343687 826.0
927.0349263270604 802.0
927.281285319961 816.0
927.5276354125876 814.0
927.7739766044568 812.0
928.020308895086 799.0
928.2666322839915 803.0
928.5129467706906 817.0
928.7592523547 818.0
929.0055490355364 823.0
929.2518368127171 816.0
929.4981156857584 818.0
929.7443856541778 822.0
929.9906467174917 805.0
930.2368988752169 814.0
930.4831421268707 818.0
930.7293764719695 816.0
930.9756019100306 822.0
931.2218184405708 801.0
931.4680260631065 810.0
931.7142247771553 821.0
931.9604145822334 820.0
932.2065954778582 823.0
932.4527674635461 816.0
932.6989305388141 796.0
932.9450847031794 811.0
933.1912299561584 813.0
933.4373662972685 835.0
933.6834937260257 824.0
933.929612241948 807.0
934.1757218445516 811.0
934.4218225333533 819.0
934.6679143078701 820.0
934.913997167619 819.0
935.1600711121167 857.0
935.4061361408803 881.0
935.6521922534262 845.0
935.8982394492718 849.0
936.1442777279336 833.0
936.3903070889288 837.0
936.636327531774 822.0
936.882339055986 807.0
937.128341661082 801.0
937.3743353465785 817.0
937.6203201119927 816.0
937.8662959568414 812.0
938.1122628806411 801.0
938.3582208829092 803.0
938.6041699631621 803.0
938.8501101209171 800.0
939.0960413556905 802.0
939.341963667 806.0
939.5878770543618 805.0
939.8337815172929 800.0
940.0796770553103 802.0
940.3255636679306 804.0
940.5714413546712 810.0
940.8173101150486 826.0
941.0631699485793 794.0
941.309020854781 807.0
941.5548628331699 811.0
941.8006958832632 801.0
942.0465200045778 814.0
942.2923351966301 800.0
942.5381414589376 801.0
942.7839387910167 814.0
943.0297271923846 814.0
943.275506662558 805.0
943.5212772010536 809.0
943.7670388073888 805.0
944.0127914810797 798.0
944.2585352216438 808.0
944.504270028598 804.0
944.7499959014584 808.0
944.9957128397427 812.0
945.2414208429674 812.0
945.4871199106495 819.0
945.7328100423057 823.0
945.978491237453 812.0
946.2241634956084 807.0
946.4698268162882 817.0
946.71548119901 809.0
946.9611266432901 797.0
947.2067631486459 810.0
947.4523907145939 808.0
947.6980093406509 811.0
947.943619026334 805.0
948.1892197711599 810.0
948.4348115746456 809.0
948.680394436308 799.0
948.9259683556636 814.0
949.17153333223 805.0
949.4170893655231 812.0
949.6626364550607 804.0
949.9081746003591 804.0
950.1537038009352 809.0
950.3992240563063 815.0
950.6447353659886 808.0
950.8902377294995 801.0
951.1357311463555 801.0
951.381215616074 804.0
951.6266911381715 790.0
951.8721577121647 811.0
952.1176153375708 815.0
952.3630640139064 826.0
952.6085037406887 821.0
952.8539345174344 812.0
953.09935634366 798.0
953.3447692188829 802.0
953.5901731426196 790.0
953.8355681143876 818.0
954.080954133703 817.0
954.326331200083 808.0
954.5716993130445 808.0
954.8170584721041 810.0
955.0624086767792 816.0
955.3077499265863 809.0
955.5530822210421 798.0
955.798405559664 817.0
956.0437199419682 812.0
956.2890253674723 814.0
956.5343218356925 810.0
956.7796093461461 827.0
957.02488789835 811.0
957.2701574918206 791.0
957.5154181260752 807.0
957.7606698006304 800.0
958.0059125150034 808.0
958.2511462687107 800.0
958.4963710612694 822.0
958.7415868921963 816.0
958.9867937610082 804.0
959.2319916672224 803.0
959.4771806103552 805.0
959.7223605899235 820.0
959.9675316054446 807.0
960.2126936564348 802.0
960.4578467424116 802.0
960.7029908628915 811.0
960.9481260173911 809.0
961.193252205428 821.0
961.4383694265184 808.0
961.6834776801796 801.0
961.9285769659282 814.0
962.1736672832812 820.0
962.4187486317555 828.0
962.6638210108677 830.0
962.908884420135 821.0
963.153938859074 805.0
963.3989843272019 818.0
963.6440208240352 833.0
963.889048349091 826.0
964.1340669018862 819.0
964.3790764819373 818.0
964.6240770887617 814.0
964.8690687218761 834.0
965.114051380797 864.0
965.3590250650417 1021.0
965.6039897741268 1449.0
965.8489455075695 1230.0
966.0938922648864 981.0
966.3388300455941 986.0
966.5837588492103 978.0
966.8286786752509 967.0
967.0735895232334 927.0
967.3184913926743 881.0
967.5633842830911 856.0
967.808268194 826.0
968.0531431249179 849.0
968.2980090753622 817.0
968.5428660448491 810.0
968.7877140328961 814.0
969.0325530390197 812.0
969.2773830627367 809.0
969.5222041035643 817.0
969.7670161610189 815.0
970.0118192346179 822.0
970.2566133238779 817.0
970.5013984283155 815.0
970.746174547448 822.0
970.990941680792 805.0
971.2356998278649 817.0
971.480448988183 813.0
971.725189161263 796.0
971.9699203466223 808.0
972.2146425437775 806.0
972.4593557522456 807.0
972.7040599715434 803.0
972.9487552011876 833.0
973.1934414406954 805.0
973.4381186895833 809.0
973.6827869473685 805.0
973.9274462135677 809.0
974.1720964876979 800.0
974.4167377692759 800.0
974.6613700578182 801.0
974.9059933528424 803.0
975.1506076538647 804.0
975.3952129604023 809.0
975.6398092719721 817.0
975.8843965880908 816.0
976.1289749082755 819.0
976.3735442320426 812.0
976.6181045589096 810.0
976.862655888393 800.0
977.1071982200094 797.0
977.3517315532764 813.0
977.5962558877101 814.0
977.840771222828 830.0
978.0852775581467 862.0
978.3297748931827 902.0
978.5742632274536 854.0
978.8187425604756 823.0
979.063212891766 834.0
979.3076742208415 831.0
979.5521265472191 832.0
979.7965698704156 831.0
980.0410041899477 827.0
980.2854295053326 829.0
980.5298458160865 812.0
980.7742531217272 809.0
981.0186514217711 804.0
981.2630407157347 792.0
981.5074210031356 808.0
981.7517922834901 822.0
981.9961545563154 802.0
982.2405078211283 808.0
982.4848520774455 806.0
982.729187324784 811.0
982.9735135626606 809.0
983.2178307905924 808.0
983.4621390080961 798.0
983.7064382146882 805.0
983.9507284098863 806.0
984.1950095932067 804.0
984.4392817641666 799.0
984.6835449222825 812.0
984.9277990670716 802.0
985.1720441980509 798.0
985.4162803147366 801.0
985.6605074166464 803.0
985.9047255032964 808.0
986.1489345742042 803.0
986.3931346288863 829.0
986.6373256668593 808.0
986.8815076876406 806.0
987.1256806907464 816.0
987.3698446756944 817.0
987.613999642001 808.0
987.8581455891829 808.0
988.1022825167574 821.0
988.3464104242408 813.0
988.5905293111508 806.0
988.8346391770036 799.0
989.0787400213161 809.0
989.3228318436055 805.0
989.5669146433884 800.0
989.8109884201817 812.0
990.0550531735024 787.0
990.2991089028674 806.0
990.5431556077934 814.0
990.7871932877973 802.0
991.031221942396 800.0
991.2752415711062 799.0
991.5192521734452 795.0
991.7632537489297 812.0
992.0072462970761 796.0
992.251229817402 807.0
992.4952043094236 793.0
992.7391697726582 800.0
992.9831262066227 810.0
993.2270736108336 810.0
993.4710119848082 805.0
993.7149413280629 810.0
993.958861640115 804.0
994.2027729204812 803.0
994.4466751686781 811.0
994.6905683842231 800.0
994.9344525666326 796.0
995.1783277154237 802.0
995.4221938301132 801.0
995.6660509102181 807.0
995.9098989552552 801.0
996.1537379647411 805.0
996.3975679381932 815.0
996.6413888751279 812.0
996.8852007750622 813.0
997.1290036375133 800.0
997.3727974619973 819.0
997.6165822480319 814.0
997.8603579951333 817.0
998.104124702819 824.0
998.3478823706055 801.0
998.5916309980095 808.0
998.8353705845483 794.0
999.0791011297383 787.0
999.3228226330968 818.0
999.5665350941406 809.0
999.8102385123861 800.0
1000.0539328873509 815.0
1000.2976182185512 813.0
1000.5412945055043 793.0
1000.7849617477269 795.0
1001.0286199447357 813.0
1001.2722690960481 801.0
1001.5159092011804 807.0
1001.75954025965 808.0
1002.003162270973 786.0
1002.246775234667 809.0
1002.4903791502487 832.0
1002.7339740172346 821.0
1002.9775598351421 824.0
1003.2211366034876 814.0
1003.4647043217884 824.0
1003.7082629895611 802.0
1003.9518126063224 814.0
1004.1953531715895 809.0
1004.4388846848791 806.0
1004.6824071457083 801.0
1004.9259205535938 805.0
1005.1694249080521 817.0
1005.4129202086007 804.0
1005.6564064547559 813.0
1005.8998836460353 803.0
1006.1433517819551 801.0
1006.3868108620323 810.0
1006.6302608857841 803.0
1006.8737018527269 803.0
1007.1171337623779 824.0
1007.3605566142537 807.0
1007.6039704078715 797.0
1007.8473751427481 798.0
1008.0907708184001 805.0
1008.3341574343445 798.0
1008.5775349900982 801.0
1008.8209034851784 820.0
1009.0642629191013 821.0
1009.3076132913841 808.0
1009.5509546015439 825.0
1009.7942868490973 785.0
1010.0376100335611 812.0
1010.2809241544525 805.0
1010.5242292112879 812.0
1010.7675252035845 804.0
1011.010812130859 802.0
1011.2540899926286 797.0
1011.4973587884098 804.0
1011.7406185177194 811.0
1011.9838691800747 808.0
1012.2271107749921 817.0
1012.470343301989 807.0
1012.7135667605817 790.0
1012.9567811502875 809.0
1013.1999864706231 805.0
1013.4431827211052 814.0
1013.686369901251 814.0
1013.929548010577 813.0
1014.1727170486006 804.0
1014.4158770148383 794.0
1014.6590279088067 800.0
1014.9021697300233 804.0
1015.1453024780044 809.0
1015.3884261522674 812.0
1015.6315407523286 802.0
1015.8746462777051 798.0
1016.1177427279141 814.0
1016.3608301024719 822.0
1016.603908400896 789.0
1016.8469776227028 803.0
1017.0900377674091 788.0
1017.3330888345322 813.0
1017.5761308235883 795.0
1017.8191637340951 802.0
1018.0621875655689 812.0
1018.3052023175269 799.0
1018.5482079894858 808.0
1018.7912045809622 816.0
1019.0341920914735 820.0
1019.2771705205361 822.0
1019.5201398676672 807.0
1019.7631001323837 801.0
1020.006051314202 798.0
1020.2489934126395 810.0
1020.4919264272125 801.0
1020.7348503574386 805.0
1020.9777652028342 796.0
1021.2206709629161 792.0
1021.4635676372014 797.0
1021.7064552252067 808.0
1021.9493337264495 799.0
1022.1922031404459 810.0
1022.4350634667132 815.0
1022.6779147047681 812.0
1022.9207568541273 799.0
1023.1635899143083 804.0
1023.4064138848273 806.0
1023.6492287652015 803.0
1023.8920345549478 808.0
1024.134831253583 802.0
1024.377618860624 812.0
1024.6203973755871 809.0
1024.8631667979898 792.0
1025.1059271273493 800.0
1025.3486783631818 800.0
1025.5914205050044 793.0
1025.8341535523336 796.0
1026.076877504687 804.0
1026.3195923615808 796.0
1026.5622981225324 806.0
1026.8049947870584 811.0
1027.0476823546753 795.0
1027.2903608249007 799.0
1027.5330301972513 817.0
1027.7756904712435 808.0
1028.0183416463947 805.0
1028.260983722221 790.0
1028.5036166982402 816.0
1028.7462405739689 796.0
1028.9888553489234 809.0
1029.2314610226213 808.0
1029.474057594579 797.0
1029.7166450643138 790.0
1029.9592234313418 817.0
1030.2017926951808 794.0
1030.4443528553472 797.0
1030.6869039113576 801.0
1030.9294458627296 814.0
1031.1719787089794 808.0
1031.414502449624 802.0
1031.6570170841808 801.0
1031.8995226121658 826.0
1032.1420190330966 799.0
1032.3845063464896 806.0
1032.6269845518618 806.0
1032.8694536487305 810.0
1033.111913636612 808.0
1033.3543645150232 805.0
1033.596806283481 809.0
1033.8392389415026 810.0
1034.081662488605 817.0
1034.324076924304 810.0
1034.566482248118 803.0
1034.8088784595625 794.0
1035.0512655581551 792.0
1035.2936435434124 798.0
1035.5360124148515 798.0
1035.778372171989 818.0
1036.020722814342 797.0
1036.2630643414275 805.0
1036.5053967527615 809.0
1036.7477200478622 806.0
1036.9900342262456 808.0
1037.2323392874284 819.0
1037.4746352309282 805.0
1037.7169220562612 791.0
1037.9591997629448 804.0
1038.2014683504956 806.0
1038.4437278184303 790.0
1038.685978166266 805.0
1038.9282193935196 808.0
1039.170451499708 796.0
1039.4126744843477 820.0
1039.6548883469559 818.0
1039.8970930870496 817.0
1040.1392887041452 814.0
1040.3814751977598 806.0
1040.6236525674105 799.0
1040.8658208126137 785.0
1041.107979932887 797.0
1041.3501299277466 804.0
1041.5922707967095 807.0
1041.8344025392926 803.0
1042.0765251550129 797.0
1042.3186386433872 790.0
1042.5607430039322 805.0
1042.802838236165 809.0
1043.0449243396022 802.0
1043.2870013137613 814.0
1043.5290691581586 804.0
1043.7711278723107 811.0
1044.013177455735 810.0
1044.2552179079482 802.0
1044.4972492284676 802.0
1044.7392714168093 816.0
1044.9812844724902 815.0
1045.223288395028 809.0
1045.4652831839387 813.0
1045.70726883874 804.0
1045.949245358948 800.0
1046.1912127440798 806.0
1046.4331709936528 804.0
1046.675120107183 801.0
1046.9170600841878 812.0
1047.1589909241836 828.0
1047.400912626688 801.0
1047.6428251912175 790.0
1047.8847286172886 798.0
1048.1266229044188 796.0
1048.3685080521243 810.0
1048.6103840599228 811.0
1048.8522509273307 806.0
1049.0941086538646 810.0
1049.3359572390418 810.0
1049.577796682379 819.0
1049.819626983393 810.0
1050.061448141601 817.0
1050.3032601565194 797.0
1050.5450630276655 808.0
1050.7868567545556 795.0
1051.0286413367073 797.0
1051.270416773637 789.0
1051.5121830648616 817.0
1051.7539402098982 803.0
1051.9956882082631 791.0
1052.237427059474 798.0
1052.479156763047 810.0
1052.7208773184996 817.0
1052.9625887253483 796.0
1053.2042909831098 817.0
1053.4459840913016 787.0
1053.6876680494397 807.0
1053.929342857042 810.0
1054.1710085136244 789.0
1054.4126650187043 803.0
1054.6543123717986 801.0
1054.8959505724238 804.0
1055.1375796200969 799.0
1055.3791995143351 823.0
1055.620810254655 816.0
1055.8624118405735 807.0
1056.1040042716074 811.0
1056.3455875472737 783.0
1056.5871616670893 816.0
1056.8287266305706 801.0
1057.070282437235 819.0
1057.3118290865991 804.0
1057.5533665781802 811.0
1057.7948949114943 805.0
1058.0364140860593 813.0
1058.2779241013916 804.0
1058.5194249570077 806.0
1058.760916652425 804.0
1059.0023991871599 794.0
1059.24387256073 789.0
1059.4853367726514 805.0
1059.7267918224413 812.0
1059.968237709617 806.0
1060.2096744336943 809.0
1060.451101994191 796.0
1060.6925203906237 813.0
1060.933929622509 811.0
1061.1753296893642 804.0
1061.4167205907056 803.0
1061.6581023260508 806.0
1061.8994748949162 800.0
1062.1408382968189 808.0
1062.3821925312755 804.0
1062.6235375978026 809.0
1062.8648734959181 802.0
1063.1062002251376 801.0
1063.3475177849793 798.0
1063.588826174959 817.0
1063.830125394594 802.0
1064.0714154434013 799.0
1064.312696320897 793.0
1064.553968026599 808.0
1064.7952305600238 798.0
1065.036483920688 795.0
1065.2777281081087 809.0
1065.5189631218025 825.0
1065.7601889612868 815.0
1066.001405626078 798.0
1066.2426131156928 810.0
1066.4838114296492 803.0
1066.7250005674625 814.0
1066.9661805286507 807.0
1067.2073513127305 786.0
1067.4485129192178 818.0
1067.689665347631 827.0
1067.9308085974856 817.0
1068.1719426682996 795.0
1068.413067559589 805.0
1068.654183270871 808.0
1068.8952898016628 817.0
1069.1363871514804 818.0
1069.3774753198418 804.0
1069.618554306263 805.0
1069.8596241102612 796.0
1070.100684731353 796.0
1070.3417361690556 801.0
1070.582778422886 802.0
1070.8238114923604 792.0
1071.0648353769964 800.0
1071.3058500763104 792.0
1071.5468555898192 805.0
1071.7878519170404 804.0
1072.02883905749 806.0
1072.2698170106853 802.0
1072.5107857761434 798.0
1072.75174535338 793.0
1072.9926957419138 800.0
1073.23363694126 813.0
1073.4745689509368 810.0
1073.7154917704597 805.0
1073.9564053993467 796.0
1074.1973098371145 802.0
1074.4382050832794 792.0
1074.6790911373587 806.0
1074.9199679988692 807.0
1075.1608356673278 808.0
1075.4016941422512 786.0
1075.6425434231562 805.0
1075.8833835095604 798.0
1076.1242144009796 813.0
1076.3650360969316 804.0
1076.6058485969324 795.0
1076.8466519004996 820.0
1077.0874460071498 821.0
1077.3282309163997 813.0
1077.5690066277664 793.0
1077.8097731407665 805.0
1078.0505304549172 794.0
1078.2912785697354 801.0
1078.5320174847377 806.0
1078.772747199441 793.0
1079.0134677133622 806.0
1079.2541790260184 819.0
1079.4948811369263 814.0
1079.7355740456023 799.0
1079.9762577515642 816.0
1080.2169322543277 798.0
1080.4575975534112 805.0
1080.6982536483301 807.0
1080.9389005386022 816.0
1081.179538223744 804.0
1081.4201667032721 795.0
1081.6607859767041 797.0
1081.9013960435564 809.0
1082.1419969033457 792.0
1082.382588555589 809.0
1082.6231709998035 786.0
1082.863744235506 797.0
1083.104308262213 800.0
1083.3448630794412 802.0
1083.5854086867082 804.0
1083.8259450835303 805.0
1084.0664722694248 797.0
1084.306990243908 810.0
1084.5474990064974 808.0
1084.7879985567097 815.0
1085.0284888940612 808.0
1085.2689700180695 806.0
1085.509441928251 796.0
1085.749904624123 805.0
1085.990358105202 798.0
1086.2308023710048 788.0
1086.4712374210485 812.0
1086.71166325485 794.0
1086.9520798719261 801.0
1087.1924872717937 812.0
1087.4328854539694 817.0
1087.6732744179706 808.0
1087.9136541633134 812.0
1088.1540246895156 794.0
1088.3943859960934 817.0
1088.6347380825637 796.0
1088.8750809484436 787.0
1089.1154145932499 798.0
1089.3557390164995 798.0
1089.5960542177095 784.0
1089.836360196396 808.0
1090.0766569520767 801.0
1090.3169444842679 797.0
1090.557222792487 805.0
1090.7974918762502 808.0
1091.037751735075 802.0
1091.2780023684782 802.0
1091.518243775976 809.0
1091.7584759570861 801.0
1091.9986989113247 809.0
1092.2389126382093 791.0
1092.4791171372563 803.0
1092.7193124079827 801.0
1092.9594984499054 803.0
1093.1996752625412 804.0
1093.4398428454072 812.0
1093.68000119802 813.0
1093.9201503198965 804.0
1094.1602902105537 793.0
1094.4004208695083 801.0
1094.6405422962773 797.0
1094.8806544903778 804.0
1095.120757451326 805.0
1095.3608511786392 797.0
1095.6009356718341 800.0
1095.8410109304282 808.0
1096.0810769539376 790.0
1096.3211337418795 777.0
1096.5611812937707 797.0
1096.8012196091279 802.0
1097.0412486874682 799.0
1097.2812685283084 812.0
1097.5212791311658 806.0
1097.7612804955563 818.0
1098.0012726209975 801.0
1098.2412555070064 801.0
1098.4812291530989 802.0
1098.721193558793 806.0
1098.961148723605 798.0
1099.2010946470518 802.0
1099.4410313286503 808.0
1099.6809587679172 805.0
1099.92087696437 811.0
1100.1607859175251 820.0
1100.400685626899 810.0
1100.640576092009 810.0
1100.880457312372 818.0
1101.1203292875052 809.0
1101.3601920169247 808.0
1101.6000455001479 798.0
1101.8398897366915 795.0
1102.079724726072 797.0
1102.3195504678072 804.0
1102.559366961413 824.0
1102.7991742064069 807.0
1103.0389722023056 806.0
1103.2787609486254 802.0
1103.5185404448844 804.0
1103.7583106905984 808.0
1103.9980716852845 802.0
1104.23782342846 807.0
1104.4775659196412 800.0
1104.7172991583454 784.0
1104.9570231440887 814.0
1105.1967378763893 792.0
1105.436443354763 808.0
1105.6761395787273 801.0
1105.9158265477986 804.0
1106.1555042614937 806.0
1106.3951727193298 802.0
1106.6348319208234 805.0
1106.8744818654923 805.0
1107.1141225528525 799.0
1107.3537539824208 795.0
1107.5933761537144 808.0
1107.8329890662503 787.0
1108.072592719545 794.0
1108.3121871131157 800.0
1108.551772246479 800.0
1108.7913481191517 804.0
1109.030914730651 807.0
1109.2704720804938 807.0
1109.5100201681967 798.0
1109.7495589932764 814.0
1109.9890885552504 795.0
1110.2286088536348 805.0
1110.4681198879473 805.0
1110.707621657704 807.0
1110.9471141624224 798.0
1111.1865974016187 793.0
1111.4260713748101 802.0
1111.665536081514 799.0
1111.9049915212463 824.0
1112.1444376935244 801.0
1112.3838745978653 811.0
1112.6233022337854 797.0
1112.8627206008023 791.0
1113.102129698432 800.0
1113.3415295261918 785.0
1113.5809200835986 795.0
1113.820301370169 797.0
1114.0596733854206 809.0
1114.2990361288694 820.0
1114.5383896000326 807.0
1114.7777337984273 809.0
1115.0170687235698 808.0
1115.2563943749778 796.0
1115.4957107521673 808.0
1115.7350178546556 780.0
1115.9743156819598 777.0
1116.213604233596 809.0
1116.452883509082 798.0
1116.692153507934 808.0
1116.9314142296694 806.0
1117.1706656738045 804.0
1117.4099078398563 795.0
1117.6491407273422 808.0
1117.8883643357783 807.0
1118.1275786646822 808.0
1118.36678371357 818.0
1118.6059794819594 813.0
1118.8451659693665 795.0
1119.0843431753085 805.0
1119.3235110993026 805.0
1119.5626697408647 801.0
1119.8018190995128 812.0
1120.0409591747637 812.0
1120.2800899661331 788.0
1120.519211473139 801.0
1120.7583236952978 796.0
1120.9974266321262 798.0
1121.236520283142 809.0
1121.4756046478608 800.0
1121.7146797258001 797.0
1121.9537455164768 788.0
1122.192802019408 802.0
1122.4318492341101 802.0
1122.6708871601 817.0
1122.909915796895 804.0
1123.1489351440111 796.0
1123.3879452009662 806.0
1123.6269459672762 812.0
1123.865937442459 804.0
1124.1049196260308 802.0
1124.3438925175087 814.0
