gas=Ar_shot=15_power=171.6WHR4000 spectrum
Wavelength [nm] // Intensity [u.a.] 
194.93414 802.0
195.2037815346219 761.0
195.47341553816543 780.0
195.74304201014752 779.0
196.012660950085 814.0
196.28227235749478 791.0
196.55187623189366 804.0
196.82147257279857 812.0
197.09106137972637 796.0
197.36064265219392 821.0
197.63021638971804 802.0
197.89978259181567 808.0
198.16934125800364 807.0
198.43889238779886 809.0
198.7084359807181 803.0
198.97797203627835 805.0
199.2475005539964 797.0
199.51702153338914 809.0
199.78653497397343 825.0
200.05604087526618 819.0
200.3255392367842 806.0
200.59503005804436 802.0
200.8645133385636 802.0
201.1339890778587 814.0
201.4034572754466 810.0
201.67291793084408 806.0
201.94237104356813 806.0
202.21181661313554 795.0
202.48125463906314 819.0
202.7506851208679 817.0
203.02010805806663 809.0
203.28952345017618 810.0
203.55893129671344 808.0
203.8283315971953 831.0
204.0977243511386 803.0
204.3671095580602 814.0
204.636487217477 817.0
204.90585732890585 797.0
205.17521989186366 814.0
205.44457490586717 803.0
205.7139223704334 817.0
205.98326228507918 806.0
206.2525946493213 810.0
206.5219194626767 802.0
206.79123672466224 807.0
207.06054643479476 779.0
207.32984859259116 804.0
207.59914319756828 807.0
207.86843024924303 807.0
208.13770974713225 813.0
208.40698169075276 811.0
208.6762460796215 817.0
208.94550291325532 825.0
209.2147521911711 813.0
209.48399391288567 806.0
209.75322807791594 805.0
210.02245468577874 819.0
210.29167373599094 814.0
210.56088522806942 806.0
210.83008916153108 819.0
211.09928553589276 802.0
211.3684743506713 804.0
211.63765560538363 814.0
211.9068292995466 814.0
212.175995432677 822.0
212.44515400429182 820.0
212.71430501390782 805.0
212.98344846104192 799.0
213.25258434521103 831.0
213.52171266593191 835.0
213.79083342272153 811.0
214.05994661509675 820.0
214.3290522425744 819.0
214.5981503046713 808.0
214.8672408009044 809.0
215.13632373079054 809.0
215.4053990938466 804.0
215.6744668895894 800.0
215.94352711753592 810.0
216.21257977720293 806.0
216.48162486810728 813.0
216.7506623897659 826.0
217.01969234169565 808.0
217.2887147234134 799.0
217.55772953443596 815.0
217.82673677428028 800.0
218.0957364424632 818.0
218.36472853850154 809.0
218.6337130619122 825.0
218.9026900122121 821.0
219.17165938891804 808.0
219.4406211915469 801.0
219.70957541961562 803.0
219.97852207264097 803.0
220.24746115013983 815.0
220.5163926516291 807.0
220.78531657662566 820.0
221.05423292464639 821.0
221.32314169520808 803.0
221.59204288782766 809.0
221.860936502022 802.0
222.12982253730797 802.0
222.39870099320237 803.0
222.66757186922214 802.0
222.93643516488416 816.0
223.20529087970525 809.0
223.47413901320226 815.0
223.74297956489212 799.0
224.01181253429166 817.0
224.28063792091777 807.0
224.5494557242873 815.0
224.8182659439171 813.0
225.08706857932413 811.0
225.35586363002508 811.0
225.62465109553705 816.0
225.89343097537673 797.0
226.16220326906105 826.0
226.43096797610687 814.0
226.69972509603105 796.0
226.9684746283505 798.0
227.237216572582 824.0
227.50595092824256 808.0
227.7746776948489 802.0
228.04339687191796 823.0
228.31210845896663 817.0
228.5808124555117 810.0
228.84950886107015 820.0
229.11819767515877 798.0
229.38687889729442 811.0
229.65555252699397 811.0
229.92421856377433 810.0
230.1928770071524 805.0
230.46152785664492 816.0
230.73017111176884 825.0
230.99880677204106 823.0
231.26743483697837 825.0
231.53605530609772 826.0
231.8046681789159 810.0
232.07327345494983 820.0
232.34187113371638 816.0
232.61046121473237 813.0
232.87904369751473 820.0
233.14761858158028 823.0
233.41618586644586 816.0
233.68474555162845 826.0
233.95329763664483 821.0
234.2218421210119 809.0
234.49037900424648 811.0
234.7589082858655 800.0
235.02742996538583 816.0
235.29594404232427 817.0
235.56445051619772 813.0
235.8329493865231 808.0
236.10144065281722 811.0
236.36992431459691 801.0
236.63840037137916 796.0
236.9068688226808 801.0
237.1753296680186 798.0
237.44378290690955 801.0
237.7122285388704 824.0
237.9806665634181 804.0
238.24909698006957 815.0
238.51751978834153 793.0
238.78593498775095 816.0
239.0543425778147 817.0
239.32274255804958 802.0
239.59113492797255 807.0
239.8595196871004 819.0
240.12789683495004 803.0
240.3962663710383 823.0
240.66462829488208 806.0
240.93298260599826 825.0
241.2013293039037 810.0
241.46966838811522 818.0
241.73799985814978 793.0
242.00632371352418 809.0
242.27463995375527 816.0
242.54294857835998 809.0
242.81124958685515 805.0
243.07954297875764 822.0
243.34782875358434 806.0
243.61610691085207 816.0
243.88437745007772 818.0
244.15264037077822 808.0
244.42089567247035 828.0
244.68914335467105 812.0
244.95738341689716 818.0
245.2256158586655 811.0
245.493840679493 831.0
245.76205787889654 796.0
246.03026745639292 814.0
246.29846941149904 815.0
246.5666637437318 814.0
246.834850452608 812.0
247.1030295376446 820.0
247.37120099835838 809.0
247.63936483426627 811.0
247.9075210448851 821.0
248.17566962973177 814.0
248.4438105883231 815.0
248.71194392017603 815.0
248.98006962480733 797.0
249.248187701734 805.0
249.51629815047275 808.0
249.78440097054056 810.0
250.05249616145431 809.0
250.32058372273076 811.0
250.5886636538869 816.0
250.85673595443953 812.0
251.12480062390551 823.0
251.39285766180177 818.0
251.6609070676451 822.0
251.92894884095242 817.0
252.19698298124058 807.0
252.46500948802645 805.0
252.73302836082692 797.0
253.00103959915882 797.0
253.26904320253902 811.0
253.53703917048443 809.0
253.80502750251188 810.0
254.07300819813827 815.0
254.34098125688044 816.0
254.60894667825525 810.0
254.87690446177962 804.0
255.14485460697037 816.0
255.41279711334434 822.0
255.6807319804185 813.0
255.94865920770962 808.0
256.2165787947346 807.0
256.48449074101035 796.0
256.75239504605366 789.0
257.02029170938147 802.0
257.28818073051065 813.0
257.556062108958 816.0
257.8239358442404 829.0
258.0918019358748 808.0
258.35966038337796 807.0
258.6275111862668 822.0
258.8953543440582 809.0
259.163189856269 808.0
259.4310177224162 812.0
259.6988379420164 801.0
259.9666505145867 808.0
260.23445543964385 812.0
260.50225271670473 804.0
260.77004234528624 788.0
261.03782432490533 820.0
261.3055986550787 824.0
261.5733653353234 814.0
261.8411243651561 823.0
262.1088757440937 820.0
262.37661947165327 808.0
262.6443555473515 808.0
262.9120839707053 813.0
263.1798047412315 804.0
263.44751785844704 818.0
263.7152233218687 805.0
263.98292113101354 815.0
264.2506112853982 806.0
264.51829378453965 803.0
264.7859686279547 813.0
265.05363581516025 804.0
265.32129534567326 817.0
265.5889472190105 814.0
265.8565914346889 811.0
266.1242279922252 811.0
266.39185689113634 821.0
266.65947813093925 811.0
266.9270917111508 837.0
267.19469763128774 813.0
267.46229589086704 807.0
267.72988648940554 819.0
267.9974694264201 800.0
268.2650447014276 816.0
268.53261231394487 814.0
268.80017226348883 815.0
269.0677245495763 803.0
269.3352691717242 807.0
269.60280612944933 813.0
269.8703354222686 813.0
270.13785704969894 809.0
270.40537101125716 816.0
270.67287730646007 807.0
270.9403759348246 803.0
271.2078668958677 812.0
271.47535018910605 798.0
271.7428258140567 812.0
272.01029377023633 811.0
272.2777540571619 816.0
272.5452066743504 813.0
272.81265162131854 818.0
273.08008889758327 810.0
273.34751850266144 812.0
273.6149404360698 820.0
273.8823546973254 808.0
274.1497612859451 804.0
274.4171602014456 811.0
274.6845514433439 808.0
274.95193501115676 813.0
275.2193109044012 814.0
275.486679122594 815.0
275.7540396652521 808.0
276.02139253189216 818.0
276.2887377220313 792.0
276.55607523518626 806.0
276.82340507087395 805.0
277.09072722861123 797.0
277.3580417079149 815.0
277.62534850830195 805.0
277.8926476292892 813.0
278.1599390703934 818.0
278.4272228311316 809.0
278.69449891102056 801.0
278.96176730957717 793.0
279.22902802631836 813.0
279.4962810607609 830.0
279.76352641242164 819.0
280.0307640808177 816.0
280.29799406546556 802.0
280.5652163658824 796.0
280.8324309815849 810.0
281.09963791209003 816.0
281.3668371569146 810.0
281.6340287155756 814.0
281.9012125875897 800.0
282.168388772474 818.0
282.4355572697452 802.0
282.7027180789201 811.0
282.9698711995158 799.0
283.23701663104896 820.0
283.50415437303667 808.0
283.77128442499554 808.0
284.0384067864426 806.0
284.3055214568946 794.0
284.57262843586864 800.0
284.8397277228814 796.0
285.1068193174497 809.0
285.37390321909055 810.0
285.6409794273207 817.0
285.9080479416572 818.0
286.1751087616167 803.0
286.4421618867162 825.0
286.7092073164725 810.0
286.9762450504025 809.0
287.24327508802315 822.0
287.5102974288511 805.0
287.77731207240345 797.0
288.04431901819703 821.0
288.3113182657485 809.0
288.578309814575 810.0
288.84529366419326 820.0
289.1122698141201 812.0
289.37923826387254 796.0
289.6461990129674 817.0
289.91315206092133 810.0
290.18009740725154 823.0
290.44703505147464 812.0
290.7139649931077 804.0
290.98088723166734 790.0
291.24780176667065 792.0
291.5147085976344 820.0
291.78160772407557 808.0
292.04849914551085 802.0
292.3153828614572 815.0
292.58225887143146 805.0
292.8491271749505 808.0
293.1159877715313 792.0
293.3828406606906 817.0
293.6496858419453 829.0
293.9165233148123 795.0
294.1833530788084 833.0
294.4501751334505 806.0
294.71698947825547 810.0
294.9837961127402 827.0
295.2505950364216 814.0
295.5173862488164 820.0
295.78416974944156 808.0
296.050945537814 806.0
296.31771361345045 806.0
296.584473975868 816.0
296.8512266245832 813.0
297.11797155911313 812.0
297.38470877897464 819.0
297.6514382836846 814.0
297.9181600727598 823.0
298.18487414571723 811.0
298.4515805020736 807.0
298.71827914134593 816.0
298.9849700630511 819.0
299.2516532667058 826.0
299.518328751827 817.0
299.78499651793163 813.0
300.0516565645365 802.0
300.3183088911584 787.0
300.58495349731436 790.0
300.8515903825211 798.0
301.1182195462956 810.0
301.3848409881546 817.0
301.65145470761513 818.0
301.91806070419403 823.0
302.184658977408 806.0
302.4512495267741 804.0
302.7178323518091 819.0
302.9844074520298 820.0
303.2509748269532 807.0
303.5175344760962 795.0
303.78408639897555 818.0
304.0506305951082 801.0
304.31716706401096 805.0
304.58369580520065 809.0
304.8502168181943 822.0
305.1167301025086 813.0
305.3832356576606 810.0
305.649733483167 796.0
305.9162235785447 821.0
306.1827059433106 809.0
306.4491805769817 802.0
306.7156474790747 807.0
306.98210664910647 815.0
307.2485580865939 826.0
307.5150017910539 809.0
307.7814377620034 821.0
308.0478659989591 807.0
308.31428650143795 804.0
308.58069926895683 806.0
308.8471043010326 794.0
309.1135015971821 820.0
309.37989115692227 828.0
309.6462729797699 817.0
309.91264706524197 797.0
310.1790134128551 813.0
310.4453720221265 808.0
310.71172289257277 806.0
310.97806602371094 802.0
311.2444014150577 807.0
311.5107290661301 807.0
311.777048976445 810.0
312.04336114551904 803.0
312.30966557286945 801.0
312.5759622580128 800.0
312.8422512004661 819.0
313.1085323997461 824.0
313.3748058553698 816.0
313.641071566854 789.0
313.90732953371554 808.0
314.17357975547145 802.0
314.4398222316384 814.0
314.70605696173334 803.0
314.9722839452731 799.0
315.23850318177466 822.0
315.50471467075477 809.0
315.7709184117303 810.0
316.0371144042182 816.0
316.3033026477353 819.0
316.56948314179846 810.0
316.8356558859246 806.0
317.1018208796305 821.0
317.36797812243304 814.0
317.6341276138491 821.0
317.90026935339563 816.0
318.1664033405894 796.0
318.4325295749473 811.0
318.6986480559862 812.0
318.96475878322303 807.0
319.2308617561746 809.0
319.4969569743577 809.0
319.76304443728935 799.0
320.0291241444864 813.0
320.2951960954656 808.0
320.5612602897438 813.0
320.82731672683815 813.0
321.0933654062652 818.0
321.359406327542 810.0
321.6254394901853 812.0
321.891464893712 803.0
322.157482537639 800.0
322.4234924214832 803.0
322.68949454476143 792.0
322.95548890699064 809.0
323.2214755076875 813.0
323.487454346369 817.0
323.753425422552 817.0
324.01938873575347 796.0
324.2853442854901 812.0
324.55129207127885 812.0
324.8172320926366 830.0
325.08316434908016 806.0
325.34908884012646 802.0
325.61500556529234 811.0
325.8809145240947 804.0
326.14681571605024 819.0
326.4127091406761 805.0
326.6785947974889 809.0
326.9444726860058 807.0
327.2103428057433 801.0
327.47620515621855 787.0
327.74205973694836 809.0
328.00790654744947 816.0
328.2737455872389 817.0
328.5395768558335 828.0
328.80540035275004 804.0
329.0712160775054 800.0
329.33702402961654 810.0
329.6028242086002 810.0
329.86861661397353 807.0
330.13440124525306 815.0
330.4001781019559 807.0
330.66594718359863 813.0
330.9317084896984 819.0
331.19746201977205 810.0
331.46320777333636 812.0
331.7289457499082 814.0
331.9946759490044 811.0
332.2603983701419 828.0
332.5261130128375 819.0
332.79181987660826 827.0
333.05751896097087 803.0
333.3232102654422 809.0
333.58889378953916 789.0
333.85456953277856 801.0
334.1202374946774 817.0
334.38589767475247 821.0
334.6515500725206 811.0
334.9171946874987 805.0
335.18283151920355 806.0
335.4484605671522 811.0
335.7140818308614 809.0
335.97969530984807 814.0
336.245301003629 805.0
336.51089891172114 809.0
336.77648903364127 803.0
337.04207136890636 817.0
337.30764591703326 815.0
337.5732126775387 789.0
337.83877164993976 808.0
338.10432283375314 810.0
338.36986622849577 803.0
338.63540183368457 824.0
338.9009296488363 821.0
339.16644967346787 824.0
339.4319619070962 827.0
339.6974663492381 806.0
339.9629629994105 814.0
340.22845185713027 811.0
340.4939329219141 823.0
340.75940619327906 820.0
341.02487167074196 792.0
341.2903293538197 808.0
341.555779242029 826.0
341.821221334887 824.0
342.0866556319103 808.0
342.3520821326158 812.0
342.6175008365205 819.0
342.8829117431413 822.0
343.1483148519949 811.0
343.41371016259825 815.0
343.6790976744682 805.0
343.9444773871216 804.0
344.20984930007546 819.0
344.4752134128465 809.0
344.74056972495157 813.0
345.0059182359076 801.0
345.27125894523147 794.0
345.53659185244 813.0
345.80191695705014 822.0
346.0672342585787 812.0
346.3325437565426 802.0
346.5978454504585 790.0
346.8631393398436 789.0
347.1284254242145 807.0
347.3937037030882 799.0
347.6589741759816 807.0
347.92423684241146 800.0
348.1894917018946 803.0
348.4547387539481 794.0
348.71997799808867 811.0
348.9852094338332 801.0
349.2504330606986 813.0
349.51564887820166 803.0
349.7808568858593 800.0
350.0460570831885 817.0
350.31124946970584 818.0
350.57643404492853 802.0
350.84161080837316 811.0
351.1067797595568 811.0
351.3719408979961 803.0
351.63709422320824 805.0
351.90223973470984 814.0
352.16737743201776 817.0
352.43250731464894 801.0
352.69762938212034 809.0
352.9627436339487 812.0
353.2278500696509 816.0
353.49294868874387 809.0
353.7580394907444 805.0
354.02312247516943 810.0
354.28819764153576 817.0
354.55326498936034 819.0
354.81832451816 819.0
355.08337622745165 817.0
355.348420116752 832.0
355.613456185578 822.0
355.8784844334467 814.0
356.1435048598747 812.0
356.4085174643791 803.0
356.6735222464765 829.0
356.938519205684 829.0
357.2035083415184 804.0
357.46848965349653 805.0
357.73346314113536 809.0
357.9984288039516 803.0
358.2633866414622 805.0
358.528336653184 790.0
358.793278838634 798.0
359.05821319732894 810.0
359.3231397287857 797.0
359.5880584325211 812.0
359.8529693080521 805.0
360.1178723548955 812.0
360.3827675725683 809.0
360.64765496058726 809.0
360.9125345184692 812.0
361.1774062457311 808.0
361.44227014188965 822.0
361.707126206462 804.0
361.9719744389649 828.0
362.2368148389151 834.0
362.5016474058295 807.0
362.766472139225 825.0
363.0312890386186 814.0
363.296098103527 819.0
363.5608993334672 817.0
363.82569272795587 821.0
364.09047828651006 803.0
364.35525600864656 826.0
364.6200258938823 829.0
364.8847879417341 819.0
365.1495421517188 805.0
365.41428852335326 810.0
365.67902705615444 811.0
365.9437577496392 816.0
366.2084806033243 809.0
366.4731956167267 819.0
366.7379027893632 820.0
367.0026021207507 804.0
367.2672936104061 818.0
367.5319772578463 809.0
367.79665306258806 823.0
368.06132102414836 828.0
368.32598114204393 822.0
368.59063341579173 815.0
368.85527784490864 822.0
369.1199144289115 815.0
369.3845431673172 816.0
369.6491640596426 818.0
369.91377710540445 810.0
370.1783823041198 810.0
370.44297965530546 790.0
370.70756915847835 825.0
370.97215081315517 815.0
371.2367246188529 817.0
371.5012905750884 816.0
371.7658486813786 823.0
372.0303989372402 810.0
372.29494134219027 795.0
372.5594758957455 810.0
372.82400259742286 817.0
373.08852144673915 795.0
373.3530324432114 820.0
373.6175355863563 817.0
373.8820308756908 807.0
374.1465183107317 808.0
374.410997890996 805.0
374.6754696160004 809.0
374.93993348526186 818.0
375.2043894982973 820.0
375.4688376546235 805.0
375.7332779537573 810.0
375.9977103952157 809.0
376.26213497851546 816.0
376.52655170317354 817.0
376.7909605687067 804.0
377.05536157463183 801.0
377.3197547204658 816.0
377.5841400057256 814.0
377.84851742992794 807.0
378.11288699258984 809.0
378.37724869322795 825.0
378.64160253135935 821.0
378.90594850650075 808.0
379.1702866181692 820.0
379.4346168658814 809.0
379.69893924915425 823.0
379.9632537675047 813.0
380.2275604204495 808.0
380.49185920750574 807.0
380.75615012819 813.0
381.0204331820193 815.0
381.2847083685105 803.0
381.5489756871804 819.0
381.8132351375459 807.0
382.07748671912407 819.0
382.34173043143153 820.0
382.6059662739852 822.0
382.8701942463019 813.0
383.1344143478986 820.0
383.3986265782921 827.0
383.6628309369994 814.0
383.92702742353725 818.0
384.1912160374225 824.0
384.45539677817203 816.0
384.7195696453027 807.0
384.98373463833155 817.0
385.2478917567753 795.0
385.5120410001507 801.0
385.7761823679748 808.0
386.0403158597644 823.0
386.30444147503647 803.0
386.5685592133077 812.0
386.8326690740951 801.0
387.09677105691543 794.0
387.36086516128563 805.0
387.6249513867226 819.0
387.88902973274315 814.0
388.15310019886414 811.0
388.41716278460245 813.0
388.68121748947493 833.0
388.9452643129986 797.0
389.2093032546901 823.0
389.47333431406645 813.0
389.73735749064434 805.0
390.0013727839409 814.0
390.2653801934728 826.0
390.52937971875696 825.0
390.7933713593103 813.0
391.05735511464974 826.0
391.3213309842919 836.0
391.5852989677539 808.0
391.8492590645524 813.0
392.1132112742045 802.0
392.37715559622694 808.0
392.6410920301366 807.0
392.9050205754503 801.0
393.1689412316849 814.0
393.43285399835736 814.0
393.69675887498465 817.0
393.96065586108335 814.0
394.2245449561705 826.0
394.4884261597629 825.0
394.75229947137757 848.0
395.01616489053123 843.0
395.28002241674085 825.0
395.5438720495231 817.0
395.80771378839506 803.0
396.0715476328735 809.0
396.33537358247537 814.0
396.5991916367174 827.0
396.86300179511665 819.0
397.12680405718976 805.0
397.39059842245376 819.0
397.65438489042543 810.0
397.91816346062177 825.0
398.18193413255955 803.0
398.4456969057556 806.0
398.7094517797268 833.0
398.97319875399006 809.0
399.2369378280623 800.0
399.50066900146027 802.0
399.764392273701 802.0
400.02810764430114 806.0
400.2918151127777 807.0
400.55551467864757 812.0
400.81920634142756 816.0
401.08289010063453 817.0
401.34656595578537 822.0
401.6102339063969 813.0
401.8738939519861 805.0
402.1375460920697 810.0
402.4011903261647 825.0
402.6648266537879 812.0
402.92845507445617 836.0
403.1920755876863 837.0
403.4556881929953 809.0
403.71929288990003 825.0
403.98288967791734 837.0
404.246478556564 829.0
404.5100595253569 843.0
404.77363258381297 842.0
405.03719773144906 830.0
405.3007549677821 822.0
405.56430429232887 813.0
405.82784570460626 821.0
406.0913792041311 817.0
406.35490479042033 809.0
406.61842246299085 797.0
406.88193222135936 816.0
407.14543406504293 810.0
407.4089279935582 805.0
407.6724140064223 810.0
407.9358921031519 815.0
408.19936228326395 805.0
408.4628245462754 806.0
408.7262788917029 829.0
408.9897253190635 820.0
409.25316382787395 809.0
409.5165944176513 801.0
409.7800170879122 821.0
410.04343183817366 809.0
410.30683866795243 808.0
410.57023757676546 823.0
410.83362856412975 821.0
411.09701162956185 806.0
411.3603867725789 809.0
411.62375399269763 812.0
411.887113289435 811.0
412.1504646623078 820.0
412.4138081108329 803.0
412.6771436345273 819.0
412.94047123290767 810.0
413.20379090549096 817.0
413.46710265179405 808.0
413.7304064713339 825.0
413.9937023636272 821.0
414.25699032819097 815.0
414.52027036454194 827.0
414.78354247219704 831.0
415.0468066506732 847.0
415.31006289948726 896.0
415.5733112181561 935.0
415.83655160619645 1016.0
416.0997840631253 974.0
416.3630085884595 919.0
416.62622518171594 886.0
416.8894338424115 845.0
417.152634570063 843.0
417.4158273641873 830.0
417.67901222430123 835.0
417.9421891499217 857.0
418.2053581405658 874.0
418.46851919575005 886.0
418.7316723149915 905.0
418.99481749780693 943.0
419.2579547437133 1000.0
419.5210840522274 1010.0
419.78420542286625 1111.0
420.04731885514644 1156.0
420.31042434858506 1034.0
420.573521902699 954.0
420.83661151700494 874.0
421.0996931910199 827.0
421.3627669242608 848.0
421.6258327162443 817.0
421.88889056648736 811.0
422.1519404745069 810.0
422.41498243981977 804.0
422.6780164619429 808.0
422.9410425403929 814.0
423.2040606746869 822.0
423.46707086434174 809.0
423.7300731088742 820.0
423.9930674078012 813.0
424.25605376063965 822.0
424.5190321669063 812.0
424.782002626118 829.0
425.0449651377918 854.0
425.30791970144446 865.0
425.57086631659286 907.0
425.83380498275386 965.0
426.0967356994443 982.0
426.3596584661811 919.0
426.6225732824811 935.0
426.88548014786113 910.0
427.14837906183817 914.0
427.411270023929 885.0
427.6741530336505 848.0
427.9370280905195 847.0
428.199895194053 821.0
428.46275434376776 824.0
428.72560553918066 818.0
428.98844877980855 823.0
429.2512840651683 827.0
429.51411139477693 852.0
429.77693076815115 857.0
430.03974218480784 881.0
430.3025456442639 868.0
430.5653411460361 833.0
430.82812868964146 811.0
431.09090827459687 804.0
431.353679900419 833.0
431.61644356662487 815.0
431.87919927273134 816.0
432.1419470182551 819.0
432.40468680271334 818.0
432.66741862562276 828.0
432.93014248650013 860.0
433.1928583848624 889.0
433.45556632022647 916.0
433.7182662921092 897.0
433.9809583000275 843.0
434.24364234349815 829.0
434.506318422038 850.0
434.768986535164 844.0
435.031646682393 829.0
435.2942988632418 823.0
435.55694307722734 817.0
435.81957932386655 820.0
436.08220760267614 804.0
436.34482791317305 815.0
436.6074402548742 827.0
436.8700446272964 817.0
437.1326410299566 817.0
437.3952294623715 811.0
437.65780992405803 833.0
437.9203824145332 812.0
438.1829469333138 823.0
438.4455034799166 812.0
438.7080520538586 820.0
438.9705926546565 808.0
439.23312528182737 819.0
439.49564993488787 806.0
439.7581666133551 809.0
440.0206753167459 807.0
440.28317604457686 823.0
440.5456687963651 818.0
440.8081535716274 808.0
441.07063036988075 795.0
441.3330991906418 807.0
441.5955600334276 820.0
441.858012897755 819.0
442.12045778314075 808.0
442.3828946891018 812.0
442.6453236151551 807.0
442.9077445608174 815.0
443.17015752560553 819.0
443.4325625090365 811.0
443.69495951062703 818.0
443.95734852989415 790.0
444.21972956635454 814.0
444.4821026195253 840.0
444.74446768892307 812.0
445.00682477406485 809.0
445.2691738744674 806.0
445.5315149896478 808.0
445.79384811912274 805.0
446.05617326240906 818.0
446.31849041902376 822.0
446.58079958848356 812.0
446.8431007703055 806.0
447.10539396400634 814.0
447.367679169103 826.0
447.6299563851123 810.0
447.892225611551 811.0
448.15448684793625 818.0
448.4167400937847 811.0
448.67898534861325 806.0
448.9412226119389 803.0
449.2034518832783 809.0
449.46567316214856 793.0
449.72788644806633 807.0
449.99009174054856 812.0
450.2522890391122 832.0
450.514478343274 844.0
450.77665965255085 854.0
451.0388329664597 877.0
451.30099828451733 886.0
451.5631556062406 837.0
451.82530493114655 831.0
452.08744625875175 835.0
452.3495795885734 836.0
452.6117049201281 832.0
452.87382225293277 819.0
453.13593158650446 801.0
453.3980329203598 818.0
453.6601262540158 808.0
453.9222115869893 823.0
454.1842889187971 807.0
454.4463582489562 823.0
454.70841957698343 808.0
454.97047290239556 814.0
455.23251822470957 805.0
455.49455554344223 820.0
455.75658485811044 817.0
456.0186061682312 812.0
456.2806194733211 813.0
456.5426247728973 824.0
456.8046220664765 820.0
457.0666113535756 806.0
457.32859263371154 800.0
457.5905659064011 833.0
457.8525311711611 812.0
458.1144884275086 821.0
458.37643767496024 825.0
458.6383789130331 826.0
458.9003121412439 817.0
459.1622373591095 808.0
459.4241545661469 807.0
459.68606376187284 835.0
459.9479649458043 816.0
460.2098581174581 817.0
460.471743276351 799.0
460.733620422 814.0
460.9954895539219 813.0
461.2573506716337 810.0
461.51920377465206 810.0
461.78104886249406 815.0
462.0428859346764 822.0
462.304714990716 811.0
462.5665360301298 822.0
462.82834905243453 822.0
463.09015405714723 822.0
463.35195104378465 822.0
463.6137400118636 810.0
463.8755209609011 810.0
464.13729389041396 826.0
464.399058799919 817.0
464.6608156889332 801.0
464.92256455697327 823.0
465.18430540355615 820.0
465.4460382281988 799.0
465.707763030418 801.0
465.96947980973056 806.0
466.23118856565344 797.0
466.49288929770347 808.0
466.75458200539765 819.0
467.0162666882526 815.0
467.27794334578533 828.0
467.5396119775127 822.0
467.8012725829516 805.0
468.0629251616188 805.0
468.3245697130314 816.0
468.586206236706 809.0
468.8478347321596 795.0
469.109455198909 816.0
469.3710676364711 818.0
469.6326720443629 828.0
469.89426842210105 844.0
470.1558567692025 844.0
470.4174370851842 855.0
470.6790093695629 818.0
470.94057362185555 824.0
471.20212984157905 812.0
471.4636780282501 807.0
471.72521818138574 816.0
471.9867503005027 813.0
472.248274385118 821.0
472.5097904347484 809.0
472.7712984489108 802.0
473.03279842712203 822.0
473.29429036889906 818.0
473.55577427375863 797.0
473.8172501412177 822.0
474.07871797079315 815.0
474.34017776200176 802.0
474.6016295143605 808.0
474.8630732273861 800.0
475.1245089005955 808.0
475.3859365335057 829.0
475.64735612563334 818.0
475.9087676764954 807.0
476.1701711856088 807.0
476.4315666524903 806.0
476.6929540766569 819.0
476.95433345762535 827.0
477.2157047949125 803.0
477.47706808803537 816.0
477.7384233365106 807.0
477.9997705398553 834.0
478.26110969758616 819.0
478.52244080922014 811.0
478.78376387427414 812.0
479.04507889226494 820.0
479.3063858627094 813.0
479.5676847851245 818.0
479.828975659027 808.0
480.0902584839338 813.0
480.3515332593618 810.0
480.61279998482775 811.0
480.8740586598487 802.0
481.13530928394147 816.0
481.3965518566228 819.0
481.65778637740965 805.0
481.9190128458189 790.0
482.1802312613674 802.0
482.4414416235721 803.0
482.70264393194964 819.0
482.9638381860171 808.0
483.2250243852913 817.0
483.4862025292891 801.0
483.7473726175273 814.0
484.0085346495229 811.0
484.26968862479265 819.0
484.5308345428534 816.0
484.79197240322225 823.0
485.0531022054157 825.0
485.314223948951 824.0
485.57533763334476 823.0
485.8364432581139 826.0
486.0975408227754 819.0
486.35863032684597 831.0
486.61971176984247 812.0
486.880785151282 820.0
487.1418504706812 816.0
487.402907727557 813.0
487.66395692142635 815.0
487.92499805180597 806.0
488.18603111821284 811.0
488.44705612016384 809.0
488.7080730571757 832.0
488.9690819287655 840.0
489.2300827344499 826.0
489.49107547374587 809.0
489.75206014617027 810.0
490.01303675124 804.0
490.27400528847187 813.0
490.53496575738274 809.0
490.79591815748955 805.0
491.05686248830915 806.0
491.31779874935836 812.0
491.57872694015396 820.0
491.8396470602131 818.0
492.1005591090524 824.0
492.3614630861888 816.0
492.6223589911392 786.0
492.88324682342045 806.0
493.14412658254946 798.0
493.40499826804296 817.0
493.66586187941795 816.0
493.92671741619125 804.0
494.18756487787977 815.0
494.44840426400026 807.0
494.70923557406974 807.0
494.97005880760497 800.0
495.23087396412285 819.0
495.4916810431403 805.0
495.7524800441741 826.0
496.01327096674123 818.0
496.27405381035845 814.0
496.53482857454264 816.0
496.79559525881075 782.0
497.05635386267954 811.0
497.31710438566597 812.0
497.57784682728686 814.0
497.8385811870591 817.0
498.0993074644995 813.0
498.360025659125 811.0
498.6207357704524 824.0
498.88143779799873 790.0
499.14213174128065 814.0
499.40281759981514 803.0
499.6634953731191 809.0
499.92416506070924 816.0
500.1848266621026 813.0
500.445480176816 812.0
500.70612560436615 816.0
500.96676294427016 828.0
501.22739219604483 814.0
501.48801335920695 810.0
501.74862643327344 803.0
502.00923141776116 810.0
502.2698283121869 814.0
502.5304171160677 800.0
502.7909978289203 802.0
503.0515704502616 815.0
503.31213497960846 808.0
503.57269141647777 799.0
503.8332397603864 820.0
504.09378001085116 825.0
504.354312167389 824.0
504.6148362295168 805.0
504.8753521967513 824.0
505.1358600686094 830.0
505.3963598446082 847.0
505.6568515242642 834.0
505.9173351070945 824.0
506.17781059261597 828.0
506.4382779803454 820.0
506.69873726979966 823.0
506.95918846049574 828.0
507.2196315519502 826.0
507.4800665436803 819.0
507.74049343520267 828.0
508.00091222603425 820.0
508.261322915692 817.0
508.5217255036924 819.0
508.7821199895529 827.0
509.0425063727899 805.0
509.3028846529204 801.0
509.5632548294615 828.0
509.8236169019296 808.0
510.0839708698421 828.0
510.3443167327155 788.0
510.60465449006676 802.0
510.8649841414127 809.0
511.12530568627034 820.0
511.3856191241566 796.0
511.64592445458794 822.0
511.90622167708165 832.0
512.1665107911545 806.0
512.4267917963232 802.0
512.6870646921047 806.0
512.947329478016 802.0
513.2075861535739 803.0
513.467834718295 817.0
513.7280751716964 807.0
513.9883075132952 822.0
514.248531742608 826.0
514.5087478591515 814.0
514.7689558624429 832.0
515.0291557519989 848.0
515.2893475273365 841.0
515.5495311879723 830.0
515.8097067334235 845.0
516.0698741632067 858.0
516.3300334768389 858.0
516.5901846738369 852.0
516.8503277537177 832.0
517.1104627159981 820.0
517.3705895601947 834.0
517.630708285825 811.0
517.8908188924053 841.0
518.1509213794526 838.0
518.411015746484 833.0
518.6711019930159 868.0
518.9311801185657 882.0
519.19125012265 866.0
519.4513120047856 850.0
519.7113657644896 822.0
519.9714114012784 814.0
520.2314489146695 823.0
520.4914783041794 808.0
520.751499569325 811.0
521.0115127096234 810.0
521.271517724591 824.0
521.5315146137451 829.0
521.7915033766022 827.0
522.0514840126796 843.0
522.3114565214938 849.0
522.5714209025618 832.0
522.8313771554007 828.0
523.0913252795269 814.0
523.3512652744578 804.0
523.6111971397097 821.0
523.8711208747998 822.0
524.1310364792452 804.0
524.390943952562 806.0
524.6508432942679 822.0
524.9107345038794 807.0
525.1706175809132 818.0
525.4304925248866 834.0
525.690359335316 827.0
525.9502180117188 821.0
526.2100685536113 800.0
526.4699109605107 803.0
526.729745231934 810.0
526.9895713673975 804.0
527.2493893664187 816.0
527.5091992285141 820.0
527.7690009532007 811.0
528.0287945399953 821.0
528.2885799884149 812.0
528.5483572979764 816.0
528.8081264681963 803.0
529.0678874985917 805.0
529.3276403886796 818.0
529.5873851379768 800.0
529.8471217460001 810.0
530.1068502122662 816.0
530.3665705362923 821.0
530.6262827175951 810.0
530.8859867556915 824.0
531.1456826500984 817.0
531.4053704003326 799.0
531.6650500059111 809.0
531.9247214663504 815.0
532.1843847811678 817.0
532.4440399498801 813.0
532.7036869720038 817.0
532.9633258470562 826.0
533.222956574554 818.0
533.4825791540142 807.0
533.7421935849534 809.0
534.0017998668885 824.0
534.2613979993366 817.0
534.5209879818145 823.0
534.780569813839 825.0
535.0401434949268 808.0
535.2997090245951 806.0
535.5592664023607 819.0
535.8188156277402 799.0
536.0783567002508 817.0
536.3378896194092 807.0
536.5974143847321 830.0
536.8569309957369 818.0
537.1164394519398 812.0
537.3759397528582 816.0
537.6354318980087 812.0
537.8949158869082 819.0
538.1543917190737 815.0
538.4138593940218 818.0
538.6733189112697 798.0
538.932770270334 817.0
539.1922134707318 804.0
539.4516485119797 820.0
539.7110753935946 825.0
539.9704941150937 826.0
540.2299046759937 822.0
540.4893070758112 827.0
540.7487013140633 803.0
541.008087390267 830.0
541.2674653039389 829.0
541.526835054596 812.0
541.7861966417552 808.0
542.0455500649333 816.0
542.3048953236471 810.0
542.5642324174137 818.0
542.8235613457497 818.0
543.0828821081722 826.0
543.3421947041979 832.0
543.6014991333436 846.0
543.8607953951266 834.0
544.1200834890632 840.0
544.3793634146708 834.0
544.6386351714658 838.0
544.8978987589653 847.0
545.1571541766862 869.0
545.4164014241451 862.0
545.6756405008593 849.0
545.9348714063455 837.0
546.1940941401203 823.0
546.4533087017008 822.0
546.712515090604 814.0
546.9717133063466 810.0
547.2309033484453 812.0
547.4900852164174 816.0
547.7492589097793 802.0
548.0084244280482 811.0
548.2675817707409 820.0
548.526730937374 828.0
548.7858719274648 831.0
549.0450047405299 842.0
549.3041293760863 867.0
549.5632458336507 909.0
549.82235411274 913.0
550.0814542128714 865.0
550.3405461335612 858.0
550.5996298743269 836.0
550.8587054346848 849.0
551.117772814152 832.0
551.3768320122455 805.0
551.6358830284819 821.0
551.8949258623783 823.0
552.1539605134514 835.0
552.4129869812182 827.0
552.6720052651955 850.0
552.9310153649002 815.0
553.1900172798491 811.0
553.4490110095592 816.0
553.7079965535472 817.0
553.9669739113302 812.0
554.2259430824248 820.0
554.484904066348 832.0
554.7438568626167 814.0
555.0028014707476 818.0
555.261737890258 846.0
555.520666120664 855.0
555.7795861614834 894.0
556.0384980122324 934.0
556.2974016724281 893.0
556.5562971415874 849.0
556.8151844192269 849.0
557.0740635048638 835.0
557.3329343980148 860.0
557.5917970981968 837.0
557.8506516049267 834.0
558.1094979177213 811.0
558.3683360360976 820.0
558.6271659595724 819.0
558.8859876876625 810.0
559.1448012198848 823.0
559.4036065557561 819.0
559.6624036947936 838.0
559.9211926365136 843.0
560.1799733804337 867.0
560.43874592607 867.0
560.6975102729399 909.0
560.9562664205602 915.0
561.2150143684473 879.0
561.4737541161188 849.0
561.732485663091 832.0
561.9912090088809 821.0
562.2499241530056 842.0
562.5086310949818 836.0
562.7673298343262 821.0
563.026020370556 814.0
563.2847027031879 797.0
563.5433768317389 805.0
563.8020427557254 831.0
564.0607004746649 832.0
564.3193499880738 836.0
564.5779912954692 820.0
564.8366243963679 829.0
565.0952492902868 880.0
565.3538659767429 884.0
565.6124744552527 840.0
565.8710747253335 833.0
566.1296667865018 822.0
566.3882506382747 817.0
566.6468262801691 802.0
566.9053937117014 807.0
567.1639529323893 801.0
567.4225039417488 801.0
567.6810467392974 808.0
567.9395813245517 813.0
568.1981076970284 825.0
568.4566258562448 830.0
568.7151358017175 826.0
568.9736375329633 816.0
569.2321310494995 820.0
569.4906163508422 821.0
569.749093436509 827.0
570.0075623060163 816.0
570.2660229588813 816.0
570.5244753946206 809.0
570.7829196127512 806.0
571.0413556127901 823.0
571.2997833942537 820.0
571.5582029566596 820.0
571.8166142995238 803.0
572.075017422364 819.0
572.3334123246967 823.0
572.5917990060384 808.0
572.8501774659068 809.0
573.108547703818 812.0
573.3669097192892 809.0
573.6252635118373 833.0
573.8836090809789 834.0
574.1419464262314 849.0
574.400275547111 848.0
574.6585964431351 821.0
574.9169091138205 828.0
575.1752135586836 816.0
575.4335097772419 814.0
575.6917977690118 808.0
575.9500775335105 817.0
576.2083490702545 813.0
576.4666123787609 828.0
576.7248674585469 797.0
576.9831143091286 821.0
577.2413529300236 822.0
577.4995833207483 830.0
577.7578054808198 817.0
578.0160194097549 828.0
578.2742251070703 815.0
578.5324225722832 814.0
578.7906118049101 798.0
579.0487928044681 818.0
579.3069655704743 822.0
579.565130102445 806.0
579.8232863998975 824.0
580.0814344623485 814.0
580.339574289315 801.0
580.5977058803137 825.0
580.8558292348614 824.0
581.1139443524753 831.0
581.3720512326721 830.0
581.6301498749685 812.0
581.8882402788817 819.0
582.146322443928 799.0
582.4043963696251 814.0
582.6624620554893 819.0
582.9205195010375 805.0
583.1785687057866 799.0
583.4366096692537 836.0
583.6946423909554 826.0
583.9526668704085 827.0
584.2106831071303 799.0
584.4686911006373 823.0
584.7266908504463 816.0
584.9846823560746 801.0
585.2426656170385 820.0
585.5006406328554 809.0
585.7586074030418 836.0
586.0165659271148 825.0
586.2745162045912 841.0
586.5324582349878 804.0
586.7903920178214 828.0
587.0483175526091 817.0
587.3062348388676 812.0
587.5641438761138 821.0
587.8220446638645 827.0
588.0799372016369 857.0
588.3378214889474 854.0
588.5956975253132 875.0
588.8535653102509 897.0
589.1114248432776 901.0
589.3692761239103 869.0
589.6271191516653 843.0
589.88495392606 840.0
590.1427804466111 834.0
590.4005987128355 846.0
590.6584087242501 852.0
590.9162104803713 851.0
591.1740039807169 891.0
591.4317892248029 912.0
591.6895662121466 882.0
591.9473349422648 841.0
592.2050954146741 852.0
592.462847628892 832.0
592.7205915844347 852.0
592.9783272808194 866.0
593.236054717563 850.0
593.493773894182 843.0
593.7514848101939 843.0
594.009187465115 836.0
594.2668818584625 828.0
594.5245679897531 829.0
594.7822458585038 811.0
595.0399154642313 824.0
595.2975768064524 822.0
595.5552298846843 812.0
595.8128746984438 814.0
596.0705112472474 824.0
596.3281395306126 805.0
596.5857595480555 815.0
596.8433712990935 810.0
597.1009747832434 819.0
597.3585700000219 836.0
597.6161569489462 819.0
597.8737356295327 835.0
598.1313060412986 818.0
598.3888681837607 833.0
598.6464220564358 843.0
598.9039676588409 834.0
599.1615049904925 824.0
599.4190340509081 814.0
599.676554839604 846.0
599.9340673560972 838.0
600.1915715999048 816.0
600.4490675705435 837.0
600.7065552675302 840.0
600.9640346903817 825.0
601.221505838615 826.0
601.4789687117469 824.0
601.7364233092942 823.0
601.9938696307739 848.0
602.2513076757026 873.0
602.5087374435976 902.0
602.7661589339755 918.0
603.023572146353 984.0
603.2809770802475 1096.0
603.5383737351752 1057.0
603.7957621106534 997.0
604.053142206199 936.0
604.3105140213286 960.0
604.5678775555593 945.0
604.8252328084078 910.0
605.0825797793912 877.0
605.3399184680261 884.0
605.5972488738295 850.0
605.8545709963181 883.0
606.111884835009 880.0
606.3691903894193 875.0
606.6264876590651 839.0
606.883776643464 837.0
607.1410573421324 828.0
607.3983297545875 813.0
607.6555938803461 817.0
607.9128497189247 809.0
608.1700972698408 821.0
608.4273365326108 831.0
608.6845675067516 827.0
608.9417901917803 815.0
609.1990045872135 832.0
609.4562106925683 835.0
609.7134085073615 841.0
609.9705980311098 874.0
610.2277792633305 851.0
610.4849522035397 860.0
610.7421168512552 872.0
610.9992732059933 839.0
611.2564212672709 820.0
611.5135610346049 836.0
611.7706925075122 824.0
612.0278156855098 822.0
612.2849305681145 833.0
612.542037154843 810.0
612.7991354452124 822.0
613.0562254387393 805.0
613.3133071349409 817.0
613.5703805333337 810.0
613.8274456334349 824.0
614.0845024347612 827.0
614.3415509368294 833.0
614.5985911391567 860.0
614.8556230412595 844.0
615.1126466426551 841.0
615.36966194286 836.0
615.6266689413914 844.0
615.8836676377659 845.0
616.1406580315004 834.0
616.3976401221121 838.0
616.6546139091173 835.0
616.9115793920333 860.0
617.1685365703769 877.0
617.4254854436648 874.0
617.6824260114142 866.0
617.9393582731417 841.0
618.196282228364 835.0
618.4531978765983 814.0
618.7101052173614 837.0
618.9670042501702 822.0
619.2238949745413 815.0
619.4807773899919 836.0
619.7376514960388 816.0
619.9945172921986 822.0
620.2513747779885 824.0
620.508223952925 810.0
620.7650648165256 832.0
621.0218973683066 828.0
621.2787216077849 838.0
621.5355375344776 861.0
621.7923451479013 851.0
622.0491444475734 840.0
622.3059354330103 823.0
622.5627181037288 837.0
622.8194924592461 798.0
623.0762584990788 807.0
623.333016222744 816.0
623.5897656297584 818.0
623.8465067196389 796.0
624.1032394919024 804.0
624.3599639460657 802.0
624.6166800816459 830.0
624.8733878981594 822.0
625.1300873951237 822.0
625.3867785720552 819.0
625.6434614284708 830.0
625.9001359638876 797.0
626.1568021778221 803.0
626.4134600697917 825.0
626.6701096393127 814.0
626.9267508859024 811.0
627.1833838090776 821.0
627.4400084083547 800.0
627.6966246832512 819.0
627.9532326332837 801.0
628.2098322579691 805.0
628.4664235568243 818.0
628.723006529366 817.0
628.9795811751112 832.0
629.2361474935768 832.0
629.4927054842794 836.0
629.7492551467363 841.0
630.0057964804641 841.0
630.2623294849799 847.0
630.5188541598001 839.0
630.775370504442 841.0
631.0318785184223 845.0
631.2883782012578 841.0
631.5448695524658 837.0
631.8013525715625 820.0
632.0578272580652 814.0
632.3142936114906 803.0
632.5707516313557 817.0
632.8272013171775 823.0
633.0836426684723 802.0
633.3400756847575 805.0
633.5965003655499 804.0
633.8529167103661 809.0
634.1093247187234 812.0
634.3657243901381 834.0
634.6221157241276 805.0
634.8784987202085 812.0
635.1348733778977 816.0
635.3912396967121 814.0
635.6475976761684 803.0
635.9039473157839 816.0
636.1602886150749 821.0
636.4166215735588 820.0
636.6729461907521 814.0
636.9292624661718 817.0
637.1855703993349 837.0
637.4418699897578 817.0
637.6981612369581 835.0
637.9544441404521 849.0
638.2107186997567 854.0
638.4669849143892 856.0
638.7232427838659 854.0
638.979492307704 854.0
639.2357334854204 830.0
639.4919663165317 827.0
639.7481908005552 815.0
640.0044069370073 827.0
640.2606147254052 814.0
640.5168141652655 812.0
640.7730052561054 841.0
641.0291879974413 867.0
641.2853623887906 886.0
641.5415284296699 926.0
641.797686119596 974.0
642.0538354580859 924.0
642.3099764446565 878.0
642.5661090788245 860.0
642.8222333601069 823.0
643.0783492880205 821.0
643.3344568620822 823.0
643.5905560818089 814.0
643.8466469467173 801.0
644.1027294563247 820.0
644.3588036101473 806.0
644.6148694077026 806.0
644.8709268485071 816.0
645.1269759320778 811.0
645.3830166579316 814.0
645.6390490255851 804.0
645.8950730345556 822.0
646.1510886843597 821.0
646.4070959745143 821.0
646.6630949045363 828.0
646.9190854739425 810.0
647.17506768225 820.0
647.4310415289752 821.0
647.6870070136354 828.0
647.9429641357473 799.0
648.1989128948277 811.0
648.4548532903938 819.0
648.7107853219619 808.0
648.9667089890495 802.0
649.222624291173 805.0
649.4785312278494 822.0
649.7344297985958 809.0
649.9903200029287 824.0
650.2462018403652 822.0
650.502075310422 809.0
650.7579404126162 821.0
651.0137971464646 813.0
651.2696455114838 813.0
651.525485507191 831.0
651.7813171331029 825.0
652.0371403887364 818.0
652.2929552736086 829.0
652.5487617872358 815.0
652.8045599291355 807.0
653.0603496988242 805.0
653.3161310958188 814.0
653.5719041196362 833.0
653.8276687697933 832.0
654.0834250458071 828.0
654.3391729471941 816.0
654.5949124734717 802.0
654.8506436241562 825.0
655.1063663987647 829.0
655.3620807968144 821.0
655.6177868178215 822.0
655.8734844613035 828.0
656.129173726777 823.0
656.3848546137588 830.0
656.6405271217659 818.0
656.8961912503149 822.0
657.1518469989231 814.0
657.4074943671071 819.0
657.6631333543837 821.0
657.9187639602701 821.0
658.1743861842826 837.0
658.4300000259387 795.0
658.6856054847549 806.0
658.9412025602483 801.0
659.1967912519353 812.0
659.4523715593333 804.0
659.707943481959 827.0
659.9635070193291 820.0
660.2190621709606 829.0
660.4746089363705 841.0
660.7301473150753 818.0
660.9856773065924 833.0
661.2411989104381 830.0
661.4967121261298 828.0
661.7522169531838 823.0
662.0077133911174 812.0
662.2632014394475 812.0
662.5186810976904 810.0
662.7741523653638 821.0
663.029615241984 821.0
663.2850697270679 817.0
663.5405158201327 818.0
663.7959535206948 809.0
664.0513828282715 822.0
664.3068037423793 809.0
664.5622162625355 793.0
664.8176203882564 812.0
665.0730161190594 820.0
665.3284034544613 807.0
665.5837823939785 808.0
665.8391529371283 842.0
666.0945150834276 823.0
666.349868832393 837.0
666.6052141835415 849.0
666.8605511363899 842.0
667.1158796904554 825.0
667.3711998452544 837.0
667.626511600304 852.0
667.8818149551211 874.0
668.1371099092223 842.0
668.3923964621249 845.0
668.6476746133454 842.0
668.9029443624008 828.0
669.1582057088083 827.0
669.4134586520839 819.0
669.6687031917455 822.0
669.9239393273093 829.0
670.1791670582923 834.0
670.4343863842114 827.0
670.6895973045835 813.0
670.9447998189256 820.0
671.1999939267544 821.0
671.4551796275866 827.0
671.7103569209394 808.0
671.9655258063294 830.0
672.220686283274 816.0
672.475838351289 808.0
672.7309820098925 828.0
672.9861172586005 819.0
673.2412440969302 818.0
673.4963625243987 822.0
673.7514725405223 808.0
674.0065741448183 814.0
674.2616673368035 813.0
674.5167521159946 852.0
674.7718284819086 908.0
675.0268964340622 938.0
675.2819559719727 1066.0
675.5370070951565 1061.0
675.7920498031307 1057.0
676.0470840954122 952.0
676.3021099715176 887.0
676.5571274309642 855.0
676.8121364732684 857.0
677.0671370979474 857.0
677.3221293045178 839.0
677.5771130924968 840.0
677.8320884614011 827.0
678.0870554107474 828.0
678.3420139400529 816.0
678.5969640488343 815.0
678.8519057366083 813.0
679.1068390028922 815.0
679.3617638472023 804.0
679.616680269056 807.0
679.8715882679699 801.0
680.1264878434607 803.0
680.3813789950458 822.0
680.6362617222414 805.0
680.8911360245651 812.0
681.146001901533 816.0
681.4008593526627 821.0
681.6557083774705 824.0
681.9105489754734 818.0
682.1653811461886 808.0
682.4202048891326 824.0
682.6750202038223 850.0
682.9298270897748 832.0
683.1846255465068 821.0
683.4394155735351 821.0
683.6941971703767 823.0
683.9489703365485 818.0
684.2037350715673 818.0
684.4584913749499 830.0
684.7132392462133 811.0
684.9679786848742 822.0
685.2227096904496 822.0
685.4774322624564 842.0
685.7321464004115 847.0
685.9868521038316 826.0
686.2415493722334 838.0
686.4962382051343 873.0
686.7509186020508 916.0
687.0055905624997 970.0
687.2602540859983 1042.0
687.514909172063 1014.0
687.7695558202109 983.0
688.0241940299587 887.0
688.2788238008236 877.0
688.5334451323221 869.0
688.7880580239712 861.0
689.042662475288 860.0
689.2972584857889 848.0
689.5518460549912 832.0
689.8064251824115 828.0
690.0609958675668 821.0
690.3155581099742 821.0
690.5701119091498 809.0
690.8246572646113 818.0
691.0791941758752 836.0
691.3337226424583 818.0
691.5882426638777 822.0
691.84275423965 816.0
692.0972573692924 814.0
692.3517520523214 823.0
692.6062382882542 832.0
692.8607160766074 824.0
693.1151854168979 868.0
693.3696463086428 871.0
693.6240987513587 894.0
693.8785427445628 924.0
694.1329782877717 900.0
694.3874053805022 896.0
694.6418240222713 880.0
694.8962342125958 879.0
695.1506359509929 880.0
695.405029236979 916.0
695.6594140700711 1011.0
695.9137904497863 1190.0
696.168158375641 1452.0
696.4225178471527 1923.0
696.676868863838 2236.0
696.9312114252134 2084.0
697.1855455307963 1876.0
697.4398711801031 1306.0
697.6941883726512 1061.0
697.9484971079568 959.0
698.2027973855375 886.0
698.4570892049098 862.0
698.7113725655903 852.0
698.9656474670965 846.0
699.2199139089445 845.0
699.4741718906519 849.0
699.7284214117353 824.0
699.9826624717113 836.0
700.2368950700971 816.0
700.4911192064093 828.0
700.7453348801653 808.0
700.9995420908814 813.0
701.2537408380745 813.0
701.5079311212619 826.0
701.7621129399598 839.0
702.016286293686 851.0
702.2704511819566 848.0
702.5246076042886 894.0
702.778755560199 934.0
703.0328950492045 1031.0
703.2870260708224 1010.0
703.5411486245691 991.0
703.7952627099618 900.0
704.0493683265172 874.0
704.3034654737519 857.0
704.5575541511835 826.0
704.8116343583279 841.0
705.0657060947029 842.0
705.3197693598249 871.0
705.5738241532106 871.0
705.8278704743772 947.0
706.0819083228414 1152.0
706.3359376981203 1427.0
706.5899585997306 1890.0
706.8439710271889 2209.0
707.0979749800126 2076.0
707.3519704577179 1964.0
707.6059574598225 1350.0
707.8599359858429 1085.0
708.1139060352955 955.0
708.3678676076978 901.0
708.6218207025663 865.0
708.8757653194182 862.0
709.12970145777 846.0
709.3836291171389 837.0
709.6375482970416 856.0
709.8914589969946 837.0
710.1453612165157 839.0
710.3992549551208 839.0
710.6531402123275 851.0
710.9070169876522 859.0
711.1608852806118 852.0
711.4147450907236 851.0
711.6685964175037 819.0
711.9224392604699 834.0
712.1762736191384 831.0
712.4300994930262 854.0
712.6839168816504 851.0
712.9377257845274 848.0
713.1915262011746 844.0
713.4453181311087 825.0
713.6991015738463 850.0
713.9528765289045 862.0
714.2066429958 902.0
714.4604009740502 937.0
714.7141504631712 1018.0
714.9678914626805 1005.0
715.2216239720948 1016.0
715.4753479909306 936.0
715.7290635187052 880.0
715.982770554935 850.0
716.2364690991376 840.0
716.4901591508293 854.0
716.743840709527 840.0
716.9975137747479 840.0
717.2511783460084 827.0
717.5048344228259 830.0
717.7584820047169 824.0
718.0121210911982 836.0
718.2657516817872 817.0
718.519373776 832.0
718.772987373354 827.0
719.026592473366 808.0
719.2801890755527 806.0
719.5337771794311 814.0
719.7873567845179 830.0
720.0409278903304 819.0
720.294490496385 858.0
720.5480446021987 878.0
720.8015902072887 893.0
721.0551273111711 881.0
721.3086559133636 854.0
721.5621760133826 844.0
721.815687610745 836.0
722.0691907049679 821.0
722.3226852955679 821.0
722.5761713820622 826.0
722.8296489639672 832.0
723.0831180408002 813.0
723.3365786120778 835.0
723.5900306773169 827.0
723.8434742360346 819.0
724.0969092877473 818.0
724.3503358319725 818.0
724.6037538682267 830.0
724.8571633960265 842.0
725.1105644148894 814.0
725.3639569243315 827.0
725.6173409238706 825.0
725.8707164130229 829.0
726.1240833913054 850.0
726.3774418582351 862.0
726.6307918133285 928.0
726.8841332561029 1011.0
727.137466186075 1155.0
727.3907906027619 1212.0
727.6441065056802 1172.0
727.8974138943464 1167.0
728.1507127682783 968.0
728.4040031269918 900.0
728.6572849700045 881.0
728.9105582968331 850.0
729.1638231069941 826.0
729.4170794000048 824.0
729.6703271753817 833.0
729.923566432642 835.0
730.1767971713025 830.0
730.4300193908798 837.0
730.6832330908911 841.0
730.936438270853 860.0
731.1896349302828 876.0
731.442823068697 886.0
731.6960026856123 887.0
731.949173780546 852.0
732.2023363530145 834.0
732.4554904025351 850.0
732.7086359286245 835.0
732.9617729307997 807.0
733.2149014085775 834.0
733.4680213614745 833.0
733.7211327890079 817.0
733.9742356906943 834.0
734.2273300660511 834.0
734.4804159145946 832.0
734.7334932358416 872.0
734.9865620293094 890.0
735.2396222945147 943.0
735.4926740309744 961.0
735.7457172382054 946.0
735.9987519157243 920.0
736.2517780630484 905.0
736.504795679694 922.0
736.7578047651785 996.0
737.0108053190187 1098.0
737.2637973407312 1179.0
737.516780829833 1255.0
737.769755785841 1630.0
738.0227222082721 2061.0
738.2756800966428 2964.0
738.5286294504706 3111.0
738.781570269272 2929.0
739.0345025525638 2719.0
739.2874262998632 1726.0
739.5403415106866 1270.0
739.7932481845512 1079.0
740.046146320974 994.0
740.2990359194714 917.0
740.5519169795606 902.0
740.8047895007583 886.0
741.0576534825816 877.0
741.3105089245472 861.0
741.563355826172 871.0
741.8161941869729 871.0
742.0690240064664 880.0
742.3218452841702 858.0
742.5746580196005 888.0
742.8274622122741 877.0
743.0802578617083 859.0
743.3330449674197 901.0
743.5858235289254 920.0
743.8385935457418 899.0
744.0913550173865 884.0
744.3441079433758 860.0
744.5968523232264 851.0
744.8495881564559 832.0
745.1023154425804 842.0
745.3550341811174 840.0
745.6077443715835 852.0
745.8604460134952 833.0
746.1131391063701 821.0
746.3658236497243 840.0
746.6184996430754 838.0
746.87116708594 870.0
747.1238259778346 855.0
747.3764763182764 855.0
747.6291181067822 892.0
747.8817513428692 900.0
748.1343760260539 903.0
748.3869921558529 918.0
748.6395997317837 927.0
748.8921987533628 967.0
749.1447892201071 994.0
749.3973711315336 1083.0
749.6499444871589 1425.0
749.9025092865003 2296.0
750.1550655290741 3702.0
750.4076132143978 4956.0
750.6601523419877 4531.0
750.912682911361 5277.0
751.1652049220347 4664.0
751.4177183735251 4301.0
751.6702232653497 3560.0
751.9227195970248 3411.0
752.1752073680677 2799.0
752.4276865779954 1714.0
752.680157226324 1318.0
752.9326193125712 1103.0
753.1850728362533 1029.0
753.4375177968876 948.0
753.6899541939908 937.0
753.9423820270795 905.0
754.194801295671 890.0
754.4472119992819 880.0
754.6996141374291 860.0
754.9520077096296 854.0
755.2043927154 856.0
755.4567691542577 849.0
755.7091370257187 833.0
755.9614963293008 843.0
756.2138470645202 847.0
756.4661892308942 839.0
756.7185228279395 836.0
756.9708478551728 843.0
757.2231643121112 840.0
757.4754721982714 863.0
757.7277715131704 830.0
757.9800622563251 836.0
758.2323444272521 834.0
758.4846180254688 853.0
758.7368830504913 827.0
758.9891395018373 818.0
759.2413873790232 828.0
759.4936266815657 854.0
759.7458574089821 866.0
759.9980795607888 835.0
760.2502931365033 868.0
760.502498135642 868.0
760.7546945577217 845.0
761.0068824022595 875.0
761.2590616687722 868.0
761.5112323567769 881.0
761.7633944657899 905.0
762.0155479953288 935.0
762.26769294491 981.0
762.5198293140501 1097.0
762.7719571022666 1499.0
763.024076309076 2579.0
763.2761869339953 4525.0
763.5282889765415 5924.0
763.780382436231 5113.0
764.032467312581 5613.0
764.2845436051083 3912.0
764.53661131333 2076.0
764.7886704367629 1511.0
765.0407209749233 1216.0
765.2927629273288 1099.0
765.5447962934958 1002.0
765.7968210729414 963.0
766.0488372651824 941.0
766.3008448697357 909.0
766.5528438861181 891.0
766.8048343138464 884.0
767.0568161524378 861.0
767.3087894014087 884.0
767.5607540602764 869.0
767.8127101285577 862.0
768.0646576057691 846.0
768.3165964914278 843.0
768.5685267850505 850.0
768.8204484861544 840.0
769.0723615942561 826.0
769.3242661088722 836.0
769.5761620295201 838.0
769.8280493557162 844.0
770.0799280869778 855.0
770.3317982228216 878.0
770.5836597627642 886.0
770.835512706323 882.0
771.0873570530143 906.0
771.3391928023555 934.0
771.591019953863 1052.0
771.8428385070538 1427.0
772.094648461445 2195.0
772.3464498165532 3022.0
772.5982425718955 2749.0
772.8500267269885 2856.0
773.1018022813494 2495.0
773.3535692344948 1569.0
773.6053275859415 1201.0
773.8570773352067 1027.0
774.108818481807 972.0
774.3605510252594 917.0
774.6122749650807 887.0
774.8639903007878 872.0
775.1156970318975 862.0
775.3673951579267 862.0
775.6190846783925 852.0
775.8707655928115 841.0
776.1224379007004 843.0
776.3741016015766 833.0
776.6257566949563 845.0
776.8774031803571 837.0
777.1290410572955 827.0
777.3806703252881 850.0
777.6322909838522 856.0
777.8839030325043 843.0
778.1355064707618 824.0
778.3871012981411 834.0
778.6386875141592 832.0
778.890265118333 822.0
779.1418341101793 810.0
779.3933944892151 820.0
779.6449462549571 826.0
779.8964894069222 820.0
780.1480239446275 841.0
780.3995498675895 826.0
780.6510671753255 812.0
780.9025758673517 832.0
781.1540759431858 829.0
781.4055674023442 835.0
781.6570502443437 816.0
781.9085244687013 818.0
782.159990074934 829.0
782.4114470625585 831.0
782.6628954310918 817.0
782.9143351800503 829.0
783.1657663089516 828.0
783.4171888173119 830.0
783.6686027046486 808.0
783.9200079704783 835.0
784.1714046143178 820.0
784.4227926356843 810.0
784.6741720340941 814.0
784.9255428090647 831.0
785.1769049601126 832.0
785.4282584867548 825.0
785.6796033885082 819.0
785.9309396648893 828.0
786.1822673154155 833.0
786.4335863396033 844.0
786.6848967369698 849.0
786.9361985070317 828.0
787.1874916493058 833.0
787.4387761633094 847.0
787.6900520485588 841.0
787.9413193045713 846.0
788.1925779308636 821.0
788.4438279269523 825.0
788.6950692923548 836.0
788.9463020265875 861.0
789.1975261291677 861.0
789.448741599612 855.0
789.6999484374371 873.0
789.9511466421604 837.0
790.2023362132982 825.0
790.4535171503677 822.0
790.7046894528855 825.0
790.9558531203689 830.0
791.2070081523347 812.0
791.458154548299 841.0
791.7092923077797 834.0
791.9604214302931 837.0
792.2115419153562 836.0
792.462653762486 847.0
792.7137569711989 844.0
792.9648515410123 861.0
793.2159374714428 848.0
793.4670147620074 868.0
793.718083412223 880.0
793.9691434216061 959.0
794.220194789674 1206.0
794.4712375159432 1804.0
794.722271599931 2558.0
794.9732970411541 2291.0
795.2243138391292 2339.0
795.4753219933733 2307.0
795.7263215034031 1577.0
795.9773123687357 1189.0
796.2282945888878 1032.0
796.4792681633767 956.0
796.7302330917187 904.0
796.9811893734307 899.0
797.23213700803 890.0
797.483075995033 884.0
797.7340063339569 877.0
797.9849280243186 871.0
798.2358410656345 874.0
798.4867454574222 878.0
798.7376411991978 880.0
798.9885282904788 885.0
799.2394067307818 901.0
799.4902765196234 916.0
799.741137656521 998.0
799.9919901409909 1232.0
800.2428339725506 1842.0
800.4936691507165 2736.0
800.7444956750055 2678.0
800.9953135449347 3084.0
801.2461227600207 4228.0
801.4969233197808 3784.0
801.7477152237312 2872.0
801.9984984713894 3024.0
802.2492730622722 2414.0
802.5000389958959 1533.0
802.7507962717781 1239.0
803.0015448894349 1074.0
803.252284848384 990.0
803.5030161481417 949.0
803.7537387882248 902.0
804.0044527681507 912.0
804.2551580874358 885.0
804.5058547455972 891.0
804.7565427421519 869.0
805.0072220766161 881.0
805.2578927485075 886.0
805.5085547573423 877.0
805.7592081026379 877.0
806.009852783911 897.0
806.2604888006782 883.0
806.5111161524568 870.0
806.7617348387631 876.0
807.0123448591147 891.0
807.2629462130279 884.0
807.5135389000196 916.0
807.7641229196071 893.0
808.0146982713067 928.0
808.2652649546358 949.0
808.5158229691108 1004.0
808.7663723142489 981.0
809.016912989567 1014.0
809.2674449945815 1048.0
809.5179683288098 1162.0
809.7684829917686 1546.0
810.0189889829746 2576.0
810.269486301945 3815.0
810.5199749481961 3509.0
810.7704549212456 4461.0
811.0209262206095 7079.0
811.2713888458052 12362.0
811.5218427963496 14242.0
811.7722880717591 11362.0
812.022724671551 13082.0
812.2731525952421 10916.0
812.5235718423493 5111.0
812.7739824123893 2909.0
813.0243843048788 2048.0
813.2747775193352 1586.0
813.5251620552749 1348.0
813.7755379122152 1193.0
814.0259050896724 1129.0
814.276263587164 1048.0
814.5266134042064 1016.0
814.7769545403165 954.0
815.0272869950115 936.0
815.2776107678079 906.0
815.5279258582229 908.0
815.7782322657732 875.0
816.0285299899754 869.0
816.2788190303468 877.0
816.529099386404 880.0
816.7793710576641 853.0
817.0296340436439 856.0
817.2798883438601 849.0
817.5301339578298 847.0
817.7803708850694 861.0
818.0305991250964 863.0
818.2808186774273 846.0
818.531029541579 844.0
818.7812317170685 840.0
819.0314252034124 865.0
819.281610000128 840.0
819.5317861067317 848.0
819.7819535227408 843.0
820.0321122476719 846.0
820.2822622810417 854.0
820.5324036223675 854.0
820.7825362711658 832.0
821.0326602269538 846.0
821.2827754892483 838.0
821.5328820575656 840.0
821.7829799314234 832.0
822.033069110338 836.0
822.2831495938267 837.0
822.5332213814061 834.0
822.7832844725929 838.0
823.0333388669044 851.0
823.283384563857 842.0
823.533421562968 842.0
823.7834498637541 833.0
824.033469465732 822.0
824.2834803684189 842.0
824.5334825713311 840.0
824.7834760739862 833.0
825.0334608759005 844.0
825.2834369765912 859.0
825.5334043755751 888.0
825.7833630723688 995.0
826.0333130664897 1300.0
826.2832543574541 1887.0
826.5331869447793 1777.0
826.783110827982 1714.0
827.0330260065789 1878.0
827.2829324800872 1497.0
827.5328302480233 1111.0
827.7827193099047 977.0
828.032599665248 914.0
828.2824713135695 884.0
828.532334254387 869.0
828.7821884872168 839.0
829.0320340115759 843.0
829.2818708269813 828.0
829.5316989329494 822.0
829.7815183289979 822.0
830.0313290146428 823.0
830.2811309894015 846.0
830.5309242527906 836.0
830.7807088043272 826.0
831.0304846435281 831.0
831.2802517699099 816.0
831.5300101829899 838.0
831.7797598822846 826.0
832.0295008673112 833.0
832.2792331375864 824.0
832.5289566926268 824.0
832.7786715319497 827.0
833.0283776550717 824.0
833.27807506151 817.0
833.5277637507811 820.0
833.7774437224018 801.0
834.0271149758895 844.0
834.2767775107606 814.0
834.526431326532 825.0
834.7760764227208 821.0
835.0257127988438 820.0
835.2753404544177 818.0
835.5249593889594 828.0
835.774569601986 811.0
836.0241710930143 823.0
836.2737638615607 818.0
836.5233479071428 838.0
836.7729232292768 838.0
837.0224898274802 841.0
837.2720477012693 833.0
837.5215968501614 845.0
837.7711372736733 845.0
838.0206689713215 840.0
838.2701919426232 854.0
838.5197061870952 842.0
838.7692117042545 860.0
839.0187084936177 870.0
839.2681965547017 887.0
839.5176758870236 896.0
839.7671464901001 929.0
840.0166083634483 988.0
840.2660615065847 1258.0
840.5155059190262 2078.0
840.7649416002901 2755.0
841.0143685498927 2271.0
841.2637867673512 2548.0
841.5131962521828 2644.0
841.7625970039035 2046.0
842.0119890220308 2393.0
842.2613723060813 4306.0
842.5107468555723 4041.0
842.76011267002 3504.0
843.0094697489418 4138.0
843.2588180918546 3332.0
843.5081576982747 1888.0
843.7574885677194 1371.0
844.0068106997054 1145.0
844.25612409375 1025.0
844.5054287493696 982.0
844.754724666081 945.0
845.0040118434015 898.0
845.2532902808475 881.0
845.5025599779364 866.0
845.7518209341847 869.0
846.0010731491091 849.0
846.2503166222269 844.0
846.4995513530547 848.0
846.7487773411094 849.0
846.9979945859081 841.0
847.2472030869674 837.0
847.4964028438043 829.0
847.7455938559353 842.0
847.994776122878 834.0
848.2439496441485 837.0
848.4931144192642 842.0
848.7422704477419 838.0
848.9914177290981 829.0
849.2405562628502 821.0
849.4896860485144 853.0
849.7388070856083 840.0
849.9879193736485 841.0
850.2370229121515 834.0
850.4861177006346 842.0
850.7352037386146 850.0
850.9842810256082 862.0
851.2333495611326 890.0
851.482409344704 957.0
851.7314603758401 1290.0
851.9805026540571 1916.0
852.2295361788724 1728.0
852.4785609498026 1695.0
852.7275769663643 1880.0
852.9765842280748 1538.0
853.2255827344507 1127.0
853.4745724850093 995.0
853.7235534792667 921.0
853.9725257167406 885.0
854.2214891969475 858.0
854.4704439194039 841.0
854.7193898836274 848.0
854.9683270891342 835.0
855.2172555354416 825.0
855.4661752220665 838.0
855.7150861485252 830.0
855.9639883143353 825.0
856.212881719013 826.0
856.4617663620759 815.0
856.7106422430403 829.0
856.9595093614231 817.0
857.2083677167415 810.0
857.4572173085119 836.0
857.7060581362517 818.0
857.9548901994776 841.0
858.2037134977061 807.0
858.4525280304546 820.0
858.7013337972394 812.0
858.950130797578 827.0
859.1989190309868 805.0
859.4476984969828 816.0
859.696469195083 808.0
859.9452311248039 823.0
860.1939842856627 828.0
860.4427286771763 841.0
860.6914642988615 840.0
860.9401911502351 832.0
861.1889092308139 848.0
861.437618540115 837.0
861.686319077655 820.0
861.935010842951 820.0
862.1836938355198 828.0
862.432368054878 823.0
862.6810335005429 821.0
862.9296901720311 812.0
863.1783380688596 824.0
863.4269771905452 822.0
863.6756075366046 812.0
863.9242291065551 797.0
864.1728418999131 815.0
864.4214459161959 799.0
864.6700411549201 814.0
864.9186276156024 827.0
865.1672052977602 814.0
865.4157742009098 809.0
865.6643343245685 820.0
865.9128856682528 829.0
866.1614282314799 851.0
866.4099620137665 924.0
866.6584870146295 1038.0
866.9070032335858 985.0
867.155510670152 972.0
867.4040093238455 1002.0
867.6524991941827 957.0
867.9009802806806 845.0
868.1494525828563 819.0
868.3979161002262 831.0
868.6463708323078 819.0
868.8948167786174 818.0
869.1432539386718 811.0
869.3916823119887 813.0
869.6401018980839 822.0
869.8885126964751 815.0
870.1369147066789 832.0
870.3853079282118 820.0
870.6336923605911 807.0
870.8820680033335 809.0
871.1304348559562 809.0
871.3787929179755 820.0
871.6271421889087 822.0
871.8754826682726 818.0
872.1238143555837 804.0
872.3721372503595 819.0
872.6204513521162 816.0
872.8687566603713 810.0
873.1170531746413 818.0
873.365340894443 810.0
873.6136198192935 807.0
873.8618899487094 819.0
874.110151282208 817.0
874.3584038193057 825.0
874.6066475595196 816.0
874.8548825023668 798.0
875.1031086473636 812.0
875.3513259940273 824.0
875.5995345418747 823.0
875.8477342904224 819.0
876.0959252391877 824.0
876.3441073876871 811.0
876.5922807354377 816.0
876.8404452819562 814.0
877.0886010267599 806.0
877.3367479693651 807.0
877.5848861092887 803.0
877.8330154460481 812.0
878.0811359791594 817.0
878.3292477081402 819.0
878.5773506325071 803.0
878.8254447517768 809.0
879.0735300654665 805.0
879.3216065730924 793.0
879.5696742741723 815.0
879.8177331682225 801.0
880.0657832547598 808.0
880.3138245333014 806.0
880.5618570033639 811.0
880.8098806644645 805.0
881.0578955161196 800.0
881.3059015578464 802.0
881.5538987891618 801.0
881.8018872095822 800.0
882.0498668186252 798.0
882.297837615807 796.0
882.5457996006451 814.0
882.7937527726558 794.0
883.041697131356 805.0
883.2896326762632 803.0
883.5375594068934 796.0
883.7854773227642 801.0
884.0333864233922 814.0
884.2812867082938 808.0
884.5291781769868 809.0
884.7770608289871 810.0
885.0249346638125 822.0
885.2727996809792 817.0
885.5206558800041 825.0
885.7685032604046 825.0
886.0163418216969 812.0
886.2641715633982 816.0
886.5119924850256 799.0
886.7598045860955 795.0
887.007607866125 817.0
887.2554023246308 809.0
887.5031879611303 818.0
887.7509647751398 798.0
887.9987327661763 801.0
888.2464919337567 801.0
888.4942422773979 802.0
888.7419837966169 828.0
888.9897164909302 801.0
889.2374403598551 809.0
889.4851554029083 799.0
889.7328616196063 813.0
889.9805590094667 809.0
890.2282475720056 804.0
890.4759273067405 804.0
890.7235982131879 804.0
890.9712602908646 812.0
891.218913539288 811.0
891.4665579579743 820.0
891.7141935464408 792.0
891.9618203042044 797.0
892.2094382307815 815.0
892.4570473256895 818.0
892.7046475884449 810.0
892.9522390185649 820.0
893.1998216155661 816.0
893.4473953789653 811.0
893.6949603082797 801.0
893.9425164030258 794.0
894.1900636627211 798.0
894.4376020868815 801.0
894.6851316750246 804.0
894.9326524266672 815.0
895.1801643413257 809.0
895.4276674185177 804.0
895.6751616577593 810.0
895.922647058568 816.0
896.1701236204603 831.0
896.4175913429531 818.0
896.6650502255636 796.0
896.912500267808 801.0
897.159941469204 814.0
897.4073738292678 818.0
897.6547973475165 806.0
897.9022120234671 790.0
898.1496178566362 809.0
898.3970148465409 804.0
898.644402992698 798.0
898.8917822946241 804.0
899.1391527518367 812.0
899.386514363852 816.0
899.6338671301874 803.0
899.8812110503592 806.0
900.1285461238849 795.0
900.375872350281 802.0
900.6231897290643 793.0
900.8704982597519 787.0
901.1177979418604 804.0
901.3650887749071 823.0
901.6123707584086 825.0
901.8596438918815 806.0
902.106908174843 802.0
902.35416360681 806.0
902.6014101872993 818.0
902.8486479158278 808.0
903.095876791912 800.0
903.3430968150694 802.0
903.5903079848164 811.0
903.83751030067 816.0
904.0847037621473 817.0
904.3318883687646 808.0
904.5790641200394 805.0
904.826231015488 804.0
905.0733890546279 803.0
905.3205382369753 808.0
905.5676785620476 806.0
905.8148100293615 824.0
906.0619326384336 826.0
906.3090463887813 829.0
906.5561512799208 806.0
906.8032473113697 805.0
907.0503344826443 820.0
907.2974127932616 829.0
907.5444822427387 819.0
907.7915428305921 812.0
908.038594556339 811.0
908.2856374194963 814.0
908.5326714195803 825.0
908.7796965561088 819.0
909.0267128285976 812.0
909.2737202365645 817.0
909.520718779526 814.0
909.7677084569985 808.0
910.0146892684998 829.0
910.261661213546 825.0
910.5086242916544 825.0
910.7555785023416 841.0
911.0025238451248 853.0
911.2494603195206 886.0
911.4963879250456 953.0
911.7433066612174 1058.0
911.9902165275522 1813.0
912.2371175235672 2485.0
912.4840096487795 1838.0
912.7308929027052 1886.0
912.9777672848619 1954.0
913.2246327947661 1655.0
913.4714894319347 1217.0
913.7183371958849 967.0
913.965176086133 924.0
914.2120061021965 904.0
914.4588272435916 855.0
914.7056395098358 849.0
914.9524429004457 844.0
915.1992374149379 827.0
915.4460230528298 818.0
915.6927998136375 815.0
915.9395676968788 820.0
916.1863267020701 810.0
916.4330768287281 814.0
916.67981807637 811.0
916.9265504445123 824.0
917.1732739326723 812.0
917.4199885403666 829.0
917.6666942671121 817.0
917.9133911124259 827.0
918.1600790758242 824.0
918.4067581568248 815.0
918.6534283549438 804.0
918.9000896696987 808.0
919.1467421006058 817.0
919.3933856471822 843.0
919.6400203089449 837.0
919.8866460854103 853.0
920.1332629760961 854.0
920.3798709805186 840.0
920.6264700981943 832.0
920.8730603286409 834.0
921.1196416713748 808.0
921.3662141259131 844.0
921.6127776917724 861.0
921.8593323684695 896.0
922.1058781555217 1205.0
922.3524150524454 1616.0
922.598943058758 1256.0
922.8454621739758 1208.0
923.0919723976159 1276.0
923.3384737291954 1194.0
923.5849661682307 1037.0
923.8314497142393 898.0
924.0779243667373 842.0
924.3243901252423 850.0
924.5708469892709 835.0
924.8172949583395 815.0
925.0637340319656 829.0
925.3101642096658 823.0
925.5565854909571 816.0
925.8029978753563 809.0
926.04940136238 821.0
926.2957959515456 825.0
926.5421816423694 816.0
926.7885584343687 801.0
927.0349263270604 803.0
927.281285319961 819.0
927.5276354125876 816.0
927.7739766044568 820.0
928.020308895086 820.0
928.2666322839915 814.0
928.5129467706906 814.0
928.7592523547 816.0
929.0055490355364 829.0
929.2518368127171 821.0
929.4981156857584 807.0
929.7443856541778 822.0
929.9906467174917 812.0
930.2368988752169 811.0
930.4831421268707 813.0
930.7293764719695 821.0
930.9756019100306 801.0
931.2218184405708 808.0
931.4680260631065 812.0
931.7142247771553 826.0
931.9604145822334 821.0
932.2065954778582 809.0
932.4527674635461 795.0
932.6989305388141 809.0
932.9450847031794 823.0
933.1912299561584 825.0
933.4373662972685 838.0
933.6834937260257 820.0
933.929612241948 822.0
934.1757218445516 813.0
934.4218225333533 811.0
934.6679143078701 823.0
934.913997167619 807.0
935.1600711121167 842.0
935.4061361408803 853.0
935.6521922534262 836.0
935.8982394492718 816.0
936.1442777279336 839.0
936.3903070889288 826.0
936.636327531774 810.0
936.882339055986 796.0
937.128341661082 810.0
937.3743353465785 808.0
937.6203201119927 800.0
937.8662959568414 805.0
938.1122628806411 791.0
938.3582208829092 812.0
938.6041699631621 815.0
938.8501101209171 822.0
939.0960413556905 829.0
939.341963667 813.0
939.5878770543618 818.0
939.8337815172929 812.0
940.0796770553103 806.0
940.3255636679306 797.0
940.5714413546712 806.0
940.8173101150486 812.0
941.0631699485793 809.0
941.309020854781 798.0
941.5548628331699 807.0
941.8006958832632 796.0
942.0465200045778 801.0
942.2923351966301 820.0
942.5381414589376 793.0
942.7839387910167 789.0
943.0297271923846 808.0
943.275506662558 806.0
943.5212772010536 796.0
943.7670388073888 798.0
944.0127914810797 819.0
944.2585352216438 800.0
944.504270028598 797.0
944.7499959014584 790.0
944.9957128397427 803.0
945.2414208429674 797.0
945.4871199106495 814.0
945.7328100423057 807.0
945.978491237453 818.0
946.2241634956084 809.0
946.4698268162882 806.0
946.71548119901 807.0
946.9611266432901 814.0
947.2067631486459 816.0
947.4523907145939 810.0
947.6980093406509 817.0
947.943619026334 800.0
948.1892197711599 815.0
948.4348115746456 808.0
948.680394436308 810.0
948.9259683556636 811.0
949.17153333223 802.0
949.4170893655231 808.0
949.6626364550607 796.0
949.9081746003591 802.0
950.1537038009352 812.0
950.3992240563063 809.0
950.6447353659886 816.0
950.8902377294995 828.0
951.1357311463555 819.0
951.381215616074 802.0
951.6266911381715 809.0
951.8721577121647 821.0
952.1176153375708 816.0
952.3630640139064 818.0
952.6085037406887 807.0
952.8539345174344 798.0
953.09935634366 804.0
953.3447692188829 805.0
953.5901731426196 817.0
953.8355681143876 810.0
954.080954133703 810.0
954.326331200083 802.0
954.5716993130445 796.0
954.8170584721041 814.0
955.0624086767792 805.0
955.3077499265863 809.0
955.5530822210421 820.0
955.798405559664 820.0
956.0437199419682 806.0
956.2890253674723 803.0
956.5343218356925 793.0
956.7796093461461 797.0
957.02488789835 807.0
957.2701574918206 813.0
957.5154181260752 815.0
957.7606698006304 802.0
958.0059125150034 810.0
958.2511462687107 803.0
958.4963710612694 801.0
958.7415868921963 794.0
958.9867937610082 812.0
959.2319916672224 820.0
959.4771806103552 812.0
959.7223605899235 811.0
959.9675316054446 816.0
960.2126936564348 825.0
960.4578467424116 808.0
960.7029908628915 786.0
960.9481260173911 801.0
961.193252205428 797.0
961.4383694265184 804.0
961.6834776801796 798.0
961.9285769659282 804.0
962.1736672832812 813.0
962.4187486317555 808.0
962.6638210108677 821.0
962.908884420135 822.0
963.153938859074 815.0
963.3989843272019 830.0
963.6440208240352 825.0
963.889048349091 808.0
964.1340669018862 833.0
964.3790764819373 808.0
964.6240770887617 802.0
964.8690687218761 822.0
965.114051380797 857.0
965.3590250650417 968.0
965.6039897741268 1363.0
965.8489455075695 1179.0
966.0938922648864 960.0
966.3388300455941 945.0
966.5837588492103 979.0
966.8286786752509 932.0
967.0735895232334 914.0
967.3184913926743 874.0
967.5633842830911 843.0
967.808268194 820.0
968.0531431249179 819.0
968.2980090753622 825.0
968.5428660448491 831.0
968.7877140328961 821.0
969.0325530390197 828.0
969.2773830627367 810.0
969.5222041035643 816.0
969.7670161610189 806.0
970.0118192346179 816.0
970.2566133238779 817.0
970.5013984283155 812.0
970.746174547448 789.0
970.990941680792 808.0
971.2356998278649 813.0
971.480448988183 805.0
971.725189161263 808.0
971.9699203466223 802.0
972.2146425437775 809.0
972.4593557522456 815.0
972.7040599715434 808.0
972.9487552011876 796.0
973.1934414406954 808.0
973.4381186895833 802.0
973.6827869473685 797.0
973.9274462135677 806.0
974.1720964876979 797.0
974.4167377692759 813.0
974.6613700578182 799.0
974.9059933528424 806.0
975.1506076538647 818.0
975.3952129604023 804.0
975.6398092719721 819.0
975.8843965880908 814.0
976.1289749082755 813.0
976.3735442320426 795.0
976.6181045589096 805.0
976.862655888393 800.0
977.1071982200094 803.0
977.3517315532764 811.0
977.5962558877101 820.0
977.840771222828 828.0
978.0852775581467 852.0
978.3297748931827 913.0
978.5742632274536 844.0
978.8187425604756 826.0
979.063212891766 829.0
979.3076742208415 824.0
979.5521265472191 841.0
979.7965698704156 810.0
980.0410041899477 798.0
980.2854295053326 812.0
980.5298458160865 796.0
980.7742531217272 812.0
981.0186514217711 803.0
981.2630407157347 816.0
981.5074210031356 806.0
981.7517922834901 799.0
981.9961545563154 790.0
982.2405078211283 789.0
982.4848520774455 797.0
982.729187324784 821.0
982.9735135626606 807.0
983.2178307905924 812.0
983.4621390080961 785.0
983.7064382146882 798.0
983.9507284098863 802.0
984.1950095932067 797.0
984.4392817641666 801.0
984.6835449222825 795.0
984.9277990670716 810.0
985.1720441980509 788.0
985.4162803147366 802.0
985.6605074166464 807.0
985.9047255032964 806.0
986.1489345742042 810.0
986.3931346288863 806.0
986.6373256668593 801.0
986.8815076876406 808.0
987.1256806907464 805.0
987.3698446756944 810.0
987.613999642001 802.0
987.8581455891829 798.0
988.1022825167574 790.0
988.3464104242408 803.0
988.5905293111508 810.0
988.8346391770036 820.0
989.0787400213161 813.0
989.3228318436055 804.0
989.5669146433884 809.0
989.8109884201817 805.0
990.0550531735024 808.0
990.2991089028674 807.0
990.5431556077934 798.0
990.7871932877973 823.0
991.031221942396 794.0
991.2752415711062 789.0
991.5192521734452 806.0
991.7632537489297 810.0
992.0072462970761 795.0
992.251229817402 802.0
992.4952043094236 797.0
992.7391697726582 796.0
992.9831262066227 787.0
993.2270736108336 812.0
993.4710119848082 802.0
993.7149413280629 811.0
993.958861640115 803.0
994.2027729204812 799.0
994.4466751686781 798.0
994.6905683842231 813.0
994.9344525666326 810.0
995.1783277154237 816.0
995.4221938301132 802.0
995.6660509102181 804.0
995.9098989552552 810.0
996.1537379647411 802.0
996.3975679381932 830.0
996.6413888751279 804.0
996.8852007750622 801.0
997.1290036375133 799.0
997.3727974619973 797.0
997.6165822480319 811.0
997.8603579951333 819.0
998.104124702819 803.0
998.3478823706055 828.0
998.5916309980095 816.0
998.8353705845483 810.0
999.0791011297383 823.0
999.3228226330968 811.0
999.5665350941406 817.0
999.8102385123861 803.0
1000.0539328873509 806.0
1000.2976182185512 812.0
1000.5412945055043 819.0
1000.7849617477269 811.0
1001.0286199447357 802.0
1001.2722690960481 804.0
1001.5159092011804 805.0
1001.75954025965 814.0
1002.003162270973 806.0
1002.246775234667 806.0
1002.4903791502487 798.0
1002.7339740172346 805.0
1002.9775598351421 794.0
1003.2211366034876 817.0
1003.4647043217884 825.0
1003.7082629895611 815.0
1003.9518126063224 811.0
1004.1953531715895 800.0
1004.4388846848791 810.0
1004.6824071457083 811.0
1004.9259205535938 812.0
1005.1694249080521 811.0
1005.4129202086007 800.0
1005.6564064547559 813.0
1005.8998836460353 795.0
1006.1433517819551 815.0
1006.3868108620323 812.0
1006.6302608857841 824.0
1006.8737018527269 803.0
1007.1171337623779 813.0
1007.3605566142537 797.0
1007.6039704078715 791.0
1007.8473751427481 817.0
1008.0907708184001 800.0
1008.3341574343445 804.0
1008.5775349900982 813.0
1008.8209034851784 813.0
1009.0642629191013 835.0
1009.3076132913841 815.0
1009.5509546015439 809.0
1009.7942868490973 820.0
1010.0376100335611 805.0
1010.2809241544525 802.0
1010.5242292112879 806.0
1010.7675252035845 806.0
1011.010812130859 801.0
1011.2540899926286 812.0
1011.4973587884098 806.0
1011.7406185177194 792.0
1011.9838691800747 803.0
1012.2271107749921 832.0
1012.470343301989 795.0
1012.7135667605817 805.0
1012.9567811502875 810.0
1013.1999864706231 807.0
1013.4431827211052 811.0
1013.686369901251 818.0
1013.929548010577 791.0
1014.1727170486006 797.0
1014.4158770148383 805.0
1014.6590279088067 798.0
1014.9021697300233 795.0
1015.1453024780044 801.0
1015.3884261522674 817.0
1015.6315407523286 824.0
1015.8746462777051 797.0
1016.1177427279141 810.0
1016.3608301024719 806.0
1016.603908400896 799.0
1016.8469776227028 829.0
1017.0900377674091 804.0
1017.3330888345322 805.0
1017.5761308235883 806.0
1017.8191637340951 827.0
1018.0621875655689 813.0
1018.3052023175269 819.0
1018.5482079894858 811.0
1018.7912045809622 806.0
1019.0341920914735 812.0
1019.2771705205361 814.0
1019.5201398676672 803.0
1019.7631001323837 814.0
1020.006051314202 816.0
1020.2489934126395 811.0
1020.4919264272125 806.0
1020.7348503574386 822.0
1020.9777652028342 810.0
1021.2206709629161 794.0
1021.4635676372014 813.0
1021.7064552252067 810.0
1021.9493337264495 800.0
1022.1922031404459 805.0
1022.4350634667132 797.0
1022.6779147047681 809.0
1022.9207568541273 811.0
1023.1635899143083 799.0
1023.4064138848273 815.0
1023.6492287652015 798.0
1023.8920345549478 805.0
1024.134831253583 817.0
1024.377618860624 800.0
1024.6203973755871 818.0
1024.8631667979898 809.0
1025.1059271273493 805.0
1025.3486783631818 812.0
1025.5914205050044 812.0
1025.8341535523336 806.0
1026.076877504687 805.0
1026.3195923615808 827.0
1026.5622981225324 823.0
1026.8049947870584 826.0
1027.0476823546753 796.0
1027.2903608249007 810.0
1027.5330301972513 810.0
1027.7756904712435 812.0
1028.0183416463947 789.0
1028.260983722221 801.0
1028.5036166982402 806.0
1028.7462405739689 810.0
1028.9888553489234 810.0
1029.2314610226213 815.0
1029.474057594579 809.0
1029.7166450643138 801.0
1029.9592234313418 808.0
1030.2017926951808 805.0
1030.4443528553472 818.0
1030.6869039113576 802.0
1030.9294458627296 809.0
1031.1719787089794 801.0
1031.414502449624 798.0
1031.6570170841808 801.0
1031.8995226121658 799.0
1032.1420190330966 812.0
1032.3845063464896 810.0
1032.6269845518618 813.0
1032.8694536487305 823.0
1033.111913636612 813.0
1033.3543645150232 821.0
1033.596806283481 797.0
1033.8392389415026 794.0
1034.081662488605 813.0
1034.324076924304 810.0
1034.566482248118 803.0
1034.8088784595625 809.0
1035.0512655581551 804.0
1035.2936435434124 810.0
1035.5360124148515 807.0
1035.778372171989 806.0
1036.020722814342 789.0
1036.2630643414275 803.0
1036.5053967527615 809.0
1036.7477200478622 804.0
1036.9900342262456 813.0
1037.2323392874284 803.0
1037.4746352309282 800.0
1037.7169220562612 798.0
1037.9591997629448 806.0
1038.2014683504956 801.0
1038.4437278184303 818.0
1038.685978166266 816.0
1038.9282193935196 822.0
1039.170451499708 808.0
1039.4126744843477 798.0
1039.6548883469559 820.0
1039.8970930870496 802.0
1040.1392887041452 813.0
1040.3814751977598 799.0
1040.6236525674105 792.0
1040.8658208126137 804.0
1041.107979932887 785.0
1041.3501299277466 807.0
1041.5922707967095 810.0
1041.8344025392926 800.0
1042.0765251550129 804.0
1042.3186386433872 814.0
1042.5607430039322 816.0
1042.802838236165 798.0
1043.0449243396022 797.0
1043.2870013137613 811.0
1043.5290691581586 800.0
1043.7711278723107 805.0
1044.013177455735 813.0
1044.2552179079482 796.0
1044.4972492284676 805.0
1044.7392714168093 820.0
1044.9812844724902 804.0
1045.223288395028 804.0
1045.4652831839387 810.0
1045.70726883874 798.0
1045.949245358948 805.0
1046.1912127440798 805.0
1046.4331709936528 795.0
1046.675120107183 808.0
1046.9170600841878 824.0
1047.1589909241836 811.0
1047.400912626688 800.0
1047.6428251912175 804.0
1047.8847286172886 806.0
1048.1266229044188 813.0
1048.3685080521243 808.0
1048.6103840599228 817.0
1048.8522509273307 811.0
1049.0941086538646 810.0
1049.3359572390418 800.0
1049.577796682379 794.0
1049.819626983393 801.0
1050.061448141601 806.0
1050.3032601565194 814.0
1050.5450630276655 808.0
1050.7868567545556 801.0
1051.0286413367073 797.0
1051.270416773637 809.0
1051.5121830648616 806.0
1051.7539402098982 810.0
1051.9956882082631 795.0
1052.237427059474 806.0
1052.479156763047 805.0
1052.7208773184996 817.0
1052.9625887253483 801.0
1053.2042909831098 810.0
1053.4459840913016 788.0
1053.6876680494397 803.0
1053.929342857042 797.0
1054.1710085136244 804.0
1054.4126650187043 808.0
1054.6543123717986 805.0
1054.8959505724238 801.0
1055.1375796200969 805.0
1055.3791995143351 814.0
1055.620810254655 807.0
1055.8624118405735 812.0
1056.1040042716074 811.0
1056.3455875472737 800.0
1056.5871616670893 820.0
1056.8287266305706 801.0
1057.070282437235 808.0
1057.3118290865991 804.0
1057.5533665781802 809.0
1057.7948949114943 801.0
1058.0364140860593 815.0
1058.2779241013916 811.0
1058.5194249570077 811.0
1058.760916652425 820.0
1059.0023991871599 821.0
1059.24387256073 800.0
1059.4853367726514 800.0
1059.7267918224413 798.0
1059.968237709617 804.0
1060.2096744336943 806.0
1060.451101994191 810.0
1060.6925203906237 815.0
1060.933929622509 799.0
1061.1753296893642 797.0
1061.4167205907056 801.0
1061.6581023260508 793.0
1061.8994748949162 798.0
1062.1408382968189 809.0
1062.3821925312755 802.0
1062.6235375978026 795.0
1062.8648734959181 807.0
1063.1062002251376 803.0
1063.3475177849793 800.0
1063.588826174959 805.0
1063.830125394594 810.0
1064.0714154434013 799.0
1064.312696320897 828.0
1064.553968026599 798.0
1064.7952305600238 801.0
1065.036483920688 785.0
1065.2777281081087 805.0
1065.5189631218025 808.0
1065.7601889612868 810.0
1066.001405626078 812.0
1066.2426131156928 812.0
1066.4838114296492 808.0
1066.7250005674625 802.0
1066.9661805286507 804.0
1067.2073513127305 799.0
1067.4485129192178 827.0
1067.689665347631 804.0
1067.9308085974856 798.0
1068.1719426682996 806.0
1068.413067559589 809.0
1068.654183270871 801.0
1068.8952898016628 799.0
1069.1363871514804 802.0
1069.3774753198418 802.0
1069.618554306263 804.0
1069.8596241102612 809.0
1070.100684731353 799.0
1070.3417361690556 799.0
1070.582778422886 815.0
1070.8238114923604 814.0
1071.0648353769964 809.0
1071.3058500763104 809.0
1071.5468555898192 804.0
1071.7878519170404 801.0
1072.02883905749 793.0
1072.2698170106853 798.0
1072.5107857761434 809.0
1072.75174535338 819.0
1072.9926957419138 798.0
1073.23363694126 791.0
1073.4745689509368 800.0
1073.7154917704597 798.0
1073.9564053993467 802.0
1074.1973098371145 808.0
1074.4382050832794 805.0
1074.6790911373587 809.0
1074.9199679988692 809.0
1075.1608356673278 800.0
1075.4016941422512 801.0
1075.6425434231562 807.0
1075.8833835095604 807.0
1076.1242144009796 809.0
1076.3650360969316 812.0
1076.6058485969324 796.0
1076.8466519004996 794.0
1077.0874460071498 826.0
1077.3282309163997 801.0
1077.5690066277664 805.0
1077.8097731407665 801.0
1078.0505304549172 804.0
1078.2912785697354 815.0
1078.5320174847377 804.0
1078.772747199441 797.0
1079.0134677133622 815.0
1079.2541790260184 807.0
1079.4948811369263 805.0
1079.7355740456023 801.0
1079.9762577515642 803.0
1080.2169322543277 814.0
1080.4575975534112 801.0
1080.6982536483301 827.0
1080.9389005386022 826.0
1081.179538223744 804.0
1081.4201667032721 809.0
1081.6607859767041 808.0
1081.9013960435564 806.0
1082.1419969033457 795.0
1082.382588555589 801.0
1082.6231709998035 816.0
1082.863744235506 813.0
1083.104308262213 810.0
1083.3448630794412 789.0
1083.5854086867082 801.0
1083.8259450835303 820.0
1084.0664722694248 796.0
1084.306990243908 805.0
1084.5474990064974 796.0
1084.7879985567097 804.0
1085.0284888940612 805.0
1085.2689700180695 809.0
1085.509441928251 817.0
1085.749904624123 804.0
1085.990358105202 814.0
1086.2308023710048 812.0
1086.4712374210485 810.0
1086.71166325485 803.0
1086.9520798719261 782.0
1087.1924872717937 802.0
1087.4328854539694 809.0
1087.6732744179706 819.0
1087.9136541633134 797.0
1088.1540246895156 814.0
1088.3943859960934 798.0
1088.6347380825637 811.0
1088.8750809484436 812.0
1089.1154145932499 803.0
1089.3557390164995 823.0
1089.5960542177095 819.0
1089.836360196396 810.0
1090.0766569520767 825.0
1090.3169444842679 798.0
1090.557222792487 813.0
1090.7974918762502 779.0
1091.037751735075 813.0
1091.2780023684782 787.0
1091.518243775976 832.0
1091.7584759570861 807.0
1091.9986989113247 799.0
1092.2389126382093 812.0
1092.4791171372563 827.0
1092.7193124079827 790.0
1092.9594984499054 825.0
1093.1996752625412 792.0
1093.4398428454072 811.0
1093.68000119802 808.0
1093.9201503198965 808.0
1094.1602902105537 813.0
1094.4004208695083 794.0
1094.6405422962773 795.0
1094.8806544903778 803.0
1095.120757451326 801.0
1095.3608511786392 811.0
1095.6009356718341 799.0
1095.8410109304282 799.0
1096.0810769539376 807.0
1096.3211337418795 800.0
1096.5611812937707 802.0
1096.8012196091279 802.0
1097.0412486874682 803.0
1097.2812685283084 812.0
1097.5212791311658 798.0
1097.7612804955563 792.0
1098.0012726209975 800.0
1098.2412555070064 788.0
1098.4812291530989 797.0
1098.721193558793 785.0
1098.961148723605 806.0
1099.2010946470518 800.0
1099.4410313286503 797.0
1099.6809587679172 820.0
1099.92087696437 813.0
1100.1607859175251 797.0
1100.400685626899 791.0
1100.640576092009 794.0
1100.880457312372 799.0
1101.1203292875052 811.0
1101.3601920169247 789.0
1101.6000455001479 794.0
1101.8398897366915 803.0
1102.079724726072 816.0
1102.3195504678072 791.0
1102.559366961413 808.0
1102.7991742064069 794.0
1103.0389722023056 797.0
1103.2787609486254 803.0
1103.5185404448844 808.0
1103.7583106905984 800.0
1103.9980716852845 801.0
1104.23782342846 817.0
1104.4775659196412 790.0
1104.7172991583454 815.0
1104.9570231440887 796.0
1105.1967378763893 790.0
1105.436443354763 797.0
1105.6761395787273 800.0
1105.9158265477986 797.0
1106.1555042614937 808.0
1106.3951727193298 792.0
1106.6348319208234 795.0
1106.8744818654923 801.0
1107.1141225528525 797.0
1107.3537539824208 813.0
1107.5933761537144 799.0
1107.8329890662503 790.0
1108.072592719545 809.0
1108.3121871131157 784.0
1108.551772246479 796.0
1108.7913481191517 814.0
1109.030914730651 808.0
1109.2704720804938 801.0
1109.5100201681967 807.0
1109.7495589932764 802.0
1109.9890885552504 803.0
1110.2286088536348 791.0
1110.4681198879473 818.0
1110.707621657704 811.0
1110.9471141624224 784.0
1111.1865974016187 803.0
1111.4260713748101 822.0
1111.665536081514 796.0
1111.9049915212463 810.0
1112.1444376935244 802.0
1112.3838745978653 787.0
1112.6233022337854 785.0
1112.8627206008023 789.0
1113.102129698432 798.0
1113.3415295261918 801.0
1113.5809200835986 810.0
1113.820301370169 808.0
1114.0596733854206 810.0
1114.2990361288694 802.0
1114.5383896000326 807.0
1114.7777337984273 784.0
1115.0170687235698 801.0
1115.2563943749778 815.0
1115.4957107521673 804.0
1115.7350178546556 806.0
1115.9743156819598 804.0
1116.213604233596 798.0
1116.452883509082 794.0
1116.692153507934 804.0
1116.9314142296694 790.0
1117.1706656738045 805.0
1117.4099078398563 796.0
1117.6491407273422 814.0
1117.8883643357783 813.0
1118.1275786646822 806.0
1118.36678371357 798.0
1118.6059794819594 802.0
1118.8451659693665 808.0
1119.0843431753085 809.0
1119.3235110993026 806.0
1119.5626697408647 789.0
1119.8018190995128 802.0
1120.0409591747637 796.0
1120.2800899661331 796.0
1120.519211473139 794.0
1120.7583236952978 827.0
1120.9974266321262 809.0
1121.236520283142 796.0
1121.4756046478608 811.0
1121.7146797258001 807.0
1121.9537455164768 797.0
1122.192802019408 802.0
1122.4318492341101 803.0
1122.6708871601 802.0
1122.909915796895 806.0
1123.1489351440111 825.0
1123.3879452009662 804.0
1123.6269459672762 793.0
1123.865937442459 811.0
1124.1049196260308 796.0
1124.3438925175087 801.0
