gas=Ar_shot=25_power=239.1WHR4000 spectrum
Wavelength [nm] // Intensity [u.a.] 
194.93414 811.0
195.2037815346219 762.0
195.47341553816543 764.0
195.74304201014752 779.0
196.012660950085 801.0
196.28227235749478 817.0
196.55187623189366 814.0
196.82147257279857 801.0
197.09106137972637 817.0
197.36064265219392 808.0
197.63021638971804 799.0
197.89978259181567 809.0
198.16934125800364 809.0
198.43889238779886 814.0
198.7084359807181 805.0
198.97797203627835 817.0
199.2475005539964 827.0
199.51702153338914 831.0
199.78653497397343 812.0
200.05604087526618 806.0
200.3255392367842 795.0
200.59503005804436 818.0
200.8645133385636 817.0
201.1339890778587 808.0
201.4034572754466 825.0
201.67291793084408 821.0
201.94237104356813 816.0
202.21181661313554 817.0
202.48125463906314 823.0
202.7506851208679 801.0
203.02010805806663 810.0
203.28952345017618 804.0
203.55893129671344 805.0
203.8283315971953 814.0
204.0977243511386 819.0
204.3671095580602 814.0
204.636487217477 801.0
204.90585732890585 821.0
205.17521989186366 820.0
205.44457490586717 801.0
205.7139223704334 810.0
205.98326228507918 821.0
206.2525946493213 814.0
206.5219194626767 816.0
206.79123672466224 805.0
207.06054643479476 822.0
207.32984859259116 816.0
207.59914319756828 824.0
207.86843024924303 808.0
208.13770974713225 818.0
208.40698169075276 801.0
208.6762460796215 828.0
208.94550291325532 821.0
209.2147521911711 802.0
209.48399391288567 813.0
209.75322807791594 823.0
210.02245468577874 820.0
210.29167373599094 814.0
210.56088522806942 814.0
210.83008916153108 805.0
211.09928553589276 796.0
211.3684743506713 807.0
211.63765560538363 804.0
211.9068292995466 813.0
212.175995432677 808.0
212.44515400429182 805.0
212.71430501390782 805.0
212.98344846104192 817.0
213.25258434521103 824.0
213.52171266593191 821.0
213.79083342272153 814.0
214.05994661509675 813.0
214.3290522425744 825.0
214.5981503046713 809.0
214.8672408009044 801.0
215.13632373079054 799.0
215.4053990938466 812.0
215.6744668895894 818.0
215.94352711753592 812.0
216.21257977720293 812.0
216.48162486810728 802.0
216.7506623897659 820.0
217.01969234169565 814.0
217.2887147234134 813.0
217.55772953443596 811.0
217.82673677428028 811.0
218.0957364424632 819.0
218.36472853850154 801.0
218.6337130619122 817.0
218.9026900122121 807.0
219.17165938891804 809.0
219.4406211915469 827.0
219.70957541961562 801.0
219.97852207264097 815.0
220.24746115013983 804.0
220.5163926516291 827.0
220.78531657662566 816.0
221.05423292464639 817.0
221.32314169520808 794.0
221.59204288782766 809.0
221.860936502022 820.0
222.12982253730797 813.0
222.39870099320237 811.0
222.66757186922214 803.0
222.93643516488416 804.0
223.20529087970525 806.0
223.47413901320226 822.0
223.74297956489212 831.0
224.01181253429166 818.0
224.28063792091777 829.0
224.5494557242873 818.0
224.8182659439171 818.0
225.08706857932413 803.0
225.35586363002508 804.0
225.62465109553705 821.0
225.89343097537673 816.0
226.16220326906105 809.0
226.43096797610687 832.0
226.69972509603105 815.0
226.9684746283505 796.0
227.237216572582 791.0
227.50595092824256 810.0
227.7746776948489 799.0
228.04339687191796 791.0
228.31210845896663 834.0
228.5808124555117 830.0
228.84950886107015 806.0
229.11819767515877 821.0
229.38687889729442 805.0
229.65555252699397 821.0
229.92421856377433 814.0
230.1928770071524 819.0
230.46152785664492 800.0
230.73017111176884 812.0
230.99880677204106 807.0
231.26743483697837 812.0
231.53605530609772 817.0
231.8046681789159 825.0
232.07327345494983 835.0
232.34187113371638 821.0
232.61046121473237 828.0
232.87904369751473 809.0
233.14761858158028 822.0
233.41618586644586 816.0
233.68474555162845 825.0
233.95329763664483 818.0
234.2218421210119 821.0
234.49037900424648 816.0
234.7589082858655 814.0
235.02742996538583 797.0
235.29594404232427 812.0
235.56445051619772 816.0
235.8329493865231 804.0
236.10144065281722 807.0
236.36992431459691 811.0
236.63840037137916 817.0
236.9068688226808 808.0
237.1753296680186 813.0
237.44378290690955 803.0
237.7122285388704 814.0
237.9806665634181 807.0
238.24909698006957 817.0
238.51751978834153 806.0
238.78593498775095 822.0
239.0543425778147 815.0
239.32274255804958 801.0
239.59113492797255 811.0
239.8595196871004 810.0
240.12789683495004 816.0
240.3962663710383 814.0
240.66462829488208 811.0
240.93298260599826 811.0
241.2013293039037 824.0
241.46966838811522 801.0
241.73799985814978 803.0
242.00632371352418 807.0
242.27463995375527 816.0
242.54294857835998 806.0
242.81124958685515 818.0
243.07954297875764 825.0
243.34782875358434 807.0
243.61610691085207 799.0
243.88437745007772 829.0
244.15264037077822 826.0
244.42089567247035 828.0
244.68914335467105 830.0
244.95738341689716 808.0
245.2256158586655 819.0
245.493840679493 804.0
245.76205787889654 802.0
246.03026745639292 825.0
246.29846941149904 814.0
246.5666637437318 796.0
246.834850452608 824.0
247.1030295376446 813.0
247.37120099835838 809.0
247.63936483426627 805.0
247.9075210448851 817.0
248.17566962973177 818.0
248.4438105883231 833.0
248.71194392017603 825.0
248.98006962480733 823.0
249.248187701734 831.0
249.51629815047275 802.0
249.78440097054056 810.0
250.05249616145431 817.0
250.32058372273076 808.0
250.5886636538869 814.0
250.85673595443953 822.0
251.12480062390551 808.0
251.39285766180177 813.0
251.6609070676451 808.0
251.92894884095242 799.0
252.19698298124058 809.0
252.46500948802645 810.0
252.73302836082692 811.0
253.00103959915882 808.0
253.26904320253902 821.0
253.53703917048443 819.0
253.80502750251188 808.0
254.07300819813827 813.0
254.34098125688044 821.0
254.60894667825525 823.0
254.87690446177962 810.0
255.14485460697037 815.0
255.41279711334434 814.0
255.6807319804185 817.0
255.94865920770962 814.0
256.2165787947346 809.0
256.48449074101035 834.0
256.75239504605366 838.0
257.02029170938147 816.0
257.28818073051065 818.0
257.556062108958 818.0
257.8239358442404 799.0
258.0918019358748 822.0
258.35966038337796 820.0
258.6275111862668 800.0
258.8953543440582 810.0
259.163189856269 805.0
259.4310177224162 817.0
259.6988379420164 823.0
259.9666505145867 815.0
260.23445543964385 809.0
260.50225271670473 821.0
260.77004234528624 794.0
261.03782432490533 813.0
261.3055986550787 804.0
261.5733653353234 807.0
261.8411243651561 811.0
262.1088757440937 809.0
262.37661947165327 801.0
262.6443555473515 808.0
262.9120839707053 814.0
263.1798047412315 809.0
263.44751785844704 811.0
263.7152233218687 810.0
263.98292113101354 797.0
264.2506112853982 816.0
264.51829378453965 818.0
264.7859686279547 805.0
265.05363581516025 804.0
265.32129534567326 802.0
265.5889472190105 813.0
265.8565914346889 815.0
266.1242279922252 808.0
266.39185689113634 816.0
266.65947813093925 808.0
266.9270917111508 827.0
267.19469763128774 809.0
267.46229589086704 819.0
267.72988648940554 801.0
267.9974694264201 818.0
268.2650447014276 811.0
268.53261231394487 811.0
268.80017226348883 816.0
269.0677245495763 804.0
269.3352691717242 808.0
269.60280612944933 808.0
269.8703354222686 814.0
270.13785704969894 818.0
270.40537101125716 806.0
270.67287730646007 812.0
270.9403759348246 828.0
271.2078668958677 803.0
271.47535018910605 820.0
271.7428258140567 820.0
272.01029377023633 819.0
272.2777540571619 818.0
272.5452066743504 806.0
272.81265162131854 795.0
273.08008889758327 812.0
273.34751850266144 793.0
273.6149404360698 802.0
273.8823546973254 816.0
274.1497612859451 802.0
274.4171602014456 814.0
274.6845514433439 823.0
274.95193501115676 810.0
275.2193109044012 806.0
275.486679122594 825.0
275.7540396652521 812.0
276.02139253189216 817.0
276.2887377220313 801.0
276.55607523518626 802.0
276.82340507087395 807.0
277.09072722861123 813.0
277.3580417079149 810.0
277.62534850830195 790.0
277.8926476292892 809.0
278.1599390703934 829.0
278.4272228311316 814.0
278.69449891102056 804.0
278.96176730957717 807.0
279.22902802631836 801.0
279.4962810607609 821.0
279.76352641242164 808.0
280.0307640808177 823.0
280.29799406546556 802.0
280.5652163658824 797.0
280.8324309815849 820.0
281.09963791209003 815.0
281.3668371569146 799.0
281.6340287155756 809.0
281.9012125875897 811.0
282.168388772474 827.0
282.4355572697452 808.0
282.7027180789201 786.0
282.9698711995158 812.0
283.23701663104896 821.0
283.50415437303667 809.0
283.77128442499554 806.0
284.0384067864426 820.0
284.3055214568946 809.0
284.57262843586864 811.0
284.8397277228814 816.0
285.1068193174497 799.0
285.37390321909055 800.0
285.6409794273207 806.0
285.9080479416572 806.0
286.1751087616167 810.0
286.4421618867162 801.0
286.7092073164725 814.0
286.9762450504025 807.0
287.24327508802315 820.0
287.5102974288511 817.0
287.77731207240345 817.0
288.04431901819703 811.0
288.3113182657485 809.0
288.578309814575 817.0
288.84529366419326 816.0
289.1122698141201 795.0
289.37923826387254 807.0
289.6461990129674 820.0
289.91315206092133 789.0
290.18009740725154 816.0
290.44703505147464 808.0
290.7139649931077 814.0
290.98088723166734 817.0
291.24780176667065 805.0
291.5147085976344 826.0
291.78160772407557 817.0
292.04849914551085 822.0
292.3153828614572 806.0
292.58225887143146 812.0
292.8491271749505 808.0
293.1159877715313 809.0
293.3828406606906 822.0
293.6496858419453 795.0
293.9165233148123 803.0
294.1833530788084 806.0
294.4501751334505 826.0
294.71698947825547 811.0
294.9837961127402 811.0
295.2505950364216 805.0
295.5173862488164 809.0
295.78416974944156 805.0
296.050945537814 809.0
296.31771361345045 811.0
296.584473975868 819.0
296.8512266245832 807.0
297.11797155911313 792.0
297.38470877897464 826.0
297.6514382836846 804.0
297.9181600727598 806.0
298.18487414571723 799.0
298.4515805020736 809.0
298.71827914134593 799.0
298.9849700630511 801.0
299.2516532667058 818.0
299.518328751827 803.0
299.78499651793163 816.0
300.0516565645365 822.0
300.3183088911584 825.0
300.58495349731436 811.0
300.8515903825211 821.0
301.1182195462956 819.0
301.3848409881546 807.0
301.65145470761513 814.0
301.91806070419403 805.0
302.184658977408 818.0
302.4512495267741 813.0
302.7178323518091 822.0
302.9844074520298 805.0
303.2509748269532 809.0
303.5175344760962 800.0
303.78408639897555 834.0
304.0506305951082 812.0
304.31716706401096 807.0
304.58369580520065 809.0
304.8502168181943 809.0
305.1167301025086 803.0
305.3832356576606 830.0
305.649733483167 825.0
305.9162235785447 814.0
306.1827059433106 811.0
306.4491805769817 813.0
306.7156474790747 817.0
306.98210664910647 810.0
307.2485580865939 810.0
307.5150017910539 812.0
307.7814377620034 813.0
308.0478659989591 824.0
308.31428650143795 815.0
308.58069926895683 823.0
308.8471043010326 812.0
309.1135015971821 829.0
309.37989115692227 818.0
309.6462729797699 793.0
309.91264706524197 812.0
310.1790134128551 810.0
310.4453720221265 817.0
310.71172289257277 815.0
310.97806602371094 798.0
311.2444014150577 807.0
311.5107290661301 819.0
311.777048976445 817.0
312.04336114551904 815.0
312.30966557286945 825.0
312.5759622580128 820.0
312.8422512004661 819.0
313.1085323997461 817.0
313.3748058553698 813.0
313.641071566854 811.0
313.90732953371554 817.0
314.17357975547145 809.0
314.4398222316384 823.0
314.70605696173334 796.0
314.9722839452731 806.0
315.23850318177466 803.0
315.50471467075477 792.0
315.7709184117303 795.0
316.0371144042182 804.0
316.3033026477353 817.0
316.56948314179846 829.0
316.8356558859246 801.0
317.1018208796305 802.0
317.36797812243304 810.0
317.6341276138491 811.0
317.90026935339563 791.0
318.1664033405894 807.0
318.4325295749473 818.0
318.6986480559862 804.0
318.96475878322303 806.0
319.2308617561746 812.0
319.4969569743577 812.0
319.76304443728935 806.0
320.0291241444864 809.0
320.2951960954656 812.0
320.5612602897438 833.0
320.82731672683815 810.0
321.0933654062652 812.0
321.359406327542 827.0
321.6254394901853 801.0
321.891464893712 810.0
322.157482537639 799.0
322.4234924214832 812.0
322.68949454476143 822.0
322.95548890699064 810.0
323.2214755076875 819.0
323.487454346369 820.0
323.753425422552 820.0
324.01938873575347 817.0
324.2853442854901 819.0
324.55129207127885 813.0
324.8172320926366 806.0
325.08316434908016 813.0
325.34908884012646 808.0
325.61500556529234 811.0
325.8809145240947 822.0
326.14681571605024 808.0
326.4127091406761 819.0
326.6785947974889 810.0
326.9444726860058 814.0
327.2103428057433 814.0
327.47620515621855 807.0
327.74205973694836 806.0
328.00790654744947 829.0
328.2737455872389 818.0
328.5395768558335 823.0
328.80540035275004 805.0
329.0712160775054 815.0
329.33702402961654 812.0
329.6028242086002 817.0
329.86861661397353 813.0
330.13440124525306 816.0
330.4001781019559 825.0
330.66594718359863 804.0
330.9317084896984 815.0
331.19746201977205 808.0
331.46320777333636 806.0
331.7289457499082 790.0
331.9946759490044 809.0
332.2603983701419 818.0
332.5261130128375 812.0
332.79181987660826 802.0
333.05751896097087 800.0
333.3232102654422 815.0
333.58889378953916 804.0
333.85456953277856 808.0
334.1202374946774 823.0
334.38589767475247 836.0
334.6515500725206 821.0
334.9171946874987 824.0
335.18283151920355 822.0
335.4484605671522 812.0
335.7140818308614 820.0
335.97969530984807 808.0
336.245301003629 811.0
336.51089891172114 818.0
336.77648903364127 802.0
337.04207136890636 803.0
337.30764591703326 813.0
337.5732126775387 800.0
337.83877164993976 793.0
338.10432283375314 814.0
338.36986622849577 813.0
338.63540183368457 817.0
338.9009296488363 822.0
339.16644967346787 814.0
339.4319619070962 828.0
339.6974663492381 814.0
339.9629629994105 823.0
340.22845185713027 802.0
340.4939329219141 815.0
340.75940619327906 805.0
341.02487167074196 816.0
341.2903293538197 826.0
341.555779242029 810.0
341.821221334887 818.0
342.0866556319103 818.0
342.3520821326158 817.0
342.6175008365205 806.0
342.8829117431413 800.0
343.1483148519949 816.0
343.41371016259825 814.0
343.6790976744682 807.0
343.9444773871216 801.0
344.20984930007546 813.0
344.4752134128465 817.0
344.74056972495157 806.0
345.0059182359076 826.0
345.27125894523147 807.0
345.53659185244 804.0
345.80191695705014 805.0
346.0672342585787 808.0
346.3325437565426 811.0
346.5978454504585 826.0
346.8631393398436 816.0
347.1284254242145 803.0
347.3937037030882 808.0
347.6589741759816 795.0
347.92423684241146 799.0
348.1894917018946 812.0
348.4547387539481 816.0
348.71997799808867 824.0
348.9852094338332 825.0
349.2504330606986 816.0
349.51564887820166 804.0
349.7808568858593 822.0
350.0460570831885 827.0
350.31124946970584 827.0
350.57643404492853 810.0
350.84161080837316 808.0
351.1067797595568 803.0
351.3719408979961 835.0
351.63709422320824 821.0
351.90223973470984 810.0
352.16737743201776 811.0
352.43250731464894 831.0
352.69762938212034 814.0
352.9627436339487 808.0
353.2278500696509 807.0
353.49294868874387 812.0
353.7580394907444 826.0
354.02312247516943 829.0
354.28819764153576 797.0
354.55326498936034 811.0
354.81832451816 821.0
355.08337622745165 821.0
355.348420116752 811.0
355.613456185578 826.0
355.8784844334467 816.0
356.1435048598747 841.0
356.4085174643791 811.0
356.6735222464765 812.0
356.938519205684 823.0
357.2035083415184 817.0
357.46848965349653 801.0
357.73346314113536 816.0
357.9984288039516 835.0
358.2633866414622 820.0
358.528336653184 816.0
358.793278838634 806.0
359.05821319732894 806.0
359.3231397287857 826.0
359.5880584325211 810.0
359.8529693080521 814.0
360.1178723548955 810.0
360.3827675725683 821.0
360.64765496058726 836.0
360.9125345184692 811.0
361.1774062457311 812.0
361.44227014188965 812.0
361.707126206462 804.0
361.9719744389649 826.0
362.2368148389151 804.0
362.5016474058295 803.0
362.766472139225 823.0
363.0312890386186 818.0
363.296098103527 817.0
363.5608993334672 813.0
363.82569272795587 806.0
364.09047828651006 820.0
364.35525600864656 820.0
364.6200258938823 831.0
364.8847879417341 833.0
365.1495421517188 806.0
365.41428852335326 824.0
365.67902705615444 821.0
365.9437577496392 819.0
366.2084806033243 814.0
366.4731956167267 823.0
366.7379027893632 804.0
367.0026021207507 816.0
367.2672936104061 810.0
367.5319772578463 812.0
367.79665306258806 804.0
368.06132102414836 814.0
368.32598114204393 801.0
368.59063341579173 817.0
368.85527784490864 813.0
369.1199144289115 809.0
369.3845431673172 814.0
369.6491640596426 817.0
369.91377710540445 816.0
370.1783823041198 813.0
370.44297965530546 805.0
370.70756915847835 827.0
370.97215081315517 825.0
371.2367246188529 813.0
371.5012905750884 825.0
371.7658486813786 814.0
372.0303989372402 826.0
372.29494134219027 823.0
372.5594758957455 821.0
372.82400259742286 829.0
373.08852144673915 807.0
373.3530324432114 831.0
373.6175355863563 816.0
373.8820308756908 828.0
374.1465183107317 812.0
374.410997890996 827.0
374.6754696160004 814.0
374.93993348526186 834.0
375.2043894982973 811.0
375.4688376546235 815.0
375.7332779537573 804.0
375.9977103952157 817.0
376.26213497851546 830.0
376.52655170317354 823.0
376.7909605687067 816.0
377.05536157463183 813.0
377.3197547204658 819.0
377.5841400057256 834.0
377.84851742992794 810.0
378.11288699258984 817.0
378.37724869322795 809.0
378.64160253135935 803.0
378.90594850650075 802.0
379.1702866181692 819.0
379.4346168658814 843.0
379.69893924915425 808.0
379.9632537675047 822.0
380.2275604204495 809.0
380.49185920750574 801.0
380.75615012819 807.0
381.0204331820193 819.0
381.2847083685105 804.0
381.5489756871804 812.0
381.8132351375459 819.0
382.07748671912407 807.0
382.34173043143153 798.0
382.6059662739852 809.0
382.8701942463019 816.0
383.1344143478986 822.0
383.3986265782921 820.0
383.6628309369994 821.0
383.92702742353725 823.0
384.1912160374225 809.0
384.45539677817203 804.0
384.7195696453027 807.0
384.98373463833155 805.0
385.2478917567753 806.0
385.5120410001507 813.0
385.7761823679748 819.0
386.0403158597644 826.0
386.30444147503647 815.0
386.5685592133077 825.0
386.8326690740951 804.0
387.09677105691543 809.0
387.36086516128563 809.0
387.6249513867226 814.0
387.88902973274315 819.0
388.15310019886414 818.0
388.41716278460245 818.0
388.68121748947493 812.0
388.9452643129986 808.0
389.2093032546901 822.0
389.47333431406645 813.0
389.73735749064434 811.0
390.0013727839409 802.0
390.2653801934728 821.0
390.52937971875696 813.0
390.7933713593103 798.0
391.05735511464974 810.0
391.3213309842919 817.0
391.5852989677539 825.0
391.8492590645524 810.0
392.1132112742045 809.0
392.37715559622694 806.0
392.6410920301366 823.0
392.9050205754503 811.0
393.1689412316849 818.0
393.43285399835736 822.0
393.69675887498465 831.0
393.96065586108335 817.0
394.2245449561705 819.0
394.4884261597629 827.0
394.75229947137757 843.0
395.01616489053123 865.0
395.28002241674085 829.0
395.5438720495231 822.0
395.80771378839506 813.0
396.0715476328735 821.0
396.33537358247537 817.0
396.5991916367174 801.0
396.86300179511665 816.0
397.12680405718976 826.0
397.39059842245376 815.0
397.65438489042543 811.0
397.91816346062177 817.0
398.18193413255955 793.0
398.4456969057556 814.0
398.7094517797268 803.0
398.97319875399006 821.0
399.2369378280623 817.0
399.50066900146027 815.0
399.764392273701 813.0
400.02810764430114 806.0
400.2918151127777 808.0
400.55551467864757 824.0
400.81920634142756 814.0
401.08289010063453 816.0
401.34656595578537 813.0
401.6102339063969 820.0
401.8738939519861 819.0
402.1375460920697 820.0
402.4011903261647 808.0
402.6648266537879 800.0
402.92845507445617 812.0
403.1920755876863 807.0
403.4556881929953 812.0
403.71929288990003 841.0
403.98288967791734 839.0
404.246478556564 840.0
404.5100595253569 870.0
404.77363258381297 832.0
405.03719773144906 823.0
405.3007549677821 826.0
405.56430429232887 831.0
405.82784570460626 823.0
406.0913792041311 802.0
406.35490479042033 815.0
406.61842246299085 801.0
406.88193222135936 803.0
407.14543406504293 805.0
407.4089279935582 807.0
407.6724140064223 808.0
407.9358921031519 816.0
408.19936228326395 828.0
408.4628245462754 824.0
408.7262788917029 815.0
408.9897253190635 813.0
409.25316382787395 807.0
409.5165944176513 810.0
409.7800170879122 794.0
410.04343183817366 824.0
410.30683866795243 808.0
410.57023757676546 802.0
410.83362856412975 830.0
411.09701162956185 816.0
411.3603867725789 799.0
411.62375399269763 821.0
411.887113289435 823.0
412.1504646623078 805.0
412.4138081108329 811.0
412.6771436345273 812.0
412.94047123290767 819.0
413.20379090549096 826.0
413.46710265179405 823.0
413.7304064713339 814.0
413.9937023636272 820.0
414.25699032819097 822.0
414.52027036454194 816.0
414.78354247219704 841.0
415.0468066506732 865.0
415.31006289948726 900.0
415.5733112181561 974.0
415.83655160619645 1052.0
416.0997840631253 987.0
416.3630085884595 935.0
416.62622518171594 870.0
416.8894338424115 850.0
417.152634570063 838.0
417.4158273641873 839.0
417.67901222430123 834.0
417.9421891499217 856.0
418.2053581405658 899.0
418.46851919575005 889.0
418.7316723149915 918.0
418.99481749780693 978.0
419.2579547437133 1036.0
419.5210840522274 1062.0
419.78420542286625 1155.0
420.04731885514644 1230.0
420.31042434858506 1100.0
420.573521902699 962.0
420.83661151700494 875.0
421.0996931910199 855.0
421.3627669242608 820.0
421.6258327162443 819.0
421.88889056648736 804.0
422.1519404745069 809.0
422.41498243981977 812.0
422.6780164619429 840.0
422.9410425403929 817.0
423.2040606746869 815.0
423.46707086434174 821.0
423.7300731088742 817.0
423.9930674078012 817.0
424.25605376063965 816.0
424.5190321669063 814.0
424.782002626118 833.0
425.0449651377918 887.0
425.30791970144446 882.0
425.57086631659286 927.0
425.83380498275386 997.0
426.0967356994443 1021.0
426.3596584661811 950.0
426.6225732824811 926.0
426.88548014786113 897.0
427.14837906183817 922.0
427.411270023929 900.0
427.6741530336505 855.0
427.9370280905195 847.0
428.199895194053 842.0
428.46275434376776 822.0
428.72560553918066 835.0
428.98844877980855 811.0
429.2512840651683 836.0
429.51411139477693 843.0
429.77693076815115 881.0
430.03974218480784 892.0
430.3025456442639 864.0
430.5653411460361 846.0
430.82812868964146 837.0
431.09090827459687 844.0
431.353679900419 823.0
431.61644356662487 830.0
431.87919927273134 823.0
432.1419470182551 829.0
432.40468680271334 833.0
432.66741862562276 824.0
432.93014248650013 865.0
433.1928583848624 876.0
433.45556632022647 932.0
433.7182662921092 874.0
433.9809583000275 870.0
434.24364234349815 846.0
434.506318422038 833.0
434.768986535164 846.0
435.031646682393 837.0
435.2942988632418 826.0
435.55694307722734 830.0
435.81957932386655 804.0
436.08220760267614 800.0
436.34482791317305 823.0
436.6074402548742 817.0
436.8700446272964 825.0
437.1326410299566 822.0
437.3952294623715 817.0
437.65780992405803 803.0
437.9203824145332 813.0
438.1829469333138 817.0
438.4455034799166 826.0
438.7080520538586 807.0
438.9705926546565 825.0
439.23312528182737 814.0
439.49564993488787 787.0
439.7581666133551 814.0
440.0206753167459 812.0
440.28317604457686 826.0
440.5456687963651 818.0
440.8081535716274 809.0
441.07063036988075 807.0
441.3330991906418 812.0
441.5955600334276 796.0
441.858012897755 812.0
442.12045778314075 802.0
442.3828946891018 815.0
442.6453236151551 824.0
442.9077445608174 810.0
443.17015752560553 821.0
443.4325625090365 802.0
443.69495951062703 810.0
443.95734852989415 817.0
444.21972956635454 820.0
444.4821026195253 809.0
444.74446768892307 824.0
445.00682477406485 817.0
445.2691738744674 818.0
445.5315149896478 820.0
445.79384811912274 798.0
446.05617326240906 817.0
446.31849041902376 819.0
446.58079958848356 827.0
446.8431007703055 814.0
447.10539396400634 816.0
447.367679169103 820.0
447.6299563851123 813.0
447.892225611551 818.0
448.15448684793625 827.0
448.4167400937847 833.0
448.67898534861325 827.0
448.9412226119389 819.0
449.2034518832783 808.0
449.46567316214856 814.0
449.72788644806633 800.0
449.99009174054856 824.0
450.2522890391122 824.0
450.514478343274 850.0
450.77665965255085 852.0
451.0388329664597 881.0
451.30099828451733 892.0
451.5631556062406 856.0
451.82530493114655 836.0
452.08744625875175 837.0
452.3495795885734 821.0
452.6117049201281 842.0
452.87382225293277 834.0
453.13593158650446 821.0
453.3980329203598 801.0
453.6601262540158 816.0
453.9222115869893 808.0
454.1842889187971 807.0
454.4463582489562 815.0
454.70841957698343 804.0
454.97047290239556 809.0
455.23251822470957 792.0
455.49455554344223 820.0
455.75658485811044 817.0
456.0186061682312 813.0
456.2806194733211 791.0
456.5426247728973 804.0
456.8046220664765 819.0
457.0666113535756 803.0
457.32859263371154 806.0
457.5905659064011 819.0
457.8525311711611 823.0
458.1144884275086 828.0
458.37643767496024 804.0
458.6383789130331 819.0
458.9003121412439 805.0
459.1622373591095 812.0
459.4241545661469 814.0
459.68606376187284 833.0
459.9479649458043 835.0
460.2098581174581 820.0
460.471743276351 815.0
460.733620422 803.0
460.9954895539219 819.0
461.2573506716337 812.0
461.51920377465206 815.0
461.78104886249406 817.0
462.0428859346764 820.0
462.304714990716 819.0
462.5665360301298 817.0
462.82834905243453 829.0
463.09015405714723 821.0
463.35195104378465 830.0
463.6137400118636 819.0
463.8755209609011 812.0
464.13729389041396 818.0
464.399058799919 825.0
464.6608156889332 822.0
464.92256455697327 814.0
465.18430540355615 823.0
465.4460382281988 819.0
465.707763030418 810.0
465.96947980973056 826.0
466.23118856565344 791.0
466.49288929770347 795.0
466.75458200539765 811.0
467.0162666882526 814.0
467.27794334578533 829.0
467.5396119775127 821.0
467.8012725829516 811.0
468.0629251616188 828.0
468.3245697130314 819.0
468.586206236706 812.0
468.8478347321596 819.0
469.109455198909 809.0
469.3710676364711 814.0
469.6326720443629 822.0
469.89426842210105 824.0
470.1558567692025 836.0
470.4174370851842 859.0
470.6790093695629 819.0
470.94057362185555 837.0
471.20212984157905 828.0
471.4636780282501 828.0
471.72521818138574 806.0
471.9867503005027 807.0
472.248274385118 821.0
472.5097904347484 808.0
472.7712984489108 825.0
473.03279842712203 818.0
473.29429036889906 809.0
473.55577427375863 812.0
473.8172501412177 821.0
474.07871797079315 810.0
474.34017776200176 811.0
474.6016295143605 814.0
474.8630732273861 820.0
475.1245089005955 817.0
475.3859365335057 806.0
475.64735612563334 805.0
475.9087676764954 828.0
476.1701711856088 807.0
476.4315666524903 833.0
476.6929540766569 826.0
476.95433345762535 812.0
477.2157047949125 796.0
477.47706808803537 829.0
477.7384233365106 807.0
477.9997705398553 806.0
478.26110969758616 818.0
478.52244080922014 810.0
478.78376387427414 816.0
479.04507889226494 818.0
479.3063858627094 819.0
479.5676847851245 794.0
479.828975659027 809.0
480.0902584839338 818.0
480.3515332593618 810.0
480.61279998482775 816.0
480.8740586598487 818.0
481.13530928394147 831.0
481.3965518566228 828.0
481.65778637740965 824.0
481.9190128458189 810.0
482.1802312613674 824.0
482.4414416235721 806.0
482.70264393194964 809.0
482.9638381860171 807.0
483.2250243852913 822.0
483.4862025292891 814.0
483.7473726175273 827.0
484.0085346495229 810.0
484.26968862479265 817.0
484.5308345428534 813.0
484.79197240322225 823.0
485.0531022054157 820.0
485.314223948951 826.0
485.57533763334476 822.0
485.8364432581139 816.0
486.0975408227754 811.0
486.35863032684597 827.0
486.61971176984247 823.0
486.880785151282 821.0
487.1418504706812 800.0
487.402907727557 814.0
487.66395692142635 839.0
487.92499805180597 821.0
488.18603111821284 833.0
488.44705612016384 808.0
488.7080730571757 830.0
488.9690819287655 830.0
489.2300827344499 823.0
489.49107547374587 805.0
489.75206014617027 821.0
490.01303675124 830.0
490.27400528847187 812.0
490.53496575738274 813.0
490.79591815748955 818.0
491.05686248830915 824.0
491.31779874935836 805.0
491.57872694015396 815.0
491.8396470602131 811.0
492.1005591090524 820.0
492.3614630861888 810.0
492.6223589911392 802.0
492.88324682342045 798.0
493.14412658254946 807.0
493.40499826804296 811.0
493.66586187941795 830.0
493.92671741619125 827.0
494.18756487787977 834.0
494.44840426400026 841.0
494.70923557406974 816.0
494.97005880760497 802.0
495.23087396412285 812.0
495.4916810431403 823.0
495.7524800441741 824.0
496.01327096674123 826.0
496.27405381035845 823.0
496.53482857454264 811.0
496.79559525881075 813.0
497.05635386267954 820.0
497.31710438566597 817.0
497.57784682728686 810.0
497.8385811870591 820.0
498.0993074644995 821.0
498.360025659125 826.0
498.6207357704524 816.0
498.88143779799873 818.0
499.14213174128065 828.0
499.40281759981514 828.0
499.6634953731191 829.0
499.92416506070924 815.0
500.1848266621026 811.0
500.445480176816 824.0
500.70612560436615 822.0
500.96676294427016 815.0
501.22739219604483 819.0
501.48801335920695 803.0
501.74862643327344 803.0
502.00923141776116 832.0
502.2698283121869 821.0
502.5304171160677 823.0
502.7909978289203 820.0
503.0515704502616 818.0
503.31213497960846 807.0
503.57269141647777 819.0
503.8332397603864 807.0
504.09378001085116 806.0
504.354312167389 823.0
504.6148362295168 830.0
504.8753521967513 831.0
505.1358600686094 836.0
505.3963598446082 833.0
505.6568515242642 830.0
505.9173351070945 835.0
506.17781059261597 827.0
506.4382779803454 821.0
506.69873726979966 822.0
506.95918846049574 829.0
507.2196315519502 827.0
507.4800665436803 819.0
507.74049343520267 822.0
508.00091222603425 826.0
508.261322915692 813.0
508.5217255036924 821.0
508.7821199895529 820.0
509.0425063727899 809.0
509.3028846529204 818.0
509.5632548294615 809.0
509.8236169019296 810.0
510.0839708698421 824.0
510.3443167327155 802.0
510.60465449006676 807.0
510.8649841414127 809.0
511.12530568627034 804.0
511.3856191241566 824.0
511.64592445458794 829.0
511.90622167708165 826.0
512.1665107911545 826.0
512.4267917963232 812.0
512.6870646921047 831.0
512.947329478016 826.0
513.2075861535739 825.0
513.467834718295 821.0
513.7280751716964 830.0
513.9883075132952 834.0
514.248531742608 835.0
514.5087478591515 822.0
514.7689558624429 827.0
515.0291557519989 838.0
515.2893475273365 851.0
515.5495311879723 847.0
515.8097067334235 844.0
516.0698741632067 847.0
516.3300334768389 888.0
516.5901846738369 857.0
516.8503277537177 845.0
517.1104627159981 841.0
517.3705895601947 825.0
517.630708285825 830.0
517.8908188924053 828.0
518.1509213794526 831.0
518.411015746484 840.0
518.6711019930159 866.0
518.9311801185657 906.0
519.19125012265 866.0
519.4513120047856 822.0
519.7113657644896 825.0
519.9714114012784 818.0
520.2314489146695 818.0
520.4914783041794 841.0
520.751499569325 810.0
521.0115127096234 819.0
521.271517724591 830.0
521.5315146137451 834.0
521.7915033766022 846.0
522.0514840126796 851.0
522.3114565214938 842.0
522.5714209025618 838.0
522.8313771554007 820.0
523.0913252795269 823.0
523.3512652744578 831.0
523.6111971397097 830.0
523.8711208747998 811.0
524.1310364792452 810.0
524.390943952562 807.0
524.6508432942679 816.0
524.9107345038794 824.0
525.1706175809132 817.0
525.4304925248866 844.0
525.690359335316 833.0
525.9502180117188 818.0
526.2100685536113 819.0
526.4699109605107 817.0
526.729745231934 835.0
526.9895713673975 817.0
527.2493893664187 801.0
527.5091992285141 815.0
527.7690009532007 823.0
528.0287945399953 828.0
528.2885799884149 819.0
528.5483572979764 825.0
528.8081264681963 821.0
529.0678874985917 820.0
529.3276403886796 824.0
529.5873851379768 822.0
529.8471217460001 811.0
530.1068502122662 825.0
530.3665705362923 830.0
530.6262827175951 813.0
530.8859867556915 828.0
531.1456826500984 803.0
531.4053704003326 804.0
531.6650500059111 829.0
531.9247214663504 830.0
532.1843847811678 806.0
532.4440399498801 814.0
532.7036869720038 813.0
532.9633258470562 822.0
533.222956574554 824.0
533.4825791540142 813.0
533.7421935849534 807.0
534.0017998668885 815.0
534.2613979993366 810.0
534.5209879818145 829.0
534.780569813839 823.0
535.0401434949268 813.0
535.2997090245951 804.0
535.5592664023607 823.0
535.8188156277402 831.0
536.0783567002508 807.0
536.3378896194092 819.0
536.5974143847321 828.0
536.8569309957369 819.0
537.1164394519398 826.0
537.3759397528582 822.0
537.6354318980087 833.0
537.8949158869082 821.0
538.1543917190737 821.0
538.4138593940218 818.0
538.6733189112697 811.0
538.932770270334 802.0
539.1922134707318 823.0
539.4516485119797 813.0
539.7110753935946 815.0
539.9704941150937 825.0
540.2299046759937 814.0
540.4893070758112 806.0
540.7487013140633 817.0
541.008087390267 828.0
541.2674653039389 816.0
541.526835054596 820.0
541.7861966417552 842.0
542.0455500649333 829.0
542.3048953236471 842.0
542.5642324174137 828.0
542.8235613457497 821.0
543.0828821081722 805.0
543.3421947041979 820.0
543.6014991333436 821.0
543.8607953951266 818.0
544.1200834890632 824.0
544.3793634146708 841.0
544.6386351714658 837.0
544.8978987589653 850.0
545.1571541766862 860.0
545.4164014241451 871.0
545.6756405008593 849.0
545.9348714063455 846.0
546.1940941401203 816.0
546.4533087017008 819.0
546.712515090604 812.0
546.9717133063466 819.0
547.2309033484453 818.0
547.4900852164174 817.0
547.7492589097793 819.0
548.0084244280482 816.0
548.2675817707409 821.0
548.526730937374 821.0
548.7858719274648 834.0
549.0450047405299 857.0
549.3041293760863 865.0
549.5632458336507 914.0
549.82235411274 917.0
550.0814542128714 873.0
550.3405461335612 861.0
550.5996298743269 857.0
550.8587054346848 830.0
551.117772814152 835.0
551.3768320122455 816.0
551.6358830284819 820.0
551.8949258623783 836.0
552.1539605134514 808.0
552.4129869812182 826.0
552.6720052651955 841.0
552.9310153649002 823.0
553.1900172798491 821.0
553.4490110095592 825.0
553.7079965535472 823.0
553.9669739113302 804.0
554.2259430824248 816.0
554.484904066348 810.0
554.7438568626167 830.0
555.0028014707476 828.0
555.261737890258 846.0
555.520666120664 849.0
555.7795861614834 898.0
556.0384980122324 954.0
556.2974016724281 925.0
556.5562971415874 874.0
556.8151844192269 840.0
557.0740635048638 848.0
557.3329343980148 868.0
557.5917970981968 853.0
557.8506516049267 841.0
558.1094979177213 813.0
558.3683360360976 813.0
558.6271659595724 822.0
558.8859876876625 846.0
559.1448012198848 817.0
559.4036065557561 824.0
559.6624036947936 844.0
559.9211926365136 869.0
560.1799733804337 863.0
560.43874592607 870.0
560.6975102729399 947.0
560.9562664205602 922.0
561.2150143684473 894.0
561.4737541161188 847.0
561.732485663091 844.0
561.9912090088809 837.0
562.2499241530056 827.0
562.5086310949818 825.0
562.7673298343262 815.0
563.026020370556 821.0
563.2847027031879 819.0
563.5433768317389 819.0
563.8020427557254 833.0
564.0607004746649 843.0
564.3193499880738 835.0
564.5779912954692 837.0
564.8366243963679 847.0
565.0952492902868 896.0
565.3538659767429 884.0
565.6124744552527 846.0
565.8710747253335 848.0
566.1296667865018 842.0
566.3882506382747 834.0
566.6468262801691 800.0
566.9053937117014 798.0
567.1639529323893 806.0
567.4225039417488 823.0
567.6810467392974 813.0
567.9395813245517 818.0
568.1981076970284 830.0
568.4566258562448 827.0
568.7151358017175 837.0
568.9736375329633 838.0
569.2321310494995 827.0
569.4906163508422 808.0
569.749093436509 810.0
570.0075623060163 801.0
570.2660229588813 812.0
570.5244753946206 818.0
570.7829196127512 832.0
571.0413556127901 808.0
571.2997833942537 809.0
571.5582029566596 824.0
571.8166142995238 823.0
572.075017422364 815.0
572.3334123246967 835.0
572.5917990060384 830.0
572.8501774659068 836.0
573.108547703818 827.0
573.3669097192892 822.0
573.6252635118373 821.0
573.8836090809789 854.0
574.1419464262314 869.0
574.400275547111 840.0
574.6585964431351 816.0
574.9169091138205 809.0
575.1752135586836 818.0
575.4335097772419 838.0
575.6917977690118 824.0
575.9500775335105 817.0
576.2083490702545 828.0
576.4666123787609 818.0
576.7248674585469 808.0
576.9831143091286 814.0
577.2413529300236 844.0
577.4995833207483 822.0
577.7578054808198 828.0
578.0160194097549 832.0
578.2742251070703 833.0
578.5324225722832 807.0
578.7906118049101 808.0
579.0487928044681 825.0
579.3069655704743 827.0
579.565130102445 818.0
579.8232863998975 819.0
580.0814344623485 817.0
580.339574289315 812.0
580.5977058803137 825.0
580.8558292348614 819.0
581.1139443524753 810.0
581.3720512326721 815.0
581.6301498749685 808.0
581.8882402788817 806.0
582.146322443928 799.0
582.4043963696251 807.0
582.6624620554893 827.0
582.9205195010375 823.0
583.1785687057866 818.0
583.4366096692537 844.0
583.6946423909554 825.0
583.9526668704085 827.0
584.2106831071303 822.0
584.4686911006373 821.0
584.7266908504463 828.0
584.9846823560746 825.0
585.2426656170385 816.0
585.5006406328554 821.0
585.7586074030418 816.0
586.0165659271148 851.0
586.2745162045912 830.0
586.5324582349878 810.0
586.7903920178214 819.0
587.0483175526091 818.0
587.3062348388676 815.0
587.5641438761138 818.0
587.8220446638645 819.0
588.0799372016369 852.0
588.3378214889474 858.0
588.5956975253132 879.0
588.8535653102509 917.0
589.1114248432776 942.0
589.3692761239103 892.0
589.6271191516653 860.0
589.88495392606 834.0
590.1427804466111 838.0
590.4005987128355 856.0
590.6584087242501 861.0
590.9162104803713 860.0
591.1740039807169 919.0
591.4317892248029 924.0
591.6895662121466 911.0
591.9473349422648 857.0
592.2050954146741 840.0
592.462847628892 818.0
592.7205915844347 848.0
592.9783272808194 888.0
593.236054717563 856.0
593.493773894182 843.0
593.7514848101939 843.0
594.009187465115 828.0
594.2668818584625 828.0
594.5245679897531 816.0
594.7822458585038 827.0
595.0399154642313 828.0
595.2975768064524 819.0
595.5552298846843 793.0
595.8128746984438 806.0
596.0705112472474 810.0
596.3281395306126 816.0
596.5857595480555 828.0
596.8433712990935 807.0
597.1009747832434 822.0
597.3585700000219 834.0
597.6161569489462 817.0
597.8737356295327 824.0
598.1313060412986 827.0
598.3888681837607 836.0
598.6464220564358 837.0
598.9039676588409 829.0
599.1615049904925 837.0
599.4190340509081 832.0
599.676554839604 809.0
599.9340673560972 844.0
600.1915715999048 839.0
600.4490675705435 836.0
600.7065552675302 840.0
600.9640346903817 828.0
601.221505838615 851.0
601.4789687117469 842.0
601.7364233092942 822.0
601.9938696307739 852.0
602.2513076757026 866.0
602.5087374435976 896.0
602.7661589339755 939.0
603.023572146353 991.0
603.2809770802475 1140.0
603.5383737351752 1104.0
603.7957621106534 1030.0
604.053142206199 955.0
604.3105140213286 958.0
604.5678775555593 944.0
604.8252328084078 927.0
605.0825797793912 890.0
605.3399184680261 878.0
605.5972488738295 865.0
605.8545709963181 888.0
606.111884835009 872.0
606.3691903894193 858.0
606.6264876590651 838.0
606.883776643464 827.0
607.1410573421324 799.0
607.3983297545875 831.0
607.6555938803461 806.0
607.9128497189247 807.0
608.1700972698408 813.0
608.4273365326108 821.0
608.6845675067516 818.0
608.9417901917803 827.0
609.1990045872135 844.0
609.4562106925683 844.0
609.7134085073615 856.0
609.9705980311098 855.0
610.2277792633305 870.0
610.4849522035397 884.0
610.7421168512552 862.0
610.9992732059933 846.0
611.2564212672709 829.0
611.5135610346049 837.0
611.7706925075122 835.0
612.0278156855098 835.0
612.2849305681145 842.0
612.542037154843 815.0
612.7991354452124 828.0
613.0562254387393 812.0
613.3133071349409 820.0
613.5703805333337 825.0
613.8274456334349 828.0
614.0845024347612 816.0
614.3415509368294 840.0
614.5985911391567 856.0
614.8556230412595 843.0
615.1126466426551 844.0
615.36966194286 844.0
615.6266689413914 841.0
615.8836676377659 835.0
616.1406580315004 843.0
616.3976401221121 829.0
616.6546139091173 850.0
616.9115793920333 856.0
617.1685365703769 868.0
617.4254854436648 878.0
617.6824260114142 849.0
617.9393582731417 842.0
618.196282228364 828.0
618.4531978765983 818.0
618.7101052173614 834.0
618.9670042501702 830.0
619.2238949745413 821.0
619.4807773899919 817.0
619.7376514960388 811.0
619.9945172921986 811.0
620.2513747779885 826.0
620.508223952925 820.0
620.7650648165256 849.0
621.0218973683066 843.0
621.2787216077849 865.0
621.5355375344776 872.0
621.7923451479013 864.0
622.0491444475734 843.0
622.3059354330103 826.0
622.5627181037288 823.0
622.8194924592461 830.0
623.0762584990788 816.0
623.333016222744 816.0
623.5897656297584 820.0
623.8465067196389 806.0
624.1032394919024 812.0
624.3599639460657 825.0
624.6166800816459 818.0
624.8733878981594 803.0
625.1300873951237 811.0
625.3867785720552 820.0
625.6434614284708 814.0
625.9001359638876 813.0
626.1568021778221 817.0
626.4134600697917 817.0
626.6701096393127 818.0
626.9267508859024 814.0
627.1833838090776 817.0
627.4400084083547 814.0
627.6966246832512 822.0
627.9532326332837 839.0
628.2098322579691 818.0
628.4664235568243 822.0
628.723006529366 817.0
628.9795811751112 809.0
629.2361474935768 820.0
629.4927054842794 836.0
629.7492551467363 862.0
630.0057964804641 850.0
630.2623294849799 864.0
630.5188541598001 856.0
630.775370504442 857.0
631.0318785184223 857.0
631.2883782012578 861.0
631.5448695524658 838.0
631.8013525715625 841.0
632.0578272580652 810.0
632.3142936114906 816.0
632.5707516313557 813.0
632.8272013171775 803.0
633.0836426684723 807.0
633.3400756847575 814.0
633.5965003655499 828.0
633.8529167103661 807.0
634.1093247187234 817.0
634.3657243901381 831.0
634.6221157241276 828.0
634.8784987202085 833.0
635.1348733778977 827.0
635.3912396967121 807.0
635.6475976761684 792.0
635.9039473157839 802.0
636.1602886150749 830.0
636.4166215735588 822.0
636.6729461907521 818.0
636.9292624661718 829.0
637.1855703993349 844.0
637.4418699897578 813.0
637.6981612369581 843.0
637.9544441404521 843.0
638.2107186997567 829.0
638.4669849143892 862.0
638.7232427838659 858.0
638.979492307704 844.0
639.2357334854204 846.0
639.4919663165317 837.0
639.7481908005552 818.0
640.0044069370073 826.0
640.2606147254052 838.0
640.5168141652655 834.0
640.7730052561054 838.0
641.0291879974413 858.0
641.2853623887906 875.0
641.5415284296699 950.0
641.797686119596 988.0
642.0538354580859 947.0
642.3099764446565 904.0
642.5661090788245 865.0
642.8222333601069 829.0
643.0783492880205 821.0
643.3344568620822 818.0
643.5905560818089 827.0
643.8466469467173 806.0
644.1027294563247 827.0
644.3588036101473 820.0
644.6148694077026 825.0
644.8709268485071 819.0
645.1269759320778 794.0
645.3830166579316 813.0
645.6390490255851 789.0
645.8950730345556 801.0
646.1510886843597 816.0
646.4070959745143 805.0
646.6630949045363 823.0
646.9190854739425 820.0
647.17506768225 808.0
647.4310415289752 801.0
647.6870070136354 817.0
647.9429641357473 817.0
648.1989128948277 812.0
648.4548532903938 816.0
648.7107853219619 836.0
648.9667089890495 833.0
649.222624291173 813.0
649.4785312278494 835.0
649.7344297985958 816.0
649.9903200029287 797.0
650.2462018403652 814.0
650.502075310422 827.0
650.7579404126162 821.0
651.0137971464646 819.0
651.2696455114838 817.0
651.525485507191 829.0
651.7813171331029 804.0
652.0371403887364 805.0
652.2929552736086 805.0
652.5487617872358 822.0
652.8045599291355 810.0
653.0603496988242 814.0
653.3161310958188 825.0
653.5719041196362 822.0
653.8276687697933 833.0
654.0834250458071 836.0
654.3391729471941 840.0
654.5949124734717 841.0
654.8506436241562 827.0
655.1063663987647 820.0
655.3620807968144 824.0
655.6177868178215 839.0
655.8734844613035 825.0
656.129173726777 817.0
656.3848546137588 825.0
656.6405271217659 827.0
656.8961912503149 820.0
657.1518469989231 811.0
657.4074943671071 812.0
657.6631333543837 816.0
657.9187639602701 814.0
658.1743861842826 817.0
658.4300000259387 817.0
658.6856054847549 824.0
658.9412025602483 824.0
659.1967912519353 820.0
659.4523715593333 815.0
659.707943481959 823.0
659.9635070193291 824.0
660.2190621709606 829.0
660.4746089363705 839.0
660.7301473150753 848.0
660.9856773065924 854.0
661.2411989104381 845.0
661.4967121261298 838.0
661.7522169531838 819.0
662.0077133911174 818.0
662.2632014394475 807.0
662.5186810976904 815.0
662.7741523653638 802.0
663.029615241984 797.0
663.2850697270679 815.0
663.5405158201327 810.0
663.7959535206948 817.0
664.0513828282715 825.0
664.3068037423793 808.0
664.5622162625355 825.0
664.8176203882564 811.0
665.0730161190594 810.0
665.3284034544613 825.0
665.5837823939785 841.0
665.8391529371283 839.0
666.0945150834276 846.0
666.349868832393 846.0
666.6052141835415 853.0
666.8605511363899 829.0
667.1158796904554 838.0
667.3711998452544 855.0
667.626511600304 873.0
667.8818149551211 865.0
668.1371099092223 859.0
668.3923964621249 866.0
668.6476746133454 857.0
668.9029443624008 822.0
669.1582057088083 812.0
669.4134586520839 813.0
669.6687031917455 844.0
669.9239393273093 833.0
670.1791670582923 827.0
670.4343863842114 826.0
670.6895973045835 829.0
670.9447998189256 824.0
671.1999939267544 830.0
671.4551796275866 816.0
671.7103569209394 799.0
671.9655258063294 821.0
672.220686283274 817.0
672.475838351289 826.0
672.7309820098925 820.0
672.9861172586005 826.0
673.2412440969302 812.0
673.4963625243987 814.0
673.7514725405223 801.0
674.0065741448183 834.0
674.2616673368035 835.0
674.5167521159946 864.0
674.7718284819086 930.0
675.0268964340622 988.0
675.2819559719727 1101.0
675.5370070951565 1118.0
675.7920498031307 1083.0
676.0470840954122 971.0
676.3021099715176 896.0
676.5571274309642 869.0
676.8121364732684 866.0
677.0671370979474 845.0
677.3221293045178 848.0
677.5771130924968 815.0
677.8320884614011 822.0
678.0870554107474 814.0
678.3420139400529 821.0
678.5969640488343 824.0
678.8519057366083 806.0
679.1068390028922 812.0
679.3617638472023 805.0
679.616680269056 829.0
679.8715882679699 823.0
680.1264878434607 805.0
680.3813789950458 828.0
680.6362617222414 804.0
680.8911360245651 801.0
681.146001901533 810.0
681.4008593526627 819.0
681.6557083774705 826.0
681.9105489754734 813.0
682.1653811461886 819.0
682.4202048891326 834.0
682.6750202038223 825.0
682.9298270897748 834.0
683.1846255465068 813.0
683.4394155735351 826.0
683.6941971703767 813.0
683.9489703365485 813.0
684.2037350715673 812.0
684.4584913749499 819.0
684.7132392462133 817.0
684.9679786848742 819.0
685.2227096904496 816.0
685.4774322624564 828.0
685.7321464004115 828.0
685.9868521038316 835.0
686.2415493722334 849.0
686.4962382051343 903.0
686.7509186020508 938.0
687.0055905624997 1006.0
687.2602540859983 1076.0
687.514909172063 1034.0
687.7695558202109 1020.0
688.0241940299587 925.0
688.2788238008236 887.0
688.5334451323221 874.0
688.7880580239712 870.0
689.042662475288 854.0
689.2972584857889 864.0
689.5518460549912 830.0
689.8064251824115 824.0
690.0609958675668 826.0
690.3155581099742 828.0
690.5701119091498 844.0
690.8246572646113 829.0
691.0791941758752 826.0
691.3337226424583 834.0
691.5882426638777 830.0
691.84275423965 828.0
692.0972573692924 833.0
692.3517520523214 821.0
692.6062382882542 829.0
692.8607160766074 830.0
693.1151854168979 849.0
693.3696463086428 864.0
693.6240987513587 917.0
693.8785427445628 956.0
694.1329782877717 930.0
694.3874053805022 925.0
694.6418240222713 865.0
694.8962342125958 861.0
695.1506359509929 907.0
695.405029236979 921.0
695.6594140700711 1026.0
695.9137904497863 1296.0
696.168158375641 1600.0
696.4225178471527 2227.0
696.676868863838 2514.0
696.9312114252134 2360.0
697.1855455307963 2062.0
697.4398711801031 1381.0
697.6941883726512 1101.0
697.9484971079568 976.0
698.2027973855375 909.0
698.4570892049098 884.0
698.7113725655903 868.0
698.9656474670965 861.0
699.2199139089445 855.0
699.4741718906519 854.0
699.7284214117353 837.0
699.9826624717113 850.0
700.2368950700971 833.0
700.4911192064093 825.0
700.7453348801653 829.0
700.9995420908814 839.0
701.2537408380745 825.0
701.5079311212619 837.0
701.7621129399598 832.0
702.016286293686 834.0
702.2704511819566 861.0
702.5246076042886 922.0
702.778755560199 958.0
703.0328950492045 1061.0
703.2870260708224 1039.0
703.5411486245691 1030.0
703.7952627099618 954.0
704.0493683265172 878.0
704.3034654737519 853.0
704.5575541511835 857.0
704.8116343583279 856.0
705.0657060947029 837.0
705.3197693598249 880.0
705.5738241532106 901.0
705.8278704743772 969.0
706.0819083228414 1224.0
706.3359376981203 1560.0
706.5899585997306 2110.0
706.8439710271889 2513.0
707.0979749800126 2308.0
707.3519704577179 2112.0
707.6059574598225 1430.0
707.8599359858429 1121.0
708.1139060352955 983.0
708.3678676076978 917.0
708.6218207025663 875.0
708.8757653194182 875.0
709.12970145777 845.0
709.3836291171389 846.0
709.6375482970416 846.0
709.8914589969946 837.0
710.1453612165157 835.0
710.3992549551208 838.0
710.6531402123275 869.0
710.9070169876522 861.0
711.1608852806118 879.0
711.4147450907236 860.0
711.6685964175037 820.0
711.9224392604699 821.0
712.1762736191384 841.0
712.4300994930262 860.0
712.6839168816504 862.0
712.9377257845274 853.0
713.1915262011746 855.0
713.4453181311087 851.0
713.6991015738463 851.0
713.9528765289045 864.0
714.2066429958 916.0
714.4604009740502 973.0
714.7141504631712 1058.0
714.9678914626805 1047.0
715.2216239720948 1034.0
715.4753479909306 949.0
715.7290635187052 886.0
715.982770554935 881.0
716.2364690991376 878.0
716.4901591508293 871.0
716.743840709527 842.0
716.9975137747479 832.0
717.2511783460084 830.0
717.5048344228259 838.0
717.7584820047169 809.0
718.0121210911982 833.0
718.2657516817872 832.0
718.519373776 822.0
718.772987373354 813.0
719.026592473366 810.0
719.2801890755527 818.0
719.5337771794311 824.0
719.7873567845179 833.0
720.0409278903304 842.0
720.294490496385 869.0
720.5480446021987 889.0
720.8015902072887 902.0
721.0551273111711 898.0
721.3086559133636 859.0
721.5621760133826 845.0
721.815687610745 855.0
722.0691907049679 833.0
722.3226852955679 831.0
722.5761713820622 822.0
722.8296489639672 827.0
723.0831180408002 849.0
723.3365786120778 822.0
723.5900306773169 821.0
723.8434742360346 821.0
724.0969092877473 823.0
724.3503358319725 828.0
724.6037538682267 825.0
724.8571633960265 850.0
725.1105644148894 821.0
725.3639569243315 837.0
725.6173409238706 822.0
725.8707164130229 843.0
726.1240833913054 827.0
726.3774418582351 863.0
726.6307918133285 947.0
726.8841332561029 1040.0
727.137466186075 1240.0
727.3907906027619 1287.0
727.6441065056802 1232.0
727.8974138943464 1184.0
728.1507127682783 1003.0
728.4040031269918 905.0
728.6572849700045 874.0
728.9105582968331 850.0
729.1638231069941 849.0
729.4170794000048 846.0
729.6703271753817 829.0
729.923566432642 827.0
730.1767971713025 826.0
730.4300193908798 835.0
730.6832330908911 849.0
730.936438270853 884.0
731.1896349302828 902.0
731.442823068697 894.0
731.6960026856123 904.0
731.949173780546 880.0
732.2023363530145 856.0
732.4554904025351 844.0
732.7086359286245 842.0
732.9617729307997 839.0
733.2149014085775 816.0
733.4680213614745 818.0
733.7211327890079 829.0
733.9742356906943 833.0
734.2273300660511 837.0
734.4804159145946 841.0
734.7334932358416 879.0
734.9865620293094 915.0
735.2396222945147 963.0
735.4926740309744 961.0
735.7457172382054 968.0
735.9987519157243 945.0
736.2517780630484 933.0
736.504795679694 929.0
736.7578047651785 1021.0
737.0108053190187 1164.0
737.2637973407312 1262.0
737.516780829833 1328.0
737.769755785841 1776.0
738.0227222082721 2320.0
738.2756800966428 3417.0
738.5286294504706 3502.0
738.781570269272 3337.0
739.0345025525638 3088.0
739.2874262998632 1902.0
739.5403415106866 1361.0
739.7932481845512 1113.0
740.046146320974 1020.0
740.2990359194714 973.0
740.5519169795606 910.0
740.8047895007583 893.0
741.0576534825816 906.0
741.3105089245472 895.0
741.563355826172 882.0
741.8161941869729 897.0
742.0690240064664 875.0
742.3218452841702 886.0
742.5746580196005 869.0
742.8274622122741 881.0
743.0802578617083 891.0
743.3330449674197 907.0
743.5858235289254 930.0
743.8385935457418 902.0
744.0913550173865 910.0
744.3441079433758 861.0
744.5968523232264 853.0
744.8495881564559 851.0
745.1023154425804 840.0
745.3550341811174 828.0
745.6077443715835 845.0
745.8604460134952 849.0
746.1131391063701 848.0
746.3658236497243 841.0
746.6184996430754 843.0
746.87116708594 844.0
747.1238259778346 864.0
747.3764763182764 880.0
747.6291181067822 910.0
747.8817513428692 904.0
748.1343760260539 914.0
748.3869921558529 942.0
748.6395997317837 938.0
748.8921987533628 985.0
749.1447892201071 1029.0
749.3973711315336 1104.0
749.6499444871589 1565.0
749.9025092865003 2626.0
750.1550655290741 4419.0
750.4076132143978 5927.0
750.6601523419877 5253.0
750.912682911361 6172.0
751.1652049220347 5401.0
751.4177183735251 5035.0
751.6702232653497 4086.0
751.9227195970248 3925.0
752.1752073680677 3084.0
752.4276865779954 1849.0
752.680157226324 1399.0
752.9326193125712 1154.0
753.1850728362533 1056.0
753.4375177968876 988.0
753.6899541939908 938.0
753.9423820270795 922.0
754.194801295671 905.0
754.4472119992819 891.0
754.6996141374291 874.0
754.9520077096296 867.0
755.2043927154 867.0
755.4567691542577 873.0
755.7091370257187 844.0
755.9614963293008 859.0
756.2138470645202 828.0
756.4661892308942 837.0
756.7185228279395 857.0
756.9708478551728 854.0
757.2231643121112 852.0
757.4754721982714 856.0
757.7277715131704 860.0
757.9800622563251 860.0
758.2323444272521 834.0
758.4846180254688 833.0
758.7368830504913 849.0
758.9891395018373 843.0
759.2413873790232 845.0
759.4936266815657 849.0
759.7458574089821 857.0
759.9980795607888 862.0
760.2502931365033 890.0
760.502498135642 888.0
760.7546945577217 901.0
761.0068824022595 885.0
761.2590616687722 896.0
761.5112323567769 909.0
761.7633944657899 950.0
762.0155479953288 955.0
762.26769294491 1041.0
762.5198293140501 1170.0
762.7719571022666 1653.0
763.024076309076 3056.0
763.2761869339953 5537.0
763.5282889765415 7168.0
763.780382436231 6166.0
764.032467312581 6790.0
764.2845436051083 4584.0
764.53661131333 2364.0
764.7886704367629 1652.0
765.0407209749233 1302.0
765.2927629273288 1141.0
765.5447962934958 1046.0
765.7968210729414 990.0
766.0488372651824 960.0
766.3008448697357 940.0
766.5528438861181 894.0
766.8048343138464 904.0
767.0568161524378 894.0
767.3087894014087 877.0
767.5607540602764 855.0
767.8127101285577 859.0
768.0646576057691 852.0
768.3165964914278 846.0
768.5685267850505 855.0
768.8204484861544 862.0
769.0723615942561 859.0
769.3242661088722 860.0
769.5761620295201 842.0
769.8280493557162 863.0
770.0799280869778 843.0
770.3317982228216 867.0
770.5836597627642 875.0
770.835512706323 890.0
771.0873570530143 902.0
771.3391928023555 957.0
771.591019953863 1121.0
771.8428385070538 1546.0
772.094648461445 2548.0
772.3464498165532 3550.0
772.5982425718955 3082.0
772.8500267269885 3280.0
773.1018022813494 2809.0
773.3535692344948 1703.0
773.6053275859415 1277.0
773.8570773352067 1080.0
774.108818481807 970.0
774.3605510252594 930.0
774.6122749650807 910.0
774.8639903007878 890.0
775.1156970318975 849.0
775.3673951579267 866.0
775.6190846783925 855.0
775.8707655928115 859.0
776.1224379007004 857.0
776.3741016015766 846.0
776.6257566949563 848.0
776.8774031803571 847.0
777.1290410572955 859.0
777.3806703252881 857.0
777.6322909838522 858.0
777.8839030325043 845.0
778.1355064707618 849.0
778.3871012981411 842.0
778.6386875141592 840.0
778.890265118333 837.0
779.1418341101793 843.0
779.3933944892151 832.0
779.6449462549571 830.0
779.8964894069222 856.0
780.1480239446275 814.0
780.3995498675895 842.0
780.6510671753255 837.0
780.9025758673517 824.0
781.1540759431858 825.0
781.4055674023442 823.0
781.6570502443437 827.0
781.9085244687013 814.0
782.159990074934 827.0
782.4114470625585 835.0
782.6628954310918 830.0
782.9143351800503 836.0
783.1657663089516 840.0
783.4171888173119 826.0
783.6686027046486 814.0
783.9200079704783 834.0
784.1714046143178 832.0
784.4227926356843 825.0
784.6741720340941 818.0
784.9255428090647 814.0
785.1769049601126 828.0
785.4282584867548 849.0
785.6796033885082 825.0
785.9309396648893 835.0
786.1822673154155 838.0
786.4335863396033 832.0
786.6848967369698 853.0
786.9361985070317 838.0
787.1874916493058 846.0
787.4387761633094 829.0
787.6900520485588 805.0
787.9413193045713 824.0
788.1925779308636 838.0
788.4438279269523 838.0
788.6950692923548 854.0
788.9463020265875 871.0
789.1975261291677 869.0
789.448741599612 868.0
789.6999484374371 857.0
789.9511466421604 845.0
790.2023362132982 840.0
790.4535171503677 848.0
790.7046894528855 830.0
790.9558531203689 832.0
791.2070081523347 837.0
791.458154548299 837.0
791.7092923077797 840.0
791.9604214302931 847.0
792.2115419153562 838.0
792.462653762486 841.0
792.7137569711989 846.0
792.9648515410123 851.0
793.2159374714428 871.0
793.4670147620074 897.0
793.718083412223 919.0
793.9691434216061 998.0
794.220194789674 1268.0
794.4712375159432 2022.0
794.722271599931 2976.0
794.9732970411541 2633.0
795.2243138391292 2720.0
795.4753219933733 2587.0
795.7263215034031 1704.0
795.9773123687357 1255.0
796.2282945888878 1087.0
796.4792681633767 995.0
796.7302330917187 930.0
796.9811893734307 906.0
797.23213700803 889.0
797.483075995033 892.0
797.7340063339569 883.0
797.9849280243186 876.0
798.2358410656345 876.0
798.4867454574222 925.0
798.7376411991978 919.0
798.9885282904788 919.0
799.2394067307818 920.0
799.4902765196234 943.0
799.741137656521 1036.0
799.9919901409909 1299.0
800.2428339725506 2033.0
800.4936691507165 3102.0
800.7444956750055 3060.0
800.9953135449347 3579.0
801.2461227600207 4974.0
801.4969233197808 4370.0
801.7477152237312 3323.0
801.9984984713894 3541.0
802.2492730622722 2649.0
802.5000389958959 1634.0
802.7507962717781 1291.0
803.0015448894349 1097.0
803.252284848384 1018.0
803.5030161481417 984.0
803.7537387882248 949.0
804.0044527681507 932.0
804.2551580874358 907.0
804.5058547455972 905.0
804.7565427421519 897.0
805.0072220766161 902.0
805.2578927485075 908.0
805.5085547573423 901.0
805.7592081026379 894.0
806.009852783911 894.0
806.2604888006782 881.0
806.5111161524568 883.0
806.7617348387631 891.0
807.0123448591147 910.0
807.2629462130279 915.0
807.5135389000196 931.0
807.7641229196071 936.0
808.0146982713067 942.0
808.2652649546358 990.0
808.5158229691108 1037.0
808.7663723142489 1044.0
809.016912989567 1049.0
809.2674449945815 1106.0
809.5179683288098 1259.0
809.7684829917686 1707.0
810.0189889829746 2977.0
810.269486301945 4557.0
810.5199749481961 4135.0
810.7704549212456 5277.0
811.0209262206095 8522.0
811.2713888458052 14337.0
811.5218427963496 15705.0
811.7722880717591 13371.0
812.022724671551 15142.0
812.2731525952421 12707.0
812.5235718423493 5920.0
812.7739824123893 3352.0
813.0243843048788 2314.0
813.2747775193352 1765.0
813.5251620552749 1481.0
813.7755379122152 1304.0
814.0259050896724 1221.0
814.276263587164 1096.0
814.5266134042064 1073.0
814.7769545403165 992.0
815.0272869950115 996.0
815.2776107678079 928.0
815.5279258582229 948.0
815.7782322657732 903.0
816.0285299899754 901.0
816.2788190303468 899.0
816.529099386404 898.0
816.7793710576641 867.0
817.0296340436439 875.0
817.2798883438601 878.0
817.5301339578298 881.0
817.7803708850694 866.0
818.0305991250964 874.0
818.2808186774273 859.0
818.531029541579 869.0
818.7812317170685 845.0
819.0314252034124 838.0
819.281610000128 848.0
819.5317861067317 851.0
819.7819535227408 857.0
820.0321122476719 852.0
820.2822622810417 849.0
820.5324036223675 856.0
820.7825362711658 849.0
821.0326602269538 856.0
821.2827754892483 842.0
821.5328820575656 840.0
821.7829799314234 855.0
822.033069110338 849.0
822.2831495938267 846.0
822.5332213814061 825.0
822.7832844725929 832.0
823.0333388669044 844.0
823.283384563857 853.0
823.533421562968 850.0
823.7834498637541 841.0
824.033469465732 863.0
824.2834803684189 848.0
824.5334825713311 858.0
824.7834760739862 843.0
825.0334608759005 844.0
825.2834369765912 858.0
825.5334043755751 916.0
825.7833630723688 1031.0
826.0333130664897 1415.0
826.2832543574541 2107.0
826.5331869447793 1990.0
826.783110827982 1924.0
827.0330260065789 2097.0
827.2829324800872 1630.0
827.5328302480233 1180.0
827.7827193099047 1026.0
828.032599665248 933.0
828.2824713135695 893.0
828.532334254387 883.0
828.7821884872168 866.0
829.0320340115759 864.0
829.2818708269813 842.0
829.5316989329494 848.0
829.7815183289979 838.0
830.0313290146428 845.0
830.2811309894015 845.0
830.5309242527906 810.0
830.7807088043272 828.0
831.0304846435281 828.0
831.2802517699099 838.0
831.5300101829899 839.0
831.7797598822846 806.0
832.0295008673112 832.0
832.2792331375864 840.0
832.5289566926268 833.0
832.7786715319497 825.0
833.0283776550717 843.0
833.27807506151 834.0
833.5277637507811 829.0
833.7774437224018 829.0
834.0271149758895 835.0
834.2767775107606 822.0
834.526431326532 829.0
834.7760764227208 825.0
835.0257127988438 841.0
835.2753404544177 828.0
835.5249593889594 853.0
835.774569601986 839.0
836.0241710930143 833.0
836.2737638615607 836.0
836.5233479071428 836.0
836.7729232292768 845.0
837.0224898274802 846.0
837.2720477012693 840.0
837.5215968501614 850.0
837.7711372736733 857.0
838.0206689713215 856.0
838.2701919426232 858.0
838.5197061870952 855.0
838.7692117042545 869.0
839.0187084936177 880.0
839.2681965547017 909.0
839.5176758870236 921.0
839.7671464901001 942.0
840.0166083634483 1041.0
840.2660615065847 1363.0
840.5155059190262 2415.0
840.7649416002901 3184.0
841.0143685498927 2587.0
841.2637867673512 2955.0
841.5131962521828 2970.0
841.7625970039035 2273.0
842.0119890220308 2732.0
842.2613723060813 5107.0
842.5107468555723 4704.0
842.76011267002 4105.0
843.0094697489418 4907.0
843.2588180918546 3800.0
843.5081576982747 2073.0
843.7574885677194 1476.0
844.0068106997054 1207.0
844.25612409375 1067.0
844.5054287493696 992.0
844.754724666081 951.0
845.0040118434015 928.0
845.2532902808475 892.0
845.5025599779364 891.0
845.7518209341847 882.0
846.0010731491091 873.0
846.2503166222269 869.0
846.4995513530547 860.0
846.7487773411094 844.0
846.9979945859081 845.0
847.2472030869674 832.0
847.4964028438043 852.0
847.7455938559353 837.0
847.994776122878 837.0
848.2439496441485 844.0
848.4931144192642 854.0
848.7422704477419 852.0
848.9914177290981 829.0
849.2405562628502 848.0
849.4896860485144 834.0
849.7388070856083 839.0
849.9879193736485 856.0
850.2370229121515 833.0
850.4861177006346 866.0
850.7352037386146 860.0
850.9842810256082 878.0
851.2333495611326 894.0
851.482409344704 1015.0
851.7314603758401 1385.0
851.9805026540571 2152.0
852.2295361788724 1958.0
852.4785609498026 1872.0
852.7275769663643 2075.0
852.9765842280748 1673.0
853.2255827344507 1189.0
853.4745724850093 1017.0
853.7235534792667 927.0
853.9725257167406 893.0
854.2214891969475 860.0
854.4704439194039 850.0
854.7193898836274 848.0
854.9683270891342 845.0
855.2172555354416 817.0
855.4661752220665 851.0
855.7150861485252 829.0
855.9639883143353 833.0
856.212881719013 832.0
856.4617663620759 824.0
856.7106422430403 824.0
856.9595093614231 821.0
857.2083677167415 832.0
857.4572173085119 823.0
857.7060581362517 826.0
857.9548901994776 810.0
858.2037134977061 819.0
858.4525280304546 817.0
858.7013337972394 827.0
858.950130797578 820.0
859.1989190309868 812.0
859.4476984969828 827.0
859.696469195083 822.0
859.9452311248039 829.0
860.1939842856627 836.0
860.4427286771763 852.0
860.6914642988615 840.0
860.9401911502351 828.0
861.1889092308139 845.0
861.437618540115 834.0
861.686319077655 834.0
861.935010842951 842.0
862.1836938355198 828.0
862.432368054878 830.0
862.6810335005429 836.0
862.9296901720311 826.0
863.1783380688596 826.0
863.4269771905452 823.0
863.6756075366046 825.0
863.9242291065551 826.0
864.1728418999131 832.0
864.4214459161959 818.0
864.6700411549201 816.0
864.9186276156024 807.0
865.1672052977602 807.0
865.4157742009098 827.0
865.6643343245685 815.0
865.9128856682528 822.0
866.1614282314799 850.0
866.4099620137665 941.0
866.6584870146295 1095.0
866.9070032335858 1024.0
867.155510670152 1017.0
867.4040093238455 1065.0
867.6524991941827 962.0
867.9009802806806 865.0
868.1494525828563 842.0
868.3979161002262 833.0
868.6463708323078 835.0
868.8948167786174 825.0
869.1432539386718 815.0
869.3916823119887 823.0
869.6401018980839 829.0
869.8885126964751 812.0
870.1369147066789 810.0
870.3853079282118 829.0
870.6336923605911 821.0
870.8820680033335 821.0
871.1304348559562 825.0
871.3787929179755 820.0
871.6271421889087 811.0
871.8754826682726 820.0
872.1238143555837 816.0
872.3721372503595 817.0
872.6204513521162 818.0
872.8687566603713 820.0
873.1170531746413 812.0
873.365340894443 811.0
873.6136198192935 802.0
873.8618899487094 810.0
874.110151282208 813.0
874.3584038193057 803.0
874.6066475595196 804.0
874.8548825023668 813.0
875.1031086473636 834.0
875.3513259940273 817.0
875.5995345418747 814.0
875.8477342904224 810.0
876.0959252391877 828.0
876.3441073876871 823.0
876.5922807354377 823.0
876.8404452819562 828.0
877.0886010267599 824.0
877.3367479693651 821.0
877.5848861092887 808.0
877.8330154460481 814.0
878.0811359791594 813.0
878.3292477081402 820.0
878.5773506325071 825.0
878.8254447517768 820.0
879.0735300654665 800.0
879.3216065730924 807.0
879.5696742741723 821.0
879.8177331682225 821.0
880.0657832547598 829.0
880.3138245333014 828.0
880.5618570033639 815.0
880.8098806644645 816.0
881.0578955161196 805.0
881.3059015578464 814.0
881.5538987891618 802.0
881.8018872095822 811.0
882.0498668186252 832.0
882.297837615807 834.0
882.5457996006451 810.0
882.7937527726558 806.0
883.041697131356 820.0
883.2896326762632 811.0
883.5375594068934 816.0
883.7854773227642 826.0
884.0333864233922 824.0
884.2812867082938 798.0
884.5291781769868 818.0
884.7770608289871 839.0
885.0249346638125 821.0
885.2727996809792 811.0
885.5206558800041 812.0
885.7685032604046 823.0
886.0163418216969 822.0
886.2641715633982 824.0
886.5119924850256 808.0
886.7598045860955 804.0
887.007607866125 812.0
887.2554023246308 808.0
887.5031879611303 811.0
887.7509647751398 806.0
887.9987327661763 803.0
888.2464919337567 819.0
888.4942422773979 821.0
888.7419837966169 812.0
888.9897164909302 813.0
889.2374403598551 800.0
889.4851554029083 811.0
889.7328616196063 816.0
889.9805590094667 800.0
890.2282475720056 803.0
890.4759273067405 807.0
890.7235982131879 811.0
890.9712602908646 797.0
891.218913539288 812.0
891.4665579579743 798.0
891.7141935464408 802.0
891.9618203042044 824.0
892.2094382307815 809.0
892.4570473256895 812.0
892.7046475884449 821.0
892.9522390185649 812.0
893.1998216155661 801.0
893.4473953789653 801.0
893.6949603082797 811.0
893.9425164030258 809.0
894.1900636627211 790.0
894.4376020868815 810.0
894.6851316750246 807.0
894.9326524266672 814.0
895.1801643413257 816.0
895.4276674185177 805.0
895.6751616577593 826.0
895.922647058568 822.0
896.1701236204603 821.0
896.4175913429531 812.0
896.6650502255636 815.0
896.912500267808 830.0
897.159941469204 819.0
897.4073738292678 806.0
897.6547973475165 803.0
897.9022120234671 816.0
898.1496178566362 822.0
898.3970148465409 822.0
898.644402992698 797.0
898.8917822946241 814.0
899.1391527518367 812.0
899.386514363852 809.0
899.6338671301874 807.0
899.8812110503592 803.0
900.1285461238849 805.0
900.375872350281 810.0
900.6231897290643 808.0
900.8704982597519 808.0
901.1177979418604 825.0
901.3650887749071 821.0
901.6123707584086 818.0
901.8596438918815 818.0
902.106908174843 797.0
902.35416360681 817.0
902.6014101872993 813.0
902.8486479158278 808.0
903.095876791912 798.0
903.3430968150694 825.0
903.5903079848164 806.0
903.83751030067 813.0
904.0847037621473 816.0
904.3318883687646 823.0
904.5790641200394 812.0
904.826231015488 819.0
905.0733890546279 803.0
905.3205382369753 804.0
905.5676785620476 799.0
905.8148100293615 816.0
906.0619326384336 816.0
906.3090463887813 820.0
906.5561512799208 823.0
906.8032473113697 826.0
907.0503344826443 824.0
907.2974127932616 835.0
907.5444822427387 821.0
907.7915428305921 825.0
908.038594556339 829.0
908.2856374194963 813.0
908.5326714195803 820.0
908.7796965561088 819.0
909.0267128285976 827.0
909.2737202365645 837.0
909.520718779526 826.0
909.7677084569985 843.0
910.0146892684998 830.0
910.261661213546 839.0
910.5086242916544 856.0
910.7555785023416 864.0
911.0025238451248 873.0
911.2494603195206 909.0
911.4963879250456 977.0
911.7433066612174 1148.0
911.9902165275522 2077.0
912.2371175235672 2913.0
912.4840096487795 2033.0
912.7308929027052 2097.0
912.9777672848619 2224.0
913.2246327947661 1814.0
913.4714894319347 1312.0
913.7183371958849 1028.0
913.965176086133 969.0
914.2120061021965 936.0
914.4588272435916 891.0
914.7056395098358 872.0
914.9524429004457 853.0
915.1992374149379 854.0
915.4460230528298 823.0
915.6927998136375 826.0
915.9395676968788 834.0
916.1863267020701 842.0
916.4330768287281 830.0
916.67981807637 817.0
916.9265504445123 832.0
917.1732739326723 829.0
917.4199885403666 829.0
917.6666942671121 836.0
917.9133911124259 837.0
918.1600790758242 842.0
918.4067581568248 829.0
918.6534283549438 817.0
918.9000896696987 822.0
919.1467421006058 863.0
919.3933856471822 865.0
919.6400203089449 837.0
919.8866460854103 855.0
920.1332629760961 835.0
920.3798709805186 838.0
920.6264700981943 844.0
920.8730603286409 830.0
921.1196416713748 846.0
921.3662141259131 856.0
921.6127776917724 881.0
921.8593323684695 924.0
922.1058781555217 1283.0
922.3524150524454 1754.0
922.598943058758 1337.0
922.8454621739758 1289.0
923.0919723976159 1342.0
923.3384737291954 1252.0
923.5849661682307 1048.0
923.8314497142393 932.0
924.0779243667373 869.0
924.3243901252423 861.0
924.5708469892709 848.0
924.8172949583395 837.0
925.0637340319656 833.0
925.3101642096658 822.0
925.5565854909571 840.0
925.8029978753563 837.0
926.04940136238 829.0
926.2957959515456 837.0
926.5421816423694 823.0
926.7885584343687 826.0
927.0349263270604 818.0
927.281285319961 809.0
927.5276354125876 816.0
927.7739766044568 826.0
928.020308895086 802.0
928.2666322839915 807.0
928.5129467706906 815.0
928.7592523547 817.0
929.0055490355364 836.0
929.2518368127171 825.0
929.4981156857584 827.0
929.7443856541778 823.0
929.9906467174917 827.0
930.2368988752169 820.0
930.4831421268707 826.0
930.7293764719695 832.0
930.9756019100306 813.0
931.2218184405708 814.0
931.4680260631065 830.0
931.7142247771553 819.0
931.9604145822334 813.0
932.2065954778582 824.0
932.4527674635461 803.0
932.6989305388141 804.0
932.9450847031794 822.0
933.1912299561584 820.0
933.4373662972685 796.0
933.6834937260257 808.0
933.929612241948 811.0
934.1757218445516 816.0
934.4218225333533 818.0
934.6679143078701 818.0
934.913997167619 813.0
935.1600711121167 856.0
935.4061361408803 870.0
935.6521922534262 846.0
935.8982394492718 827.0
936.1442777279336 840.0
936.3903070889288 812.0
936.636327531774 797.0
936.882339055986 812.0
937.128341661082 812.0
937.3743353465785 821.0
937.6203201119927 812.0
937.8662959568414 810.0
938.1122628806411 809.0
938.3582208829092 799.0
938.6041699631621 822.0
938.8501101209171 800.0
939.0960413556905 834.0
939.341963667 816.0
939.5878770543618 825.0
939.8337815172929 819.0
940.0796770553103 816.0
940.3255636679306 806.0
940.5714413546712 820.0
940.8173101150486 797.0
941.0631699485793 812.0
941.309020854781 818.0
941.5548628331699 802.0
941.8006958832632 801.0
942.0465200045778 805.0
942.2923351966301 812.0
942.5381414589376 811.0
942.7839387910167 809.0
943.0297271923846 814.0
943.275506662558 795.0
943.5212772010536 807.0
943.7670388073888 811.0
944.0127914810797 822.0
944.2585352216438 820.0
944.504270028598 801.0
944.7499959014584 809.0
944.9957128397427 819.0
945.2414208429674 802.0
945.4871199106495 799.0
945.7328100423057 818.0
945.978491237453 809.0
946.2241634956084 818.0
946.4698268162882 809.0
946.71548119901 802.0
946.9611266432901 833.0
947.2067631486459 806.0
947.4523907145939 825.0
947.6980093406509 811.0
947.943619026334 811.0
948.1892197711599 814.0
948.4348115746456 809.0
948.680394436308 799.0
948.9259683556636 813.0
949.17153333223 805.0
949.4170893655231 808.0
949.6626364550607 822.0
949.9081746003591 804.0
950.1537038009352 804.0
950.3992240563063 799.0
950.6447353659886 805.0
950.8902377294995 813.0
951.1357311463555 808.0
951.381215616074 801.0
951.6266911381715 807.0
951.8721577121647 817.0
952.1176153375708 798.0
952.3630640139064 804.0
952.6085037406887 819.0
952.8539345174344 799.0
953.09935634366 811.0
953.3447692188829 819.0
953.5901731426196 803.0
953.8355681143876 804.0
954.080954133703 803.0
954.326331200083 810.0
954.5716993130445 807.0
954.8170584721041 803.0
955.0624086767792 797.0
955.3077499265863 819.0
955.5530822210421 809.0
955.798405559664 819.0
956.0437199419682 801.0
956.2890253674723 809.0
956.5343218356925 805.0
956.7796093461461 794.0
957.02488789835 798.0
957.2701574918206 809.0
957.5154181260752 819.0
957.7606698006304 817.0
958.0059125150034 808.0
958.2511462687107 818.0
958.4963710612694 811.0
958.7415868921963 805.0
958.9867937610082 824.0
959.2319916672224 813.0
959.4771806103552 803.0
959.7223605899235 816.0
959.9675316054446 814.0
960.2126936564348 818.0
960.4578467424116 826.0
960.7029908628915 810.0
960.9481260173911 827.0
961.193252205428 811.0
961.4383694265184 801.0
961.6834776801796 826.0
961.9285769659282 825.0
962.1736672832812 811.0
962.4187486317555 812.0
962.6638210108677 825.0
962.908884420135 813.0
963.153938859074 809.0
963.3989843272019 804.0
963.6440208240352 821.0
963.889048349091 830.0
964.1340669018862 826.0
964.3790764819373 810.0
964.6240770887617 828.0
964.8690687218761 834.0
965.114051380797 874.0
965.3590250650417 1019.0
965.6039897741268 1436.0
965.8489455075695 1237.0
966.0938922648864 992.0
966.3388300455941 985.0
966.5837588492103 1012.0
966.8286786752509 984.0
967.0735895232334 944.0
967.3184913926743 901.0
967.5633842830911 866.0
967.808268194 821.0
968.0531431249179 822.0
968.2980090753622 823.0
968.5428660448491 834.0
968.7877140328961 819.0
969.0325530390197 816.0
969.2773830627367 819.0
969.5222041035643 826.0
969.7670161610189 810.0
970.0118192346179 809.0
970.2566133238779 818.0
970.5013984283155 801.0
970.746174547448 809.0
970.990941680792 818.0
971.2356998278649 816.0
971.480448988183 814.0
971.725189161263 817.0
971.9699203466223 789.0
972.2146425437775 808.0
972.4593557522456 811.0
972.7040599715434 811.0
972.9487552011876 818.0
973.1934414406954 831.0
973.4381186895833 830.0
973.6827869473685 817.0
973.9274462135677 818.0
974.1720964876979 806.0
974.4167377692759 795.0
974.6613700578182 792.0
974.9059933528424 817.0
975.1506076538647 814.0
975.3952129604023 815.0
975.6398092719721 818.0
975.8843965880908 804.0
976.1289749082755 825.0
976.3735442320426 808.0
976.6181045589096 799.0
976.862655888393 823.0
977.1071982200094 802.0
977.3517315532764 812.0
977.5962558877101 820.0
977.840771222828 815.0
978.0852775581467 862.0
978.3297748931827 891.0
978.5742632274536 860.0
978.8187425604756 829.0
979.063212891766 830.0
979.3076742208415 805.0
979.5521265472191 822.0
979.7965698704156 823.0
980.0410041899477 829.0
980.2854295053326 813.0
980.5298458160865 814.0
980.7742531217272 800.0
981.0186514217711 802.0
981.2630407157347 802.0
981.5074210031356 819.0
981.7517922834901 813.0
981.9961545563154 814.0
982.2405078211283 811.0
982.4848520774455 803.0
982.729187324784 812.0
982.9735135626606 796.0
983.2178307905924 818.0
983.4621390080961 802.0
983.7064382146882 805.0
983.9507284098863 800.0
984.1950095932067 796.0
984.4392817641666 806.0
984.6835449222825 800.0
984.9277990670716 822.0
985.1720441980509 806.0
985.4162803147366 811.0
985.6605074166464 802.0
985.9047255032964 802.0
986.1489345742042 806.0
986.3931346288863 805.0
986.6373256668593 804.0
986.8815076876406 809.0
987.1256806907464 810.0
987.3698446756944 803.0
987.613999642001 808.0
987.8581455891829 816.0
988.1022825167574 802.0
988.3464104242408 812.0
988.5905293111508 808.0
988.8346391770036 823.0
989.0787400213161 812.0
989.3228318436055 808.0
989.5669146433884 801.0
989.8109884201817 817.0
990.0550531735024 811.0
990.2991089028674 808.0
990.5431556077934 809.0
990.7871932877973 804.0
991.031221942396 802.0
991.2752415711062 820.0
991.5192521734452 813.0
991.7632537489297 810.0
992.0072462970761 798.0
992.251229817402 805.0
992.4952043094236 807.0
992.7391697726582 805.0
992.9831262066227 800.0
993.2270736108336 794.0
993.4710119848082 816.0
993.7149413280629 808.0
993.958861640115 796.0
994.2027729204812 811.0
994.4466751686781 810.0
994.6905683842231 805.0
994.9344525666326 799.0
995.1783277154237 805.0
995.4221938301132 793.0
995.6660509102181 817.0
995.9098989552552 816.0
996.1537379647411 805.0
996.3975679381932 819.0
996.6413888751279 795.0
996.8852007750622 798.0
997.1290036375133 806.0
997.3727974619973 804.0
997.6165822480319 798.0
997.8603579951333 811.0
998.104124702819 801.0
998.3478823706055 797.0
998.5916309980095 806.0
998.8353705845483 813.0
999.0791011297383 794.0
999.3228226330968 802.0
999.5665350941406 799.0
999.8102385123861 804.0
1000.0539328873509 796.0
1000.2976182185512 795.0
1000.5412945055043 806.0
1000.7849617477269 793.0
1001.0286199447357 804.0
1001.2722690960481 811.0
1001.5159092011804 810.0
1001.75954025965 808.0
1002.003162270973 801.0
1002.246775234667 805.0
1002.4903791502487 804.0
1002.7339740172346 805.0
1002.9775598351421 805.0
1003.2211366034876 801.0
1003.4647043217884 806.0
1003.7082629895611 803.0
1003.9518126063224 792.0
1004.1953531715895 805.0
1004.4388846848791 810.0
1004.6824071457083 801.0
1004.9259205535938 795.0
1005.1694249080521 813.0
1005.4129202086007 803.0
1005.6564064547559 817.0
1005.8998836460353 807.0
1006.1433517819551 811.0
1006.3868108620323 808.0
1006.6302608857841 805.0
1006.8737018527269 802.0
1007.1171337623779 797.0
1007.3605566142537 811.0
1007.6039704078715 805.0
1007.8473751427481 801.0
1008.0907708184001 795.0
1008.3341574343445 804.0
1008.5775349900982 813.0
1008.8209034851784 818.0
1009.0642629191013 809.0
1009.3076132913841 796.0
1009.5509546015439 807.0
1009.7942868490973 817.0
1010.0376100335611 798.0
1010.2809241544525 804.0
1010.5242292112879 811.0
1010.7675252035845 818.0
1011.010812130859 805.0
1011.2540899926286 809.0
1011.4973587884098 811.0
1011.7406185177194 804.0
1011.9838691800747 810.0
1012.2271107749921 832.0
1012.470343301989 792.0
1012.7135667605817 790.0
1012.9567811502875 818.0
1013.1999864706231 796.0
1013.4431827211052 793.0
1013.686369901251 810.0
1013.929548010577 812.0
1014.1727170486006 801.0
1014.4158770148383 811.0
1014.6590279088067 801.0
1014.9021697300233 792.0
1015.1453024780044 804.0
1015.3884261522674 824.0
1015.6315407523286 817.0
1015.8746462777051 818.0
1016.1177427279141 805.0
1016.3608301024719 805.0
1016.603908400896 809.0
1016.8469776227028 796.0
1017.0900377674091 817.0
1017.3330888345322 794.0
1017.5761308235883 817.0
1017.8191637340951 801.0
1018.0621875655689 808.0
1018.3052023175269 808.0
1018.5482079894858 808.0
1018.7912045809622 802.0
1019.0341920914735 814.0
1019.2771705205361 810.0
1019.5201398676672 808.0
1019.7631001323837 806.0
1020.006051314202 809.0
1020.2489934126395 811.0
1020.4919264272125 801.0
1020.7348503574386 810.0
1020.9777652028342 802.0
1021.2206709629161 818.0
1021.4635676372014 813.0
1021.7064552252067 817.0
1021.9493337264495 803.0
1022.1922031404459 806.0
1022.4350634667132 813.0
1022.6779147047681 820.0
1022.9207568541273 822.0
1023.1635899143083 810.0
1023.4064138848273 806.0
1023.6492287652015 822.0
1023.8920345549478 804.0
1024.134831253583 809.0
1024.377618860624 810.0
1024.6203973755871 803.0
1024.8631667979898 795.0
1025.1059271273493 816.0
1025.3486783631818 812.0
1025.5914205050044 798.0
1025.8341535523336 812.0
1026.076877504687 789.0
1026.3195923615808 806.0
1026.5622981225324 800.0
1026.8049947870584 798.0
1027.0476823546753 809.0
1027.2903608249007 801.0
1027.5330301972513 804.0
1027.7756904712435 801.0
1028.0183416463947 813.0
1028.260983722221 801.0
1028.5036166982402 811.0
1028.7462405739689 821.0
1028.9888553489234 793.0
1029.2314610226213 800.0
1029.474057594579 805.0
1029.7166450643138 804.0
1029.9592234313418 799.0
1030.2017926951808 803.0
1030.4443528553472 792.0
1030.6869039113576 806.0
1030.9294458627296 809.0
1031.1719787089794 799.0
1031.414502449624 811.0
1031.6570170841808 790.0
1031.8995226121658 811.0
1032.1420190330966 813.0
1032.3845063464896 794.0
1032.6269845518618 803.0
1032.8694536487305 810.0
1033.111913636612 805.0
1033.3543645150232 802.0
1033.596806283481 788.0
1033.8392389415026 800.0
1034.081662488605 808.0
1034.324076924304 803.0
1034.566482248118 805.0
1034.8088784595625 820.0
1035.0512655581551 818.0
1035.2936435434124 805.0
1035.5360124148515 804.0
1035.778372171989 801.0
1036.020722814342 804.0
1036.2630643414275 804.0
1036.5053967527615 807.0
1036.7477200478622 800.0
1036.9900342262456 801.0
1037.2323392874284 797.0
1037.4746352309282 794.0
1037.7169220562612 794.0
1037.9591997629448 793.0
1038.2014683504956 797.0
1038.4437278184303 804.0
1038.685978166266 820.0
1038.9282193935196 814.0
1039.170451499708 812.0
1039.4126744843477 812.0
1039.6548883469559 804.0
1039.8970930870496 822.0
1040.1392887041452 794.0
1040.3814751977598 816.0
1040.6236525674105 807.0
1040.8658208126137 813.0
1041.107979932887 815.0
1041.3501299277466 804.0
1041.5922707967095 793.0
1041.8344025392926 811.0
1042.0765251550129 809.0
1042.3186386433872 802.0
1042.5607430039322 801.0
1042.802838236165 811.0
1043.0449243396022 821.0
1043.2870013137613 807.0
1043.5290691581586 806.0
1043.7711278723107 799.0
1044.013177455735 794.0
1044.2552179079482 808.0
1044.4972492284676 798.0
1044.7392714168093 798.0
1044.9812844724902 782.0
1045.223288395028 814.0
1045.4652831839387 809.0
1045.70726883874 815.0
1045.949245358948 812.0
1046.1912127440798 804.0
1046.4331709936528 795.0
1046.675120107183 804.0
1046.9170600841878 833.0
1047.1589909241836 830.0
1047.400912626688 820.0
1047.6428251912175 801.0
1047.8847286172886 816.0
1048.1266229044188 814.0
1048.3685080521243 820.0
1048.6103840599228 808.0
1048.8522509273307 820.0
1049.0941086538646 801.0
1049.3359572390418 803.0
1049.577796682379 808.0
1049.819626983393 792.0
1050.061448141601 800.0
1050.3032601565194 813.0
1050.5450630276655 809.0
1050.7868567545556 812.0
1051.0286413367073 812.0
1051.270416773637 800.0
1051.5121830648616 811.0
1051.7539402098982 793.0
1051.9956882082631 791.0
1052.237427059474 807.0
1052.479156763047 811.0
1052.7208773184996 809.0
1052.9625887253483 804.0
1053.2042909831098 813.0
1053.4459840913016 804.0
1053.6876680494397 804.0
1053.929342857042 808.0
1054.1710085136244 810.0
1054.4126650187043 809.0
1054.6543123717986 807.0
1054.8959505724238 814.0
1055.1375796200969 808.0
1055.3791995143351 805.0
1055.620810254655 802.0
1055.8624118405735 813.0
1056.1040042716074 801.0
1056.3455875472737 806.0
1056.5871616670893 812.0
1056.8287266305706 805.0
1057.070282437235 811.0
1057.3118290865991 808.0
1057.5533665781802 812.0
1057.7948949114943 808.0
1058.0364140860593 808.0
1058.2779241013916 788.0
1058.5194249570077 808.0
1058.760916652425 808.0
1059.0023991871599 808.0
1059.24387256073 799.0
1059.4853367726514 803.0
1059.7267918224413 800.0
1059.968237709617 811.0
1060.2096744336943 793.0
1060.451101994191 793.0
1060.6925203906237 818.0
1060.933929622509 803.0
1061.1753296893642 813.0
1061.4167205907056 808.0
1061.6581023260508 808.0
1061.8994748949162 809.0
1062.1408382968189 804.0
1062.3821925312755 798.0
1062.6235375978026 782.0
1062.8648734959181 794.0
1063.1062002251376 806.0
1063.3475177849793 805.0
1063.588826174959 815.0
1063.830125394594 795.0
1064.0714154434013 806.0
1064.312696320897 805.0
1064.553968026599 811.0
1064.7952305600238 808.0
1065.036483920688 796.0
1065.2777281081087 806.0
1065.5189631218025 805.0
1065.7601889612868 809.0
1066.001405626078 805.0
1066.2426131156928 818.0
1066.4838114296492 797.0
1066.7250005674625 826.0
1066.9661805286507 805.0
1067.2073513127305 807.0
1067.4485129192178 820.0
1067.689665347631 802.0
1067.9308085974856 808.0
1068.1719426682996 796.0
1068.413067559589 810.0
1068.654183270871 801.0
1068.8952898016628 805.0
1069.1363871514804 797.0
1069.3774753198418 809.0
1069.618554306263 812.0
1069.8596241102612 801.0
1070.100684731353 798.0
1070.3417361690556 804.0
1070.582778422886 782.0
1070.8238114923604 793.0
1071.0648353769964 805.0
1071.3058500763104 806.0
1071.5468555898192 806.0
1071.7878519170404 808.0
1072.02883905749 789.0
1072.2698170106853 802.0
1072.5107857761434 782.0
1072.75174535338 797.0
1072.9926957419138 813.0
1073.23363694126 808.0
1073.4745689509368 797.0
1073.7154917704597 792.0
1073.9564053993467 809.0
1074.1973098371145 806.0
1074.4382050832794 797.0
1074.6790911373587 797.0
1074.9199679988692 807.0
1075.1608356673278 809.0
1075.4016941422512 816.0
1075.6425434231562 813.0
1075.8833835095604 799.0
1076.1242144009796 800.0
1076.3650360969316 799.0
1076.6058485969324 805.0
1076.8466519004996 813.0
1077.0874460071498 796.0
1077.3282309163997 792.0
1077.5690066277664 797.0
1077.8097731407665 813.0
1078.0505304549172 803.0
1078.2912785697354 808.0
1078.5320174847377 796.0
1078.772747199441 796.0
1079.0134677133622 812.0
1079.2541790260184 806.0
1079.4948811369263 802.0
1079.7355740456023 818.0
1079.9762577515642 798.0
1080.2169322543277 815.0
1080.4575975534112 813.0
1080.6982536483301 806.0
1080.9389005386022 820.0
1081.179538223744 813.0
1081.4201667032721 802.0
1081.6607859767041 816.0
1081.9013960435564 806.0
1082.1419969033457 810.0
1082.382588555589 801.0
1082.6231709998035 811.0
1082.863744235506 812.0
1083.104308262213 811.0
1083.3448630794412 809.0
1083.5854086867082 812.0
1083.8259450835303 798.0
1084.0664722694248 798.0
1084.306990243908 814.0
1084.5474990064974 821.0
1084.7879985567097 803.0
1085.0284888940612 797.0
1085.2689700180695 804.0
1085.509441928251 802.0
1085.749904624123 796.0
1085.990358105202 804.0
1086.2308023710048 796.0
1086.4712374210485 808.0
1086.71166325485 805.0
1086.9520798719261 801.0
1087.1924872717937 808.0
1087.4328854539694 795.0
1087.6732744179706 794.0
1087.9136541633134 792.0
1088.1540246895156 806.0
1088.3943859960934 813.0
1088.6347380825637 802.0
1088.8750809484436 795.0
1089.1154145932499 805.0
1089.3557390164995 801.0
1089.5960542177095 808.0
1089.836360196396 800.0
1090.0766569520767 818.0
1090.3169444842679 790.0
1090.557222792487 805.0
1090.7974918762502 802.0
1091.037751735075 805.0
1091.2780023684782 809.0
1091.518243775976 828.0
1091.7584759570861 812.0
1091.9986989113247 817.0
1092.2389126382093 809.0
1092.4791171372563 794.0
1092.7193124079827 792.0
1092.9594984499054 821.0
1093.1996752625412 809.0
1093.4398428454072 806.0
1093.68000119802 809.0
1093.9201503198965 822.0
1094.1602902105537 805.0
1094.4004208695083 822.0
1094.6405422962773 808.0
1094.8806544903778 798.0
1095.120757451326 808.0
1095.3608511786392 800.0
1095.6009356718341 813.0
1095.8410109304282 799.0
1096.0810769539376 800.0
1096.3211337418795 808.0
1096.5611812937707 811.0
1096.8012196091279 814.0
1097.0412486874682 801.0
1097.2812685283084 815.0
1097.5212791311658 802.0
1097.7612804955563 794.0
1098.0012726209975 790.0
1098.2412555070064 800.0
1098.4812291530989 786.0
1098.721193558793 795.0
1098.961148723605 794.0
1099.2010946470518 806.0
1099.4410313286503 806.0
1099.6809587679172 793.0
1099.92087696437 807.0
1100.1607859175251 805.0
1100.400685626899 786.0
1100.640576092009 797.0
1100.880457312372 800.0
1101.1203292875052 804.0
1101.3601920169247 794.0
1101.6000455001479 797.0
1101.8398897366915 804.0
1102.079724726072 812.0
1102.3195504678072 806.0
1102.559366961413 795.0
1102.7991742064069 802.0
1103.0389722023056 820.0
1103.2787609486254 788.0
1103.5185404448844 807.0
1103.7583106905984 791.0
1103.9980716852845 808.0
1104.23782342846 807.0
1104.4775659196412 817.0
1104.7172991583454 808.0
1104.9570231440887 801.0
1105.1967378763893 801.0
1105.436443354763 801.0
1105.6761395787273 806.0
1105.9158265477986 799.0
1106.1555042614937 790.0
1106.3951727193298 817.0
1106.6348319208234 800.0
1106.8744818654923 797.0
1107.1141225528525 808.0
1107.3537539824208 801.0
1107.5933761537144 814.0
1107.8329890662503 795.0
1108.072592719545 824.0
1108.3121871131157 799.0
1108.551772246479 805.0
1108.7913481191517 803.0
1109.030914730651 795.0
1109.2704720804938 802.0
1109.5100201681967 794.0
1109.7495589932764 786.0
1109.9890885552504 785.0
1110.2286088536348 814.0
1110.4681198879473 805.0
1110.707621657704 805.0
1110.9471141624224 800.0
1111.1865974016187 801.0
1111.4260713748101 801.0
1111.665536081514 804.0
1111.9049915212463 804.0
1112.1444376935244 794.0
1112.3838745978653 794.0
1112.6233022337854 794.0
1112.8627206008023 801.0
1113.102129698432 808.0
1113.3415295261918 808.0
1113.5809200835986 818.0
1113.820301370169 799.0
1114.0596733854206 804.0
1114.2990361288694 797.0
1114.5383896000326 794.0
1114.7777337984273 815.0
1115.0170687235698 820.0
1115.2563943749778 803.0
1115.4957107521673 808.0
1115.7350178546556 806.0
1115.9743156819598 806.0
1116.213604233596 804.0
1116.452883509082 796.0
1116.692153507934 805.0
1116.9314142296694 814.0
1117.1706656738045 801.0
1117.4099078398563 799.0
1117.6491407273422 793.0
1117.8883643357783 814.0
1118.1275786646822 804.0
1118.36678371357 798.0
1118.6059794819594 807.0
1118.8451659693665 821.0
1119.0843431753085 804.0
1119.3235110993026 800.0
1119.5626697408647 797.0
1119.8018190995128 811.0
1120.0409591747637 797.0
1120.2800899661331 801.0
1120.519211473139 806.0
1120.7583236952978 805.0
1120.9974266321262 796.0
1121.236520283142 804.0
1121.4756046478608 795.0
1121.7146797258001 804.0
1121.9537455164768 817.0
1122.192802019408 797.0
1122.4318492341101 807.0
1122.6708871601 817.0
1122.909915796895 795.0
1123.1489351440111 807.0
1123.3879452009662 806.0
1123.6269459672762 811.0
1123.865937442459 795.0
1124.1049196260308 806.0
1124.3438925175087 798.0
