gas=Ar_shot=23_power=224.8WHR4000 spectrum
Wavelength [nm] // Intensity [u.a.] 
194.93414 797.0
195.2037815346219 759.0
195.47341553816543 790.0
195.74304201014752 773.0
196.012660950085 794.0
196.28227235749478 806.0
196.55187623189366 819.0
196.82147257279857 816.0
197.09106137972637 804.0
197.36064265219392 817.0
197.63021638971804 806.0
197.89978259181567 813.0
198.16934125800364 802.0
198.43889238779886 795.0
198.7084359807181 809.0
198.97797203627835 817.0
199.2475005539964 805.0
199.51702153338914 819.0
199.78653497397343 808.0
200.05604087526618 823.0
200.3255392367842 815.0
200.59503005804436 813.0
200.8645133385636 803.0
201.1339890778587 799.0
201.4034572754466 813.0
201.67291793084408 816.0
201.94237104356813 821.0
202.21181661313554 814.0
202.48125463906314 809.0
202.7506851208679 805.0
203.02010805806663 806.0
203.28952345017618 806.0
203.55893129671344 812.0
203.8283315971953 808.0
204.0977243511386 819.0
204.3671095580602 808.0
204.636487217477 826.0
204.90585732890585 810.0
205.17521989186366 799.0
205.44457490586717 798.0
205.7139223704334 815.0
205.98326228507918 808.0
206.2525946493213 807.0
206.5219194626767 804.0
206.79123672466224 820.0
207.06054643479476 813.0
207.32984859259116 810.0
207.59914319756828 814.0
207.86843024924303 823.0
208.13770974713225 825.0
208.40698169075276 814.0
208.6762460796215 809.0
208.94550291325532 809.0
209.2147521911711 817.0
209.48399391288567 817.0
209.75322807791594 798.0
210.02245468577874 811.0
210.29167373599094 804.0
210.56088522806942 810.0
210.83008916153108 810.0
211.09928553589276 818.0
211.3684743506713 814.0
211.63765560538363 821.0
211.9068292995466 798.0
212.175995432677 797.0
212.44515400429182 812.0
212.71430501390782 823.0
212.98344846104192 811.0
213.25258434521103 823.0
213.52171266593191 817.0
213.79083342272153 799.0
214.05994661509675 824.0
214.3290522425744 821.0
214.5981503046713 816.0
214.8672408009044 817.0
215.13632373079054 804.0
215.4053990938466 808.0
215.6744668895894 817.0
215.94352711753592 814.0
216.21257977720293 814.0
216.48162486810728 815.0
216.7506623897659 807.0
217.01969234169565 808.0
217.2887147234134 806.0
217.55772953443596 827.0
217.82673677428028 820.0
218.0957364424632 807.0
218.36472853850154 818.0
218.6337130619122 811.0
218.9026900122121 802.0
219.17165938891804 821.0
219.4406211915469 817.0
219.70957541961562 815.0
219.97852207264097 825.0
220.24746115013983 811.0
220.5163926516291 809.0
220.78531657662566 814.0
221.05423292464639 821.0
221.32314169520808 806.0
221.59204288782766 810.0
221.860936502022 827.0
222.12982253730797 817.0
222.39870099320237 823.0
222.66757186922214 821.0
222.93643516488416 822.0
223.20529087970525 816.0
223.47413901320226 826.0
223.74297956489212 809.0
224.01181253429166 812.0
224.28063792091777 819.0
224.5494557242873 804.0
224.8182659439171 815.0
225.08706857932413 815.0
225.35586363002508 811.0
225.62465109553705 826.0
225.89343097537673 832.0
226.16220326906105 803.0
226.43096797610687 804.0
226.69972509603105 835.0
226.9684746283505 809.0
227.237216572582 817.0
227.50595092824256 813.0
227.7746776948489 804.0
228.04339687191796 802.0
228.31210845896663 809.0
228.5808124555117 820.0
228.84950886107015 813.0
229.11819767515877 801.0
229.38687889729442 801.0
229.65555252699397 798.0
229.92421856377433 800.0
230.1928770071524 816.0
230.46152785664492 813.0
230.73017111176884 828.0
230.99880677204106 821.0
231.26743483697837 805.0
231.53605530609772 796.0
231.8046681789159 821.0
232.07327345494983 818.0
232.34187113371638 813.0
232.61046121473237 811.0
232.87904369751473 809.0
233.14761858158028 809.0
233.41618586644586 820.0
233.68474555162845 834.0
233.95329763664483 808.0
234.2218421210119 811.0
234.49037900424648 816.0
234.7589082858655 808.0
235.02742996538583 816.0
235.29594404232427 813.0
235.56445051619772 828.0
235.8329493865231 815.0
236.10144065281722 827.0
236.36992431459691 821.0
236.63840037137916 818.0
236.9068688226808 812.0
237.1753296680186 800.0
237.44378290690955 822.0
237.7122285388704 820.0
237.9806665634181 802.0
238.24909698006957 806.0
238.51751978834153 805.0
238.78593498775095 810.0
239.0543425778147 807.0
239.32274255804958 819.0
239.59113492797255 827.0
239.8595196871004 809.0
240.12789683495004 807.0
240.3962663710383 813.0
240.66462829488208 818.0
240.93298260599826 809.0
241.2013293039037 817.0
241.46966838811522 801.0
241.73799985814978 817.0
242.00632371352418 813.0
242.27463995375527 809.0
242.54294857835998 806.0
242.81124958685515 828.0
243.07954297875764 818.0
243.34782875358434 795.0
243.61610691085207 801.0
243.88437745007772 819.0
244.15264037077822 820.0
244.42089567247035 823.0
244.68914335467105 817.0
244.95738341689716 828.0
245.2256158586655 807.0
245.493840679493 831.0
245.76205787889654 804.0
246.03026745639292 809.0
246.29846941149904 794.0
246.5666637437318 817.0
246.834850452608 806.0
247.1030295376446 809.0
247.37120099835838 817.0
247.63936483426627 812.0
247.9075210448851 819.0
248.17566962973177 798.0
248.4438105883231 808.0
248.71194392017603 818.0
248.98006962480733 803.0
249.248187701734 810.0
249.51629815047275 812.0
249.78440097054056 810.0
250.05249616145431 811.0
250.32058372273076 806.0
250.5886636538869 809.0
250.85673595443953 816.0
251.12480062390551 802.0
251.39285766180177 815.0
251.6609070676451 806.0
251.92894884095242 814.0
252.19698298124058 812.0
252.46500948802645 813.0
252.73302836082692 796.0
253.00103959915882 793.0
253.26904320253902 810.0
253.53703917048443 795.0
253.80502750251188 811.0
254.07300819813827 813.0
254.34098125688044 811.0
254.60894667825525 810.0
254.87690446177962 803.0
255.14485460697037 826.0
255.41279711334434 824.0
255.6807319804185 817.0
255.94865920770962 808.0
256.2165787947346 816.0
256.48449074101035 804.0
256.75239504605366 806.0
257.02029170938147 806.0
257.28818073051065 812.0
257.556062108958 808.0
257.8239358442404 815.0
258.0918019358748 811.0
258.35966038337796 811.0
258.6275111862668 812.0
258.8953543440582 832.0
259.163189856269 805.0
259.4310177224162 825.0
259.6988379420164 789.0
259.9666505145867 812.0
260.23445543964385 807.0
260.50225271670473 815.0
260.77004234528624 814.0
261.03782432490533 820.0
261.3055986550787 808.0
261.5733653353234 812.0
261.8411243651561 804.0
262.1088757440937 825.0
262.37661947165327 824.0
262.6443555473515 797.0
262.9120839707053 807.0
263.1798047412315 808.0
263.44751785844704 808.0
263.7152233218687 800.0
263.98292113101354 819.0
264.2506112853982 821.0
264.51829378453965 817.0
264.7859686279547 807.0
265.05363581516025 799.0
265.32129534567326 808.0
265.5889472190105 811.0
265.8565914346889 790.0
266.1242279922252 821.0
266.39185689113634 819.0
266.65947813093925 823.0
266.9270917111508 836.0
267.19469763128774 817.0
267.46229589086704 808.0
267.72988648940554 818.0
267.9974694264201 810.0
268.2650447014276 816.0
268.53261231394487 816.0
268.80017226348883 806.0
269.0677245495763 822.0
269.3352691717242 817.0
269.60280612944933 822.0
269.8703354222686 813.0
270.13785704969894 821.0
270.40537101125716 811.0
270.67287730646007 804.0
270.9403759348246 818.0
271.2078668958677 822.0
271.47535018910605 807.0
271.7428258140567 812.0
272.01029377023633 808.0
272.2777540571619 810.0
272.5452066743504 818.0
272.81265162131854 823.0
273.08008889758327 804.0
273.34751850266144 804.0
273.6149404360698 802.0
273.8823546973254 805.0
274.1497612859451 805.0
274.4171602014456 806.0
274.6845514433439 815.0
274.95193501115676 805.0
275.2193109044012 809.0
275.486679122594 822.0
275.7540396652521 816.0
276.02139253189216 812.0
276.2887377220313 817.0
276.55607523518626 801.0
276.82340507087395 808.0
277.09072722861123 814.0
277.3580417079149 825.0
277.62534850830195 802.0
277.8926476292892 806.0
278.1599390703934 807.0
278.4272228311316 814.0
278.69449891102056 818.0
278.96176730957717 813.0
279.22902802631836 803.0
279.4962810607609 820.0
279.76352641242164 826.0
280.0307640808177 800.0
280.29799406546556 813.0
280.5652163658824 806.0
280.8324309815849 817.0
281.09963791209003 825.0
281.3668371569146 821.0
281.6340287155756 820.0
281.9012125875897 806.0
282.168388772474 823.0
282.4355572697452 811.0
282.7027180789201 808.0
282.9698711995158 809.0
283.23701663104896 807.0
283.50415437303667 819.0
283.77128442499554 808.0
284.0384067864426 817.0
284.3055214568946 806.0
284.57262843586864 810.0
284.8397277228814 814.0
285.1068193174497 816.0
285.37390321909055 804.0
285.6409794273207 820.0
285.9080479416572 801.0
286.1751087616167 808.0
286.4421618867162 808.0
286.7092073164725 796.0
286.9762450504025 796.0
287.24327508802315 819.0
287.5102974288511 812.0
287.77731207240345 804.0
288.04431901819703 818.0
288.3113182657485 812.0
288.578309814575 796.0
288.84529366419326 807.0
289.1122698141201 803.0
289.37923826387254 806.0
289.6461990129674 818.0
289.91315206092133 824.0
290.18009740725154 809.0
290.44703505147464 824.0
290.7139649931077 814.0
290.98088723166734 801.0
291.24780176667065 808.0
291.5147085976344 805.0
291.78160772407557 810.0
292.04849914551085 812.0
292.3153828614572 808.0
292.58225887143146 801.0
292.8491271749505 811.0
293.1159877715313 794.0
293.3828406606906 806.0
293.6496858419453 809.0
293.9165233148123 810.0
294.1833530788084 802.0
294.4501751334505 804.0
294.71698947825547 807.0
294.9837961127402 824.0
295.2505950364216 823.0
295.5173862488164 806.0
295.78416974944156 800.0
296.050945537814 806.0
296.31771361345045 815.0
296.584473975868 820.0
296.8512266245832 823.0
297.11797155911313 828.0
297.38470877897464 796.0
297.6514382836846 817.0
297.9181600727598 809.0
298.18487414571723 806.0
298.4515805020736 812.0
298.71827914134593 805.0
298.9849700630511 817.0
299.2516532667058 821.0
299.518328751827 805.0
299.78499651793163 818.0
300.0516565645365 807.0
300.3183088911584 825.0
300.58495349731436 804.0
300.8515903825211 815.0
301.1182195462956 804.0
301.3848409881546 818.0
301.65145470761513 814.0
301.91806070419403 811.0
302.184658977408 812.0
302.4512495267741 811.0
302.7178323518091 813.0
302.9844074520298 793.0
303.2509748269532 827.0
303.5175344760962 806.0
303.78408639897555 813.0
304.0506305951082 805.0
304.31716706401096 823.0
304.58369580520065 812.0
304.8502168181943 823.0
305.1167301025086 802.0
305.3832356576606 815.0
305.649733483167 804.0
305.9162235785447 807.0
306.1827059433106 814.0
306.4491805769817 820.0
306.7156474790747 810.0
306.98210664910647 810.0
307.2485580865939 828.0
307.5150017910539 810.0
307.7814377620034 806.0
308.0478659989591 808.0
308.31428650143795 814.0
308.58069926895683 822.0
308.8471043010326 812.0
309.1135015971821 815.0
309.37989115692227 816.0
309.6462729797699 806.0
309.91264706524197 820.0
310.1790134128551 806.0
310.4453720221265 820.0
310.71172289257277 800.0
310.97806602371094 808.0
311.2444014150577 810.0
311.5107290661301 803.0
311.777048976445 804.0
312.04336114551904 806.0
312.30966557286945 808.0
312.5759622580128 824.0
312.8422512004661 803.0
313.1085323997461 828.0
313.3748058553698 817.0
313.641071566854 809.0
313.90732953371554 804.0
314.17357975547145 805.0
314.4398222316384 811.0
314.70605696173334 809.0
314.9722839452731 814.0
315.23850318177466 830.0
315.50471467075477 814.0
315.7709184117303 794.0
316.0371144042182 811.0
316.3033026477353 817.0
316.56948314179846 815.0
316.8356558859246 801.0
317.1018208796305 814.0
317.36797812243304 818.0
317.6341276138491 833.0
317.90026935339563 808.0
318.1664033405894 817.0
318.4325295749473 823.0
318.6986480559862 814.0
318.96475878322303 807.0
319.2308617561746 797.0
319.4969569743577 830.0
319.76304443728935 823.0
320.0291241444864 798.0
320.2951960954656 799.0
320.5612602897438 811.0
320.82731672683815 802.0
321.0933654062652 825.0
321.359406327542 822.0
321.6254394901853 811.0
321.891464893712 821.0
322.157482537639 815.0
322.4234924214832 819.0
322.68949454476143 810.0
322.95548890699064 814.0
323.2214755076875 816.0
323.487454346369 812.0
323.753425422552 807.0
324.01938873575347 816.0
324.2853442854901 805.0
324.55129207127885 820.0
324.8172320926366 805.0
325.08316434908016 800.0
325.34908884012646 796.0
325.61500556529234 795.0
325.8809145240947 797.0
326.14681571605024 819.0
326.4127091406761 820.0
326.6785947974889 813.0
326.9444726860058 826.0
327.2103428057433 794.0
327.47620515621855 802.0
327.74205973694836 807.0
328.00790654744947 800.0
328.2737455872389 827.0
328.5395768558335 805.0
328.80540035275004 800.0
329.0712160775054 823.0
329.33702402961654 829.0
329.6028242086002 826.0
329.86861661397353 814.0
330.13440124525306 809.0
330.4001781019559 806.0
330.66594718359863 817.0
330.9317084896984 824.0
331.19746201977205 792.0
331.46320777333636 809.0
331.7289457499082 808.0
331.9946759490044 813.0
332.2603983701419 818.0
332.5261130128375 806.0
332.79181987660826 812.0
333.05751896097087 798.0
333.3232102654422 809.0
333.58889378953916 820.0
333.85456953277856 809.0
334.1202374946774 810.0
334.38589767475247 813.0
334.6515500725206 815.0
334.9171946874987 806.0
335.18283151920355 798.0
335.4484605671522 823.0
335.7140818308614 823.0
335.97969530984807 802.0
336.245301003629 825.0
336.51089891172114 825.0
336.77648903364127 806.0
337.04207136890636 799.0
337.30764591703326 813.0
337.5732126775387 823.0
337.83877164993976 808.0
338.10432283375314 809.0
338.36986622849577 820.0
338.63540183368457 809.0
338.9009296488363 813.0
339.16644967346787 790.0
339.4319619070962 805.0
339.6974663492381 803.0
339.9629629994105 810.0
340.22845185713027 814.0
340.4939329219141 814.0
340.75940619327906 816.0
341.02487167074196 824.0
341.2903293538197 809.0
341.555779242029 812.0
341.821221334887 832.0
342.0866556319103 803.0
342.3520821326158 810.0
342.6175008365205 813.0
342.8829117431413 818.0
343.1483148519949 821.0
343.41371016259825 825.0
343.6790976744682 801.0
343.9444773871216 798.0
344.20984930007546 790.0
344.4752134128465 822.0
344.74056972495157 808.0
345.0059182359076 809.0
345.27125894523147 800.0
345.53659185244 821.0
345.80191695705014 806.0
346.0672342585787 812.0
346.3325437565426 803.0
346.5978454504585 813.0
346.8631393398436 806.0
347.1284254242145 810.0
347.3937037030882 813.0
347.6589741759816 804.0
347.92423684241146 806.0
348.1894917018946 834.0
348.4547387539481 814.0
348.71997799808867 825.0
348.9852094338332 818.0
349.2504330606986 816.0
349.51564887820166 811.0
349.7808568858593 812.0
350.0460570831885 829.0
350.31124946970584 827.0
350.57643404492853 815.0
350.84161080837316 813.0
351.1067797595568 819.0
351.3719408979961 817.0
351.63709422320824 819.0
351.90223973470984 820.0
352.16737743201776 808.0
352.43250731464894 815.0
352.69762938212034 835.0
352.9627436339487 800.0
353.2278500696509 804.0
353.49294868874387 810.0
353.7580394907444 805.0
354.02312247516943 808.0
354.28819764153576 810.0
354.55326498936034 817.0
354.81832451816 807.0
355.08337622745165 824.0
355.348420116752 828.0
355.613456185578 825.0
355.8784844334467 811.0
356.1435048598747 817.0
356.4085174643791 811.0
356.6735222464765 821.0
356.938519205684 820.0
357.2035083415184 818.0
357.46848965349653 807.0
357.73346314113536 810.0
357.9984288039516 807.0
358.2633866414622 827.0
358.528336653184 821.0
358.793278838634 808.0
359.05821319732894 819.0
359.3231397287857 814.0
359.5880584325211 810.0
359.8529693080521 820.0
360.1178723548955 810.0
360.3827675725683 813.0
360.64765496058726 836.0
360.9125345184692 813.0
361.1774062457311 804.0
361.44227014188965 813.0
361.707126206462 815.0
361.9719744389649 809.0
362.2368148389151 816.0
362.5016474058295 810.0
362.766472139225 808.0
363.0312890386186 805.0
363.296098103527 813.0
363.5608993334672 800.0
363.82569272795587 813.0
364.09047828651006 823.0
364.35525600864656 815.0
364.6200258938823 823.0
364.8847879417341 825.0
365.1495421517188 808.0
365.41428852335326 811.0
365.67902705615444 799.0
365.9437577496392 828.0
366.2084806033243 803.0
366.4731956167267 813.0
366.7379027893632 816.0
367.0026021207507 815.0
367.2672936104061 817.0
367.5319772578463 825.0
367.79665306258806 808.0
368.06132102414836 808.0
368.32598114204393 826.0
368.59063341579173 819.0
368.85527784490864 817.0
369.1199144289115 819.0
369.3845431673172 829.0
369.6491640596426 814.0
369.91377710540445 811.0
370.1783823041198 811.0
370.44297965530546 830.0
370.70756915847835 807.0
370.97215081315517 808.0
371.2367246188529 811.0
371.5012905750884 810.0
371.7658486813786 805.0
372.0303989372402 803.0
372.29494134219027 807.0
372.5594758957455 816.0
372.82400259742286 808.0
373.08852144673915 810.0
373.3530324432114 828.0
373.6175355863563 818.0
373.8820308756908 814.0
374.1465183107317 815.0
374.410997890996 814.0
374.6754696160004 816.0
374.93993348526186 810.0
375.2043894982973 818.0
375.4688376546235 802.0
375.7332779537573 818.0
375.9977103952157 820.0
376.26213497851546 815.0
376.52655170317354 817.0
376.7909605687067 824.0
377.05536157463183 806.0
377.3197547204658 813.0
377.5841400057256 796.0
377.84851742992794 819.0
378.11288699258984 813.0
378.37724869322795 819.0
378.64160253135935 808.0
378.90594850650075 818.0
379.1702866181692 810.0
379.4346168658814 822.0
379.69893924915425 806.0
379.9632537675047 821.0
380.2275604204495 805.0
380.49185920750574 802.0
380.75615012819 812.0
381.0204331820193 803.0
381.2847083685105 809.0
381.5489756871804 794.0
381.8132351375459 804.0
382.07748671912407 826.0
382.34173043143153 820.0
382.6059662739852 817.0
382.8701942463019 813.0
383.1344143478986 826.0
383.3986265782921 813.0
383.6628309369994 807.0
383.92702742353725 820.0
384.1912160374225 811.0
384.45539677817203 810.0
384.7195696453027 815.0
384.98373463833155 822.0
385.2478917567753 814.0
385.5120410001507 809.0
385.7761823679748 806.0
386.0403158597644 816.0
386.30444147503647 818.0
386.5685592133077 789.0
386.8326690740951 814.0
387.09677105691543 806.0
387.36086516128563 826.0
387.6249513867226 821.0
387.88902973274315 806.0
388.15310019886414 790.0
388.41716278460245 811.0
388.68121748947493 805.0
388.9452643129986 801.0
389.2093032546901 826.0
389.47333431406645 807.0
389.73735749064434 810.0
390.0013727839409 815.0
390.2653801934728 825.0
390.52937971875696 808.0
390.7933713593103 813.0
391.05735511464974 810.0
391.3213309842919 818.0
391.5852989677539 807.0
391.8492590645524 810.0
392.1132112742045 816.0
392.37715559622694 811.0
392.6410920301366 810.0
392.9050205754503 806.0
393.1689412316849 821.0
393.43285399835736 822.0
393.69675887498465 833.0
393.96065586108335 828.0
394.2245449561705 828.0
394.4884261597629 835.0
394.75229947137757 842.0
395.01616489053123 863.0
395.28002241674085 831.0
395.5438720495231 822.0
395.80771378839506 811.0
396.0715476328735 809.0
396.33537358247537 824.0
396.5991916367174 814.0
396.86300179511665 807.0
397.12680405718976 806.0
397.39059842245376 824.0
397.65438489042543 826.0
397.91816346062177 805.0
398.18193413255955 807.0
398.4456969057556 818.0
398.7094517797268 805.0
398.97319875399006 804.0
399.2369378280623 818.0
399.50066900146027 811.0
399.764392273701 809.0
400.02810764430114 821.0
400.2918151127777 814.0
400.55551467864757 823.0
400.81920634142756 817.0
401.08289010063453 826.0
401.34656595578537 822.0
401.6102339063969 794.0
401.8738939519861 804.0
402.1375460920697 823.0
402.4011903261647 808.0
402.6648266537879 815.0
402.92845507445617 809.0
403.1920755876863 817.0
403.4556881929953 806.0
403.71929288990003 832.0
403.98288967791734 847.0
404.246478556564 855.0
404.5100595253569 853.0
404.77363258381297 831.0
405.03719773144906 842.0
405.3007549677821 833.0
405.56430429232887 824.0
405.82784570460626 809.0
406.0913792041311 819.0
406.35490479042033 807.0
406.61842246299085 833.0
406.88193222135936 813.0
407.14543406504293 823.0
407.4089279935582 796.0
407.6724140064223 808.0
407.9358921031519 800.0
408.19936228326395 813.0
408.4628245462754 823.0
408.7262788917029 824.0
408.9897253190635 826.0
409.25316382787395 807.0
409.5165944176513 804.0
409.7800170879122 820.0
410.04343183817366 818.0
410.30683866795243 805.0
410.57023757676546 811.0
410.83362856412975 813.0
411.09701162956185 823.0
411.3603867725789 813.0
411.62375399269763 819.0
411.887113289435 815.0
412.1504646623078 820.0
412.4138081108329 811.0
412.6771436345273 805.0
412.94047123290767 810.0
413.20379090549096 809.0
413.46710265179405 838.0
413.7304064713339 820.0
413.9937023636272 820.0
414.25699032819097 818.0
414.52027036454194 839.0
414.78354247219704 826.0
415.0468066506732 858.0
415.31006289948726 914.0
415.5733112181561 976.0
415.83655160619645 1045.0
416.0997840631253 985.0
416.3630085884595 927.0
416.62622518171594 867.0
416.8894338424115 838.0
417.152634570063 828.0
417.4158273641873 832.0
417.67901222430123 849.0
417.9421891499217 878.0
418.2053581405658 886.0
418.46851919575005 882.0
418.7316723149915 908.0
418.99481749780693 970.0
419.2579547437133 1018.0
419.5210840522274 1070.0
419.78420542286625 1160.0
420.04731885514644 1227.0
420.31042434858506 1070.0
420.573521902699 952.0
420.83661151700494 868.0
421.0996931910199 828.0
421.3627669242608 815.0
421.6258327162443 828.0
421.88889056648736 834.0
422.1519404745069 823.0
422.41498243981977 817.0
422.6780164619429 827.0
422.9410425403929 818.0
423.2040606746869 818.0
423.46707086434174 806.0
423.7300731088742 822.0
423.9930674078012 817.0
424.25605376063965 828.0
424.5190321669063 821.0
424.782002626118 822.0
425.0449651377918 859.0
425.30791970144446 890.0
425.57086631659286 912.0
425.83380498275386 979.0
426.0967356994443 1008.0
426.3596584661811 948.0
426.6225732824811 926.0
426.88548014786113 943.0
427.14837906183817 934.0
427.411270023929 917.0
427.6741530336505 852.0
427.9370280905195 824.0
428.199895194053 820.0
428.46275434376776 810.0
428.72560553918066 805.0
428.98844877980855 827.0
429.2512840651683 827.0
429.51411139477693 840.0
429.77693076815115 871.0
430.03974218480784 898.0
430.3025456442639 855.0
430.5653411460361 826.0
430.82812868964146 830.0
431.09090827459687 819.0
431.353679900419 828.0
431.61644356662487 822.0
431.87919927273134 824.0
432.1419470182551 817.0
432.40468680271334 829.0
432.66741862562276 830.0
432.93014248650013 863.0
433.1928583848624 887.0
433.45556632022647 952.0
433.7182662921092 889.0
433.9809583000275 868.0
434.24364234349815 853.0
434.506318422038 849.0
434.768986535164 856.0
435.031646682393 831.0
435.2942988632418 825.0
435.55694307722734 811.0
435.81957932386655 807.0
436.08220760267614 821.0
436.34482791317305 813.0
436.6074402548742 822.0
436.8700446272964 823.0
437.1326410299566 824.0
437.3952294623715 810.0
437.65780992405803 812.0
437.9203824145332 805.0
438.1829469333138 799.0
438.4455034799166 819.0
438.7080520538586 821.0
438.9705926546565 831.0
439.23312528182737 808.0
439.49564993488787 795.0
439.7581666133551 804.0
440.0206753167459 811.0
440.28317604457686 802.0
440.5456687963651 812.0
440.8081535716274 807.0
441.07063036988075 814.0
441.3330991906418 805.0
441.5955600334276 823.0
441.858012897755 825.0
442.12045778314075 812.0
442.3828946891018 814.0
442.6453236151551 807.0
442.9077445608174 806.0
443.17015752560553 817.0
443.4325625090365 807.0
443.69495951062703 811.0
443.95734852989415 821.0
444.21972956635454 824.0
444.4821026195253 813.0
444.74446768892307 815.0
445.00682477406485 814.0
445.2691738744674 820.0
445.5315149896478 807.0
445.79384811912274 817.0
446.05617326240906 809.0
446.31849041902376 814.0
446.58079958848356 817.0
446.8431007703055 804.0
447.10539396400634 812.0
447.367679169103 821.0
447.6299563851123 808.0
447.892225611551 803.0
448.15448684793625 824.0
448.4167400937847 821.0
448.67898534861325 820.0
448.9412226119389 809.0
449.2034518832783 811.0
449.46567316214856 821.0
449.72788644806633 813.0
449.99009174054856 830.0
450.2522890391122 843.0
450.514478343274 837.0
450.77665965255085 863.0
451.0388329664597 898.0
451.30099828451733 884.0
451.5631556062406 855.0
451.82530493114655 829.0
452.08744625875175 830.0
452.3495795885734 829.0
452.6117049201281 825.0
452.87382225293277 820.0
453.13593158650446 790.0
453.3980329203598 819.0
453.6601262540158 829.0
453.9222115869893 813.0
454.1842889187971 815.0
454.4463582489562 829.0
454.70841957698343 828.0
454.97047290239556 812.0
455.23251822470957 805.0
455.49455554344223 812.0
455.75658485811044 835.0
456.0186061682312 832.0
456.2806194733211 806.0
456.5426247728973 825.0
456.8046220664765 810.0
457.0666113535756 812.0
457.32859263371154 806.0
457.5905659064011 810.0
457.8525311711611 825.0
458.1144884275086 827.0
458.37643767496024 837.0
458.6383789130331 817.0
458.9003121412439 825.0
459.1622373591095 829.0
459.4241545661469 800.0
459.68606376187284 825.0
459.9479649458043 819.0
460.2098581174581 812.0
460.471743276351 793.0
460.733620422 811.0
460.9954895539219 805.0
461.2573506716337 807.0
461.51920377465206 806.0
461.78104886249406 822.0
462.0428859346764 828.0
462.304714990716 825.0
462.5665360301298 820.0
462.82834905243453 832.0
463.09015405714723 804.0
463.35195104378465 818.0
463.6137400118636 809.0
463.8755209609011 811.0
464.13729389041396 810.0
464.399058799919 813.0
464.6608156889332 828.0
464.92256455697327 816.0
465.18430540355615 823.0
465.4460382281988 821.0
465.707763030418 808.0
465.96947980973056 822.0
466.23118856565344 813.0
466.49288929770347 812.0
466.75458200539765 826.0
467.0162666882526 811.0
467.27794334578533 807.0
467.5396119775127 823.0
467.8012725829516 816.0
468.0629251616188 825.0
468.3245697130314 805.0
468.586206236706 812.0
468.8478347321596 810.0
469.109455198909 816.0
469.3710676364711 820.0
469.6326720443629 810.0
469.89426842210105 817.0
470.1558567692025 847.0
470.4174370851842 857.0
470.6790093695629 845.0
470.94057362185555 836.0
471.20212984157905 818.0
471.4636780282501 830.0
471.72521818138574 824.0
471.9867503005027 819.0
472.248274385118 814.0
472.5097904347484 801.0
472.7712984489108 800.0
473.03279842712203 801.0
473.29429036889906 814.0
473.55577427375863 805.0
473.8172501412177 820.0
474.07871797079315 802.0
474.34017776200176 818.0
474.6016295143605 819.0
474.8630732273861 812.0
475.1245089005955 814.0
475.3859365335057 828.0
475.64735612563334 818.0
475.9087676764954 829.0
476.1701711856088 812.0
476.4315666524903 815.0
476.6929540766569 829.0
476.95433345762535 817.0
477.2157047949125 822.0
477.47706808803537 827.0
477.7384233365106 815.0
477.9997705398553 813.0
478.26110969758616 820.0
478.52244080922014 805.0
478.78376387427414 803.0
479.04507889226494 827.0
479.3063858627094 805.0
479.5676847851245 811.0
479.828975659027 799.0
480.0902584839338 819.0
480.3515332593618 818.0
480.61279998482775 829.0
480.8740586598487 816.0
481.13530928394147 816.0
481.3965518566228 826.0
481.65778637740965 833.0
481.9190128458189 817.0
482.1802312613674 820.0
482.4414416235721 809.0
482.70264393194964 802.0
482.9638381860171 813.0
483.2250243852913 811.0
483.4862025292891 818.0
483.7473726175273 824.0
484.0085346495229 798.0
484.26968862479265 819.0
484.5308345428534 811.0
484.79197240322225 809.0
485.0531022054157 824.0
485.314223948951 812.0
485.57533763334476 821.0
485.8364432581139 809.0
486.0975408227754 806.0
486.35863032684597 825.0
486.61971176984247 813.0
486.880785151282 825.0
487.1418504706812 815.0
487.402907727557 827.0
487.66395692142635 836.0
487.92499805180597 827.0
488.18603111821284 835.0
488.44705612016384 813.0
488.7080730571757 818.0
488.9690819287655 825.0
489.2300827344499 813.0
489.49107547374587 825.0
489.75206014617027 818.0
490.01303675124 818.0
490.27400528847187 809.0
490.53496575738274 794.0
490.79591815748955 805.0
491.05686248830915 824.0
491.31779874935836 832.0
491.57872694015396 823.0
491.8396470602131 837.0
492.1005591090524 816.0
492.3614630861888 809.0
492.6223589911392 804.0
492.88324682342045 791.0
493.14412658254946 825.0
493.40499826804296 812.0
493.66586187941795 817.0
493.92671741619125 818.0
494.18756487787977 813.0
494.44840426400026 813.0
494.70923557406974 818.0
494.97005880760497 806.0
495.23087396412285 822.0
495.4916810431403 814.0
495.7524800441741 802.0
496.01327096674123 834.0
496.27405381035845 818.0
496.53482857454264 810.0
496.79559525881075 804.0
497.05635386267954 827.0
497.31710438566597 810.0
497.57784682728686 816.0
497.8385811870591 810.0
498.0993074644995 814.0
498.360025659125 805.0
498.6207357704524 817.0
498.88143779799873 801.0
499.14213174128065 802.0
499.40281759981514 820.0
499.6634953731191 816.0
499.92416506070924 811.0
500.1848266621026 822.0
500.445480176816 823.0
500.70612560436615 809.0
500.96676294427016 820.0
501.22739219604483 815.0
501.48801335920695 798.0
501.74862643327344 809.0
502.00923141776116 811.0
502.2698283121869 811.0
502.5304171160677 811.0
502.7909978289203 816.0
503.0515704502616 818.0
503.31213497960846 801.0
503.57269141647777 804.0
503.8332397603864 814.0
504.09378001085116 804.0
504.354312167389 812.0
504.6148362295168 830.0
504.8753521967513 811.0
505.1358600686094 826.0
505.3963598446082 837.0
505.6568515242642 835.0
505.9173351070945 836.0
506.17781059261597 829.0
506.4382779803454 811.0
506.69873726979966 822.0
506.95918846049574 836.0
507.2196315519502 820.0
507.4800665436803 836.0
507.74049343520267 826.0
508.00091222603425 806.0
508.261322915692 820.0
508.5217255036924 801.0
508.7821199895529 807.0
509.0425063727899 820.0
509.3028846529204 817.0
509.5632548294615 822.0
509.8236169019296 812.0
510.0839708698421 806.0
510.3443167327155 820.0
510.60465449006676 821.0
510.8649841414127 816.0
511.12530568627034 807.0
511.3856191241566 812.0
511.64592445458794 816.0
511.90622167708165 818.0
512.1665107911545 818.0
512.4267917963232 819.0
512.6870646921047 817.0
512.947329478016 813.0
513.2075861535739 824.0
513.467834718295 816.0
513.7280751716964 817.0
513.9883075132952 808.0
514.248531742608 815.0
514.5087478591515 810.0
514.7689558624429 824.0
515.0291557519989 833.0
515.2893475273365 843.0
515.5495311879723 833.0
515.8097067334235 837.0
516.0698741632067 861.0
516.3300334768389 876.0
516.5901846738369 870.0
516.8503277537177 845.0
517.1104627159981 816.0
517.3705895601947 833.0
517.630708285825 837.0
517.8908188924053 842.0
518.1509213794526 850.0
518.411015746484 854.0
518.6711019930159 880.0
518.9311801185657 917.0
519.19125012265 869.0
519.4513120047856 846.0
519.7113657644896 844.0
519.9714114012784 817.0
520.2314489146695 822.0
520.4914783041794 805.0
520.751499569325 819.0
521.0115127096234 824.0
521.271517724591 833.0
521.5315146137451 829.0
521.7915033766022 827.0
522.0514840126796 838.0
522.3114565214938 844.0
522.5714209025618 831.0
522.8313771554007 841.0
523.0913252795269 828.0
523.3512652744578 835.0
523.6111971397097 819.0
523.8711208747998 816.0
524.1310364792452 805.0
524.390943952562 814.0
524.6508432942679 840.0
524.9107345038794 816.0
525.1706175809132 827.0
525.4304925248866 834.0
525.690359335316 838.0
525.9502180117188 814.0
526.2100685536113 823.0
526.4699109605107 816.0
526.729745231934 819.0
526.9895713673975 816.0
527.2493893664187 800.0
527.5091992285141 843.0
527.7690009532007 830.0
528.0287945399953 817.0
528.2885799884149 816.0
528.5483572979764 813.0
528.8081264681963 817.0
529.0678874985917 821.0
529.3276403886796 817.0
529.5873851379768 823.0
529.8471217460001 805.0
530.1068502122662 818.0
530.3665705362923 807.0
530.6262827175951 806.0
530.8859867556915 823.0
531.1456826500984 820.0
531.4053704003326 824.0
531.6650500059111 813.0
531.9247214663504 813.0
532.1843847811678 842.0
532.4440399498801 806.0
532.7036869720038 801.0
532.9633258470562 810.0
533.222956574554 825.0
533.4825791540142 817.0
533.7421935849534 816.0
534.0017998668885 832.0
534.2613979993366 834.0
534.5209879818145 823.0
534.780569813839 822.0
535.0401434949268 805.0
535.2997090245951 819.0
535.5592664023607 823.0
535.8188156277402 823.0
536.0783567002508 822.0
536.3378896194092 821.0
536.5974143847321 811.0
536.8569309957369 820.0
537.1164394519398 820.0
537.3759397528582 816.0
537.6354318980087 822.0
537.8949158869082 839.0
538.1543917190737 832.0
538.4138593940218 815.0
538.6733189112697 818.0
538.932770270334 831.0
539.1922134707318 828.0
539.4516485119797 836.0
539.7110753935946 829.0
539.9704941150937 820.0
540.2299046759937 815.0
540.4893070758112 803.0
540.7487013140633 812.0
541.008087390267 827.0
541.2674653039389 818.0
541.526835054596 806.0
541.7861966417552 809.0
542.0455500649333 823.0
542.3048953236471 838.0
542.5642324174137 810.0
542.8235613457497 839.0
543.0828821081722 822.0
543.3421947041979 833.0
543.6014991333436 822.0
543.8607953951266 821.0
544.1200834890632 833.0
544.3793634146708 856.0
544.6386351714658 856.0
544.8978987589653 840.0
545.1571541766862 862.0
545.4164014241451 878.0
545.6756405008593 852.0
545.9348714063455 845.0
546.1940941401203 826.0
546.4533087017008 802.0
546.712515090604 810.0
546.9717133063466 818.0
547.2309033484453 828.0
547.4900852164174 846.0
547.7492589097793 813.0
548.0084244280482 818.0
548.2675817707409 815.0
548.526730937374 826.0
548.7858719274648 820.0
549.0450047405299 846.0
549.3041293760863 860.0
549.5632458336507 916.0
549.82235411274 914.0
550.0814542128714 873.0
550.3405461335612 848.0
550.5996298743269 849.0
550.8587054346848 837.0
551.117772814152 832.0
551.3768320122455 820.0
551.6358830284819 809.0
551.8949258623783 803.0
552.1539605134514 809.0
552.4129869812182 809.0
552.6720052651955 835.0
552.9310153649002 831.0
553.1900172798491 833.0
553.4490110095592 818.0
553.7079965535472 804.0
553.9669739113302 816.0
554.2259430824248 820.0
554.484904066348 823.0
554.7438568626167 824.0
555.0028014707476 841.0
555.261737890258 842.0
555.520666120664 863.0
555.7795861614834 887.0
556.0384980122324 955.0
556.2974016724281 913.0
556.5562971415874 874.0
556.8151844192269 857.0
557.0740635048638 836.0
557.3329343980148 883.0
557.5917970981968 862.0
557.8506516049267 809.0
558.1094979177213 824.0
558.3683360360976 804.0
558.6271659595724 831.0
558.8859876876625 838.0
559.1448012198848 828.0
559.4036065557561 813.0
559.6624036947936 832.0
559.9211926365136 847.0
560.1799733804337 855.0
560.43874592607 877.0
560.6975102729399 944.0
560.9562664205602 926.0
561.2150143684473 879.0
561.4737541161188 849.0
561.732485663091 853.0
561.9912090088809 828.0
562.2499241530056 840.0
562.5086310949818 836.0
562.7673298343262 823.0
563.026020370556 821.0
563.2847027031879 810.0
563.5433768317389 813.0
563.8020427557254 854.0
564.0607004746649 838.0
564.3193499880738 849.0
564.5779912954692 849.0
564.8366243963679 854.0
565.0952492902868 877.0
565.3538659767429 861.0
565.6124744552527 849.0
565.8710747253335 826.0
566.1296667865018 832.0
566.3882506382747 829.0
566.6468262801691 812.0
566.9053937117014 808.0
567.1639529323893 815.0
567.4225039417488 829.0
567.6810467392974 814.0
567.9395813245517 819.0
568.1981076970284 841.0
568.4566258562448 841.0
568.7151358017175 830.0
568.9736375329633 836.0
569.2321310494995 828.0
569.4906163508422 828.0
569.749093436509 824.0
570.0075623060163 800.0
570.2660229588813 822.0
570.5244753946206 801.0
570.7829196127512 817.0
571.0413556127901 809.0
571.2997833942537 822.0
571.5582029566596 823.0
571.8166142995238 829.0
572.075017422364 825.0
572.3334123246967 808.0
572.5917990060384 826.0
572.8501774659068 812.0
573.108547703818 799.0
573.3669097192892 823.0
573.6252635118373 829.0
573.8836090809789 840.0
574.1419464262314 860.0
574.400275547111 859.0
574.6585964431351 821.0
574.9169091138205 824.0
575.1752135586836 820.0
575.4335097772419 818.0
575.6917977690118 826.0
575.9500775335105 815.0
576.2083490702545 830.0
576.4666123787609 820.0
576.7248674585469 812.0
576.9831143091286 813.0
577.2413529300236 823.0
577.4995833207483 835.0
577.7578054808198 816.0
578.0160194097549 830.0
578.2742251070703 828.0
578.5324225722832 829.0
578.7906118049101 808.0
579.0487928044681 824.0
579.3069655704743 830.0
579.565130102445 840.0
579.8232863998975 805.0
580.0814344623485 811.0
580.339574289315 812.0
580.5977058803137 828.0
580.8558292348614 838.0
581.1139443524753 819.0
581.3720512326721 804.0
581.6301498749685 798.0
581.8882402788817 805.0
582.146322443928 824.0
582.4043963696251 798.0
582.6624620554893 812.0
582.9205195010375 812.0
583.1785687057866 819.0
583.4366096692537 839.0
583.6946423909554 824.0
583.9526668704085 838.0
584.2106831071303 821.0
584.4686911006373 819.0
584.7266908504463 809.0
584.9846823560746 810.0
585.2426656170385 813.0
585.5006406328554 818.0
585.7586074030418 822.0
586.0165659271148 833.0
586.2745162045912 849.0
586.5324582349878 824.0
586.7903920178214 818.0
587.0483175526091 825.0
587.3062348388676 814.0
587.5641438761138 837.0
587.8220446638645 833.0
588.0799372016369 853.0
588.3378214889474 856.0
588.5956975253132 873.0
588.8535653102509 903.0
589.1114248432776 915.0
589.3692761239103 867.0
589.6271191516653 855.0
589.88495392606 835.0
590.1427804466111 848.0
590.4005987128355 842.0
590.6584087242501 850.0
590.9162104803713 868.0
591.1740039807169 910.0
591.4317892248029 907.0
591.6895662121466 899.0
591.9473349422648 871.0
592.2050954146741 880.0
592.462847628892 835.0
592.7205915844347 845.0
592.9783272808194 878.0
593.236054717563 869.0
593.493773894182 875.0
593.7514848101939 852.0
594.009187465115 834.0
594.2668818584625 827.0
594.5245679897531 834.0
594.7822458585038 831.0
595.0399154642313 814.0
595.2975768064524 814.0
595.5552298846843 824.0
595.8128746984438 830.0
596.0705112472474 827.0
596.3281395306126 818.0
596.5857595480555 835.0
596.8433712990935 814.0
597.1009747832434 832.0
597.3585700000219 835.0
597.6161569489462 832.0
597.8737356295327 832.0
598.1313060412986 823.0
598.3888681837607 821.0
598.6464220564358 830.0
598.9039676588409 846.0
599.1615049904925 829.0
599.4190340509081 815.0
599.676554839604 829.0
599.9340673560972 823.0
600.1915715999048 836.0
600.4490675705435 834.0
600.7065552675302 832.0
600.9640346903817 833.0
601.221505838615 834.0
601.4789687117469 839.0
601.7364233092942 827.0
601.9938696307739 848.0
602.2513076757026 861.0
602.5087374435976 887.0
602.7661589339755 925.0
603.023572146353 997.0
603.2809770802475 1138.0
603.5383737351752 1090.0
603.7957621106534 1015.0
604.053142206199 940.0
604.3105140213286 966.0
604.5678775555593 940.0
604.8252328084078 917.0
605.0825797793912 878.0
605.3399184680261 893.0
605.5972488738295 861.0
605.8545709963181 895.0
606.111884835009 868.0
606.3691903894193 862.0
606.6264876590651 865.0
606.883776643464 839.0
607.1410573421324 827.0
607.3983297545875 816.0
607.6555938803461 814.0
607.9128497189247 823.0
608.1700972698408 834.0
608.4273365326108 834.0
608.6845675067516 828.0
608.9417901917803 840.0
609.1990045872135 832.0
609.4562106925683 837.0
609.7134085073615 856.0
609.9705980311098 867.0
610.2277792633305 859.0
610.4849522035397 870.0
610.7421168512552 873.0
610.9992732059933 853.0
611.2564212672709 848.0
611.5135610346049 835.0
611.7706925075122 814.0
612.0278156855098 814.0
612.2849305681145 844.0
612.542037154843 817.0
612.7991354452124 833.0
613.0562254387393 822.0
613.3133071349409 830.0
613.5703805333337 830.0
613.8274456334349 831.0
614.0845024347612 820.0
614.3415509368294 822.0
614.5985911391567 840.0
614.8556230412595 840.0
615.1126466426551 854.0
615.36966194286 854.0
615.6266689413914 846.0
615.8836676377659 839.0
616.1406580315004 834.0
616.3976401221121 832.0
616.6546139091173 823.0
616.9115793920333 841.0
617.1685365703769 859.0
617.4254854436648 870.0
617.6824260114142 874.0
617.9393582731417 841.0
618.196282228364 834.0
618.4531978765983 810.0
618.7101052173614 824.0
618.9670042501702 811.0
619.2238949745413 814.0
619.4807773899919 837.0
619.7376514960388 813.0
619.9945172921986 798.0
620.2513747779885 812.0
620.508223952925 810.0
620.7650648165256 825.0
621.0218973683066 849.0
621.2787216077849 848.0
621.5355375344776 861.0
621.7923451479013 854.0
622.0491444475734 848.0
622.3059354330103 817.0
622.5627181037288 818.0
622.8194924592461 812.0
623.0762584990788 800.0
623.333016222744 808.0
623.5897656297584 820.0
623.8465067196389 815.0
624.1032394919024 824.0
624.3599639460657 827.0
624.6166800816459 829.0
624.8733878981594 820.0
625.1300873951237 817.0
625.3867785720552 805.0
625.6434614284708 829.0
625.9001359638876 819.0
626.1568021778221 810.0
626.4134600697917 820.0
626.6701096393127 819.0
626.9267508859024 829.0
627.1833838090776 812.0
627.4400084083547 822.0
627.6966246832512 805.0
627.9532326332837 809.0
628.2098322579691 814.0
628.4664235568243 812.0
628.723006529366 814.0
628.9795811751112 819.0
629.2361474935768 832.0
629.4927054842794 826.0
629.7492551467363 856.0
630.0057964804641 866.0
630.2623294849799 852.0
630.5188541598001 845.0
630.775370504442 858.0
631.0318785184223 865.0
631.2883782012578 857.0
631.5448695524658 839.0
631.8013525715625 822.0
632.0578272580652 811.0
632.3142936114906 824.0
632.5707516313557 826.0
632.8272013171775 812.0
633.0836426684723 807.0
633.3400756847575 815.0
633.5965003655499 809.0
633.8529167103661 802.0
634.1093247187234 806.0
634.3657243901381 811.0
634.6221157241276 814.0
634.8784987202085 816.0
635.1348733778977 823.0
635.3912396967121 815.0
635.6475976761684 807.0
635.9039473157839 794.0
636.1602886150749 817.0
636.4166215735588 827.0
636.6729461907521 819.0
636.9292624661718 854.0
637.1855703993349 833.0
637.4418699897578 833.0
637.6981612369581 829.0
637.9544441404521 827.0
638.2107186997567 840.0
638.4669849143892 859.0
638.7232427838659 860.0
638.979492307704 861.0
639.2357334854204 846.0
639.4919663165317 814.0
639.7481908005552 811.0
640.0044069370073 819.0
640.2606147254052 825.0
640.5168141652655 835.0
640.7730052561054 851.0
641.0291879974413 876.0
641.2853623887906 881.0
641.5415284296699 937.0
641.797686119596 978.0
642.0538354580859 946.0
642.3099764446565 900.0
642.5661090788245 843.0
642.8222333601069 829.0
643.0783492880205 827.0
643.3344568620822 825.0
643.5905560818089 836.0
643.8466469467173 805.0
644.1027294563247 823.0
644.3588036101473 818.0
644.6148694077026 832.0
644.8709268485071 816.0
645.1269759320778 816.0
645.3830166579316 810.0
645.6390490255851 818.0
645.8950730345556 806.0
646.1510886843597 828.0
646.4070959745143 814.0
646.6630949045363 817.0
646.9190854739425 809.0
647.17506768225 842.0
647.4310415289752 817.0
647.6870070136354 803.0
647.9429641357473 812.0
648.1989128948277 814.0
648.4548532903938 835.0
648.7107853219619 820.0
648.9667089890495 813.0
649.222624291173 803.0
649.4785312278494 814.0
649.7344297985958 813.0
649.9903200029287 824.0
650.2462018403652 823.0
650.502075310422 815.0
650.7579404126162 813.0
651.0137971464646 819.0
651.2696455114838 816.0
651.525485507191 833.0
651.7813171331029 810.0
652.0371403887364 823.0
652.2929552736086 820.0
652.5487617872358 823.0
652.8045599291355 820.0
653.0603496988242 805.0
653.3161310958188 822.0
653.5719041196362 821.0
653.8276687697933 824.0
654.0834250458071 820.0
654.3391729471941 838.0
654.5949124734717 832.0
654.8506436241562 841.0
655.1063663987647 821.0
655.3620807968144 813.0
655.6177868178215 816.0
655.8734844613035 824.0
656.129173726777 822.0
656.3848546137588 843.0
656.6405271217659 834.0
656.8961912503149 825.0
657.1518469989231 836.0
657.4074943671071 835.0
657.6631333543837 801.0
657.9187639602701 813.0
658.1743861842826 825.0
658.4300000259387 823.0
658.6856054847549 809.0
658.9412025602483 833.0
659.1967912519353 824.0
659.4523715593333 809.0
659.707943481959 847.0
659.9635070193291 837.0
660.2190621709606 829.0
660.4746089363705 862.0
660.7301473150753 834.0
660.9856773065924 846.0
661.2411989104381 825.0
661.4967121261298 825.0
661.7522169531838 821.0
662.0077133911174 817.0
662.2632014394475 808.0
662.5186810976904 819.0
662.7741523653638 820.0
663.029615241984 817.0
663.2850697270679 822.0
663.5405158201327 822.0
663.7959535206948 825.0
664.0513828282715 796.0
664.3068037423793 804.0
664.5622162625355 805.0
664.8176203882564 809.0
665.0730161190594 805.0
665.3284034544613 814.0
665.5837823939785 813.0
665.8391529371283 830.0
666.0945150834276 829.0
666.349868832393 839.0
666.6052141835415 854.0
666.8605511363899 848.0
667.1158796904554 839.0
667.3711998452544 837.0
667.626511600304 867.0
667.8818149551211 878.0
668.1371099092223 869.0
668.3923964621249 834.0
668.6476746133454 848.0
668.9029443624008 847.0
669.1582057088083 838.0
669.4134586520839 814.0
669.6687031917455 825.0
669.9239393273093 814.0
670.1791670582923 827.0
670.4343863842114 808.0
670.6895973045835 819.0
670.9447998189256 806.0
671.1999939267544 827.0
671.4551796275866 820.0
671.7103569209394 822.0
671.9655258063294 826.0
672.220686283274 827.0
672.475838351289 824.0
672.7309820098925 816.0
672.9861172586005 833.0
673.2412440969302 824.0
673.4963625243987 818.0
673.7514725405223 807.0
674.0065741448183 809.0
674.2616673368035 842.0
674.5167521159946 856.0
674.7718284819086 921.0
675.0268964340622 966.0
675.2819559719727 1104.0
675.5370070951565 1107.0
675.7920498031307 1072.0
676.0470840954122 977.0
676.3021099715176 904.0
676.5571274309642 867.0
676.8121364732684 859.0
677.0671370979474 873.0
677.3221293045178 840.0
677.5771130924968 831.0
677.8320884614011 817.0
678.0870554107474 838.0
678.3420139400529 826.0
678.5969640488343 802.0
678.8519057366083 816.0
679.1068390028922 812.0
679.3617638472023 826.0
679.616680269056 813.0
679.8715882679699 821.0
680.1264878434607 808.0
680.3813789950458 816.0
680.6362617222414 825.0
680.8911360245651 833.0
681.146001901533 830.0
681.4008593526627 806.0
681.6557083774705 822.0
681.9105489754734 827.0
682.1653811461886 837.0
682.4202048891326 829.0
682.6750202038223 819.0
682.9298270897748 832.0
683.1846255465068 836.0
683.4394155735351 844.0
683.6941971703767 826.0
683.9489703365485 820.0
684.2037350715673 822.0
684.4584913749499 819.0
684.7132392462133 802.0
684.9679786848742 810.0
685.2227096904496 822.0
685.4774322624564 808.0
685.7321464004115 826.0
685.9868521038316 840.0
686.2415493722334 854.0
686.4962382051343 881.0
686.7509186020508 925.0
687.0055905624997 990.0
687.2602540859983 1081.0
687.514909172063 1054.0
687.7695558202109 1012.0
688.0241940299587 923.0
688.2788238008236 894.0
688.5334451323221 863.0
688.7880580239712 854.0
689.042662475288 842.0
689.2972584857889 851.0
689.5518460549912 830.0
689.8064251824115 822.0
690.0609958675668 822.0
690.3155581099742 829.0
690.5701119091498 831.0
690.8246572646113 826.0
691.0791941758752 825.0
691.3337226424583 811.0
691.5882426638777 823.0
691.84275423965 817.0
692.0972573692924 838.0
692.3517520523214 826.0
692.6062382882542 835.0
692.8607160766074 856.0
693.1151854168979 854.0
693.3696463086428 871.0
693.6240987513587 898.0
693.8785427445628 943.0
694.1329782877717 927.0
694.3874053805022 912.0
694.6418240222713 878.0
694.8962342125958 884.0
695.1506359509929 907.0
695.405029236979 918.0
695.6594140700711 1027.0
695.9137904497863 1258.0
696.168158375641 1599.0
696.4225178471527 2149.0
696.676868863838 2488.0
696.9312114252134 2318.0
697.1855455307963 2023.0
697.4398711801031 1358.0
697.6941883726512 1101.0
697.9484971079568 963.0
698.2027973855375 891.0
698.4570892049098 877.0
698.7113725655903 860.0
698.9656474670965 863.0
699.2199139089445 855.0
699.4741718906519 849.0
699.7284214117353 850.0
699.9826624717113 845.0
700.2368950700971 835.0
700.4911192064093 825.0
700.7453348801653 830.0
700.9995420908814 808.0
701.2537408380745 826.0
701.5079311212619 815.0
701.7621129399598 845.0
702.016286293686 846.0
702.2704511819566 851.0
702.5246076042886 898.0
702.778755560199 971.0
703.0328950492045 1084.0
703.2870260708224 1042.0
703.5411486245691 1021.0
703.7952627099618 933.0
704.0493683265172 874.0
704.3034654737519 845.0
704.5575541511835 855.0
704.8116343583279 855.0
705.0657060947029 862.0
705.3197693598249 868.0
705.5738241532106 903.0
705.8278704743772 979.0
706.0819083228414 1213.0
706.3359376981203 1531.0
706.5899585997306 2094.0
706.8439710271889 2475.0
707.0979749800126 2303.0
707.3519704577179 2085.0
707.6059574598225 1434.0
707.8599359858429 1121.0
708.1139060352955 999.0
708.3678676076978 914.0
708.6218207025663 888.0
708.8757653194182 874.0
709.12970145777 858.0
709.3836291171389 856.0
709.6375482970416 844.0
709.8914589969946 866.0
710.1453612165157 852.0
710.3992549551208 854.0
710.6531402123275 861.0
710.9070169876522 858.0
711.1608852806118 869.0
711.4147450907236 862.0
711.6685964175037 837.0
711.9224392604699 830.0
712.1762736191384 823.0
712.4300994930262 830.0
712.6839168816504 842.0
712.9377257845274 842.0
713.1915262011746 859.0
713.4453181311087 840.0
713.6991015738463 836.0
713.9528765289045 844.0
714.2066429958 900.0
714.4604009740502 948.0
714.7141504631712 1065.0
714.9678914626805 1033.0
715.2216239720948 1021.0
715.4753479909306 948.0
715.7290635187052 901.0
715.982770554935 878.0
716.2364690991376 855.0
716.4901591508293 848.0
716.743840709527 825.0
716.9975137747479 827.0
717.2511783460084 818.0
717.5048344228259 819.0
717.7584820047169 841.0
718.0121210911982 817.0
718.2657516817872 837.0
718.519373776 815.0
718.772987373354 840.0
719.026592473366 833.0
719.2801890755527 820.0
719.5337771794311 820.0
719.7873567845179 829.0
720.0409278903304 813.0
720.294490496385 849.0
720.5480446021987 879.0
720.8015902072887 896.0
721.0551273111711 882.0
721.3086559133636 879.0
721.5621760133826 855.0
721.815687610745 840.0
722.0691907049679 834.0
722.3226852955679 838.0
722.5761713820622 828.0
722.8296489639672 834.0
723.0831180408002 828.0
723.3365786120778 828.0
723.5900306773169 832.0
723.8434742360346 821.0
724.0969092877473 833.0
724.3503358319725 834.0
724.6037538682267 826.0
724.8571633960265 821.0
725.1105644148894 828.0
725.3639569243315 829.0
725.6173409238706 831.0
725.8707164130229 842.0
726.1240833913054 854.0
726.3774418582351 873.0
726.6307918133285 938.0
726.8841332561029 1029.0
727.137466186075 1202.0
727.3907906027619 1271.0
727.6441065056802 1219.0
727.8974138943464 1211.0
728.1507127682783 986.0
728.4040031269918 914.0
728.6572849700045 889.0
728.9105582968331 850.0
729.1638231069941 836.0
729.4170794000048 844.0
729.6703271753817 822.0
729.923566432642 840.0
730.1767971713025 825.0
730.4300193908798 860.0
730.6832330908911 854.0
730.936438270853 876.0
731.1896349302828 896.0
731.442823068697 881.0
731.6960026856123 882.0
731.949173780546 883.0
732.2023363530145 850.0
732.4554904025351 840.0
732.7086359286245 827.0
732.9617729307997 821.0
733.2149014085775 822.0
733.4680213614745 822.0
733.7211327890079 833.0
733.9742356906943 858.0
734.2273300660511 828.0
734.4804159145946 841.0
734.7334932358416 860.0
734.9865620293094 926.0
735.2396222945147 968.0
735.4926740309744 966.0
735.7457172382054 962.0
735.9987519157243 955.0
736.2517780630484 926.0
736.504795679694 928.0
736.7578047651785 1000.0
737.0108053190187 1132.0
737.2637973407312 1258.0
737.516780829833 1314.0
737.769755785841 1734.0
738.0227222082721 2272.0
738.2756800966428 3310.0
738.5286294504706 3440.0
738.781570269272 3217.0
739.0345025525638 3005.0
739.2874262998632 1865.0
739.5403415106866 1345.0
739.7932481845512 1132.0
740.046146320974 1019.0
740.2990359194714 952.0
740.5519169795606 930.0
740.8047895007583 896.0
741.0576534825816 887.0
741.3105089245472 901.0
741.563355826172 866.0
741.8161941869729 869.0
742.0690240064664 866.0
742.3218452841702 855.0
742.5746580196005 873.0
742.8274622122741 886.0
743.0802578617083 890.0
743.3330449674197 906.0
743.5858235289254 907.0
743.8385935457418 913.0
744.0913550173865 901.0
744.3441079433758 884.0
744.5968523232264 851.0
744.8495881564559 844.0
745.1023154425804 836.0
745.3550341811174 840.0
745.6077443715835 842.0
745.8604460134952 853.0
746.1131391063701 851.0
746.3658236497243 847.0
746.6184996430754 843.0
746.87116708594 861.0
747.1238259778346 878.0
747.3764763182764 873.0
747.6291181067822 893.0
747.8817513428692 902.0
748.1343760260539 903.0
748.3869921558529 922.0
748.6395997317837 930.0
748.8921987533628 995.0
749.1447892201071 1030.0
749.3973711315336 1120.0
749.6499444871589 1549.0
749.9025092865003 2592.0
750.1550655290741 4323.0
750.4076132143978 5807.0
750.6601523419877 5202.0
750.912682911361 6099.0
751.1652049220347 5293.0
751.4177183735251 4883.0
751.6702232653497 4025.0
751.9227195970248 3834.0
752.1752073680677 3062.0
752.4276865779954 1825.0
752.680157226324 1404.0
752.9326193125712 1149.0
753.1850728362533 1050.0
753.4375177968876 996.0
753.6899541939908 967.0
753.9423820270795 917.0
754.194801295671 913.0
754.4472119992819 882.0
754.6996141374291 867.0
754.9520077096296 870.0
755.2043927154 870.0
755.4567691542577 858.0
755.7091370257187 844.0
755.9614963293008 832.0
756.2138470645202 844.0
756.4661892308942 848.0
756.7185228279395 851.0
756.9708478551728 838.0
757.2231643121112 825.0
757.4754721982714 846.0
757.7277715131704 851.0
757.9800622563251 835.0
758.2323444272521 846.0
758.4846180254688 839.0
758.7368830504913 836.0
758.9891395018373 848.0
759.2413873790232 853.0
759.4936266815657 854.0
759.7458574089821 858.0
759.9980795607888 850.0
760.2502931365033 874.0
760.502498135642 876.0
760.7546945577217 869.0
761.0068824022595 882.0
761.2590616687722 887.0
761.5112323567769 903.0
761.7633944657899 930.0
762.0155479953288 960.0
762.26769294491 1018.0
762.5198293140501 1172.0
762.7719571022666 1622.0
763.024076309076 2969.0
763.2761869339953 5393.0
763.5282889765415 7011.0
763.780382436231 5948.0
764.032467312581 6666.0
764.2845436051083 4509.0
764.53661131333 2318.0
764.7886704367629 1665.0
765.0407209749233 1310.0
765.2927629273288 1124.0
765.5447962934958 1019.0
765.7968210729414 994.0
766.0488372651824 965.0
766.3008448697357 947.0
766.5528438861181 924.0
766.8048343138464 886.0
767.0568161524378 884.0
767.3087894014087 878.0
767.5607540602764 875.0
767.8127101285577 863.0
768.0646576057691 845.0
768.3165964914278 848.0
768.5685267850505 851.0
768.8204484861544 835.0
769.0723615942561 843.0
769.3242661088722 868.0
769.5761620295201 849.0
769.8280493557162 855.0
770.0799280869778 860.0
770.3317982228216 872.0
770.5836597627642 877.0
770.835512706323 889.0
771.0873570530143 917.0
771.3391928023555 926.0
771.591019953863 1104.0
771.8428385070538 1529.0
772.094648461445 2485.0
772.3464498165532 3425.0
772.5982425718955 3063.0
772.8500267269885 3247.0
773.1018022813494 2784.0
773.3535692344948 1686.0
773.6053275859415 1256.0
773.8570773352067 1076.0
774.108818481807 991.0
774.3605510252594 931.0
774.6122749650807 912.0
774.8639903007878 879.0
775.1156970318975 869.0
775.3673951579267 860.0
775.6190846783925 866.0
775.8707655928115 865.0
776.1224379007004 854.0
776.3741016015766 841.0
776.6257566949563 843.0
776.8774031803571 846.0
777.1290410572955 851.0
777.3806703252881 856.0
777.6322909838522 838.0
777.8839030325043 837.0
778.1355064707618 835.0
778.3871012981411 845.0
778.6386875141592 838.0
778.890265118333 839.0
779.1418341101793 833.0
779.3933944892151 836.0
779.6449462549571 829.0
779.8964894069222 839.0
780.1480239446275 827.0
780.3995498675895 825.0
780.6510671753255 814.0
780.9025758673517 806.0
781.1540759431858 808.0
781.4055674023442 822.0
781.6570502443437 818.0
781.9085244687013 834.0
782.159990074934 818.0
782.4114470625585 830.0
782.6628954310918 834.0
782.9143351800503 833.0
783.1657663089516 819.0
783.4171888173119 821.0
783.6686027046486 823.0
783.9200079704783 849.0
784.1714046143178 830.0
784.4227926356843 822.0
784.6741720340941 836.0
784.9255428090647 840.0
785.1769049601126 818.0
785.4282584867548 826.0
785.6796033885082 824.0
785.9309396648893 831.0
786.1822673154155 826.0
786.4335863396033 820.0
786.6848967369698 838.0
786.9361985070317 832.0
787.1874916493058 834.0
787.4387761633094 830.0
787.6900520485588 844.0
787.9413193045713 809.0
788.1925779308636 822.0
788.4438279269523 841.0
788.6950692923548 830.0
788.9463020265875 873.0
789.1975261291677 865.0
789.448741599612 860.0
789.6999484374371 868.0
789.9511466421604 861.0
790.2023362132982 832.0
790.4535171503677 825.0
790.7046894528855 832.0
790.9558531203689 842.0
791.2070081523347 836.0
791.458154548299 846.0
791.7092923077797 849.0
791.9604214302931 845.0
792.2115419153562 837.0
792.462653762486 841.0
792.7137569711989 852.0
792.9648515410123 854.0
793.2159374714428 875.0
793.4670147620074 891.0
793.718083412223 894.0
793.9691434216061 988.0
794.220194789674 1270.0
794.4712375159432 1942.0
794.722271599931 2899.0
794.9732970411541 2545.0
795.2243138391292 2672.0
795.4753219933733 2593.0
795.7263215034031 1684.0
795.9773123687357 1224.0
796.2282945888878 1058.0
796.4792681633767 992.0
796.7302330917187 940.0
796.9811893734307 917.0
797.23213700803 893.0
797.483075995033 878.0
797.7340063339569 882.0
797.9849280243186 869.0
798.2358410656345 888.0
798.4867454574222 900.0
798.7376411991978 897.0
798.9885282904788 916.0
799.2394067307818 922.0
799.4902765196234 949.0
799.741137656521 1025.0
799.9919901409909 1298.0
800.2428339725506 2017.0
800.4936691507165 3089.0
800.7444956750055 2922.0
800.9953135449347 3486.0
801.2461227600207 4814.0
801.4969233197808 4269.0
801.7477152237312 3238.0
801.9984984713894 3419.0
802.2492730622722 2637.0
802.5000389958959 1650.0
802.7507962717781 1294.0
803.0015448894349 1101.0
803.252284848384 1012.0
803.5030161481417 979.0
803.7537387882248 955.0
804.0044527681507 919.0
804.2551580874358 904.0
804.5058547455972 916.0
804.7565427421519 889.0
805.0072220766161 886.0
805.2578927485075 910.0
805.5085547573423 901.0
805.7592081026379 887.0
806.009852783911 901.0
806.2604888006782 891.0
806.5111161524568 901.0
806.7617348387631 878.0
807.0123448591147 904.0
807.2629462130279 916.0
807.5135389000196 913.0
807.7641229196071 944.0
808.0146982713067 946.0
808.2652649546358 974.0
808.5158229691108 1008.0
808.7663723142489 1051.0
809.016912989567 1058.0
809.2674449945815 1078.0
809.5179683288098 1235.0
809.7684829917686 1717.0
810.0189889829746 2900.0
810.269486301945 4351.0
810.5199749481961 4052.0
810.7704549212456 5162.0
811.0209262206095 8322.0
811.2713888458052 14141.0
811.5218427963496 15568.0
811.7722880717591 13143.0
812.022724671551 14876.0
812.2731525952421 12476.0
812.5235718423493 5776.0
812.7739824123893 3248.0
813.0243843048788 2269.0
813.2747775193352 1716.0
813.5251620552749 1485.0
813.7755379122152 1261.0
814.0259050896724 1194.0
814.276263587164 1109.0
814.5266134042064 1054.0
814.7769545403165 1001.0
815.0272869950115 968.0
815.2776107678079 926.0
815.5279258582229 934.0
815.7782322657732 891.0
816.0285299899754 876.0
816.2788190303468 869.0
816.529099386404 890.0
816.7793710576641 884.0
817.0296340436439 875.0
817.2798883438601 862.0
817.5301339578298 866.0
817.7803708850694 872.0
818.0305991250964 886.0
818.2808186774273 856.0
818.531029541579 858.0
818.7812317170685 861.0
819.0314252034124 854.0
819.281610000128 852.0
819.5317861067317 854.0
819.7819535227408 840.0
820.0321122476719 837.0
820.2822622810417 854.0
820.5324036223675 849.0
820.7825362711658 850.0
821.0326602269538 850.0
821.2827754892483 827.0
821.5328820575656 850.0
821.7829799314234 846.0
822.033069110338 854.0
822.2831495938267 848.0
822.5332213814061 856.0
822.7832844725929 858.0
823.0333388669044 860.0
823.283384563857 861.0
823.533421562968 856.0
823.7834498637541 847.0
824.033469465732 853.0
824.2834803684189 844.0
824.5334825713311 850.0
824.7834760739862 845.0
825.0334608759005 849.0
825.2834369765912 872.0
825.5334043755751 920.0
825.7833630723688 1024.0
826.0333130664897 1362.0
826.2832543574541 2062.0
826.5331869447793 1934.0
826.783110827982 1875.0
827.0330260065789 2090.0
827.2829324800872 1619.0
827.5328302480233 1149.0
827.7827193099047 1006.0
828.032599665248 936.0
828.2824713135695 892.0
828.532334254387 871.0
828.7821884872168 852.0
829.0320340115759 847.0
829.2818708269813 831.0
829.5316989329494 829.0
829.7815183289979 831.0
830.0313290146428 845.0
830.2811309894015 848.0
830.5309242527906 827.0
830.7807088043272 833.0
831.0304846435281 831.0
831.2802517699099 823.0
831.5300101829899 812.0
831.7797598822846 810.0
832.0295008673112 834.0
832.2792331375864 826.0
832.5289566926268 836.0
832.7786715319497 826.0
833.0283776550717 830.0
833.27807506151 823.0
833.5277637507811 845.0
833.7774437224018 828.0
834.0271149758895 842.0
834.2767775107606 833.0
834.526431326532 828.0
834.7760764227208 812.0
835.0257127988438 829.0
835.2753404544177 838.0
835.5249593889594 854.0
835.774569601986 826.0
836.0241710930143 841.0
836.2737638615607 832.0
836.5233479071428 842.0
836.7729232292768 835.0
837.0224898274802 833.0
837.2720477012693 842.0
837.5215968501614 850.0
837.7711372736733 844.0
838.0206689713215 876.0
838.2701919426232 870.0
838.5197061870952 876.0
838.7692117042545 875.0
839.0187084936177 882.0
839.2681965547017 898.0
839.5176758870236 906.0
839.7671464901001 937.0
840.0166083634483 1058.0
840.2660615065847 1361.0
840.5155059190262 2335.0
840.7649416002901 3104.0
841.0143685498927 2544.0
841.2637867673512 2901.0
841.5131962521828 2870.0
841.7625970039035 2250.0
842.0119890220308 2685.0
842.2613723060813 5012.0
842.5107468555723 4658.0
842.76011267002 4036.0
843.0094697489418 4761.0
843.2588180918546 3720.0
843.5081576982747 2029.0
843.7574885677194 1467.0
844.0068106997054 1210.0
844.25612409375 1065.0
844.5054287493696 1007.0
844.754724666081 948.0
845.0040118434015 915.0
845.2532902808475 892.0
845.5025599779364 880.0
845.7518209341847 866.0
846.0010731491091 875.0
846.2503166222269 858.0
846.4995513530547 851.0
846.7487773411094 827.0
846.9979945859081 860.0
847.2472030869674 825.0
847.4964028438043 848.0
847.7455938559353 851.0
847.994776122878 835.0
848.2439496441485 837.0
848.4931144192642 852.0
848.7422704477419 837.0
848.9914177290981 840.0
849.2405562628502 836.0
849.4896860485144 823.0
849.7388070856083 843.0
849.9879193736485 845.0
850.2370229121515 838.0
850.4861177006346 859.0
850.7352037386146 852.0
850.9842810256082 864.0
851.2333495611326 892.0
851.482409344704 990.0
851.7314603758401 1386.0
851.9805026540571 2106.0
852.2295361788724 1898.0
852.4785609498026 1832.0
852.7275769663643 2026.0
852.9765842280748 1664.0
853.2255827344507 1166.0
853.4745724850093 1029.0
853.7235534792667 921.0
853.9725257167406 887.0
854.2214891969475 875.0
854.4704439194039 850.0
854.7193898836274 843.0
854.9683270891342 836.0
855.2172555354416 826.0
855.4661752220665 848.0
855.7150861485252 816.0
855.9639883143353 830.0
856.212881719013 827.0
856.4617663620759 831.0
856.7106422430403 836.0
856.9595093614231 833.0
857.2083677167415 833.0
857.4572173085119 808.0
857.7060581362517 812.0
857.9548901994776 828.0
858.2037134977061 803.0
858.4525280304546 815.0
858.7013337972394 812.0
858.950130797578 828.0
859.1989190309868 816.0
859.4476984969828 833.0
859.696469195083 830.0
859.9452311248039 826.0
860.1939842856627 823.0
860.4427286771763 862.0
860.6914642988615 832.0
860.9401911502351 851.0
861.1889092308139 856.0
861.437618540115 842.0
861.686319077655 814.0
861.935010842951 843.0
862.1836938355198 833.0
862.432368054878 838.0
862.6810335005429 825.0
862.9296901720311 836.0
863.1783380688596 807.0
863.4269771905452 820.0
863.6756075366046 815.0
863.9242291065551 826.0
864.1728418999131 812.0
864.4214459161959 813.0
864.6700411549201 824.0
864.9186276156024 827.0
865.1672052977602 817.0
865.4157742009098 819.0
865.6643343245685 806.0
865.9128856682528 832.0
866.1614282314799 870.0
866.4099620137665 935.0
866.6584870146295 1069.0
866.9070032335858 1014.0
867.155510670152 1002.0
867.4040093238455 1038.0
867.6524991941827 972.0
867.9009802806806 864.0
868.1494525828563 862.0
868.3979161002262 830.0
868.6463708323078 819.0
868.8948167786174 817.0
869.1432539386718 812.0
869.3916823119887 817.0
869.6401018980839 802.0
869.8885126964751 810.0
870.1369147066789 820.0
870.3853079282118 812.0
870.6336923605911 811.0
870.8820680033335 827.0
871.1304348559562 823.0
871.3787929179755 806.0
871.6271421889087 817.0
871.8754826682726 815.0
872.1238143555837 809.0
872.3721372503595 815.0
872.6204513521162 803.0
872.8687566603713 812.0
873.1170531746413 813.0
873.365340894443 816.0
873.6136198192935 824.0
873.8618899487094 835.0
874.110151282208 806.0
874.3584038193057 792.0
874.6066475595196 816.0
874.8548825023668 812.0
875.1031086473636 816.0
875.3513259940273 800.0
875.5995345418747 825.0
875.8477342904224 838.0
876.0959252391877 829.0
876.3441073876871 817.0
876.5922807354377 818.0
876.8404452819562 816.0
877.0886010267599 824.0
877.3367479693651 828.0
877.5848861092887 820.0
877.8330154460481 830.0
878.0811359791594 804.0
878.3292477081402 812.0
878.5773506325071 814.0
878.8254447517768 813.0
879.0735300654665 800.0
879.3216065730924 801.0
879.5696742741723 809.0
879.8177331682225 822.0
880.0657832547598 810.0
880.3138245333014 812.0
880.5618570033639 809.0
880.8098806644645 818.0
881.0578955161196 805.0
881.3059015578464 808.0
881.5538987891618 807.0
881.8018872095822 810.0
882.0498668186252 813.0
882.297837615807 819.0
882.5457996006451 818.0
882.7937527726558 813.0
883.041697131356 808.0
883.2896326762632 822.0
883.5375594068934 824.0
883.7854773227642 820.0
884.0333864233922 830.0
884.2812867082938 829.0
884.5291781769868 821.0
884.7770608289871 826.0
885.0249346638125 820.0
885.2727996809792 821.0
885.5206558800041 819.0
885.7685032604046 816.0
886.0163418216969 801.0
886.2641715633982 804.0
886.5119924850256 806.0
886.7598045860955 812.0
887.007607866125 822.0
887.2554023246308 821.0
887.5031879611303 817.0
887.7509647751398 803.0
887.9987327661763 806.0
888.2464919337567 817.0
888.4942422773979 822.0
888.7419837966169 805.0
888.9897164909302 803.0
889.2374403598551 813.0
889.4851554029083 791.0
889.7328616196063 806.0
889.9805590094667 800.0
890.2282475720056 805.0
890.4759273067405 806.0
890.7235982131879 796.0
890.9712602908646 820.0
891.218913539288 811.0
891.4665579579743 812.0
891.7141935464408 802.0
891.9618203042044 826.0
892.2094382307815 811.0
892.4570473256895 798.0
892.7046475884449 798.0
892.9522390185649 800.0
893.1998216155661 819.0
893.4473953789653 804.0
893.6949603082797 808.0
893.9425164030258 801.0
894.1900636627211 805.0
894.4376020868815 793.0
894.6851316750246 806.0
894.9326524266672 820.0
895.1801643413257 806.0
895.4276674185177 806.0
895.6751616577593 800.0
895.922647058568 809.0
896.1701236204603 805.0
896.4175913429531 819.0
896.6650502255636 804.0
896.912500267808 825.0
897.159941469204 825.0
897.4073738292678 816.0
897.6547973475165 814.0
897.9022120234671 812.0
898.1496178566362 803.0
898.3970148465409 819.0
898.644402992698 807.0
898.8917822946241 807.0
899.1391527518367 818.0
899.386514363852 794.0
899.6338671301874 808.0
899.8812110503592 813.0
900.1285461238849 825.0
900.375872350281 809.0
900.6231897290643 807.0
900.8704982597519 805.0
901.1177979418604 822.0
901.3650887749071 816.0
901.6123707584086 802.0
901.8596438918815 806.0
902.106908174843 802.0
902.35416360681 807.0
902.6014101872993 813.0
902.8486479158278 821.0
903.095876791912 813.0
903.3430968150694 818.0
903.5903079848164 801.0
903.83751030067 820.0
904.0847037621473 810.0
904.3318883687646 826.0
904.5790641200394 816.0
904.826231015488 799.0
905.0733890546279 809.0
905.3205382369753 794.0
905.5676785620476 820.0
905.8148100293615 811.0
906.0619326384336 814.0
906.3090463887813 818.0
906.5561512799208 817.0
906.8032473113697 818.0
907.0503344826443 830.0
907.2974127932616 828.0
907.5444822427387 827.0
907.7915428305921 828.0
908.038594556339 834.0
908.2856374194963 826.0
908.5326714195803 822.0
908.7796965561088 801.0
909.0267128285976 822.0
909.2737202365645 848.0
909.520718779526 833.0
909.7677084569985 814.0
910.0146892684998 832.0
910.261661213546 829.0
910.5086242916544 852.0
910.7555785023416 851.0
911.0025238451248 854.0
911.2494603195206 893.0
911.4963879250456 966.0
911.7433066612174 1138.0
911.9902165275522 2072.0
912.2371175235672 2839.0
912.4840096487795 2035.0
912.7308929027052 2076.0
912.9777672848619 2173.0
913.2246327947661 1793.0
913.4714894319347 1294.0
913.7183371958849 1037.0
913.965176086133 969.0
914.2120061021965 926.0
914.4588272435916 875.0
914.7056395098358 862.0
914.9524429004457 849.0
915.1992374149379 845.0
915.4460230528298 839.0
915.6927998136375 833.0
915.9395676968788 839.0
916.1863267020701 832.0
916.4330768287281 810.0
916.67981807637 811.0
916.9265504445123 832.0
917.1732739326723 819.0
917.4199885403666 834.0
917.6666942671121 816.0
917.9133911124259 827.0
918.1600790758242 819.0
918.4067581568248 832.0
918.6534283549438 810.0
918.9000896696987 816.0
919.1467421006058 850.0
919.3933856471822 853.0
919.6400203089449 846.0
919.8866460854103 844.0
920.1332629760961 838.0
920.3798709805186 838.0
920.6264700981943 842.0
920.8730603286409 834.0
921.1196416713748 837.0
921.3662141259131 861.0
921.6127776917724 867.0
921.8593323684695 916.0
922.1058781555217 1286.0
922.3524150524454 1730.0
922.598943058758 1326.0
922.8454621739758 1255.0
923.0919723976159 1354.0
923.3384737291954 1252.0
923.5849661682307 1046.0
923.8314497142393 903.0
924.0779243667373 860.0
924.3243901252423 856.0
924.5708469892709 848.0
924.8172949583395 821.0
925.0637340319656 818.0
925.3101642096658 826.0
925.5565854909571 821.0
925.8029978753563 822.0
926.04940136238 808.0
926.2957959515456 795.0
926.5421816423694 826.0
926.7885584343687 837.0
927.0349263270604 808.0
927.281285319961 810.0
927.5276354125876 816.0
927.7739766044568 818.0
928.020308895086 816.0
928.2666322839915 822.0
928.5129467706906 813.0
928.7592523547 811.0
929.0055490355364 819.0
929.2518368127171 818.0
929.4981156857584 812.0
929.7443856541778 816.0
929.9906467174917 812.0
930.2368988752169 801.0
930.4831421268707 811.0
930.7293764719695 826.0
930.9756019100306 812.0
931.2218184405708 822.0
931.4680260631065 813.0
931.7142247771553 810.0
931.9604145822334 810.0
932.2065954778582 804.0
932.4527674635461 816.0
932.6989305388141 820.0
932.9450847031794 814.0
933.1912299561584 807.0
933.4373662972685 825.0
933.6834937260257 804.0
933.929612241948 808.0
934.1757218445516 818.0
934.4218225333533 819.0
934.6679143078701 814.0
934.913997167619 820.0
935.1600711121167 856.0
935.4061361408803 880.0
935.6521922534262 827.0
935.8982394492718 829.0
936.1442777279336 832.0
936.3903070889288 844.0
936.636327531774 833.0
936.882339055986 817.0
937.128341661082 809.0
937.3743353465785 818.0
937.6203201119927 822.0
937.8662959568414 809.0
938.1122628806411 820.0
938.3582208829092 815.0
938.6041699631621 805.0
938.8501101209171 808.0
939.0960413556905 815.0
939.341963667 798.0
939.5878770543618 818.0
939.8337815172929 814.0
940.0796770553103 807.0
940.3255636679306 815.0
940.5714413546712 819.0
940.8173101150486 808.0
941.0631699485793 824.0
941.309020854781 807.0
941.5548628331699 798.0
941.8006958832632 803.0
942.0465200045778 811.0
942.2923351966301 811.0
942.5381414589376 812.0
942.7839387910167 828.0
943.0297271923846 806.0
943.275506662558 801.0
943.5212772010536 812.0
943.7670388073888 815.0
944.0127914810797 812.0
944.2585352216438 818.0
944.504270028598 803.0
944.7499959014584 813.0
944.9957128397427 807.0
945.2414208429674 798.0
945.4871199106495 814.0
945.7328100423057 826.0
945.978491237453 804.0
946.2241634956084 816.0
946.4698268162882 796.0
946.71548119901 800.0
946.9611266432901 817.0
947.2067631486459 804.0
947.4523907145939 804.0
947.6980093406509 813.0
947.943619026334 805.0
948.1892197711599 811.0
948.4348115746456 806.0
948.680394436308 815.0
948.9259683556636 818.0
949.17153333223 801.0
949.4170893655231 819.0
949.6626364550607 813.0
949.9081746003591 794.0
950.1537038009352 808.0
950.3992240563063 804.0
950.6447353659886 810.0
950.8902377294995 818.0
951.1357311463555 808.0
951.381215616074 798.0
951.6266911381715 801.0
951.8721577121647 822.0
952.1176153375708 812.0
952.3630640139064 807.0
952.6085037406887 800.0
952.8539345174344 798.0
953.09935634366 801.0
953.3447692188829 813.0
953.5901731426196 801.0
953.8355681143876 801.0
954.080954133703 815.0
954.326331200083 796.0
954.5716993130445 801.0
954.8170584721041 810.0
955.0624086767792 823.0
955.3077499265863 824.0
955.5530822210421 809.0
955.798405559664 809.0
956.0437199419682 797.0
956.2890253674723 804.0
956.5343218356925 813.0
956.7796093461461 809.0
957.02488789835 819.0
957.2701574918206 800.0
957.5154181260752 816.0
957.7606698006304 819.0
958.0059125150034 805.0
958.2511462687107 803.0
958.4963710612694 808.0
958.7415868921963 805.0
958.9867937610082 812.0
959.2319916672224 811.0
959.4771806103552 811.0
959.7223605899235 807.0
959.9675316054446 805.0
960.2126936564348 806.0
960.4578467424116 818.0
960.7029908628915 796.0
960.9481260173911 813.0
961.193252205428 819.0
961.4383694265184 815.0
961.6834776801796 806.0
961.9285769659282 814.0
962.1736672832812 797.0
962.4187486317555 829.0
962.6638210108677 814.0
962.908884420135 813.0
963.153938859074 820.0
963.3989843272019 830.0
963.6440208240352 814.0
963.889048349091 844.0
964.1340669018862 843.0
964.3790764819373 832.0
964.6240770887617 832.0
964.8690687218761 839.0
965.114051380797 859.0
965.3590250650417 1012.0
965.6039897741268 1424.0
965.8489455075695 1213.0
966.0938922648864 991.0
966.3388300455941 980.0
966.5837588492103 996.0
966.8286786752509 973.0
967.0735895232334 922.0
967.3184913926743 903.0
967.5633842830911 842.0
967.808268194 831.0
968.0531431249179 822.0
968.2980090753622 829.0
968.5428660448491 820.0
968.7877140328961 827.0
969.0325530390197 815.0
969.2773830627367 805.0
969.5222041035643 814.0
969.7670161610189 815.0
970.0118192346179 809.0
970.2566133238779 820.0
970.5013984283155 807.0
970.746174547448 813.0
970.990941680792 797.0
971.2356998278649 806.0
971.480448988183 818.0
971.725189161263 802.0
971.9699203466223 804.0
972.2146425437775 806.0
972.4593557522456 813.0
972.7040599715434 812.0
972.9487552011876 820.0
973.1934414406954 807.0
973.4381186895833 817.0
973.6827869473685 821.0
973.9274462135677 832.0
974.1720964876979 796.0
974.4167377692759 814.0
974.6613700578182 828.0
974.9059933528424 820.0
975.1506076538647 817.0
975.3952129604023 821.0
975.6398092719721 828.0
975.8843965880908 816.0
976.1289749082755 818.0
976.3735442320426 793.0
976.6181045589096 823.0
976.862655888393 810.0
977.1071982200094 815.0
977.3517315532764 821.0
977.5962558877101 817.0
977.840771222828 809.0
978.0852775581467 832.0
978.3297748931827 898.0
978.5742632274536 845.0
978.8187425604756 822.0
979.063212891766 823.0
979.3076742208415 840.0
979.5521265472191 832.0
979.7965698704156 814.0
980.0410041899477 810.0
980.2854295053326 811.0
980.5298458160865 802.0
980.7742531217272 807.0
981.0186514217711 819.0
981.2630407157347 806.0
981.5074210031356 808.0
981.7517922834901 797.0
981.9961545563154 813.0
982.2405078211283 816.0
982.4848520774455 817.0
982.729187324784 816.0
982.9735135626606 817.0
983.2178307905924 817.0
983.4621390080961 812.0
983.7064382146882 822.0
983.9507284098863 821.0
984.1950095932067 803.0
984.4392817641666 829.0
984.6835449222825 819.0
984.9277990670716 823.0
985.1720441980509 814.0
985.4162803147366 799.0
985.6605074166464 808.0
985.9047255032964 793.0
986.1489345742042 810.0
986.3931346288863 803.0
986.6373256668593 799.0
986.8815076876406 797.0
987.1256806907464 798.0
987.3698446756944 806.0
987.613999642001 802.0
987.8581455891829 821.0
988.1022825167574 812.0
988.3464104242408 815.0
988.5905293111508 809.0
988.8346391770036 806.0
989.0787400213161 824.0
989.3228318436055 818.0
989.5669146433884 817.0
989.8109884201817 817.0
990.0550531735024 802.0
990.2991089028674 794.0
990.5431556077934 823.0
990.7871932877973 812.0
991.031221942396 797.0
991.2752415711062 808.0
991.5192521734452 798.0
991.7632537489297 792.0
992.0072462970761 799.0
992.251229817402 796.0
992.4952043094236 801.0
992.7391697726582 804.0
992.9831262066227 806.0
993.2270736108336 803.0
993.4710119848082 801.0
993.7149413280629 797.0
993.958861640115 802.0
994.2027729204812 810.0
994.4466751686781 811.0
994.6905683842231 807.0
994.9344525666326 814.0
995.1783277154237 822.0
995.4221938301132 801.0
995.6660509102181 823.0
995.9098989552552 804.0
996.1537379647411 800.0
996.3975679381932 812.0
996.6413888751279 816.0
996.8852007750622 803.0
997.1290036375133 809.0
997.3727974619973 820.0
997.6165822480319 792.0
997.8603579951333 796.0
998.104124702819 814.0
998.3478823706055 793.0
998.5916309980095 813.0
998.8353705845483 807.0
999.0791011297383 815.0
999.3228226330968 804.0
999.5665350941406 804.0
999.8102385123861 812.0
1000.0539328873509 810.0
1000.2976182185512 810.0
1000.5412945055043 811.0
1000.7849617477269 820.0
1001.0286199447357 809.0
1001.2722690960481 801.0
1001.5159092011804 808.0
1001.75954025965 808.0
1002.003162270973 804.0
1002.246775234667 805.0
1002.4903791502487 803.0
1002.7339740172346 819.0
1002.9775598351421 821.0
1003.2211366034876 825.0
1003.4647043217884 803.0
1003.7082629895611 787.0
1003.9518126063224 798.0
1004.1953531715895 806.0
1004.4388846848791 813.0
1004.6824071457083 821.0
1004.9259205535938 800.0
1005.1694249080521 804.0
1005.4129202086007 796.0
1005.6564064547559 814.0
1005.8998836460353 803.0
1006.1433517819551 810.0
1006.3868108620323 797.0
1006.6302608857841 823.0
1006.8737018527269 798.0
1007.1171337623779 809.0
1007.3605566142537 830.0
1007.6039704078715 798.0
1007.8473751427481 821.0
1008.0907708184001 815.0
1008.3341574343445 810.0
1008.5775349900982 818.0
1008.8209034851784 827.0
1009.0642629191013 812.0
1009.3076132913841 801.0
1009.5509546015439 816.0
1009.7942868490973 804.0
1010.0376100335611 813.0
1010.2809241544525 807.0
1010.5242292112879 802.0
1010.7675252035845 806.0
1011.010812130859 802.0
1011.2540899926286 810.0
1011.4973587884098 802.0
1011.7406185177194 803.0
1011.9838691800747 809.0
1012.2271107749921 814.0
1012.470343301989 809.0
1012.7135667605817 812.0
1012.9567811502875 807.0
1013.1999864706231 798.0
1013.4431827211052 813.0
1013.686369901251 804.0
1013.929548010577 813.0
1014.1727170486006 809.0
1014.4158770148383 806.0
1014.6590279088067 802.0
1014.9021697300233 797.0
1015.1453024780044 798.0
1015.3884261522674 797.0
1015.6315407523286 817.0
1015.8746462777051 816.0
1016.1177427279141 818.0
1016.3608301024719 805.0
1016.603908400896 811.0
1016.8469776227028 816.0
1017.0900377674091 813.0
1017.3330888345322 814.0
1017.5761308235883 797.0
1017.8191637340951 816.0
1018.0621875655689 802.0
1018.3052023175269 807.0
1018.5482079894858 826.0
1018.7912045809622 827.0
1019.0341920914735 812.0
1019.2771705205361 808.0
1019.5201398676672 806.0
1019.7631001323837 818.0
1020.006051314202 820.0
1020.2489934126395 805.0
1020.4919264272125 793.0
1020.7348503574386 806.0
1020.9777652028342 808.0
1021.2206709629161 820.0
1021.4635676372014 820.0
1021.7064552252067 818.0
1021.9493337264495 803.0
1022.1922031404459 799.0
1022.4350634667132 802.0
1022.6779147047681 821.0
1022.9207568541273 825.0
1023.1635899143083 804.0
1023.4064138848273 805.0
1023.6492287652015 816.0
1023.8920345549478 799.0
1024.134831253583 806.0
1024.377618860624 814.0
1024.6203973755871 798.0
1024.8631667979898 804.0
1025.1059271273493 803.0
1025.3486783631818 811.0
1025.5914205050044 819.0
1025.8341535523336 805.0
1026.076877504687 816.0
1026.3195923615808 809.0
1026.5622981225324 823.0
1026.8049947870584 798.0
1027.0476823546753 798.0
1027.2903608249007 806.0
1027.5330301972513 808.0
1027.7756904712435 809.0
1028.0183416463947 816.0
1028.260983722221 811.0
1028.5036166982402 830.0
1028.7462405739689 799.0
1028.9888553489234 816.0
1029.2314610226213 800.0
1029.474057594579 792.0
1029.7166450643138 795.0
1029.9592234313418 812.0
1030.2017926951808 809.0
1030.4443528553472 816.0
1030.6869039113576 800.0
1030.9294458627296 818.0
1031.1719787089794 809.0
1031.414502449624 796.0
1031.6570170841808 816.0
1031.8995226121658 823.0
1032.1420190330966 821.0
1032.3845063464896 799.0
1032.6269845518618 802.0
1032.8694536487305 820.0
1033.111913636612 812.0
1033.3543645150232 805.0
1033.596806283481 810.0
1033.8392389415026 799.0
1034.081662488605 802.0
1034.324076924304 809.0
1034.566482248118 813.0
1034.8088784595625 808.0
1035.0512655581551 806.0
1035.2936435434124 824.0
1035.5360124148515 832.0
1035.778372171989 821.0
1036.020722814342 801.0
1036.2630643414275 798.0
1036.5053967527615 814.0
1036.7477200478622 798.0
1036.9900342262456 813.0
1037.2323392874284 815.0
1037.4746352309282 807.0
1037.7169220562612 789.0
1037.9591997629448 813.0
1038.2014683504956 796.0
1038.4437278184303 806.0
1038.685978166266 801.0
1038.9282193935196 804.0
1039.170451499708 807.0
1039.4126744843477 809.0
1039.6548883469559 800.0
1039.8970930870496 816.0
1040.1392887041452 801.0
1040.3814751977598 801.0
1040.6236525674105 809.0
1040.8658208126137 818.0
1041.107979932887 800.0
1041.3501299277466 809.0
1041.5922707967095 803.0
1041.8344025392926 812.0
1042.0765251550129 794.0
1042.3186386433872 804.0
1042.5607430039322 803.0
1042.802838236165 812.0
1043.0449243396022 809.0
1043.2870013137613 816.0
1043.5290691581586 797.0
1043.7711278723107 801.0
1044.013177455735 805.0
1044.2552179079482 789.0
1044.4972492284676 789.0
1044.7392714168093 812.0
1044.9812844724902 797.0
1045.223288395028 800.0
1045.4652831839387 814.0
1045.70726883874 805.0
1045.949245358948 804.0
1046.1912127440798 804.0
1046.4331709936528 812.0
1046.675120107183 810.0
1046.9170600841878 811.0
1047.1589909241836 818.0
1047.400912626688 820.0
1047.6428251912175 810.0
1047.8847286172886 805.0
1048.1266229044188 810.0
1048.3685080521243 796.0
1048.6103840599228 820.0
1048.8522509273307 792.0
1049.0941086538646 803.0
1049.3359572390418 797.0
1049.577796682379 823.0
1049.819626983393 805.0
1050.061448141601 810.0
1050.3032601565194 822.0
1050.5450630276655 816.0
1050.7868567545556 795.0
1051.0286413367073 804.0
1051.270416773637 806.0
1051.5121830648616 793.0
1051.7539402098982 806.0
1051.9956882082631 795.0
1052.237427059474 799.0
1052.479156763047 819.0
1052.7208773184996 816.0
1052.9625887253483 812.0
1053.2042909831098 822.0
1053.4459840913016 809.0
1053.6876680494397 804.0
1053.929342857042 818.0
1054.1710085136244 805.0
1054.4126650187043 806.0
1054.6543123717986 800.0
1054.8959505724238 802.0
1055.1375796200969 808.0
1055.3791995143351 825.0
1055.620810254655 805.0
1055.8624118405735 804.0
1056.1040042716074 789.0
1056.3455875472737 804.0
1056.5871616670893 793.0
1056.8287266305706 801.0
1057.070282437235 812.0
1057.3118290865991 797.0
1057.5533665781802 817.0
1057.7948949114943 794.0
1058.0364140860593 820.0
1058.2779241013916 811.0
1058.5194249570077 804.0
1058.760916652425 802.0
1059.0023991871599 786.0
1059.24387256073 817.0
1059.4853367726514 813.0
1059.7267918224413 809.0
1059.968237709617 792.0
1060.2096744336943 796.0
1060.451101994191 798.0
1060.6925203906237 790.0
1060.933929622509 810.0
1061.1753296893642 828.0
1061.4167205907056 823.0
1061.6581023260508 812.0
1061.8994748949162 817.0
1062.1408382968189 805.0
1062.3821925312755 802.0
1062.6235375978026 796.0
1062.8648734959181 807.0
1063.1062002251376 802.0
1063.3475177849793 801.0
1063.588826174959 795.0
1063.830125394594 805.0
1064.0714154434013 815.0
1064.312696320897 808.0
1064.553968026599 805.0
1064.7952305600238 804.0
1065.036483920688 812.0
1065.2777281081087 799.0
1065.5189631218025 801.0
1065.7601889612868 816.0
1066.001405626078 804.0
1066.2426131156928 808.0
1066.4838114296492 804.0
1066.7250005674625 812.0
1066.9661805286507 796.0
1067.2073513127305 808.0
1067.4485129192178 814.0
1067.689665347631 811.0
1067.9308085974856 818.0
1068.1719426682996 812.0
1068.413067559589 818.0
1068.654183270871 798.0
1068.8952898016628 812.0
1069.1363871514804 810.0
1069.3774753198418 810.0
1069.618554306263 821.0
1069.8596241102612 802.0
1070.100684731353 801.0
1070.3417361690556 819.0
1070.582778422886 787.0
1070.8238114923604 796.0
1071.0648353769964 790.0
1071.3058500763104 809.0
1071.5468555898192 818.0
1071.7878519170404 799.0
1072.02883905749 801.0
1072.2698170106853 795.0
1072.5107857761434 795.0
1072.75174535338 819.0
1072.9926957419138 805.0
1073.23363694126 801.0
1073.4745689509368 790.0
1073.7154917704597 798.0
1073.9564053993467 802.0
1074.1973098371145 807.0
1074.4382050832794 813.0
1074.6790911373587 819.0
1074.9199679988692 803.0
1075.1608356673278 810.0
1075.4016941422512 788.0
1075.6425434231562 827.0
1075.8833835095604 799.0
1076.1242144009796 809.0
1076.3650360969316 802.0
1076.6058485969324 800.0
1076.8466519004996 809.0
1077.0874460071498 814.0
1077.3282309163997 793.0
1077.5690066277664 805.0
1077.8097731407665 802.0
1078.0505304549172 796.0
1078.2912785697354 804.0
1078.5320174847377 812.0
1078.772747199441 807.0
1079.0134677133622 798.0
1079.2541790260184 795.0
1079.4948811369263 801.0
1079.7355740456023 804.0
1079.9762577515642 802.0
1080.2169322543277 808.0
1080.4575975534112 801.0
1080.6982536483301 809.0
1080.9389005386022 818.0
1081.179538223744 781.0
1081.4201667032721 804.0
1081.6607859767041 818.0
1081.9013960435564 808.0
1082.1419969033457 804.0
1082.382588555589 784.0
1082.6231709998035 808.0
1082.863744235506 800.0
1083.104308262213 802.0
1083.3448630794412 798.0
1083.5854086867082 807.0
1083.8259450835303 818.0
1084.0664722694248 808.0
1084.306990243908 809.0
1084.5474990064974 811.0
1084.7879985567097 792.0
1085.0284888940612 797.0
1085.2689700180695 795.0
1085.509441928251 807.0
1085.749904624123 819.0
1085.990358105202 799.0
1086.2308023710048 797.0
1086.4712374210485 785.0
1086.71166325485 799.0
1086.9520798719261 801.0
1087.1924872717937 816.0
1087.4328854539694 818.0
1087.6732744179706 802.0
1087.9136541633134 810.0
1088.1540246895156 803.0
1088.3943859960934 795.0
1088.6347380825637 802.0
1088.8750809484436 806.0
1089.1154145932499 808.0
1089.3557390164995 808.0
1089.5960542177095 803.0
1089.836360196396 794.0
1090.0766569520767 809.0
1090.3169444842679 796.0
1090.557222792487 793.0
1090.7974918762502 793.0
1091.037751735075 802.0
1091.2780023684782 816.0
1091.518243775976 798.0
1091.7584759570861 795.0
1091.9986989113247 812.0
1092.2389126382093 806.0
1092.4791171372563 807.0
1092.7193124079827 808.0
1092.9594984499054 808.0
1093.1996752625412 825.0
1093.4398428454072 817.0
1093.68000119802 801.0
1093.9201503198965 807.0
1094.1602902105537 794.0
1094.4004208695083 820.0
1094.6405422962773 807.0
1094.8806544903778 804.0
1095.120757451326 797.0
1095.3608511786392 807.0
1095.6009356718341 793.0
1095.8410109304282 805.0
1096.0810769539376 806.0
1096.3211337418795 800.0
1096.5611812937707 797.0
1096.8012196091279 811.0
1097.0412486874682 804.0
1097.2812685283084 804.0
1097.5212791311658 809.0
1097.7612804955563 794.0
1098.0012726209975 794.0
1098.2412555070064 792.0
1098.4812291530989 807.0
1098.721193558793 801.0
1098.961148723605 791.0
1099.2010946470518 800.0
1099.4410313286503 821.0
1099.6809587679172 802.0
1099.92087696437 809.0
1100.1607859175251 803.0
1100.400685626899 801.0
1100.640576092009 804.0
1100.880457312372 786.0
1101.1203292875052 796.0
1101.3601920169247 814.0
1101.6000455001479 810.0
1101.8398897366915 804.0
1102.079724726072 805.0
1102.3195504678072 811.0
1102.559366961413 811.0
1102.7991742064069 795.0
1103.0389722023056 799.0
1103.2787609486254 793.0
1103.5185404448844 807.0
1103.7583106905984 817.0
1103.9980716852845 797.0
1104.23782342846 811.0
1104.4775659196412 798.0
1104.7172991583454 800.0
1104.9570231440887 802.0
1105.1967378763893 796.0
1105.436443354763 819.0
1105.6761395787273 797.0
1105.9158265477986 810.0
1106.1555042614937 805.0
1106.3951727193298 803.0
1106.6348319208234 795.0
1106.8744818654923 798.0
1107.1141225528525 802.0
1107.3537539824208 803.0
1107.5933761537144 802.0
1107.8329890662503 796.0
1108.072592719545 816.0
1108.3121871131157 804.0
1108.551772246479 809.0
1108.7913481191517 812.0
1109.030914730651 790.0
1109.2704720804938 804.0
1109.5100201681967 794.0
1109.7495589932764 801.0
1109.9890885552504 800.0
1110.2286088536348 810.0
1110.4681198879473 799.0
1110.707621657704 799.0
1110.9471141624224 804.0
1111.1865974016187 801.0
1111.4260713748101 808.0
1111.665536081514 811.0
1111.9049915212463 804.0
1112.1444376935244 805.0
1112.3838745978653 797.0
1112.6233022337854 786.0
1112.8627206008023 788.0
1113.102129698432 791.0
1113.3415295261918 804.0
1113.5809200835986 814.0
1113.820301370169 790.0
1114.0596733854206 797.0
1114.2990361288694 812.0
1114.5383896000326 800.0
1114.7777337984273 792.0
1115.0170687235698 806.0
1115.2563943749778 802.0
1115.4957107521673 802.0
1115.7350178546556 795.0
1115.9743156819598 799.0
1116.213604233596 800.0
1116.452883509082 802.0
1116.692153507934 803.0
1116.9314142296694 806.0
1117.1706656738045 806.0
1117.4099078398563 805.0
1117.6491407273422 802.0
1117.8883643357783 801.0
1118.1275786646822 790.0
1118.36678371357 802.0
1118.6059794819594 790.0
1118.8451659693665 806.0
1119.0843431753085 804.0
1119.3235110993026 803.0
1119.5626697408647 784.0
1119.8018190995128 800.0
1120.0409591747637 800.0
1120.2800899661331 782.0
1120.519211473139 798.0
1120.7583236952978 810.0
1120.9974266321262 807.0
1121.236520283142 811.0
1121.4756046478608 801.0
1121.7146797258001 805.0
1121.9537455164768 800.0
1122.192802019408 803.0
1122.4318492341101 789.0
1122.6708871601 807.0
1122.909915796895 821.0
1123.1489351440111 808.0
1123.3879452009662 812.0
1123.6269459672762 812.0
1123.865937442459 802.0
1124.1049196260308 785.0
1124.3438925175087 791.0
