gas=Ar_shot=10_power=141.6WHR4000 spectrum
Wavelength [nm] // Intensity [u.a.] 
194.93414 813.0
195.2037815346219 762.0
195.47341553816543 798.0
195.74304201014752 785.0
196.012660950085 807.0
196.28227235749478 806.0
196.55187623189366 797.0
196.82147257279857 791.0
197.09106137972637 805.0
197.36064265219392 792.0
197.63021638971804 795.0
197.89978259181567 806.0
198.16934125800364 792.0
198.43889238779886 805.0
198.7084359807181 806.0
198.97797203627835 806.0
199.2475005539964 814.0
199.51702153338914 802.0
199.78653497397343 809.0
200.05604087526618 786.0
200.3255392367842 797.0
200.59503005804436 813.0
200.8645133385636 820.0
201.1339890778587 783.0
201.4034572754466 806.0
201.67291793084408 823.0
201.94237104356813 810.0
202.21181661313554 807.0
202.48125463906314 801.0
202.7506851208679 807.0
203.02010805806663 809.0
203.28952345017618 802.0
203.55893129671344 815.0
203.8283315971953 811.0
204.0977243511386 801.0
204.3671095580602 818.0
204.636487217477 816.0
204.90585732890585 795.0
205.17521989186366 798.0
205.44457490586717 788.0
205.7139223704334 817.0
205.98326228507918 800.0
206.2525946493213 818.0
206.5219194626767 821.0
206.79123672466224 809.0
207.06054643479476 805.0
207.32984859259116 810.0
207.59914319756828 810.0
207.86843024924303 809.0
208.13770974713225 809.0
208.40698169075276 806.0
208.6762460796215 815.0
208.94550291325532 801.0
209.2147521911711 802.0
209.48399391288567 799.0
209.75322807791594 805.0
210.02245468577874 806.0
210.29167373599094 782.0
210.56088522806942 798.0
210.83008916153108 820.0
211.09928553589276 809.0
211.3684743506713 809.0
211.63765560538363 795.0
211.9068292995466 812.0
212.175995432677 807.0
212.44515400429182 825.0
212.71430501390782 809.0
212.98344846104192 813.0
213.25258434521103 808.0
213.52171266593191 821.0
213.79083342272153 811.0
214.05994661509675 820.0
214.3290522425744 825.0
214.5981503046713 796.0
214.8672408009044 819.0
215.13632373079054 807.0
215.4053990938466 804.0
215.6744668895894 811.0
215.94352711753592 808.0
216.21257977720293 809.0
216.48162486810728 799.0
216.7506623897659 806.0
217.01969234169565 797.0
217.2887147234134 807.0
217.55772953443596 811.0
217.82673677428028 823.0
218.0957364424632 806.0
218.36472853850154 809.0
218.6337130619122 808.0
218.9026900122121 794.0
219.17165938891804 805.0
219.4406211915469 799.0
219.70957541961562 808.0
219.97852207264097 793.0
220.24746115013983 792.0
220.5163926516291 793.0
220.78531657662566 803.0
221.05423292464639 812.0
221.32314169520808 806.0
221.59204288782766 808.0
221.860936502022 825.0
222.12982253730797 815.0
222.39870099320237 795.0
222.66757186922214 817.0
222.93643516488416 804.0
223.20529087970525 813.0
223.47413901320226 799.0
223.74297956489212 802.0
224.01181253429166 803.0
224.28063792091777 804.0
224.5494557242873 809.0
224.8182659439171 802.0
225.08706857932413 802.0
225.35586363002508 803.0
225.62465109553705 802.0
225.89343097537673 805.0
226.16220326906105 816.0
226.43096797610687 816.0
226.69972509603105 806.0
226.9684746283505 795.0
227.237216572582 800.0
227.50595092824256 834.0
227.7746776948489 818.0
228.04339687191796 803.0
228.31210845896663 815.0
228.5808124555117 797.0
228.84950886107015 801.0
229.11819767515877 806.0
229.38687889729442 800.0
229.65555252699397 799.0
229.92421856377433 811.0
230.1928770071524 810.0
230.46152785664492 811.0
230.73017111176884 815.0
230.99880677204106 812.0
231.26743483697837 813.0
231.53605530609772 820.0
231.8046681789159 827.0
232.07327345494983 819.0
232.34187113371638 798.0
232.61046121473237 812.0
232.87904369751473 816.0
233.14761858158028 814.0
233.41618586644586 821.0
233.68474555162845 817.0
233.95329763664483 814.0
234.2218421210119 814.0
234.49037900424648 821.0
234.7589082858655 802.0
235.02742996538583 811.0
235.29594404232427 817.0
235.56445051619772 805.0
235.8329493865231 810.0
236.10144065281722 811.0
236.36992431459691 803.0
236.63840037137916 814.0
236.9068688226808 804.0
237.1753296680186 794.0
237.44378290690955 812.0
237.7122285388704 825.0
237.9806665634181 807.0
238.24909698006957 813.0
238.51751978834153 820.0
238.78593498775095 816.0
239.0543425778147 817.0
239.32274255804958 792.0
239.59113492797255 808.0
239.8595196871004 802.0
240.12789683495004 807.0
240.3962663710383 822.0
240.66462829488208 808.0
240.93298260599826 805.0
241.2013293039037 804.0
241.46966838811522 811.0
241.73799985814978 800.0
242.00632371352418 810.0
242.27463995375527 812.0
242.54294857835998 804.0
242.81124958685515 814.0
243.07954297875764 830.0
243.34782875358434 809.0
243.61610691085207 804.0
243.88437745007772 803.0
244.15264037077822 817.0
244.42089567247035 805.0
244.68914335467105 813.0
244.95738341689716 826.0
245.2256158586655 814.0
245.493840679493 823.0
245.76205787889654 819.0
246.03026745639292 814.0
246.29846941149904 818.0
246.5666637437318 818.0
246.834850452608 820.0
247.1030295376446 807.0
247.37120099835838 818.0
247.63936483426627 824.0
247.9075210448851 819.0
248.17566962973177 814.0
248.4438105883231 821.0
248.71194392017603 812.0
248.98006962480733 812.0
249.248187701734 813.0
249.51629815047275 814.0
249.78440097054056 808.0
250.05249616145431 810.0
250.32058372273076 812.0
250.5886636538869 807.0
250.85673595443953 809.0
251.12480062390551 805.0
251.39285766180177 814.0
251.6609070676451 806.0
251.92894884095242 810.0
252.19698298124058 805.0
252.46500948802645 814.0
252.73302836082692 802.0
253.00103959915882 792.0
253.26904320253902 821.0
253.53703917048443 804.0
253.80502750251188 809.0
254.07300819813827 812.0
254.34098125688044 815.0
254.60894667825525 807.0
254.87690446177962 809.0
255.14485460697037 813.0
255.41279711334434 807.0
255.6807319804185 809.0
255.94865920770962 805.0
256.2165787947346 810.0
256.48449074101035 795.0
256.75239504605366 808.0
257.02029170938147 813.0
257.28818073051065 802.0
257.556062108958 813.0
257.8239358442404 824.0
258.0918019358748 809.0
258.35966038337796 812.0
258.6275111862668 790.0
258.8953543440582 813.0
259.163189856269 806.0
259.4310177224162 815.0
259.6988379420164 812.0
259.9666505145867 815.0
260.23445543964385 828.0
260.50225271670473 813.0
260.77004234528624 793.0
261.03782432490533 806.0
261.3055986550787 818.0
261.5733653353234 799.0
261.8411243651561 820.0
262.1088757440937 814.0
262.37661947165327 820.0
262.6443555473515 811.0
262.9120839707053 819.0
263.1798047412315 802.0
263.44751785844704 807.0
263.7152233218687 817.0
263.98292113101354 815.0
264.2506112853982 816.0
264.51829378453965 810.0
264.7859686279547 810.0
265.05363581516025 811.0
265.32129534567326 809.0
265.5889472190105 818.0
265.8565914346889 829.0
266.1242279922252 817.0
266.39185689113634 811.0
266.65947813093925 813.0
266.9270917111508 824.0
267.19469763128774 803.0
267.46229589086704 822.0
267.72988648940554 821.0
267.9974694264201 826.0
268.2650447014276 801.0
268.53261231394487 809.0
268.80017226348883 805.0
269.0677245495763 803.0
269.3352691717242 798.0
269.60280612944933 818.0
269.8703354222686 817.0
270.13785704969894 817.0
270.40537101125716 809.0
270.67287730646007 794.0
270.9403759348246 820.0
271.2078668958677 813.0
271.47535018910605 806.0
271.7428258140567 811.0
272.01029377023633 807.0
272.2777540571619 822.0
272.5452066743504 826.0
272.81265162131854 802.0
273.08008889758327 799.0
273.34751850266144 808.0
273.6149404360698 799.0
273.8823546973254 815.0
274.1497612859451 782.0
274.4171602014456 809.0
274.6845514433439 812.0
274.95193501115676 794.0
275.2193109044012 814.0
275.486679122594 825.0
275.7540396652521 833.0
276.02139253189216 809.0
276.2887377220313 804.0
276.55607523518626 799.0
276.82340507087395 797.0
277.09072722861123 814.0
277.3580417079149 808.0
277.62534850830195 812.0
277.8926476292892 819.0
278.1599390703934 832.0
278.4272228311316 789.0
278.69449891102056 830.0
278.96176730957717 812.0
279.22902802631836 817.0
279.4962810607609 810.0
279.76352641242164 833.0
280.0307640808177 831.0
280.29799406546556 822.0
280.5652163658824 815.0
280.8324309815849 806.0
281.09963791209003 811.0
281.3668371569146 791.0
281.6340287155756 822.0
281.9012125875897 819.0
282.168388772474 812.0
282.4355572697452 807.0
282.7027180789201 802.0
282.9698711995158 803.0
283.23701663104896 799.0
283.50415437303667 814.0
283.77128442499554 820.0
284.0384067864426 827.0
284.3055214568946 792.0
284.57262843586864 805.0
284.8397277228814 809.0
285.1068193174497 813.0
285.37390321909055 822.0
285.6409794273207 814.0
285.9080479416572 802.0
286.1751087616167 814.0
286.4421618867162 817.0
286.7092073164725 807.0
286.9762450504025 799.0
287.24327508802315 816.0
287.5102974288511 817.0
287.77731207240345 817.0
288.04431901819703 822.0
288.3113182657485 817.0
288.578309814575 805.0
288.84529366419326 820.0
289.1122698141201 792.0
289.37923826387254 801.0
289.6461990129674 805.0
289.91315206092133 817.0
290.18009740725154 803.0
290.44703505147464 803.0
290.7139649931077 802.0
290.98088723166734 806.0
291.24780176667065 809.0
291.5147085976344 807.0
291.78160772407557 813.0
292.04849914551085 820.0
292.3153828614572 813.0
292.58225887143146 807.0
292.8491271749505 807.0
293.1159877715313 799.0
293.3828406606906 807.0
293.6496858419453 813.0
293.9165233148123 814.0
294.1833530788084 800.0
294.4501751334505 811.0
294.71698947825547 799.0
294.9837961127402 814.0
295.2505950364216 805.0
295.5173862488164 782.0
295.78416974944156 809.0
296.050945537814 805.0
296.31771361345045 804.0
296.584473975868 797.0
296.8512266245832 809.0
297.11797155911313 818.0
297.38470877897464 800.0
297.6514382836846 789.0
297.9181600727598 808.0
298.18487414571723 797.0
298.4515805020736 815.0
298.71827914134593 805.0
298.9849700630511 810.0
299.2516532667058 809.0
299.518328751827 811.0
299.78499651793163 818.0
300.0516565645365 806.0
300.3183088911584 806.0
300.58495349731436 828.0
300.8515903825211 823.0
301.1182195462956 805.0
301.3848409881546 814.0
301.65145470761513 796.0
301.91806070419403 803.0
302.184658977408 810.0
302.4512495267741 810.0
302.7178323518091 800.0
302.9844074520298 799.0
303.2509748269532 813.0
303.5175344760962 801.0
303.78408639897555 825.0
304.0506305951082 819.0
304.31716706401096 802.0
304.58369580520065 805.0
304.8502168181943 804.0
305.1167301025086 812.0
305.3832356576606 808.0
305.649733483167 811.0
305.9162235785447 803.0
306.1827059433106 811.0
306.4491805769817 804.0
306.7156474790747 815.0
306.98210664910647 803.0
307.2485580865939 812.0
307.5150017910539 810.0
307.7814377620034 803.0
308.0478659989591 799.0
308.31428650143795 796.0
308.58069926895683 813.0
308.8471043010326 807.0
309.1135015971821 825.0
309.37989115692227 818.0
309.6462729797699 818.0
309.91264706524197 815.0
310.1790134128551 811.0
310.4453720221265 811.0
310.71172289257277 806.0
310.97806602371094 802.0
311.2444014150577 801.0
311.5107290661301 805.0
311.777048976445 819.0
312.04336114551904 817.0
312.30966557286945 813.0
312.5759622580128 811.0
312.8422512004661 817.0
313.1085323997461 809.0
313.3748058553698 804.0
313.641071566854 817.0
313.90732953371554 801.0
314.17357975547145 802.0
314.4398222316384 805.0
314.70605696173334 807.0
314.9722839452731 801.0
315.23850318177466 819.0
315.50471467075477 827.0
315.7709184117303 806.0
316.0371144042182 792.0
316.3033026477353 810.0
316.56948314179846 814.0
316.8356558859246 812.0
317.1018208796305 822.0
317.36797812243304 807.0
317.6341276138491 817.0
317.90026935339563 805.0
318.1664033405894 826.0
318.4325295749473 802.0
318.6986480559862 806.0
318.96475878322303 811.0
319.2308617561746 824.0
319.4969569743577 820.0
319.76304443728935 814.0
320.0291241444864 814.0
320.2951960954656 796.0
320.5612602897438 805.0
320.82731672683815 809.0
321.0933654062652 814.0
321.359406327542 817.0
321.6254394901853 821.0
321.891464893712 818.0
322.157482537639 806.0
322.4234924214832 817.0
322.68949454476143 813.0
322.95548890699064 799.0
323.2214755076875 819.0
323.487454346369 822.0
323.753425422552 810.0
324.01938873575347 824.0
324.2853442854901 812.0
324.55129207127885 834.0
324.8172320926366 823.0
325.08316434908016 812.0
325.34908884012646 806.0
325.61500556529234 804.0
325.8809145240947 796.0
326.14681571605024 807.0
326.4127091406761 807.0
326.6785947974889 813.0
326.9444726860058 820.0
327.2103428057433 831.0
327.47620515621855 811.0
327.74205973694836 815.0
328.00790654744947 823.0
328.2737455872389 797.0
328.5395768558335 812.0
328.80540035275004 819.0
329.0712160775054 803.0
329.33702402961654 797.0
329.6028242086002 812.0
329.86861661397353 814.0
330.13440124525306 814.0
330.4001781019559 817.0
330.66594718359863 822.0
330.9317084896984 823.0
331.19746201977205 806.0
331.46320777333636 793.0
331.7289457499082 811.0
331.9946759490044 810.0
332.2603983701419 810.0
332.5261130128375 817.0
332.79181987660826 813.0
333.05751896097087 796.0
333.3232102654422 808.0
333.58889378953916 798.0
333.85456953277856 800.0
334.1202374946774 798.0
334.38589767475247 813.0
334.6515500725206 809.0
334.9171946874987 817.0
335.18283151920355 805.0
335.4484605671522 821.0
335.7140818308614 801.0
335.97969530984807 808.0
336.245301003629 807.0
336.51089891172114 816.0
336.77648903364127 817.0
337.04207136890636 808.0
337.30764591703326 821.0
337.5732126775387 808.0
337.83877164993976 803.0
338.10432283375314 802.0
338.36986622849577 804.0
338.63540183368457 793.0
338.9009296488363 812.0
339.16644967346787 823.0
339.4319619070962 812.0
339.6974663492381 816.0
339.9629629994105 813.0
340.22845185713027 812.0
340.4939329219141 812.0
340.75940619327906 812.0
341.02487167074196 819.0
341.2903293538197 813.0
341.555779242029 818.0
341.821221334887 817.0
342.0866556319103 811.0
342.3520821326158 789.0
342.6175008365205 788.0
342.8829117431413 809.0
343.1483148519949 817.0
343.41371016259825 805.0
343.6790976744682 795.0
343.9444773871216 792.0
344.20984930007546 816.0
344.4752134128465 805.0
344.74056972495157 807.0
345.0059182359076 811.0
345.27125894523147 813.0
345.53659185244 802.0
345.80191695705014 824.0
346.0672342585787 806.0
346.3325437565426 811.0
346.5978454504585 817.0
346.8631393398436 803.0
347.1284254242145 801.0
347.3937037030882 815.0
347.6589741759816 803.0
347.92423684241146 803.0
348.1894917018946 816.0
348.4547387539481 808.0
348.71997799808867 809.0
348.9852094338332 798.0
349.2504330606986 809.0
349.51564887820166 819.0
349.7808568858593 807.0
350.0460570831885 810.0
350.31124946970584 809.0
350.57643404492853 818.0
350.84161080837316 813.0
351.1067797595568 802.0
351.3719408979961 807.0
351.63709422320824 807.0
351.90223973470984 808.0
352.16737743201776 805.0
352.43250731464894 814.0
352.69762938212034 805.0
352.9627436339487 800.0
353.2278500696509 795.0
353.49294868874387 805.0
353.7580394907444 807.0
354.02312247516943 808.0
354.28819764153576 795.0
354.55326498936034 792.0
354.81832451816 819.0
355.08337622745165 820.0
355.348420116752 829.0
355.613456185578 828.0
355.8784844334467 822.0
356.1435048598747 810.0
356.4085174643791 820.0
356.6735222464765 823.0
356.938519205684 809.0
357.2035083415184 794.0
357.46848965349653 804.0
357.73346314113536 809.0
357.9984288039516 810.0
358.2633866414622 818.0
358.528336653184 816.0
358.793278838634 812.0
359.05821319732894 817.0
359.3231397287857 805.0
359.5880584325211 808.0
359.8529693080521 813.0
360.1178723548955 820.0
360.3827675725683 810.0
360.64765496058726 834.0
360.9125345184692 815.0
361.1774062457311 803.0
361.44227014188965 808.0
361.707126206462 822.0
361.9719744389649 813.0
362.2368148389151 817.0
362.5016474058295 809.0
362.766472139225 806.0
363.0312890386186 812.0
363.296098103527 811.0
363.5608993334672 809.0
363.82569272795587 812.0
364.09047828651006 814.0
364.35525600864656 793.0
364.6200258938823 832.0
364.8847879417341 829.0
365.1495421517188 817.0
365.41428852335326 804.0
365.67902705615444 817.0
365.9437577496392 832.0
366.2084806033243 804.0
366.4731956167267 810.0
366.7379027893632 806.0
367.0026021207507 804.0
367.2672936104061 818.0
367.5319772578463 820.0
367.79665306258806 799.0
368.06132102414836 813.0
368.32598114204393 807.0
368.59063341579173 821.0
368.85527784490864 808.0
369.1199144289115 812.0
369.3845431673172 809.0
369.6491640596426 814.0
369.91377710540445 808.0
370.1783823041198 817.0
370.44297965530546 817.0
370.70756915847835 830.0
370.97215081315517 817.0
371.2367246188529 815.0
371.5012905750884 813.0
371.7658486813786 804.0
372.0303989372402 810.0
372.29494134219027 813.0
372.5594758957455 820.0
372.82400259742286 808.0
373.08852144673915 805.0
373.3530324432114 812.0
373.6175355863563 807.0
373.8820308756908 835.0
374.1465183107317 810.0
374.410997890996 814.0
374.6754696160004 813.0
374.93993348526186 807.0
375.2043894982973 801.0
375.4688376546235 797.0
375.7332779537573 802.0
375.9977103952157 802.0
376.26213497851546 805.0
376.52655170317354 825.0
376.7909605687067 809.0
377.05536157463183 817.0
377.3197547204658 830.0
377.5841400057256 818.0
377.84851742992794 807.0
378.11288699258984 815.0
378.37724869322795 806.0
378.64160253135935 814.0
378.90594850650075 825.0
379.1702866181692 811.0
379.4346168658814 809.0
379.69893924915425 819.0
379.9632537675047 803.0
380.2275604204495 830.0
380.49185920750574 806.0
380.75615012819 809.0
381.0204331820193 838.0
381.2847083685105 818.0
381.5489756871804 805.0
381.8132351375459 823.0
382.07748671912407 808.0
382.34173043143153 805.0
382.6059662739852 803.0
382.8701942463019 822.0
383.1344143478986 828.0
383.3986265782921 827.0
383.6628309369994 823.0
383.92702742353725 815.0
384.1912160374225 811.0
384.45539677817203 794.0
384.7195696453027 804.0
384.98373463833155 803.0
385.2478917567753 810.0
385.5120410001507 806.0
385.7761823679748 824.0
386.0403158597644 817.0
386.30444147503647 813.0
386.5685592133077 808.0
386.8326690740951 796.0
387.09677105691543 816.0
387.36086516128563 813.0
387.6249513867226 826.0
387.88902973274315 809.0
388.15310019886414 809.0
388.41716278460245 813.0
388.68121748947493 822.0
388.9452643129986 806.0
389.2093032546901 804.0
389.47333431406645 840.0
389.73735749064434 810.0
390.0013727839409 811.0
390.2653801934728 816.0
390.52937971875696 812.0
390.7933713593103 816.0
391.05735511464974 808.0
391.3213309842919 820.0
391.5852989677539 813.0
391.8492590645524 809.0
392.1132112742045 803.0
392.37715559622694 802.0
392.6410920301366 809.0
392.9050205754503 810.0
393.1689412316849 801.0
393.43285399835736 811.0
393.69675887498465 833.0
393.96065586108335 825.0
394.2245449561705 826.0
394.4884261597629 835.0
394.75229947137757 837.0
395.01616489053123 842.0
395.28002241674085 832.0
395.5438720495231 820.0
395.80771378839506 804.0
396.0715476328735 813.0
396.33537358247537 808.0
396.5991916367174 803.0
396.86300179511665 797.0
397.12680405718976 821.0
397.39059842245376 810.0
397.65438489042543 812.0
397.91816346062177 810.0
398.18193413255955 828.0
398.4456969057556 807.0
398.7094517797268 820.0
398.97319875399006 816.0
399.2369378280623 799.0
399.50066900146027 814.0
399.764392273701 821.0
400.02810764430114 822.0
400.2918151127777 818.0
400.55551467864757 805.0
400.81920634142756 807.0
401.08289010063453 806.0
401.34656595578537 817.0
401.6102339063969 817.0
401.8738939519861 804.0
402.1375460920697 824.0
402.4011903261647 814.0
402.6648266537879 818.0
402.92845507445617 820.0
403.1920755876863 823.0
403.4556881929953 812.0
403.71929288990003 832.0
403.98288967791734 851.0
404.246478556564 836.0
404.5100595253569 854.0
404.77363258381297 835.0
405.03719773144906 843.0
405.3007549677821 825.0
405.56430429232887 825.0
405.82784570460626 824.0
406.0913792041311 816.0
406.35490479042033 816.0
406.61842246299085 803.0
406.88193222135936 803.0
407.14543406504293 818.0
407.4089279935582 814.0
407.6724140064223 810.0
407.9358921031519 805.0
408.19936228326395 788.0
408.4628245462754 824.0
408.7262788917029 813.0
408.9897253190635 810.0
409.25316382787395 819.0
409.5165944176513 802.0
409.7800170879122 799.0
410.04343183817366 827.0
410.30683866795243 809.0
410.57023757676546 816.0
410.83362856412975 826.0
411.09701162956185 816.0
411.3603867725789 810.0
411.62375399269763 814.0
411.887113289435 825.0
412.1504646623078 806.0
412.4138081108329 825.0
412.6771436345273 821.0
412.94047123290767 811.0
413.20379090549096 819.0
413.46710265179405 807.0
413.7304064713339 817.0
413.9937023636272 809.0
414.25699032819097 814.0
414.52027036454194 809.0
414.78354247219704 818.0
415.0468066506732 853.0
415.31006289948726 889.0
415.5733112181561 932.0
415.83655160619645 1004.0
416.0997840631253 952.0
416.3630085884595 904.0
416.62622518171594 858.0
416.8894338424115 836.0
417.152634570063 829.0
417.4158273641873 827.0
417.67901222430123 829.0
417.9421891499217 852.0
418.2053581405658 863.0
418.46851919575005 873.0
418.7316723149915 865.0
418.99481749780693 930.0
419.2579547437133 969.0
419.5210840522274 1015.0
419.78420542286625 1064.0
420.04731885514644 1125.0
420.31042434858506 1026.0
420.573521902699 906.0
420.83661151700494 857.0
421.0996931910199 829.0
421.3627669242608 821.0
421.6258327162443 800.0
421.88889056648736 806.0
422.1519404745069 826.0
422.41498243981977 806.0
422.6780164619429 811.0
422.9410425403929 832.0
423.2040606746869 820.0
423.46707086434174 817.0
423.7300731088742 821.0
423.9930674078012 817.0
424.25605376063965 824.0
424.5190321669063 823.0
424.782002626118 843.0
425.0449651377918 864.0
425.30791970144446 867.0
425.57086631659286 893.0
425.83380498275386 933.0
426.0967356994443 977.0
426.3596584661811 926.0
426.6225732824811 921.0
426.88548014786113 886.0
427.14837906183817 905.0
427.411270023929 888.0
427.6741530336505 828.0
427.9370280905195 819.0
428.199895194053 826.0
428.46275434376776 829.0
428.72560553918066 816.0
428.98844877980855 818.0
429.2512840651683 822.0
429.51411139477693 833.0
429.77693076815115 855.0
430.03974218480784 879.0
430.3025456442639 855.0
430.5653411460361 836.0
430.82812868964146 825.0
431.09090827459687 825.0
431.353679900419 805.0
431.61644356662487 825.0
431.87919927273134 814.0
432.1419470182551 803.0
432.40468680271334 808.0
432.66741862562276 832.0
432.93014248650013 851.0
433.1928583848624 854.0
433.45556632022647 900.0
433.7182662921092 877.0
433.9809583000275 854.0
434.24364234349815 827.0
434.506318422038 866.0
434.768986535164 820.0
435.031646682393 820.0
435.2942988632418 820.0
435.55694307722734 805.0
435.81957932386655 814.0
436.08220760267614 822.0
436.34482791317305 808.0
436.6074402548742 815.0
436.8700446272964 829.0
437.1326410299566 825.0
437.3952294623715 806.0
437.65780992405803 818.0
437.9203824145332 802.0
438.1829469333138 821.0
438.4455034799166 810.0
438.7080520538586 813.0
438.9705926546565 820.0
439.23312528182737 810.0
439.49564993488787 810.0
439.7581666133551 820.0
440.0206753167459 833.0
440.28317604457686 815.0
440.5456687963651 800.0
440.8081535716274 810.0
441.07063036988075 808.0
441.3330991906418 820.0
441.5955600334276 814.0
441.858012897755 805.0
442.12045778314075 801.0
442.3828946891018 818.0
442.6453236151551 825.0
442.9077445608174 825.0
443.17015752560553 813.0
443.4325625090365 823.0
443.69495951062703 807.0
443.95734852989415 809.0
444.21972956635454 805.0
444.4821026195253 818.0
444.74446768892307 797.0
445.00682477406485 809.0
445.2691738744674 808.0
445.5315149896478 809.0
445.79384811912274 808.0
446.05617326240906 809.0
446.31849041902376 811.0
446.58079958848356 822.0
446.8431007703055 813.0
447.10539396400634 811.0
447.367679169103 812.0
447.6299563851123 822.0
447.892225611551 806.0
448.15448684793625 819.0
448.4167400937847 823.0
448.67898534861325 840.0
448.9412226119389 825.0
449.2034518832783 816.0
449.46567316214856 803.0
449.72788644806633 823.0
449.99009174054856 820.0
450.2522890391122 826.0
450.514478343274 837.0
450.77665965255085 828.0
451.0388329664597 855.0
451.30099828451733 868.0
451.5631556062406 849.0
451.82530493114655 821.0
452.08744625875175 822.0
452.3495795885734 827.0
452.6117049201281 837.0
452.87382225293277 811.0
453.13593158650446 810.0
453.3980329203598 799.0
453.6601262540158 812.0
453.9222115869893 819.0
454.1842889187971 811.0
454.4463582489562 797.0
454.70841957698343 805.0
454.97047290239556 827.0
455.23251822470957 805.0
455.49455554344223 814.0
455.75658485811044 825.0
456.0186061682312 811.0
456.2806194733211 810.0
456.5426247728973 821.0
456.8046220664765 817.0
457.0666113535756 823.0
457.32859263371154 805.0
457.5905659064011 811.0
457.8525311711611 805.0
458.1144884275086 820.0
458.37643767496024 817.0
458.6383789130331 810.0
458.9003121412439 809.0
459.1622373591095 810.0
459.4241545661469 819.0
459.68606376187284 828.0
459.9479649458043 817.0
460.2098581174581 809.0
460.471743276351 830.0
460.733620422 820.0
460.9954895539219 816.0
461.2573506716337 806.0
461.51920377465206 809.0
461.78104886249406 805.0
462.0428859346764 820.0
462.304714990716 824.0
462.5665360301298 813.0
462.82834905243453 822.0
463.09015405714723 805.0
463.35195104378465 822.0
463.6137400118636 829.0
463.8755209609011 812.0
464.13729389041396 802.0
464.399058799919 808.0
464.6608156889332 812.0
464.92256455697327 803.0
465.18430540355615 808.0
465.4460382281988 806.0
465.707763030418 818.0
465.96947980973056 816.0
466.23118856565344 817.0
466.49288929770347 808.0
466.75458200539765 816.0
467.0162666882526 793.0
467.27794334578533 808.0
467.5396119775127 813.0
467.8012725829516 804.0
468.0629251616188 814.0
468.3245697130314 808.0
468.586206236706 820.0
468.8478347321596 804.0
469.109455198909 835.0
469.3710676364711 815.0
469.6326720443629 828.0
469.89426842210105 839.0
470.1558567692025 817.0
470.4174370851842 836.0
470.6790093695629 827.0
470.94057362185555 834.0
471.20212984157905 801.0
471.4636780282501 814.0
471.72521818138574 819.0
471.9867503005027 815.0
472.248274385118 815.0
472.5097904347484 813.0
472.7712984489108 809.0
473.03279842712203 821.0
473.29429036889906 817.0
473.55577427375863 792.0
473.8172501412177 802.0
474.07871797079315 817.0
474.34017776200176 816.0
474.6016295143605 820.0
474.8630732273861 810.0
475.1245089005955 818.0
475.3859365335057 812.0
475.64735612563334 818.0
475.9087676764954 821.0
476.1701711856088 790.0
476.4315666524903 825.0
476.6929540766569 811.0
476.95433345762535 823.0
477.2157047949125 811.0
477.47706808803537 803.0
477.7384233365106 829.0
477.9997705398553 815.0
478.26110969758616 810.0
478.52244080922014 823.0
478.78376387427414 801.0
479.04507889226494 804.0
479.3063858627094 814.0
479.5676847851245 829.0
479.828975659027 804.0
480.0902584839338 809.0
480.3515332593618 814.0
480.61279998482775 806.0
480.8740586598487 799.0
481.13530928394147 807.0
481.3965518566228 819.0
481.65778637740965 820.0
481.9190128458189 801.0
482.1802312613674 792.0
482.4414416235721 821.0
482.70264393194964 814.0
482.9638381860171 814.0
483.2250243852913 816.0
483.4862025292891 817.0
483.7473726175273 818.0
484.0085346495229 825.0
484.26968862479265 805.0
484.5308345428534 805.0
484.79197240322225 837.0
485.0531022054157 807.0
485.314223948951 819.0
485.57533763334476 809.0
485.8364432581139 816.0
486.0975408227754 823.0
486.35863032684597 809.0
486.61971176984247 822.0
486.880785151282 812.0
487.1418504706812 819.0
487.402907727557 807.0
487.66395692142635 814.0
487.92499805180597 800.0
488.18603111821284 800.0
488.44705612016384 807.0
488.7080730571757 808.0
488.9690819287655 806.0
489.2300827344499 810.0
489.49107547374587 828.0
489.75206014617027 812.0
490.01303675124 820.0
490.27400528847187 821.0
490.53496575738274 820.0
490.79591815748955 817.0
491.05686248830915 805.0
491.31779874935836 817.0
491.57872694015396 811.0
491.8396470602131 821.0
492.1005591090524 809.0
492.3614630861888 811.0
492.6223589911392 806.0
492.88324682342045 815.0
493.14412658254946 821.0
493.40499826804296 812.0
493.66586187941795 812.0
493.92671741619125 822.0
494.18756487787977 816.0
494.44840426400026 828.0
494.70923557406974 832.0
494.97005880760497 824.0
495.23087396412285 818.0
495.4916810431403 807.0
495.7524800441741 814.0
496.01327096674123 810.0
496.27405381035845 821.0
496.53482857454264 826.0
496.79559525881075 804.0
497.05635386267954 842.0
497.31710438566597 813.0
497.57784682728686 809.0
497.8385811870591 825.0
498.0993074644995 826.0
498.360025659125 815.0
498.6207357704524 814.0
498.88143779799873 819.0
499.14213174128065 822.0
499.40281759981514 805.0
499.6634953731191 803.0
499.92416506070924 808.0
500.1848266621026 816.0
500.445480176816 807.0
500.70612560436615 815.0
500.96676294427016 818.0
501.22739219604483 828.0
501.48801335920695 809.0
501.74862643327344 821.0
502.00923141776116 819.0
502.2698283121869 800.0
502.5304171160677 809.0
502.7909978289203 803.0
503.0515704502616 801.0
503.31213497960846 797.0
503.57269141647777 822.0
503.8332397603864 811.0
504.09378001085116 818.0
504.354312167389 816.0
504.6148362295168 807.0
504.8753521967513 819.0
505.1358600686094 817.0
505.3963598446082 834.0
505.6568515242642 826.0
505.9173351070945 825.0
506.17781059261597 821.0
506.4382779803454 807.0
506.69873726979966 821.0
506.95918846049574 825.0
507.2196315519502 807.0
507.4800665436803 821.0
507.74049343520267 823.0
508.00091222603425 825.0
508.261322915692 823.0
508.5217255036924 813.0
508.7821199895529 817.0
509.0425063727899 800.0
509.3028846529204 822.0
509.5632548294615 816.0
509.8236169019296 815.0
510.0839708698421 809.0
510.3443167327155 816.0
510.60465449006676 801.0
510.8649841414127 809.0
511.12530568627034 808.0
511.3856191241566 825.0
511.64592445458794 811.0
511.90622167708165 817.0
512.1665107911545 809.0
512.4267917963232 814.0
512.6870646921047 815.0
512.947329478016 804.0
513.2075861535739 812.0
513.467834718295 829.0
513.7280751716964 814.0
513.9883075132952 811.0
514.248531742608 812.0
514.5087478591515 814.0
514.7689558624429 818.0
515.0291557519989 831.0
515.2893475273365 827.0
515.5495311879723 842.0
515.8097067334235 836.0
516.0698741632067 852.0
516.3300334768389 865.0
516.5901846738369 837.0
516.8503277537177 823.0
517.1104627159981 831.0
517.3705895601947 823.0
517.630708285825 833.0
517.8908188924053 835.0
518.1509213794526 823.0
518.411015746484 817.0
518.6711019930159 849.0
518.9311801185657 865.0
519.19125012265 852.0
519.4513120047856 855.0
519.7113657644896 817.0
519.9714114012784 819.0
520.2314489146695 817.0
520.4914783041794 813.0
520.751499569325 798.0
521.0115127096234 816.0
521.271517724591 824.0
521.5315146137451 820.0
521.7915033766022 825.0
522.0514840126796 834.0
522.3114565214938 830.0
522.5714209025618 820.0
522.8313771554007 817.0
523.0913252795269 823.0
523.3512652744578 822.0
523.6111971397097 827.0
523.8711208747998 823.0
524.1310364792452 809.0
524.390943952562 818.0
524.6508432942679 825.0
524.9107345038794 843.0
525.1706175809132 815.0
525.4304925248866 836.0
525.690359335316 824.0
525.9502180117188 817.0
526.2100685536113 824.0
526.4699109605107 804.0
526.729745231934 826.0
526.9895713673975 803.0
527.2493893664187 798.0
527.5091992285141 814.0
527.7690009532007 821.0
528.0287945399953 813.0
528.2885799884149 805.0
528.5483572979764 828.0
528.8081264681963 834.0
529.0678874985917 819.0
529.3276403886796 822.0
529.5873851379768 811.0
529.8471217460001 806.0
530.1068502122662 823.0
530.3665705362923 817.0
530.6262827175951 822.0
530.8859867556915 830.0
531.1456826500984 811.0
531.4053704003326 824.0
531.6650500059111 827.0
531.9247214663504 809.0
532.1843847811678 811.0
532.4440399498801 796.0
532.7036869720038 822.0
532.9633258470562 809.0
533.222956574554 822.0
533.4825791540142 826.0
533.7421935849534 816.0
534.0017998668885 826.0
534.2613979993366 816.0
534.5209879818145 825.0
534.780569813839 811.0
535.0401434949268 833.0
535.2997090245951 816.0
535.5592664023607 814.0
535.8188156277402 820.0
536.0783567002508 802.0
536.3378896194092 811.0
536.5974143847321 830.0
536.8569309957369 823.0
537.1164394519398 817.0
537.3759397528582 812.0
537.6354318980087 820.0
537.8949158869082 809.0
538.1543917190737 808.0
538.4138593940218 802.0
538.6733189112697 806.0
538.932770270334 829.0
539.1922134707318 817.0
539.4516485119797 828.0
539.7110753935946 811.0
539.9704941150937 819.0
540.2299046759937 818.0
540.4893070758112 807.0
540.7487013140633 809.0
541.008087390267 825.0
541.2674653039389 813.0
541.526835054596 809.0
541.7861966417552 825.0
542.0455500649333 831.0
542.3048953236471 841.0
542.5642324174137 824.0
542.8235613457497 810.0
543.0828821081722 807.0
543.3421947041979 804.0
543.6014991333436 813.0
543.8607953951266 812.0
544.1200834890632 826.0
544.3793634146708 830.0
544.6386351714658 841.0
544.8978987589653 840.0
545.1571541766862 866.0
545.4164014241451 858.0
545.6756405008593 843.0
545.9348714063455 841.0
546.1940941401203 822.0
546.4533087017008 811.0
546.712515090604 817.0
546.9717133063466 811.0
547.2309033484453 831.0
547.4900852164174 818.0
547.7492589097793 817.0
548.0084244280482 827.0
548.2675817707409 828.0
548.526730937374 823.0
548.7858719274648 833.0
549.0450047405299 843.0
549.3041293760863 855.0
549.5632458336507 892.0
549.82235411274 910.0
550.0814542128714 879.0
550.3405461335612 846.0
550.5996298743269 825.0
550.8587054346848 820.0
551.117772814152 834.0
551.3768320122455 822.0
551.6358830284819 816.0
551.8949258623783 824.0
552.1539605134514 802.0
552.4129869812182 817.0
552.6720052651955 845.0
552.9310153649002 819.0
553.1900172798491 814.0
553.4490110095592 830.0
553.7079965535472 815.0
553.9669739113302 809.0
554.2259430824248 804.0
554.484904066348 829.0
554.7438568626167 811.0
555.0028014707476 821.0
555.261737890258 841.0
555.520666120664 836.0
555.7795861614834 879.0
556.0384980122324 914.0
556.2974016724281 893.0
556.5562971415874 869.0
556.8151844192269 841.0
557.0740635048638 829.0
557.3329343980148 874.0
557.5917970981968 853.0
557.8506516049267 833.0
558.1094979177213 830.0
558.3683360360976 821.0
558.6271659595724 825.0
558.8859876876625 839.0
559.1448012198848 844.0
559.4036065557561 833.0
559.6624036947936 820.0
559.9211926365136 854.0
560.1799733804337 856.0
560.43874592607 861.0
560.6975102729399 894.0
560.9562664205602 903.0
561.2150143684473 878.0
561.4737541161188 837.0
561.732485663091 840.0
561.9912090088809 827.0
562.2499241530056 832.0
562.5086310949818 826.0
562.7673298343262 817.0
563.026020370556 823.0
563.2847027031879 819.0
563.5433768317389 819.0
563.8020427557254 829.0
564.0607004746649 828.0
564.3193499880738 830.0
564.5779912954692 819.0
564.8366243963679 839.0
565.0952492902868 865.0
565.3538659767429 864.0
565.6124744552527 828.0
565.8710747253335 833.0
566.1296667865018 817.0
566.3882506382747 821.0
566.6468262801691 809.0
566.9053937117014 806.0
567.1639529323893 802.0
567.4225039417488 805.0
567.6810467392974 818.0
567.9395813245517 824.0
568.1981076970284 846.0
568.4566258562448 829.0
568.7151358017175 827.0
568.9736375329633 814.0
569.2321310494995 810.0
569.4906163508422 816.0
569.749093436509 816.0
570.0075623060163 806.0
570.2660229588813 826.0
570.5244753946206 815.0
570.7829196127512 811.0
571.0413556127901 817.0
571.2997833942537 816.0
571.5582029566596 819.0
571.8166142995238 817.0
572.075017422364 802.0
572.3334123246967 804.0
572.5917990060384 814.0
572.8501774659068 815.0
573.108547703818 818.0
573.3669097192892 820.0
573.6252635118373 837.0
573.8836090809789 838.0
574.1419464262314 858.0
574.400275547111 832.0
574.6585964431351 826.0
574.9169091138205 826.0
575.1752135586836 824.0
575.4335097772419 810.0
575.6917977690118 812.0
575.9500775335105 815.0
576.2083490702545 809.0
576.4666123787609 819.0
576.7248674585469 809.0
576.9831143091286 814.0
577.2413529300236 813.0
577.4995833207483 826.0
577.7578054808198 825.0
578.0160194097549 832.0
578.2742251070703 817.0
578.5324225722832 821.0
578.7906118049101 813.0
579.0487928044681 828.0
579.3069655704743 834.0
579.565130102445 818.0
579.8232863998975 814.0
580.0814344623485 831.0
580.339574289315 830.0
580.5977058803137 817.0
580.8558292348614 812.0
581.1139443524753 795.0
581.3720512326721 814.0
581.6301498749685 813.0
581.8882402788817 805.0
582.146322443928 813.0
582.4043963696251 803.0
582.6624620554893 790.0
582.9205195010375 823.0
583.1785687057866 832.0
583.4366096692537 854.0
583.6946423909554 824.0
583.9526668704085 820.0
584.2106831071303 815.0
584.4686911006373 810.0
584.7266908504463 818.0
584.9846823560746 801.0
585.2426656170385 831.0
585.5006406328554 804.0
585.7586074030418 821.0
586.0165659271148 831.0
586.2745162045912 828.0
586.5324582349878 823.0
586.7903920178214 826.0
587.0483175526091 834.0
587.3062348388676 814.0
587.5641438761138 838.0
587.8220446638645 817.0
588.0799372016369 845.0
588.3378214889474 857.0
588.5956975253132 878.0
588.8535653102509 903.0
589.1114248432776 899.0
589.3692761239103 881.0
589.6271191516653 848.0
589.88495392606 833.0
590.1427804466111 816.0
590.4005987128355 838.0
590.6584087242501 853.0
590.9162104803713 860.0
591.1740039807169 894.0
591.4317892248029 897.0
591.6895662121466 892.0
591.9473349422648 860.0
592.2050954146741 844.0
592.462847628892 841.0
592.7205915844347 857.0
592.9783272808194 874.0
593.236054717563 874.0
593.493773894182 840.0
593.7514848101939 833.0
594.009187465115 830.0
594.2668818584625 826.0
594.5245679897531 825.0
594.7822458585038 820.0
595.0399154642313 831.0
595.2975768064524 830.0
595.5552298846843 822.0
595.8128746984438 828.0
596.0705112472474 811.0
596.3281395306126 823.0
596.5857595480555 835.0
596.8433712990935 812.0
597.1009747832434 808.0
597.3585700000219 828.0
597.6161569489462 818.0
597.8737356295327 829.0
598.1313060412986 821.0
598.3888681837607 831.0
598.6464220564358 838.0
598.9039676588409 827.0
599.1615049904925 820.0
599.4190340509081 818.0
599.676554839604 823.0
599.9340673560972 824.0
600.1915715999048 820.0
600.4490675705435 842.0
600.7065552675302 822.0
600.9640346903817 825.0
601.221505838615 813.0
601.4789687117469 824.0
601.7364233092942 847.0
601.9938696307739 858.0
602.2513076757026 856.0
602.5087374435976 888.0
602.7661589339755 922.0
603.023572146353 940.0
603.2809770802475 1048.0
603.5383737351752 1040.0
603.7957621106534 994.0
604.053142206199 914.0
604.3105140213286 926.0
604.5678775555593 908.0
604.8252328084078 902.0
605.0825797793912 883.0
605.3399184680261 858.0
605.5972488738295 849.0
605.8545709963181 873.0
606.111884835009 873.0
606.3691903894193 854.0
606.6264876590651 854.0
606.883776643464 817.0
607.1410573421324 814.0
607.3983297545875 807.0
607.6555938803461 818.0
607.9128497189247 806.0
608.1700972698408 813.0
608.4273365326108 833.0
608.6845675067516 822.0
608.9417901917803 822.0
609.1990045872135 841.0
609.4562106925683 834.0
609.7134085073615 851.0
609.9705980311098 853.0
610.2277792633305 868.0
610.4849522035397 853.0
610.7421168512552 863.0
610.9992732059933 853.0
611.2564212672709 824.0
611.5135610346049 821.0
611.7706925075122 817.0
612.0278156855098 817.0
612.2849305681145 814.0
612.542037154843 820.0
612.7991354452124 834.0
613.0562254387393 834.0
613.3133071349409 828.0
613.5703805333337 812.0
613.8274456334349 822.0
614.0845024347612 810.0
614.3415509368294 828.0
614.5985911391567 859.0
614.8556230412595 831.0
615.1126466426551 849.0
615.36966194286 832.0
615.6266689413914 843.0
615.8836676377659 822.0
616.1406580315004 834.0
616.3976401221121 822.0
616.6546139091173 840.0
616.9115793920333 844.0
617.1685365703769 862.0
617.4254854436648 858.0
617.6824260114142 844.0
617.9393582731417 828.0
618.196282228364 826.0
618.4531978765983 818.0
618.7101052173614 802.0
618.9670042501702 808.0
619.2238949745413 808.0
619.4807773899919 800.0
619.7376514960388 807.0
619.9945172921986 798.0
620.2513747779885 809.0
620.508223952925 822.0
620.7650648165256 826.0
621.0218973683066 827.0
621.2787216077849 826.0
621.5355375344776 858.0
621.7923451479013 835.0
622.0491444475734 810.0
622.3059354330103 818.0
622.5627181037288 824.0
622.8194924592461 820.0
623.0762584990788 801.0
623.333016222744 801.0
623.5897656297584 814.0
623.8465067196389 820.0
624.1032394919024 810.0
624.3599639460657 815.0
624.6166800816459 809.0
624.8733878981594 818.0
625.1300873951237 822.0
625.3867785720552 825.0
625.6434614284708 814.0
625.9001359638876 787.0
626.1568021778221 809.0
626.4134600697917 798.0
626.6701096393127 813.0
626.9267508859024 825.0
627.1833838090776 806.0
627.4400084083547 823.0
627.6966246832512 824.0
627.9532326332837 818.0
628.2098322579691 814.0
628.4664235568243 810.0
628.723006529366 812.0
628.9795811751112 805.0
629.2361474935768 810.0
629.4927054842794 836.0
629.7492551467363 828.0
630.0057964804641 837.0
630.2623294849799 840.0
630.5188541598001 841.0
630.775370504442 842.0
631.0318785184223 854.0
631.2883782012578 826.0
631.5448695524658 839.0
631.8013525715625 822.0
632.0578272580652 819.0
632.3142936114906 809.0
632.5707516313557 811.0
632.8272013171775 808.0
633.0836426684723 808.0
633.3400756847575 808.0
633.5965003655499 802.0
633.8529167103661 810.0
634.1093247187234 805.0
634.3657243901381 813.0
634.6221157241276 808.0
634.8784987202085 802.0
635.1348733778977 818.0
635.3912396967121 816.0
635.6475976761684 805.0
635.9039473157839 811.0
636.1602886150749 816.0
636.4166215735588 824.0
636.6729461907521 827.0
636.9292624661718 826.0
637.1855703993349 839.0
637.4418699897578 829.0
637.6981612369581 825.0
637.9544441404521 837.0
638.2107186997567 832.0
638.4669849143892 840.0
638.7232427838659 852.0
638.979492307704 832.0
639.2357334854204 817.0
639.4919663165317 814.0
639.7481908005552 813.0
640.0044069370073 830.0
640.2606147254052 819.0
640.5168141652655 819.0
640.7730052561054 828.0
641.0291879974413 853.0
641.2853623887906 857.0
641.5415284296699 911.0
641.797686119596 937.0
642.0538354580859 909.0
642.3099764446565 883.0
642.5661090788245 851.0
642.8222333601069 832.0
643.0783492880205 827.0
643.3344568620822 822.0
643.5905560818089 815.0
643.8466469467173 824.0
644.1027294563247 817.0
644.3588036101473 804.0
644.6148694077026 805.0
644.8709268485071 806.0
645.1269759320778 812.0
645.3830166579316 810.0
645.6390490255851 819.0
645.8950730345556 803.0
646.1510886843597 817.0
646.4070959745143 812.0
646.6630949045363 810.0
646.9190854739425 816.0
647.17506768225 823.0
647.4310415289752 831.0
647.6870070136354 822.0
647.9429641357473 801.0
648.1989128948277 805.0
648.4548532903938 823.0
648.7107853219619 824.0
648.9667089890495 822.0
649.222624291173 825.0
649.4785312278494 814.0
649.7344297985958 826.0
649.9903200029287 813.0
650.2462018403652 813.0
650.502075310422 819.0
650.7579404126162 817.0
651.0137971464646 812.0
651.2696455114838 834.0
651.525485507191 824.0
651.7813171331029 820.0
652.0371403887364 819.0
652.2929552736086 819.0
652.5487617872358 791.0
652.8045599291355 803.0
653.0603496988242 833.0
653.3161310958188 823.0
653.5719041196362 822.0
653.8276687697933 818.0
654.0834250458071 823.0
654.3391729471941 846.0
654.5949124734717 819.0
654.8506436241562 835.0
655.1063663987647 820.0
655.3620807968144 812.0
655.6177868178215 804.0
655.8734844613035 823.0
656.129173726777 814.0
656.3848546137588 841.0
656.6405271217659 833.0
656.8961912503149 821.0
657.1518469989231 800.0
657.4074943671071 823.0
657.6631333543837 813.0
657.9187639602701 825.0
658.1743861842826 823.0
658.4300000259387 819.0
658.6856054847549 810.0
658.9412025602483 809.0
659.1967912519353 799.0
659.4523715593333 812.0
659.707943481959 812.0
659.9635070193291 827.0
660.2190621709606 826.0
660.4746089363705 837.0
660.7301473150753 842.0
660.9856773065924 829.0
661.2411989104381 840.0
661.4967121261298 825.0
661.7522169531838 810.0
662.0077133911174 801.0
662.2632014394475 813.0
662.5186810976904 816.0
662.7741523653638 805.0
663.029615241984 817.0
663.2850697270679 806.0
663.5405158201327 822.0
663.7959535206948 812.0
664.0513828282715 814.0
664.3068037423793 808.0
664.5622162625355 812.0
664.8176203882564 815.0
665.0730161190594 803.0
665.3284034544613 804.0
665.5837823939785 812.0
665.8391529371283 833.0
666.0945150834276 840.0
666.349868832393 853.0
666.6052141835415 854.0
666.8605511363899 837.0
667.1158796904554 826.0
667.3711998452544 823.0
667.626511600304 841.0
667.8818149551211 860.0
668.1371099092223 857.0
668.3923964621249 850.0
668.6476746133454 835.0
668.9029443624008 813.0
669.1582057088083 821.0
669.4134586520839 821.0
669.6687031917455 824.0
669.9239393273093 843.0
670.1791670582923 833.0
670.4343863842114 827.0
670.6895973045835 805.0
670.9447998189256 826.0
671.1999939267544 829.0
671.4551796275866 821.0
671.7103569209394 812.0
671.9655258063294 825.0
672.220686283274 817.0
672.475838351289 822.0
672.7309820098925 814.0
672.9861172586005 830.0
673.2412440969302 811.0
673.4963625243987 817.0
673.7514725405223 814.0
674.0065741448183 808.0
674.2616673368035 821.0
674.5167521159946 840.0
674.7718284819086 905.0
675.0268964340622 934.0
675.2819559719727 1021.0
675.5370070951565 1014.0
675.7920498031307 1020.0
676.0470840954122 940.0
676.3021099715176 880.0
676.5571274309642 860.0
676.8121364732684 851.0
677.0671370979474 856.0
677.3221293045178 833.0
677.5771130924968 817.0
677.8320884614011 806.0
678.0870554107474 808.0
678.3420139400529 805.0
678.5969640488343 815.0
678.8519057366083 794.0
679.1068390028922 832.0
679.3617638472023 811.0
679.616680269056 813.0
679.8715882679699 813.0
680.1264878434607 821.0
680.3813789950458 822.0
680.6362617222414 815.0
680.8911360245651 810.0
681.146001901533 808.0
681.4008593526627 815.0
681.6557083774705 820.0
681.9105489754734 809.0
682.1653811461886 821.0
682.4202048891326 835.0
682.6750202038223 835.0
682.9298270897748 829.0
683.1846255465068 819.0
683.4394155735351 816.0
683.6941971703767 823.0
683.9489703365485 815.0
684.2037350715673 816.0
684.4584913749499 816.0
684.7132392462133 820.0
684.9679786848742 810.0
685.2227096904496 836.0
685.4774322624564 825.0
685.7321464004115 819.0
685.9868521038316 819.0
686.2415493722334 836.0
686.4962382051343 859.0
686.7509186020508 896.0
687.0055905624997 949.0
687.2602540859983 996.0
687.514909172063 981.0
687.7695558202109 941.0
688.0241940299587 881.0
688.2788238008236 850.0
688.5334451323221 845.0
688.7880580239712 858.0
689.042662475288 843.0
689.2972584857889 842.0
689.5518460549912 835.0
689.8064251824115 813.0
690.0609958675668 816.0
690.3155581099742 829.0
690.5701119091498 822.0
690.8246572646113 833.0
691.0791941758752 825.0
691.3337226424583 817.0
691.5882426638777 799.0
691.84275423965 808.0
692.0972573692924 807.0
692.3517520523214 809.0
692.6062382882542 825.0
692.8607160766074 818.0
693.1151854168979 850.0
693.3696463086428 849.0
693.6240987513587 885.0
693.8785427445628 910.0
694.1329782877717 900.0
694.3874053805022 897.0
694.6418240222713 863.0
694.8962342125958 850.0
695.1506359509929 881.0
695.405029236979 884.0
695.6594140700711 957.0
695.9137904497863 1131.0
696.168158375641 1362.0
696.4225178471527 1724.0
696.676868863838 1988.0
696.9312114252134 1872.0
697.1855455307963 1699.0
697.4398711801031 1217.0
697.6941883726512 1018.0
697.9484971079568 925.0
698.2027973855375 871.0
698.4570892049098 864.0
698.7113725655903 836.0
698.9656474670965 845.0
699.2199139089445 858.0
699.4741718906519 827.0
699.7284214117353 829.0
699.9826624717113 844.0
700.2368950700971 820.0
700.4911192064093 804.0
700.7453348801653 810.0
700.9995420908814 823.0
701.2537408380745 810.0
701.5079311212619 828.0
701.7621129399598 834.0
702.016286293686 822.0
702.2704511819566 845.0
702.5246076042886 878.0
702.778755560199 924.0
703.0328950492045 994.0
703.2870260708224 968.0
703.5411486245691 978.0
703.7952627099618 917.0
704.0493683265172 859.0
704.3034654737519 838.0
704.5575541511835 841.0
704.8116343583279 830.0
705.0657060947029 850.0
705.3197693598249 864.0
705.5738241532106 873.0
705.8278704743772 932.0
706.0819083228414 1082.0
706.3359376981203 1312.0
706.5899585997306 1721.0
706.8439710271889 1927.0
707.0979749800126 1875.0
707.3519704577179 1753.0
707.6059574598225 1267.0
707.8599359858429 1024.0
708.1139060352955 930.0
708.3678676076978 878.0
708.6218207025663 872.0
708.8757653194182 854.0
709.12970145777 845.0
709.3836291171389 836.0
709.6375482970416 829.0
709.8914589969946 832.0
710.1453612165157 856.0
710.3992549551208 833.0
710.6531402123275 845.0
710.9070169876522 835.0
711.1608852806118 861.0
711.4147450907236 852.0
711.6685964175037 838.0
711.9224392604699 831.0
712.1762736191384 830.0
712.4300994930262 841.0
712.6839168816504 841.0
712.9377257845274 837.0
713.1915262011746 838.0
713.4453181311087 841.0
713.6991015738463 837.0
713.9528765289045 853.0
714.2066429958 884.0
714.4604009740502 936.0
714.7141504631712 1008.0
714.9678914626805 965.0
715.2216239720948 989.0
715.4753479909306 915.0
715.7290635187052 874.0
715.982770554935 852.0
716.2364690991376 855.0
716.4901591508293 838.0
716.743840709527 829.0
716.9975137747479 819.0
717.2511783460084 817.0
717.5048344228259 830.0
717.7584820047169 820.0
718.0121210911982 824.0
718.2657516817872 799.0
718.519373776 819.0
718.772987373354 823.0
719.026592473366 822.0
719.2801890755527 824.0
719.5337771794311 802.0
719.7873567845179 827.0
720.0409278903304 825.0
720.294490496385 829.0
720.5480446021987 863.0
720.8015902072887 876.0
721.0551273111711 878.0
721.3086559133636 851.0
721.5621760133826 825.0
721.815687610745 846.0
722.0691907049679 819.0
722.3226852955679 822.0
722.5761713820622 823.0
722.8296489639672 833.0
723.0831180408002 820.0
723.3365786120778 809.0
723.5900306773169 809.0
723.8434742360346 831.0
724.0969092877473 821.0
724.3503358319725 827.0
724.6037538682267 823.0
724.8571633960265 818.0
725.1105644148894 804.0
725.3639569243315 803.0
725.6173409238706 819.0
725.8707164130229 834.0
726.1240833913054 841.0
726.3774418582351 858.0
726.6307918133285 898.0
726.8841332561029 957.0
727.137466186075 1097.0
727.3907906027619 1148.0
727.6441065056802 1120.0
727.8974138943464 1104.0
728.1507127682783 944.0
728.4040031269918 889.0
728.6572849700045 862.0
728.9105582968331 851.0
729.1638231069941 832.0
729.4170794000048 835.0
729.6703271753817 829.0
729.923566432642 828.0
730.1767971713025 836.0
730.4300193908798 835.0
730.6832330908911 840.0
730.936438270853 854.0
731.1896349302828 882.0
731.442823068697 855.0
731.6960026856123 875.0
731.949173780546 856.0
732.2023363530145 850.0
732.4554904025351 840.0
732.7086359286245 833.0
732.9617729307997 830.0
733.2149014085775 836.0
733.4680213614745 826.0
733.7211327890079 835.0
733.9742356906943 836.0
734.2273300660511 823.0
734.4804159145946 834.0
734.7334932358416 849.0
734.9865620293094 884.0
735.2396222945147 933.0
735.4926740309744 927.0
735.7457172382054 928.0
735.9987519157243 904.0
736.2517780630484 876.0
736.504795679694 892.0
736.7578047651785 962.0
737.0108053190187 1052.0
737.2637973407312 1153.0
737.516780829833 1179.0
737.769755785841 1494.0
738.0227222082721 1863.0
738.2756800966428 2576.0
738.5286294504706 2652.0
738.781570269272 2541.0
739.0345025525638 2373.0
739.2874262998632 1597.0
739.5403415106866 1212.0
739.7932481845512 1045.0
740.046146320974 970.0
740.2990359194714 910.0
740.5519169795606 885.0
740.8047895007583 881.0
741.0576534825816 873.0
741.3105089245472 864.0
741.563355826172 877.0
741.8161941869729 865.0
742.0690240064664 866.0
742.3218452841702 856.0
742.5746580196005 847.0
742.8274622122741 843.0
743.0802578617083 872.0
743.3330449674197 870.0
743.5858235289254 880.0
743.8385935457418 880.0
744.0913550173865 876.0
744.3441079433758 861.0
744.5968523232264 838.0
744.8495881564559 829.0
745.1023154425804 826.0
745.3550341811174 821.0
745.6077443715835 826.0
745.8604460134952 841.0
746.1131391063701 838.0
746.3658236497243 840.0
746.6184996430754 836.0
746.87116708594 838.0
747.1238259778346 852.0
747.3764763182764 843.0
747.6291181067822 866.0
747.8817513428692 870.0
748.1343760260539 878.0
748.3869921558529 903.0
748.6395997317837 900.0
748.8921987533628 936.0
749.1447892201071 945.0
749.3973711315336 1040.0
749.6499444871589 1324.0
749.9025092865003 2056.0
750.1550655290741 3187.0
750.4076132143978 4232.0
750.6601523419877 3868.0
750.912682911361 4589.0
751.1652049220347 3988.0
751.4177183735251 3669.0
751.6702232653497 3089.0
751.9227195970248 2996.0
752.1752073680677 2460.0
752.4276865779954 1591.0
752.680157226324 1238.0
752.9326193125712 1049.0
753.1850728362533 1009.0
753.4375177968876 926.0
753.6899541939908 909.0
753.9423820270795 884.0
754.194801295671 873.0
754.4472119992819 870.0
754.6996141374291 859.0
754.9520077096296 861.0
755.2043927154 855.0
755.4567691542577 836.0
755.7091370257187 837.0
755.9614963293008 831.0
756.2138470645202 838.0
756.4661892308942 821.0
756.7185228279395 843.0
756.9708478551728 837.0
757.2231643121112 831.0
757.4754721982714 833.0
757.7277715131704 835.0
757.9800622563251 817.0
758.2323444272521 827.0
758.4846180254688 825.0
758.7368830504913 841.0
758.9891395018373 840.0
759.2413873790232 846.0
759.4936266815657 844.0
759.7458574089821 847.0
759.9980795607888 849.0
760.2502931365033 836.0
760.502498135642 856.0
760.7546945577217 848.0
761.0068824022595 860.0
761.2590616687722 860.0
761.5112323567769 879.0
761.7633944657899 904.0
762.0155479953288 924.0
762.26769294491 968.0
762.5198293140501 1060.0
762.7719571022666 1384.0
763.024076309076 2278.0
763.2761869339953 3738.0
763.5282889765415 4910.0
763.780382436231 4250.0
764.032467312581 4697.0
764.2845436051083 3394.0
764.53661131333 1885.0
764.7886704367629 1410.0
765.0407209749233 1175.0
765.2927629273288 1047.0
765.5447962934958 957.0
765.7968210729414 923.0
766.0488372651824 900.0
766.3008448697357 896.0
766.5528438861181 879.0
766.8048343138464 867.0
767.0568161524378 858.0
767.3087894014087 868.0
767.5607540602764 860.0
767.8127101285577 874.0
768.0646576057691 848.0
768.3165964914278 832.0
768.5685267850505 845.0
768.8204484861544 836.0
769.0723615942561 846.0
769.3242661088722 859.0
769.5761620295201 836.0
769.8280493557162 841.0
770.0799280869778 847.0
770.3317982228216 870.0
770.5836597627642 864.0
770.835512706323 848.0
771.0873570530143 874.0
771.3391928023555 909.0
771.591019953863 1000.0
771.8428385070538 1329.0
772.094648461445 1956.0
772.3464498165532 2643.0
772.5982425718955 2358.0
772.8500267269885 2484.0
773.1018022813494 2215.0
773.3535692344948 1460.0
773.6053275859415 1138.0
773.8570773352067 1001.0
774.108818481807 932.0
774.3605510252594 897.0
774.6122749650807 881.0
774.8639903007878 853.0
775.1156970318975 837.0
775.3673951579267 836.0
775.6190846783925 840.0
775.8707655928115 840.0
776.1224379007004 838.0
776.3741016015766 825.0
776.6257566949563 835.0
776.8774031803571 840.0
777.1290410572955 833.0
777.3806703252881 842.0
777.6322909838522 847.0
777.8839030325043 833.0
778.1355064707618 827.0
778.3871012981411 830.0
778.6386875141592 816.0
778.890265118333 819.0
779.1418341101793 823.0
779.3933944892151 823.0
779.6449462549571 813.0
779.8964894069222 824.0
780.1480239446275 843.0
780.3995498675895 825.0
780.6510671753255 820.0
780.9025758673517 826.0
781.1540759431858 840.0
781.4055674023442 813.0
781.6570502443437 804.0
781.9085244687013 824.0
782.159990074934 822.0
782.4114470625585 822.0
782.6628954310918 824.0
782.9143351800503 829.0
783.1657663089516 828.0
783.4171888173119 820.0
783.6686027046486 810.0
783.9200079704783 815.0
784.1714046143178 812.0
784.4227926356843 821.0
784.6741720340941 825.0
784.9255428090647 832.0
785.1769049601126 825.0
785.4282584867548 822.0
785.6796033885082 828.0
785.9309396648893 826.0
786.1822673154155 829.0
786.4335863396033 851.0
786.6848967369698 830.0
786.9361985070317 802.0
787.1874916493058 830.0
787.4387761633094 826.0
787.6900520485588 819.0
787.9413193045713 833.0
788.1925779308636 834.0
788.4438279269523 816.0
788.6950692923548 833.0
788.9463020265875 863.0
789.1975261291677 857.0
789.448741599612 864.0
789.6999484374371 856.0
789.9511466421604 846.0
790.2023362132982 828.0
790.4535171503677 832.0
790.7046894528855 818.0
790.9558531203689 846.0
791.2070081523347 839.0
791.458154548299 829.0
791.7092923077797 835.0
791.9604214302931 814.0
792.2115419153562 832.0
792.462653762486 836.0
792.7137569711989 843.0
792.9648515410123 841.0
793.2159374714428 848.0
793.4670147620074 866.0
793.718083412223 876.0
793.9691434216061 916.0
794.220194789674 1143.0
794.4712375159432 1621.0
794.722271599931 2217.0
794.9732970411541 2008.0
795.2243138391292 2071.0
795.4753219933733 2058.0
795.7263215034031 1461.0
795.9773123687357 1110.0
796.2282945888878 1006.0
796.4792681633767 953.0
796.7302330917187 894.0
796.9811893734307 868.0
797.23213700803 871.0
797.483075995033 866.0
797.7340063339569 872.0
797.9849280243186 881.0
798.2358410656345 850.0
798.4867454574222 876.0
798.7376411991978 867.0
798.9885282904788 889.0
799.2394067307818 890.0
799.4902765196234 904.0
799.741137656521 948.0
799.9919901409909 1158.0
800.2428339725506 1666.0
800.4936691507165 2423.0
800.7444956750055 2363.0
800.9953135449347 2739.0
801.2461227600207 3624.0
801.4969233197808 3254.0
801.7477152237312 2521.0
801.9984984713894 2668.0
802.2492730622722 2117.0
802.5000389958959 1404.0
802.7507962717781 1153.0
803.0015448894349 1018.0
803.252284848384 956.0
803.5030161481417 927.0
803.7537387882248 901.0
804.0044527681507 882.0
804.2551580874358 875.0
804.5058547455972 867.0
804.7565427421519 865.0
805.0072220766161 855.0
805.2578927485075 871.0
805.5085547573423 875.0
805.7592081026379 874.0
806.009852783911 867.0
806.2604888006782 865.0
806.5111161524568 866.0
806.7617348387631 869.0
807.0123448591147 872.0
807.2629462130279 874.0
807.5135389000196 876.0
807.7641229196071 905.0
808.0146982713067 891.0
808.2652649546358 921.0
808.5158229691108 946.0
808.7663723142489 982.0
809.016912989567 977.0
809.2674449945815 1006.0
809.5179683288098 1116.0
809.7684829917686 1409.0
810.0189889829746 2259.0
810.269486301945 3285.0
810.5199749481961 3088.0
810.7704549212456 3845.0
811.0209262206095 6071.0
811.2713888458052 10570.0
811.5218427963496 12358.0
811.7722880717591 9622.0
812.022724671551 11219.0
812.2731525952421 9376.0
812.5235718423493 4450.0
812.7739824123893 2598.0
813.0243843048788 1845.0
813.2747775193352 1485.0
813.5251620552749 1266.0
813.7755379122152 1154.0
814.0259050896724 1067.0
814.276263587164 1010.0
814.5266134042064 978.0
814.7769545403165 946.0
815.0272869950115 910.0
815.2776107678079 893.0
815.5279258582229 868.0
815.7782322657732 888.0
816.0285299899754 855.0
816.2788190303468 870.0
816.529099386404 861.0
816.7793710576641 856.0
817.0296340436439 838.0
817.2798883438601 825.0
817.5301339578298 853.0
817.7803708850694 864.0
818.0305991250964 846.0
818.2808186774273 835.0
818.531029541579 829.0
818.7812317170685 842.0
819.0314252034124 819.0
819.281610000128 834.0
819.5317861067317 845.0
819.7819535227408 836.0
820.0321122476719 846.0
820.2822622810417 850.0
820.5324036223675 836.0
820.7825362711658 832.0
821.0326602269538 837.0
821.2827754892483 825.0
821.5328820575656 829.0
821.7829799314234 829.0
822.033069110338 836.0
822.2831495938267 833.0
822.5332213814061 823.0
822.7832844725929 836.0
823.0333388669044 823.0
823.283384563857 824.0
823.533421562968 837.0
823.7834498637541 840.0
824.033469465732 835.0
824.2834803684189 849.0
824.5334825713311 826.0
824.7834760739862 832.0
825.0334608759005 855.0
825.2834369765912 836.0
825.5334043755751 875.0
825.7833630723688 972.0
826.0333130664897 1236.0
826.2832543574541 1678.0
826.5331869447793 1595.0
826.783110827982 1552.0
827.0330260065789 1665.0
827.2829324800872 1395.0
827.5328302480233 1060.0
827.7827193099047 937.0
828.032599665248 902.0
828.2824713135695 878.0
828.532334254387 855.0
828.7821884872168 848.0
829.0320340115759 834.0
829.2818708269813 842.0
829.5316989329494 832.0
829.7815183289979 841.0
830.0313290146428 826.0
830.2811309894015 852.0
830.5309242527906 827.0
830.7807088043272 816.0
831.0304846435281 844.0
831.2802517699099 834.0
831.5300101829899 819.0
831.7797598822846 822.0
832.0295008673112 818.0
832.2792331375864 828.0
832.5289566926268 819.0
832.7786715319497 821.0
833.0283776550717 822.0
833.27807506151 828.0
833.5277637507811 818.0
833.7774437224018 821.0
834.0271149758895 840.0
834.2767775107606 810.0
834.526431326532 813.0
834.7760764227208 827.0
835.0257127988438 828.0
835.2753404544177 832.0
835.5249593889594 816.0
835.774569601986 813.0
836.0241710930143 830.0
836.2737638615607 830.0
836.5233479071428 830.0
836.7729232292768 831.0
837.0224898274802 836.0
837.2720477012693 813.0
837.5215968501614 834.0
837.7711372736733 844.0
838.0206689713215 833.0
838.2701919426232 846.0
838.5197061870952 848.0
838.7692117042545 844.0
839.0187084936177 878.0
839.2681965547017 889.0
839.5176758870236 885.0
839.7671464901001 920.0
840.0166083634483 976.0
840.2660615065847 1189.0
840.5155059190262 1873.0
840.7649416002901 2392.0
841.0143685498927 1996.0
841.2637867673512 2246.0
841.5131962521828 2281.0
841.7625970039035 1805.0
842.0119890220308 2098.0
842.2613723060813 3689.0
842.5107468555723 3483.0
842.76011267002 3041.0
843.0094697489418 3566.0
843.2588180918546 2883.0
843.5081576982747 1704.0
843.7574885677194 1256.0
844.0068106997054 1092.0
844.25612409375 1001.0
844.5054287493696 928.0
844.754724666081 910.0
845.0040118434015 877.0
845.2532902808475 850.0
845.5025599779364 863.0
845.7518209341847 848.0
846.0010731491091 860.0
846.2503166222269 862.0
846.4995513530547 845.0
846.7487773411094 828.0
846.9979945859081 832.0
847.2472030869674 827.0
847.4964028438043 817.0
847.7455938559353 819.0
847.994776122878 829.0
848.2439496441485 844.0
848.4931144192642 826.0
848.7422704477419 824.0
848.9914177290981 825.0
849.2405562628502 823.0
849.4896860485144 822.0
849.7388070856083 820.0
849.9879193736485 830.0
850.2370229121515 825.0
850.4861177006346 845.0
850.7352037386146 839.0
850.9842810256082 849.0
851.2333495611326 865.0
851.482409344704 956.0
851.7314603758401 1207.0
851.9805026540571 1733.0
852.2295361788724 1590.0
852.4785609498026 1532.0
852.7275769663643 1703.0
852.9765842280748 1451.0
853.2255827344507 1062.0
853.4745724850093 933.0
853.7235534792667 885.0
853.9725257167406 867.0
854.2214891969475 856.0
854.4704439194039 850.0
854.7193898836274 826.0
854.9683270891342 837.0
855.2172555354416 820.0
855.4661752220665 816.0
855.7150861485252 823.0
855.9639883143353 813.0
856.212881719013 803.0
856.4617663620759 823.0
856.7106422430403 826.0
856.9595093614231 813.0
857.2083677167415 817.0
857.4572173085119 836.0
857.7060581362517 816.0
857.9548901994776 822.0
858.2037134977061 809.0
858.4525280304546 814.0
858.7013337972394 824.0
858.950130797578 797.0
859.1989190309868 806.0
859.4476984969828 816.0
859.696469195083 822.0
859.9452311248039 813.0
860.1939842856627 812.0
860.4427286771763 832.0
860.6914642988615 840.0
860.9401911502351 831.0
861.1889092308139 834.0
861.437618540115 844.0
861.686319077655 826.0
861.935010842951 832.0
862.1836938355198 812.0
862.432368054878 836.0
862.6810335005429 832.0
862.9296901720311 823.0
863.1783380688596 812.0
863.4269771905452 809.0
863.6756075366046 819.0
863.9242291065551 829.0
864.1728418999131 827.0
864.4214459161959 806.0
864.6700411549201 808.0
864.9186276156024 806.0
865.1672052977602 810.0
865.4157742009098 811.0
865.6643343245685 812.0
865.9128856682528 808.0
866.1614282314799 832.0
866.4099620137665 895.0
866.6584870146295 997.0
866.9070032335858 941.0
867.155510670152 932.0
867.4040093238455 963.0
867.6524991941827 903.0
867.9009802806806 862.0
868.1494525828563 832.0
868.3979161002262 827.0
868.6463708323078 820.0
868.8948167786174 827.0
869.1432539386718 816.0
869.3916823119887 804.0
869.6401018980839 825.0
869.8885126964751 820.0
870.1369147066789 831.0
870.3853079282118 811.0
870.6336923605911 813.0
870.8820680033335 796.0
871.1304348559562 807.0
871.3787929179755 813.0
871.6271421889087 811.0
871.8754826682726 811.0
872.1238143555837 813.0
872.3721372503595 804.0
872.6204513521162 812.0
872.8687566603713 813.0
873.1170531746413 824.0
873.365340894443 809.0
873.6136198192935 817.0
873.8618899487094 822.0
874.110151282208 805.0
874.3584038193057 801.0
874.6066475595196 806.0
874.8548825023668 798.0
875.1031086473636 812.0
875.3513259940273 818.0
875.5995345418747 824.0
875.8477342904224 823.0
876.0959252391877 827.0
876.3441073876871 827.0
876.5922807354377 803.0
876.8404452819562 810.0
877.0886010267599 823.0
877.3367479693651 814.0
877.5848861092887 816.0
877.8330154460481 827.0
878.0811359791594 820.0
878.3292477081402 810.0
878.5773506325071 794.0
878.8254447517768 802.0
879.0735300654665 787.0
879.3216065730924 817.0
879.5696742741723 803.0
879.8177331682225 818.0
880.0657832547598 802.0
880.3138245333014 816.0
880.5618570033639 796.0
880.8098806644645 794.0
881.0578955161196 800.0
881.3059015578464 804.0
881.5538987891618 808.0
881.8018872095822 815.0
882.0498668186252 800.0
882.297837615807 797.0
882.5457996006451 809.0
882.7937527726558 819.0
883.041697131356 801.0
883.2896326762632 807.0
883.5375594068934 802.0
883.7854773227642 812.0
884.0333864233922 815.0
884.2812867082938 816.0
884.5291781769868 812.0
884.7770608289871 827.0
885.0249346638125 812.0
885.2727996809792 824.0
885.5206558800041 813.0
885.7685032604046 825.0
886.0163418216969 820.0
886.2641715633982 803.0
886.5119924850256 809.0
886.7598045860955 815.0
887.007607866125 809.0
887.2554023246308 804.0
887.5031879611303 812.0
887.7509647751398 823.0
887.9987327661763 806.0
888.2464919337567 801.0
888.4942422773979 801.0
888.7419837966169 809.0
888.9897164909302 810.0
889.2374403598551 805.0
889.4851554029083 811.0
889.7328616196063 804.0
889.9805590094667 803.0
890.2282475720056 804.0
890.4759273067405 778.0
890.7235982131879 806.0
890.9712602908646 807.0
891.218913539288 798.0
891.4665579579743 812.0
891.7141935464408 812.0
891.9618203042044 797.0
892.2094382307815 824.0
892.4570473256895 801.0
892.7046475884449 805.0
892.9522390185649 807.0
893.1998216155661 825.0
893.4473953789653 813.0
893.6949603082797 818.0
893.9425164030258 797.0
894.1900636627211 802.0
894.4376020868815 816.0
894.6851316750246 814.0
894.9326524266672 796.0
895.1801643413257 804.0
895.4276674185177 799.0
895.6751616577593 811.0
895.922647058568 825.0
896.1701236204603 817.0
896.4175913429531 811.0
896.6650502255636 813.0
896.912500267808 796.0
897.159941469204 822.0
897.4073738292678 816.0
897.6547973475165 808.0
897.9022120234671 811.0
898.1496178566362 796.0
898.3970148465409 817.0
898.644402992698 807.0
898.8917822946241 806.0
899.1391527518367 806.0
899.386514363852 817.0
899.6338671301874 808.0
899.8812110503592 805.0
900.1285461238849 808.0
900.375872350281 801.0
900.6231897290643 795.0
900.8704982597519 796.0
901.1177979418604 805.0
901.3650887749071 807.0
901.6123707584086 800.0
901.8596438918815 813.0
902.106908174843 810.0
902.35416360681 799.0
902.6014101872993 805.0
902.8486479158278 818.0
903.095876791912 806.0
903.3430968150694 799.0
903.5903079848164 808.0
903.83751030067 804.0
904.0847037621473 811.0
904.3318883687646 795.0
904.5790641200394 799.0
904.826231015488 800.0
905.0733890546279 793.0
905.3205382369753 809.0
905.5676785620476 812.0
905.8148100293615 813.0
906.0619326384336 816.0
906.3090463887813 816.0
906.5561512799208 806.0
906.8032473113697 817.0
907.0503344826443 823.0
907.2974127932616 828.0
907.5444822427387 808.0
907.7915428305921 821.0
908.038594556339 814.0
908.2856374194963 801.0
908.5326714195803 833.0
908.7796965561088 804.0
909.0267128285976 821.0
909.2737202365645 827.0
909.520718779526 817.0
909.7677084569985 817.0
910.0146892684998 821.0
910.261661213546 810.0
910.5086242916544 815.0
910.7555785023416 840.0
911.0025238451248 845.0
911.2494603195206 873.0
911.4963879250456 916.0
911.7433066612174 1029.0
911.9902165275522 1667.0
912.2371175235672 2187.0
912.4840096487795 1642.0
912.7308929027052 1681.0
912.9777672848619 1757.0
913.2246327947661 1503.0
913.4714894319347 1154.0
913.7183371958849 947.0
913.965176086133 905.0
914.2120061021965 894.0
914.4588272435916 848.0
914.7056395098358 839.0
914.9524429004457 835.0
915.1992374149379 823.0
915.4460230528298 816.0
915.6927998136375 832.0
915.9395676968788 818.0
916.1863267020701 822.0
916.4330768287281 829.0
916.67981807637 812.0
916.9265504445123 827.0
917.1732739326723 810.0
917.4199885403666 801.0
917.6666942671121 811.0
917.9133911124259 816.0
918.1600790758242 813.0
918.4067581568248 817.0
918.6534283549438 805.0
918.9000896696987 808.0
919.1467421006058 824.0
919.3933856471822 834.0
919.6400203089449 840.0
919.8866460854103 827.0
920.1332629760961 832.0
920.3798709805186 829.0
920.6264700981943 825.0
920.8730603286409 840.0
921.1196416713748 854.0
921.3662141259131 838.0
921.6127776917724 871.0
921.8593323684695 897.0
922.1058781555217 1150.0
922.3524150524454 1464.0
922.598943058758 1196.0
922.8454621739758 1141.0
923.0919723976159 1186.0
923.3384737291954 1123.0
923.5849661682307 992.0
923.8314497142393 872.0
924.0779243667373 833.0
924.3243901252423 830.0
924.5708469892709 827.0
924.8172949583395 836.0
925.0637340319656 817.0
925.3101642096658 807.0
925.5565854909571 806.0
925.8029978753563 810.0
926.04940136238 811.0
926.2957959515456 806.0
926.5421816423694 812.0
926.7885584343687 817.0
927.0349263270604 810.0
927.281285319961 808.0
927.5276354125876 816.0
927.7739766044568 810.0
928.020308895086 810.0
928.2666322839915 812.0
928.5129467706906 808.0
928.7592523547 813.0
929.0055490355364 821.0
929.2518368127171 815.0
929.4981156857584 816.0
929.7443856541778 812.0
929.9906467174917 837.0
930.2368988752169 801.0
930.4831421268707 812.0
930.7293764719695 792.0
930.9756019100306 810.0
931.2218184405708 818.0
931.4680260631065 812.0
931.7142247771553 816.0
931.9604145822334 828.0
932.2065954778582 822.0
932.4527674635461 804.0
932.6989305388141 816.0
932.9450847031794 812.0
933.1912299561584 817.0
933.4373662972685 807.0
933.6834937260257 804.0
933.929612241948 800.0
934.1757218445516 813.0
934.4218225333533 811.0
934.6679143078701 802.0
934.913997167619 812.0
935.1600711121167 859.0
935.4061361408803 848.0
935.6521922534262 823.0
935.8982394492718 823.0
936.1442777279336 825.0
936.3903070889288 844.0
936.636327531774 813.0
936.882339055986 804.0
937.128341661082 798.0
937.3743353465785 803.0
937.6203201119927 801.0
937.8662959568414 798.0
938.1122628806411 803.0
938.3582208829092 797.0
938.6041699631621 809.0
938.8501101209171 808.0
939.0960413556905 803.0
939.341963667 825.0
939.5878770543618 809.0
939.8337815172929 810.0
940.0796770553103 806.0
940.3255636679306 804.0
940.5714413546712 812.0
940.8173101150486 811.0
941.0631699485793 802.0
941.309020854781 820.0
941.5548628331699 790.0
941.8006958832632 806.0
942.0465200045778 804.0
942.2923351966301 804.0
942.5381414589376 808.0
942.7839387910167 814.0
943.0297271923846 797.0
943.275506662558 812.0
943.5212772010536 802.0
943.7670388073888 798.0
944.0127914810797 810.0
944.2585352216438 801.0
944.504270028598 807.0
944.7499959014584 797.0
944.9957128397427 809.0
945.2414208429674 810.0
945.4871199106495 810.0
945.7328100423057 817.0
945.978491237453 797.0
946.2241634956084 813.0
946.4698268162882 795.0
946.71548119901 811.0
946.9611266432901 813.0
947.2067631486459 811.0
947.4523907145939 816.0
947.6980093406509 817.0
947.943619026334 808.0
948.1892197711599 799.0
948.4348115746456 808.0
948.680394436308 806.0
948.9259683556636 824.0
949.17153333223 809.0
949.4170893655231 800.0
949.6626364550607 796.0
949.9081746003591 819.0
950.1537038009352 807.0
950.3992240563063 817.0
950.6447353659886 809.0
950.8902377294995 807.0
951.1357311463555 797.0
951.381215616074 805.0
951.6266911381715 812.0
951.8721577121647 798.0
952.1176153375708 805.0
952.3630640139064 792.0
952.6085037406887 821.0
952.8539345174344 802.0
953.09935634366 798.0
953.3447692188829 823.0
953.5901731426196 805.0
953.8355681143876 807.0
954.080954133703 810.0
954.326331200083 798.0
954.5716993130445 807.0
954.8170584721041 812.0
955.0624086767792 807.0
955.3077499265863 823.0
955.5530822210421 810.0
955.798405559664 822.0
956.0437199419682 802.0
956.2890253674723 794.0
956.5343218356925 798.0
956.7796093461461 803.0
957.02488789835 808.0
957.2701574918206 818.0
957.5154181260752 808.0
957.7606698006304 795.0
958.0059125150034 823.0
958.2511462687107 794.0
958.4963710612694 802.0
958.7415868921963 816.0
958.9867937610082 805.0
959.2319916672224 809.0
959.4771806103552 799.0
959.7223605899235 802.0
959.9675316054446 810.0
960.2126936564348 816.0
960.4578467424116 803.0
960.7029908628915 795.0
960.9481260173911 805.0
961.193252205428 802.0
961.4383694265184 800.0
961.6834776801796 812.0
961.9285769659282 816.0
962.1736672832812 807.0
962.4187486317555 823.0
962.6638210108677 817.0
962.908884420135 798.0
963.153938859074 816.0
963.3989843272019 829.0
963.6440208240352 825.0
963.889048349091 815.0
964.1340669018862 811.0
964.3790764819373 826.0
964.6240770887617 830.0
964.8690687218761 802.0
965.114051380797 839.0
965.3590250650417 955.0
965.6039897741268 1286.0
965.8489455075695 1142.0
966.0938922648864 936.0
966.3388300455941 939.0
966.5837588492103 917.0
966.8286786752509 924.0
967.0735895232334 894.0
967.3184913926743 857.0
967.5633842830911 823.0
967.808268194 826.0
968.0531431249179 813.0
968.2980090753622 821.0
968.5428660448491 827.0
968.7877140328961 812.0
969.0325530390197 813.0
969.2773830627367 801.0
969.5222041035643 816.0
969.7670161610189 812.0
970.0118192346179 801.0
970.2566133238779 808.0
970.5013984283155 796.0
970.746174547448 808.0
970.990941680792 806.0
971.2356998278649 803.0
971.480448988183 812.0
971.725189161263 809.0
971.9699203466223 810.0
972.2146425437775 808.0
972.4593557522456 827.0
972.7040599715434 808.0
972.9487552011876 816.0
973.1934414406954 824.0
973.4381186895833 824.0
973.6827869473685 812.0
973.9274462135677 806.0
974.1720964876979 820.0
974.4167377692759 817.0
974.6613700578182 803.0
974.9059933528424 813.0
975.1506076538647 808.0
975.3952129604023 820.0
975.6398092719721 817.0
975.8843965880908 799.0
976.1289749082755 819.0
976.3735442320426 809.0
976.6181045589096 787.0
976.862655888393 796.0
977.1071982200094 805.0
977.3517315532764 819.0
977.5962558877101 823.0
977.840771222828 816.0
978.0852775581467 851.0
978.3297748931827 888.0
978.5742632274536 843.0
978.8187425604756 818.0
979.063212891766 816.0
979.3076742208415 820.0
979.5521265472191 821.0
979.7965698704156 812.0
980.0410041899477 816.0
980.2854295053326 821.0
980.5298458160865 799.0
980.7742531217272 804.0
981.0186514217711 813.0
981.2630407157347 797.0
981.5074210031356 810.0
981.7517922834901 801.0
981.9961545563154 797.0
982.2405078211283 818.0
982.4848520774455 803.0
982.729187324784 797.0
982.9735135626606 813.0
983.2178307905924 810.0
983.4621390080961 796.0
983.7064382146882 808.0
983.9507284098863 808.0
984.1950095932067 797.0
984.4392817641666 804.0
984.6835449222825 795.0
984.9277990670716 795.0
985.1720441980509 809.0
985.4162803147366 801.0
985.6605074166464 810.0
985.9047255032964 807.0
986.1489345742042 798.0
986.3931346288863 803.0
986.6373256668593 801.0
986.8815076876406 805.0
987.1256806907464 806.0
987.3698446756944 802.0
987.613999642001 809.0
987.8581455891829 803.0
988.1022825167574 792.0
988.3464104242408 794.0
988.5905293111508 808.0
988.8346391770036 804.0
989.0787400213161 813.0
989.3228318436055 816.0
989.5669146433884 804.0
989.8109884201817 798.0
990.0550531735024 800.0
990.2991089028674 821.0
990.5431556077934 813.0
990.7871932877973 800.0
991.031221942396 816.0
991.2752415711062 808.0
991.5192521734452 824.0
991.7632537489297 801.0
992.0072462970761 804.0
992.251229817402 810.0
992.4952043094236 796.0
992.7391697726582 802.0
992.9831262066227 806.0
993.2270736108336 801.0
993.4710119848082 801.0
993.7149413280629 803.0
993.958861640115 802.0
994.2027729204812 800.0
994.4466751686781 794.0
994.6905683842231 825.0
994.9344525666326 812.0
995.1783277154237 820.0
995.4221938301132 803.0
995.6660509102181 800.0
995.9098989552552 812.0
996.1537379647411 808.0
996.3975679381932 802.0
996.6413888751279 798.0
996.8852007750622 812.0
997.1290036375133 807.0
997.3727974619973 819.0
997.6165822480319 820.0
997.8603579951333 806.0
998.104124702819 813.0
998.3478823706055 796.0
998.5916309980095 797.0
998.8353705845483 799.0
999.0791011297383 800.0
999.3228226330968 809.0
999.5665350941406 808.0
999.8102385123861 788.0
1000.0539328873509 810.0
1000.2976182185512 804.0
1000.5412945055043 822.0
1000.7849617477269 797.0
1001.0286199447357 817.0
1001.2722690960481 793.0
1001.5159092011804 793.0
1001.75954025965 816.0
1002.003162270973 802.0
1002.246775234667 798.0
1002.4903791502487 794.0
1002.7339740172346 795.0
1002.9775598351421 798.0
1003.2211366034876 805.0
1003.4647043217884 810.0
1003.7082629895611 802.0
1003.9518126063224 801.0
1004.1953531715895 807.0
1004.4388846848791 806.0
1004.6824071457083 799.0
1004.9259205535938 791.0
1005.1694249080521 821.0
1005.4129202086007 814.0
1005.6564064547559 798.0
1005.8998836460353 789.0
1006.1433517819551 788.0
1006.3868108620323 800.0
1006.6302608857841 822.0
1006.8737018527269 806.0
1007.1171337623779 810.0
1007.3605566142537 811.0
1007.6039704078715 805.0
1007.8473751427481 805.0
1008.0907708184001 807.0
1008.3341574343445 820.0
1008.5775349900982 816.0
1008.8209034851784 822.0
1009.0642629191013 809.0
1009.3076132913841 799.0
1009.5509546015439 804.0
1009.7942868490973 801.0
1010.0376100335611 801.0
1010.2809241544525 817.0
1010.5242292112879 801.0
1010.7675252035845 811.0
1011.010812130859 803.0
1011.2540899926286 810.0
1011.4973587884098 802.0
1011.7406185177194 802.0
1011.9838691800747 797.0
1012.2271107749921 805.0
1012.470343301989 791.0
1012.7135667605817 788.0
1012.9567811502875 819.0
1013.1999864706231 804.0
1013.4431827211052 801.0
1013.686369901251 815.0
1013.929548010577 812.0
1014.1727170486006 797.0
1014.4158770148383 807.0
1014.6590279088067 799.0
1014.9021697300233 804.0
1015.1453024780044 805.0
1015.3884261522674 810.0
1015.6315407523286 802.0
1015.8746462777051 803.0
1016.1177427279141 801.0
1016.3608301024719 789.0
1016.603908400896 804.0
1016.8469776227028 808.0
1017.0900377674091 825.0
1017.3330888345322 798.0
1017.5761308235883 808.0
1017.8191637340951 792.0
1018.0621875655689 807.0
1018.3052023175269 802.0
1018.5482079894858 805.0
1018.7912045809622 817.0
1019.0341920914735 797.0
1019.2771705205361 801.0
1019.5201398676672 802.0
1019.7631001323837 785.0
1020.006051314202 808.0
1020.2489934126395 810.0
1020.4919264272125 801.0
1020.7348503574386 809.0
1020.9777652028342 780.0
1021.2206709629161 802.0
1021.4635676372014 811.0
1021.7064552252067 806.0
1021.9493337264495 804.0
1022.1922031404459 793.0
1022.4350634667132 822.0
1022.6779147047681 805.0
1022.9207568541273 802.0
1023.1635899143083 807.0
1023.4064138848273 811.0
1023.6492287652015 824.0
1023.8920345549478 813.0
1024.134831253583 804.0
1024.377618860624 784.0
1024.6203973755871 793.0
1024.8631667979898 805.0
1025.1059271273493 811.0
1025.3486783631818 799.0
1025.5914205050044 813.0
1025.8341535523336 805.0
1026.076877504687 814.0
1026.3195923615808 802.0
1026.5622981225324 791.0
1026.8049947870584 802.0
1027.0476823546753 802.0
1027.2903608249007 811.0
1027.5330301972513 814.0
1027.7756904712435 801.0
1028.0183416463947 798.0
1028.260983722221 803.0
1028.5036166982402 802.0
1028.7462405739689 814.0
1028.9888553489234 816.0
1029.2314610226213 819.0
1029.474057594579 815.0
1029.7166450643138 805.0
1029.9592234313418 818.0
1030.2017926951808 802.0
1030.4443528553472 805.0
1030.6869039113576 810.0
1030.9294458627296 801.0
1031.1719787089794 809.0
1031.414502449624 804.0
1031.6570170841808 806.0
1031.8995226121658 806.0
1032.1420190330966 808.0
1032.3845063464896 817.0
1032.6269845518618 810.0
1032.8694536487305 805.0
1033.111913636612 792.0
1033.3543645150232 811.0
1033.596806283481 791.0
1033.8392389415026 802.0
1034.081662488605 805.0
1034.324076924304 809.0
1034.566482248118 790.0
1034.8088784595625 797.0
1035.0512655581551 803.0
1035.2936435434124 799.0
1035.5360124148515 789.0
1035.778372171989 802.0
1036.020722814342 814.0
1036.2630643414275 821.0
1036.5053967527615 803.0
1036.7477200478622 811.0
1036.9900342262456 812.0
1037.2323392874284 804.0
1037.4746352309282 804.0
1037.7169220562612 805.0
1037.9591997629448 814.0
1038.2014683504956 807.0
1038.4437278184303 808.0
1038.685978166266 804.0
1038.9282193935196 815.0
1039.170451499708 801.0
1039.4126744843477 810.0
1039.6548883469559 811.0
1039.8970930870496 807.0
1040.1392887041452 810.0
1040.3814751977598 808.0
1040.6236525674105 803.0
1040.8658208126137 825.0
1041.107979932887 813.0
1041.3501299277466 802.0
1041.5922707967095 809.0
1041.8344025392926 799.0
1042.0765251550129 814.0
1042.3186386433872 805.0
1042.5607430039322 810.0
1042.802838236165 811.0
1043.0449243396022 809.0
1043.2870013137613 822.0
1043.5290691581586 791.0
1043.7711278723107 790.0
1044.013177455735 797.0
1044.2552179079482 787.0
1044.4972492284676 797.0
1044.7392714168093 800.0
1044.9812844724902 810.0
1045.223288395028 804.0
1045.4652831839387 807.0
1045.70726883874 798.0
1045.949245358948 810.0
1046.1912127440798 797.0
1046.4331709936528 811.0
1046.675120107183 819.0
1046.9170600841878 825.0
1047.1589909241836 819.0
1047.400912626688 798.0
1047.6428251912175 810.0
1047.8847286172886 806.0
1048.1266229044188 798.0
1048.3685080521243 811.0
1048.6103840599228 799.0
1048.8522509273307 798.0
1049.0941086538646 801.0
1049.3359572390418 798.0
1049.577796682379 809.0
1049.819626983393 809.0
1050.061448141601 814.0
1050.3032601565194 805.0
1050.5450630276655 817.0
1050.7868567545556 806.0
1051.0286413367073 801.0
1051.270416773637 791.0
1051.5121830648616 797.0
1051.7539402098982 822.0
1051.9956882082631 795.0
1052.237427059474 812.0
1052.479156763047 804.0
1052.7208773184996 812.0
1052.9625887253483 790.0
1053.2042909831098 810.0
1053.4459840913016 810.0
1053.6876680494397 796.0
1053.929342857042 805.0
1054.1710085136244 819.0
1054.4126650187043 812.0
1054.6543123717986 823.0
1054.8959505724238 815.0
1055.1375796200969 810.0
1055.3791995143351 801.0
1055.620810254655 826.0
1055.8624118405735 808.0
1056.1040042716074 805.0
1056.3455875472737 806.0
1056.5871616670893 807.0
1056.8287266305706 800.0
1057.070282437235 815.0
1057.3118290865991 816.0
1057.5533665781802 797.0
1057.7948949114943 807.0
1058.0364140860593 813.0
1058.2779241013916 816.0
1058.5194249570077 810.0
1058.760916652425 794.0
1059.0023991871599 788.0
1059.24387256073 793.0
1059.4853367726514 804.0
1059.7267918224413 795.0
1059.968237709617 814.0
1060.2096744336943 810.0
1060.451101994191 811.0
1060.6925203906237 814.0
1060.933929622509 814.0
1061.1753296893642 805.0
1061.4167205907056 810.0
1061.6581023260508 797.0
1061.8994748949162 804.0
1062.1408382968189 804.0
1062.3821925312755 806.0
1062.6235375978026 786.0
1062.8648734959181 807.0
1063.1062002251376 820.0
1063.3475177849793 806.0
1063.588826174959 807.0
1063.830125394594 811.0
1064.0714154434013 793.0
1064.312696320897 813.0
1064.553968026599 792.0
1064.7952305600238 802.0
1065.036483920688 793.0
1065.2777281081087 819.0
1065.5189631218025 804.0
1065.7601889612868 797.0
1066.001405626078 801.0
1066.2426131156928 797.0
1066.4838114296492 799.0
1066.7250005674625 817.0
1066.9661805286507 826.0
1067.2073513127305 816.0
1067.4485129192178 813.0
1067.689665347631 810.0
1067.9308085974856 802.0
1068.1719426682996 805.0
1068.413067559589 813.0
1068.654183270871 788.0
1068.8952898016628 801.0
1069.1363871514804 796.0
1069.3774753198418 802.0
1069.618554306263 800.0
1069.8596241102612 794.0
1070.100684731353 804.0
1070.3417361690556 784.0
1070.582778422886 789.0
1070.8238114923604 799.0
1071.0648353769964 801.0
1071.3058500763104 794.0
1071.5468555898192 820.0
1071.7878519170404 813.0
1072.02883905749 802.0
1072.2698170106853 817.0
1072.5107857761434 797.0
1072.75174535338 803.0
1072.9926957419138 808.0
1073.23363694126 797.0
1073.4745689509368 790.0
1073.7154917704597 807.0
1073.9564053993467 803.0
1074.1973098371145 802.0
1074.4382050832794 796.0
1074.6790911373587 814.0
1074.9199679988692 804.0
1075.1608356673278 807.0
1075.4016941422512 803.0
1075.6425434231562 798.0
1075.8833835095604 807.0
1076.1242144009796 811.0
1076.3650360969316 800.0
1076.6058485969324 801.0
1076.8466519004996 811.0
1077.0874460071498 801.0
1077.3282309163997 804.0
1077.5690066277664 802.0
1077.8097731407665 814.0
1078.0505304549172 810.0
1078.2912785697354 816.0
1078.5320174847377 816.0
1078.772747199441 791.0
1079.0134677133622 798.0
1079.2541790260184 819.0
1079.4948811369263 802.0
1079.7355740456023 809.0
1079.9762577515642 794.0
1080.2169322543277 817.0
1080.4575975534112 812.0
1080.6982536483301 789.0
1080.9389005386022 805.0
1081.179538223744 806.0
1081.4201667032721 808.0
1081.6607859767041 808.0
1081.9013960435564 790.0
1082.1419969033457 805.0
1082.382588555589 800.0
1082.6231709998035 797.0
1082.863744235506 813.0
1083.104308262213 804.0
1083.3448630794412 810.0
1083.5854086867082 797.0
1083.8259450835303 798.0
1084.0664722694248 805.0
1084.306990243908 792.0
1084.5474990064974 794.0
1084.7879985567097 803.0
1085.0284888940612 812.0
1085.2689700180695 814.0
1085.509441928251 794.0
1085.749904624123 788.0
1085.990358105202 808.0
1086.2308023710048 809.0
1086.4712374210485 809.0
1086.71166325485 801.0
1086.9520798719261 796.0
1087.1924872717937 803.0
1087.4328854539694 802.0
1087.6732744179706 797.0
1087.9136541633134 810.0
1088.1540246895156 800.0
1088.3943859960934 802.0
1088.6347380825637 803.0
1088.8750809484436 794.0
1089.1154145932499 815.0
1089.3557390164995 814.0
1089.5960542177095 809.0
1089.836360196396 796.0
1090.0766569520767 801.0
1090.3169444842679 805.0
1090.557222792487 812.0
1090.7974918762502 783.0
1091.037751735075 817.0
1091.2780023684782 811.0
1091.518243775976 806.0
1091.7584759570861 796.0
1091.9986989113247 801.0
1092.2389126382093 798.0
1092.4791171372563 792.0
1092.7193124079827 809.0
1092.9594984499054 815.0
1093.1996752625412 799.0
1093.4398428454072 802.0
1093.68000119802 809.0
1093.9201503198965 807.0
1094.1602902105537 801.0
1094.4004208695083 814.0
1094.6405422962773 808.0
1094.8806544903778 800.0
1095.120757451326 789.0
1095.3608511786392 804.0
1095.6009356718341 796.0
1095.8410109304282 806.0
1096.0810769539376 791.0
1096.3211337418795 795.0
1096.5611812937707 810.0
1096.8012196091279 803.0
1097.0412486874682 801.0
1097.2812685283084 809.0
1097.5212791311658 809.0
1097.7612804955563 816.0
1098.0012726209975 805.0
1098.2412555070064 793.0
1098.4812291530989 785.0
1098.721193558793 804.0
1098.961148723605 806.0
1099.2010946470518 808.0
1099.4410313286503 790.0
1099.6809587679172 807.0
1099.92087696437 800.0
1100.1607859175251 801.0
1100.400685626899 807.0
1100.640576092009 807.0
1100.880457312372 814.0
1101.1203292875052 797.0
1101.3601920169247 791.0
1101.6000455001479 802.0
1101.8398897366915 804.0
1102.079724726072 806.0
1102.3195504678072 809.0
1102.559366961413 817.0
1102.7991742064069 802.0
1103.0389722023056 810.0
1103.2787609486254 799.0
1103.5185404448844 803.0
1103.7583106905984 808.0
1103.9980716852845 784.0
1104.23782342846 804.0
1104.4775659196412 790.0
1104.7172991583454 798.0
1104.9570231440887 808.0
1105.1967378763893 801.0
1105.436443354763 805.0
1105.6761395787273 805.0
1105.9158265477986 790.0
1106.1555042614937 798.0
1106.3951727193298 801.0
1106.6348319208234 794.0
1106.8744818654923 806.0
1107.1141225528525 797.0
1107.3537539824208 803.0
1107.5933761537144 802.0
1107.8329890662503 813.0
1108.072592719545 813.0
1108.3121871131157 817.0
1108.551772246479 814.0
1108.7913481191517 800.0
1109.030914730651 806.0
1109.2704720804938 805.0
1109.5100201681967 805.0
1109.7495589932764 812.0
1109.9890885552504 800.0
1110.2286088536348 804.0
1110.4681198879473 805.0
1110.707621657704 819.0
1110.9471141624224 801.0
1111.1865974016187 795.0
1111.4260713748101 811.0
1111.665536081514 794.0
1111.9049915212463 798.0
1112.1444376935244 807.0
1112.3838745978653 794.0
1112.6233022337854 805.0
1112.8627206008023 795.0
1113.102129698432 801.0
1113.3415295261918 805.0
1113.5809200835986 795.0
1113.820301370169 790.0
1114.0596733854206 818.0
1114.2990361288694 794.0
1114.5383896000326 801.0
1114.7777337984273 814.0
1115.0170687235698 812.0
1115.2563943749778 796.0
1115.4957107521673 801.0
1115.7350178546556 809.0
1115.9743156819598 797.0
1116.213604233596 797.0
1116.452883509082 802.0
1116.692153507934 803.0
1116.9314142296694 797.0
1117.1706656738045 808.0
1117.4099078398563 799.0
1117.6491407273422 799.0
1117.8883643357783 801.0
1118.1275786646822 787.0
1118.36678371357 800.0
1118.6059794819594 809.0
1118.8451659693665 807.0
1119.0843431753085 818.0
1119.3235110993026 796.0
1119.5626697408647 803.0
1119.8018190995128 814.0
1120.0409591747637 811.0
1120.2800899661331 807.0
1120.519211473139 799.0
1120.7583236952978 810.0
1120.9974266321262 800.0
1121.236520283142 810.0
1121.4756046478608 814.0
1121.7146797258001 811.0
1121.9537455164768 806.0
1122.192802019408 811.0
1122.4318492341101 812.0
1122.6708871601 805.0
1122.909915796895 804.0
1123.1489351440111 808.0
1123.3879452009662 806.0
1123.6269459672762 803.0
1123.865937442459 810.0
1124.1049196260308 798.0
1124.3438925175087 790.0
