gas=Ar_shot=41_power=219.3W_HR4000 spectrum
Wavelength [nm] // Intensity [u.a.] 
194.93414 806.0
195.2037815346219 762.0
195.47341553816543 777.0
195.74304201014752 794.0
196.012660950085 805.0
196.28227235749478 807.0
196.55187623189366 803.0
196.82147257279857 820.0
197.09106137972637 810.0
197.36064265219392 803.0
197.63021638971804 807.0
197.89978259181567 806.0
198.16934125800364 810.0
198.43889238779886 832.0
198.7084359807181 820.0
198.97797203627835 798.0
199.2475005539964 837.0
199.51702153338914 820.0
199.78653497397343 818.0
200.05604087526618 820.0
200.3255392367842 821.0
200.59503005804436 808.0
200.8645133385636 831.0
201.1339890778587 816.0
201.4034572754466 812.0
201.67291793084408 815.0
201.94237104356813 840.0
202.21181661313554 807.0
202.48125463906314 823.0
202.7506851208679 814.0
203.02010805806663 814.0
203.28952345017618 822.0
203.55893129671344 820.0
203.8283315971953 810.0
204.0977243511386 809.0
204.3671095580602 833.0
204.636487217477 822.0
204.90585732890585 816.0
205.17521989186366 826.0
205.44457490586717 805.0
205.7139223704334 831.0
205.98326228507918 826.0
206.2525946493213 806.0
206.5219194626767 827.0
206.79123672466224 815.0
207.06054643479476 823.0
207.32984859259116 829.0
207.59914319756828 829.0
207.86843024924303 814.0
208.13770974713225 800.0
208.40698169075276 817.0
208.6762460796215 817.0
208.94550291325532 816.0
209.2147521911711 826.0
209.48399391288567 815.0
209.75322807791594 809.0
210.02245468577874 816.0
210.29167373599094 796.0
210.56088522806942 821.0
210.83008916153108 806.0
211.09928553589276 817.0
211.3684743506713 828.0
211.63765560538363 821.0
211.9068292995466 829.0
212.175995432677 806.0
212.44515400429182 806.0
212.71430501390782 821.0
212.98344846104192 821.0
213.25258434521103 808.0
213.52171266593191 837.0
213.79083342272153 815.0
214.05994661509675 807.0
214.3290522425744 814.0
214.5981503046713 826.0
214.8672408009044 807.0
215.13632373079054 811.0
215.4053990938466 806.0
215.6744668895894 815.0
215.94352711753592 813.0
216.21257977720293 809.0
216.48162486810728 812.0
216.7506623897659 826.0
217.01969234169565 824.0
217.2887147234134 832.0
217.55772953443596 814.0
217.82673677428028 823.0
218.0957364424632 812.0
218.36472853850154 813.0
218.6337130619122 826.0
218.9026900122121 817.0
219.17165938891804 816.0
219.4406211915469 823.0
219.70957541961562 812.0
219.97852207264097 815.0
220.24746115013983 815.0
220.5163926516291 811.0
220.78531657662566 802.0
221.05423292464639 823.0
221.32314169520808 799.0
221.59204288782766 809.0
221.860936502022 818.0
222.12982253730797 806.0
222.39870099320237 804.0
222.66757186922214 809.0
222.93643516488416 814.0
223.20529087970525 813.0
223.47413901320226 819.0
223.74297956489212 827.0
224.01181253429166 830.0
224.28063792091777 817.0
224.5494557242873 814.0
224.8182659439171 830.0
225.08706857932413 822.0
225.35586363002508 824.0
225.62465109553705 815.0
225.89343097537673 823.0
226.16220326906105 815.0
226.43096797610687 812.0
226.69972509603105 827.0
226.9684746283505 816.0
227.237216572582 799.0
227.50595092824256 821.0
227.7746776948489 793.0
228.04339687191796 810.0
228.31210845896663 818.0
228.5808124555117 812.0
228.84950886107015 797.0
229.11819767515877 818.0
229.38687889729442 819.0
229.65555252699397 823.0
229.92421856377433 828.0
230.1928770071524 808.0
230.46152785664492 818.0
230.73017111176884 813.0
230.99880677204106 831.0
231.26743483697837 817.0
231.53605530609772 816.0
231.8046681789159 815.0
232.07327345494983 823.0
232.34187113371638 815.0
232.61046121473237 823.0
232.87904369751473 811.0
233.14761858158028 825.0
233.41618586644586 809.0
233.68474555162845 822.0
233.95329763664483 818.0
234.2218421210119 823.0
234.49037900424648 812.0
234.7589082858655 824.0
235.02742996538583 818.0
235.29594404232427 813.0
235.56445051619772 804.0
235.8329493865231 806.0
236.10144065281722 822.0
236.36992431459691 820.0
236.63840037137916 830.0
236.9068688226808 820.0
237.1753296680186 809.0
237.44378290690955 803.0
237.7122285388704 807.0
237.9806665634181 829.0
238.24909698006957 809.0
238.51751978834153 798.0
238.78593498775095 809.0
239.0543425778147 810.0
239.32274255804958 820.0
239.59113492797255 804.0
239.8595196871004 810.0
240.12789683495004 817.0
240.3962663710383 820.0
240.66462829488208 821.0
240.93298260599826 818.0
241.2013293039037 819.0
241.46966838811522 823.0
241.73799985814978 821.0
242.00632371352418 821.0
242.27463995375527 824.0
242.54294857835998 819.0
242.81124958685515 822.0
243.07954297875764 822.0
243.34782875358434 808.0
243.61610691085207 810.0
243.88437745007772 830.0
244.15264037077822 816.0
244.42089567247035 823.0
244.68914335467105 816.0
244.95738341689716 790.0
245.2256158586655 809.0
245.493840679493 811.0
245.76205787889654 815.0
246.03026745639292 807.0
246.29846941149904 814.0
246.5666637437318 825.0
246.834850452608 825.0
247.1030295376446 813.0
247.37120099835838 814.0
247.63936483426627 815.0
247.9075210448851 809.0
248.17566962973177 822.0
248.4438105883231 813.0
248.71194392017603 821.0
248.98006962480733 830.0
249.248187701734 823.0
249.51629815047275 838.0
249.78440097054056 825.0
250.05249616145431 818.0
250.32058372273076 820.0
250.5886636538869 815.0
250.85673595443953 817.0
251.12480062390551 829.0
251.39285766180177 832.0
251.6609070676451 806.0
251.92894884095242 807.0
252.19698298124058 816.0
252.46500948802645 810.0
252.73302836082692 794.0
253.00103959915882 810.0
253.26904320253902 806.0
253.53703917048443 806.0
253.80502750251188 817.0
254.07300819813827 815.0
254.34098125688044 813.0
254.60894667825525 837.0
254.87690446177962 810.0
255.14485460697037 814.0
255.41279711334434 807.0
255.6807319804185 809.0
255.94865920770962 800.0
256.2165787947346 809.0
256.48449074101035 804.0
256.75239504605366 815.0
257.02029170938147 808.0
257.28818073051065 818.0
257.556062108958 820.0
257.8239358442404 824.0
258.0918019358748 817.0
258.35966038337796 816.0
258.6275111862668 820.0
258.8953543440582 808.0
259.163189856269 830.0
259.4310177224162 837.0
259.6988379420164 834.0
259.9666505145867 811.0
260.23445543964385 818.0
260.50225271670473 821.0
260.77004234528624 825.0
261.03782432490533 830.0
261.3055986550787 813.0
261.5733653353234 818.0
261.8411243651561 824.0
262.1088757440937 819.0
262.37661947165327 812.0
262.6443555473515 810.0
262.9120839707053 819.0
263.1798047412315 814.0
263.44751785844704 815.0
263.7152233218687 805.0
263.98292113101354 810.0
264.2506112853982 811.0
264.51829378453965 812.0
264.7859686279547 819.0
265.05363581516025 809.0
265.32129534567326 811.0
265.5889472190105 805.0
265.8565914346889 804.0
266.1242279922252 824.0
266.39185689113634 834.0
266.65947813093925 806.0
266.9270917111508 827.0
267.19469763128774 814.0
267.46229589086704 828.0
267.72988648940554 832.0
267.9974694264201 818.0
268.2650447014276 803.0
268.53261231394487 818.0
268.80017226348883 814.0
269.0677245495763 822.0
269.3352691717242 817.0
269.60280612944933 813.0
269.8703354222686 821.0
270.13785704969894 791.0
270.40537101125716 809.0
270.67287730646007 815.0
270.9403759348246 832.0
271.2078668958677 811.0
271.47535018910605 824.0
271.7428258140567 816.0
272.01029377023633 818.0
272.2777540571619 823.0
272.5452066743504 819.0
272.81265162131854 816.0
273.08008889758327 802.0
273.34751850266144 821.0
273.6149404360698 830.0
273.8823546973254 809.0
274.1497612859451 809.0
274.4171602014456 820.0
274.6845514433439 803.0
274.95193501115676 798.0
275.2193109044012 796.0
275.486679122594 806.0
275.7540396652521 828.0
276.02139253189216 823.0
276.2887377220313 809.0
276.55607523518626 829.0
276.82340507087395 799.0
277.09072722861123 813.0
277.3580417079149 800.0
277.62534850830195 802.0
277.8926476292892 821.0
278.1599390703934 816.0
278.4272228311316 816.0
278.69449891102056 816.0
278.96176730957717 799.0
279.22902802631836 809.0
279.4962810607609 835.0
279.76352641242164 808.0
280.0307640808177 820.0
280.29799406546556 811.0
280.5652163658824 810.0
280.8324309815849 805.0
281.09963791209003 823.0
281.3668371569146 821.0
281.6340287155756 816.0
281.9012125875897 813.0
282.168388772474 810.0
282.4355572697452 809.0
282.7027180789201 806.0
282.9698711995158 814.0
283.23701663104896 828.0
283.50415437303667 812.0
283.77128442499554 826.0
284.0384067864426 809.0
284.3055214568946 821.0
284.57262843586864 814.0
284.8397277228814 829.0
285.1068193174497 813.0
285.37390321909055 822.0
285.6409794273207 827.0
285.9080479416572 808.0
286.1751087616167 835.0
286.4421618867162 814.0
286.7092073164725 822.0
286.9762450504025 825.0
287.24327508802315 825.0
287.5102974288511 835.0
287.77731207240345 806.0
288.04431901819703 804.0
288.3113182657485 832.0
288.578309814575 816.0
288.84529366419326 814.0
289.1122698141201 798.0
289.37923826387254 819.0
289.6461990129674 815.0
289.91315206092133 825.0
290.18009740725154 826.0
290.44703505147464 817.0
290.7139649931077 818.0
290.98088723166734 817.0
291.24780176667065 794.0
291.5147085976344 812.0
291.78160772407557 831.0
292.04849914551085 823.0
292.3153828614572 812.0
292.58225887143146 816.0
292.8491271749505 817.0
293.1159877715313 809.0
293.3828406606906 815.0
293.6496858419453 816.0
293.9165233148123 812.0
294.1833530788084 820.0
294.4501751334505 820.0
294.71698947825547 814.0
294.9837961127402 814.0
295.2505950364216 800.0
295.5173862488164 804.0
295.78416974944156 819.0
296.050945537814 820.0
296.31771361345045 812.0
296.584473975868 812.0
296.8512266245832 802.0
297.11797155911313 804.0
297.38470877897464 830.0
297.6514382836846 812.0
297.9181600727598 819.0
298.18487414571723 822.0
298.4515805020736 818.0
298.71827914134593 810.0
298.9849700630511 810.0
299.2516532667058 814.0
299.518328751827 817.0
299.78499651793163 807.0
300.0516565645365 811.0
300.3183088911584 815.0
300.58495349731436 823.0
300.8515903825211 825.0
301.1182195462956 804.0
301.3848409881546 812.0
301.65145470761513 820.0
301.91806070419403 817.0
302.184658977408 816.0
302.4512495267741 826.0
302.7178323518091 808.0
302.9844074520298 813.0
303.2509748269532 807.0
303.5175344760962 802.0
303.78408639897555 816.0
304.0506305951082 823.0
304.31716706401096 812.0
304.58369580520065 816.0
304.8502168181943 815.0
305.1167301025086 827.0
305.3832356576606 822.0
305.649733483167 818.0
305.9162235785447 815.0
306.1827059433106 814.0
306.4491805769817 814.0
306.7156474790747 811.0
306.98210664910647 818.0
307.2485580865939 840.0
307.5150017910539 810.0
307.7814377620034 806.0
308.0478659989591 824.0
308.31428650143795 795.0
308.58069926895683 821.0
308.8471043010326 821.0
309.1135015971821 805.0
309.37989115692227 817.0
309.6462729797699 812.0
309.91264706524197 826.0
310.1790134128551 820.0
310.4453720221265 821.0
310.71172289257277 809.0
310.97806602371094 813.0
311.2444014150577 807.0
311.5107290661301 803.0
311.777048976445 809.0
312.04336114551904 815.0
312.30966557286945 824.0
312.5759622580128 806.0
312.8422512004661 814.0
313.1085323997461 840.0
313.3748058553698 814.0
313.641071566854 810.0
313.90732953371554 806.0
314.17357975547145 804.0
314.4398222316384 824.0
314.70605696173334 840.0
314.9722839452731 816.0
315.23850318177466 818.0
315.50471467075477 824.0
315.7709184117303 816.0
316.0371144042182 804.0
316.3033026477353 803.0
316.56948314179846 827.0
316.8356558859246 811.0
317.1018208796305 837.0
317.36797812243304 808.0
317.6341276138491 827.0
317.90026935339563 808.0
318.1664033405894 806.0
318.4325295749473 825.0
318.6986480559862 818.0
318.96475878322303 814.0
319.2308617561746 806.0
319.4969569743577 801.0
319.76304443728935 821.0
320.0291241444864 826.0
320.2951960954656 820.0
320.5612602897438 823.0
320.82731672683815 828.0
321.0933654062652 824.0
321.359406327542 816.0
321.6254394901853 814.0
321.891464893712 813.0
322.157482537639 810.0
322.4234924214832 809.0
322.68949454476143 818.0
322.95548890699064 804.0
323.2214755076875 813.0
323.487454346369 815.0
323.753425422552 834.0
324.01938873575347 831.0
324.2853442854901 826.0
324.55129207127885 811.0
324.8172320926366 808.0
325.08316434908016 823.0
325.34908884012646 818.0
325.61500556529234 813.0
325.8809145240947 817.0
326.14681571605024 809.0
326.4127091406761 816.0
326.6785947974889 811.0
326.9444726860058 814.0
327.2103428057433 818.0
327.47620515621855 811.0
327.74205973694836 832.0
328.00790654744947 833.0
328.2737455872389 818.0
328.5395768558335 815.0
328.80540035275004 809.0
329.0712160775054 818.0
329.33702402961654 825.0
329.6028242086002 821.0
329.86861661397353 823.0
330.13440124525306 824.0
330.4001781019559 813.0
330.66594718359863 812.0
330.9317084896984 810.0
331.19746201977205 814.0
331.46320777333636 807.0
331.7289457499082 829.0
331.9946759490044 806.0
332.2603983701419 824.0
332.5261130128375 830.0
332.79181987660826 825.0
333.05751896097087 805.0
333.3232102654422 810.0
333.58889378953916 823.0
333.85456953277856 830.0
334.1202374946774 820.0
334.38589767475247 804.0
334.6515500725206 822.0
334.9171946874987 809.0
335.18283151920355 830.0
335.4484605671522 816.0
335.7140818308614 819.0
335.97969530984807 809.0
336.245301003629 829.0
336.51089891172114 808.0
336.77648903364127 814.0
337.04207136890636 825.0
337.30764591703326 833.0
337.5732126775387 820.0
337.83877164993976 814.0
338.10432283375314 826.0
338.36986622849577 833.0
338.63540183368457 816.0
338.9009296488363 803.0
339.16644967346787 817.0
339.4319619070962 822.0
339.6974663492381 830.0
339.9629629994105 811.0
340.22845185713027 831.0
340.4939329219141 810.0
340.75940619327906 818.0
341.02487167074196 801.0
341.2903293538197 816.0
341.555779242029 830.0
341.821221334887 827.0
342.0866556319103 810.0
342.3520821326158 820.0
342.6175008365205 818.0
342.8829117431413 816.0
343.1483148519949 821.0
343.41371016259825 814.0
343.6790976744682 822.0
343.9444773871216 828.0
344.20984930007546 818.0
344.4752134128465 827.0
344.74056972495157 822.0
345.0059182359076 825.0
345.27125894523147 811.0
345.53659185244 837.0
345.80191695705014 825.0
346.0672342585787 823.0
346.3325437565426 815.0
346.5978454504585 820.0
346.8631393398436 829.0
347.1284254242145 827.0
347.3937037030882 810.0
347.6589741759816 816.0
347.92423684241146 834.0
348.1894917018946 823.0
348.4547387539481 821.0
348.71997799808867 817.0
348.9852094338332 817.0
349.2504330606986 836.0
349.51564887820166 813.0
349.7808568858593 816.0
350.0460570831885 824.0
350.31124946970584 835.0
350.57643404492853 809.0
350.84161080837316 819.0
351.1067797595568 809.0
351.3719408979961 813.0
351.63709422320824 823.0
351.90223973470984 805.0
352.16737743201776 799.0
352.43250731464894 817.0
352.69762938212034 827.0
352.9627436339487 837.0
353.2278500696509 814.0
353.49294868874387 819.0
353.7580394907444 819.0
354.02312247516943 814.0
354.28819764153576 820.0
354.55326498936034 811.0
354.81832451816 792.0
355.08337622745165 807.0
355.348420116752 839.0
355.613456185578 823.0
355.8784844334467 827.0
356.1435048598747 835.0
356.4085174643791 851.0
356.6735222464765 846.0
356.938519205684 831.0
357.2035083415184 813.0
357.46848965349653 808.0
357.73346314113536 827.0
357.9984288039516 824.0
358.2633866414622 835.0
358.528336653184 803.0
358.793278838634 818.0
359.05821319732894 824.0
359.3231397287857 816.0
359.5880584325211 805.0
359.8529693080521 824.0
360.1178723548955 819.0
360.3827675725683 836.0
360.64765496058726 855.0
360.9125345184692 829.0
361.1774062457311 829.0
361.44227014188965 813.0
361.707126206462 808.0
361.9719744389649 825.0
362.2368148389151 830.0
362.5016474058295 823.0
362.766472139225 818.0
363.0312890386186 817.0
363.296098103527 840.0
363.5608993334672 810.0
363.82569272795587 821.0
364.09047828651006 824.0
364.35525600864656 837.0
364.6200258938823 835.0
364.8847879417341 823.0
365.1495421517188 819.0
365.41428852335326 808.0
365.67902705615444 818.0
365.9437577496392 843.0
366.2084806033243 814.0
366.4731956167267 816.0
366.7379027893632 810.0
367.0026021207507 817.0
367.2672936104061 827.0
367.5319772578463 818.0
367.79665306258806 822.0
368.06132102414836 822.0
368.32598114204393 826.0
368.59063341579173 828.0
368.85527784490864 827.0
369.1199144289115 831.0
369.3845431673172 824.0
369.6491640596426 822.0
369.91377710540445 821.0
370.1783823041198 813.0
370.44297965530546 813.0
370.70756915847835 821.0
370.97215081315517 819.0
371.2367246188529 816.0
371.5012905750884 818.0
371.7658486813786 820.0
372.0303989372402 833.0
372.29494134219027 836.0
372.5594758957455 828.0
372.82400259742286 829.0
373.08852144673915 821.0
373.3530324432114 829.0
373.6175355863563 823.0
373.8820308756908 822.0
374.1465183107317 833.0
374.410997890996 808.0
374.6754696160004 817.0
374.93993348526186 813.0
375.2043894982973 814.0
375.4688376546235 828.0
375.7332779537573 811.0
375.9977103952157 817.0
376.26213497851546 825.0
376.52655170317354 828.0
376.7909605687067 813.0
377.05536157463183 819.0
377.3197547204658 811.0
377.5841400057256 810.0
377.84851742992794 821.0
378.11288699258984 823.0
378.37724869322795 826.0
378.64160253135935 818.0
378.90594850650075 807.0
379.1702866181692 833.0
379.4346168658814 818.0
379.69893924915425 821.0
379.9632537675047 831.0
380.2275604204495 828.0
380.49185920750574 809.0
380.75615012819 816.0
381.0204331820193 836.0
381.2847083685105 833.0
381.5489756871804 819.0
381.8132351375459 818.0
382.07748671912407 822.0
382.34173043143153 827.0
382.6059662739852 814.0
382.8701942463019 825.0
383.1344143478986 841.0
383.3986265782921 843.0
383.6628309369994 830.0
383.92702742353725 809.0
384.1912160374225 839.0
384.45539677817203 836.0
384.7195696453027 825.0
384.98373463833155 810.0
385.2478917567753 822.0
385.5120410001507 814.0
385.7761823679748 803.0
386.0403158597644 817.0
386.30444147503647 817.0
386.5685592133077 806.0
386.8326690740951 802.0
387.09677105691543 809.0
387.36086516128563 831.0
387.6249513867226 823.0
387.88902973274315 803.0
388.15310019886414 823.0
388.41716278460245 824.0
388.68121748947493 805.0
388.9452643129986 823.0
389.2093032546901 831.0
389.47333431406645 812.0
389.73735749064434 813.0
390.0013727839409 834.0
390.2653801934728 833.0
390.52937971875696 835.0
390.7933713593103 801.0
391.05735511464974 810.0
391.3213309842919 813.0
391.5852989677539 818.0
391.8492590645524 824.0
392.1132112742045 807.0
392.37715559622694 821.0
392.6410920301366 824.0
392.9050205754503 825.0
393.1689412316849 816.0
393.43285399835736 817.0
393.69675887498465 836.0
393.96065586108335 827.0
394.2245449561705 818.0
394.4884261597629 837.0
394.75229947137757 850.0
395.01616489053123 862.0
395.28002241674085 833.0
395.5438720495231 814.0
395.80771378839506 822.0
396.0715476328735 826.0
396.33537358247537 808.0
396.5991916367174 821.0
396.86300179511665 820.0
397.12680405718976 818.0
397.39059842245376 815.0
397.65438489042543 809.0
397.91816346062177 824.0
398.18193413255955 804.0
398.4456969057556 830.0
398.7094517797268 822.0
398.97319875399006 807.0
399.2369378280623 810.0
399.50066900146027 809.0
399.764392273701 816.0
400.02810764430114 815.0
400.2918151127777 805.0
400.55551467864757 807.0
400.81920634142756 818.0
401.08289010063453 825.0
401.34656595578537 820.0
401.6102339063969 811.0
401.8738939519861 813.0
402.1375460920697 809.0
402.4011903261647 833.0
402.6648266537879 829.0
402.92845507445617 819.0
403.1920755876863 829.0
403.4556881929953 817.0
403.71929288990003 835.0
403.98288967791734 827.0
404.246478556564 849.0
404.5100595253569 887.0
404.77363258381297 854.0
405.03719773144906 842.0
405.3007549677821 813.0
405.56430429232887 822.0
405.82784570460626 834.0
406.0913792041311 824.0
406.35490479042033 814.0
406.61842246299085 784.0
406.88193222135936 815.0
407.14543406504293 830.0
407.4089279935582 826.0
407.6724140064223 828.0
407.9358921031519 808.0
408.19936228326395 824.0
408.4628245462754 834.0
408.7262788917029 816.0
408.9897253190635 819.0
409.25316382787395 822.0
409.5165944176513 812.0
409.7800170879122 819.0
410.04343183817366 844.0
410.30683866795243 839.0
410.57023757676546 806.0
410.83362856412975 820.0
411.09701162956185 814.0
411.3603867725789 821.0
411.62375399269763 832.0
411.887113289435 809.0
412.1504646623078 820.0
412.4138081108329 820.0
412.6771436345273 819.0
412.94047123290767 798.0
413.20379090549096 831.0
413.46710265179405 813.0
413.7304064713339 819.0
413.9937023636272 818.0
414.25699032819097 826.0
414.52027036454194 825.0
414.78354247219704 826.0
415.0468066506732 852.0
415.31006289948726 917.0
415.5733112181561 944.0
415.83655160619645 1073.0
416.0997840631253 1025.0
416.3630085884595 932.0
416.62622518171594 899.0
416.8894338424115 851.0
417.152634570063 825.0
417.4158273641873 834.0
417.67901222430123 855.0
417.9421891499217 874.0
418.2053581405658 910.0
418.46851919575005 892.0
418.7316723149915 926.0
418.99481749780693 978.0
419.2579547437133 1062.0
419.5210840522274 1089.0
419.78420542286625 1173.0
420.04731885514644 1293.0
420.31042434858506 1125.0
420.573521902699 955.0
420.83661151700494 883.0
421.0996931910199 863.0
421.3627669242608 825.0
421.6258327162443 833.0
421.88889056648736 826.0
422.1519404745069 825.0
422.41498243981977 807.0
422.6780164619429 822.0
422.9410425403929 825.0
423.2040606746869 817.0
423.46707086434174 821.0
423.7300731088742 816.0
423.9930674078012 828.0
424.25605376063965 835.0
424.5190321669063 825.0
424.782002626118 839.0
425.0449651377918 873.0
425.30791970144446 898.0
425.57086631659286 930.0
425.83380498275386 1019.0
426.0967356994443 1057.0
426.3596584661811 959.0
426.6225732824811 967.0
426.88548014786113 938.0
427.14837906183817 938.0
427.411270023929 914.0
427.6741530336505 860.0
427.9370280905195 847.0
428.199895194053 841.0
428.46275434376776 816.0
428.72560553918066 831.0
428.98844877980855 843.0
429.2512840651683 832.0
429.51411139477693 860.0
429.77693076815115 874.0
430.03974218480784 898.0
430.3025456442639 861.0
430.5653411460361 842.0
430.82812868964146 839.0
431.09090827459687 849.0
431.353679900419 829.0
431.61644356662487 821.0
431.87919927273134 823.0
432.1419470182551 818.0
432.40468680271334 841.0
432.66741862562276 845.0
432.93014248650013 867.0
433.1928583848624 930.0
433.45556632022647 950.0
433.7182662921092 894.0
433.9809583000275 873.0
434.24364234349815 855.0
434.506318422038 855.0
434.768986535164 859.0
435.031646682393 852.0
435.2942988632418 828.0
435.55694307722734 819.0
435.81957932386655 814.0
436.08220760267614 814.0
436.34482791317305 821.0
436.6074402548742 832.0
436.8700446272964 816.0
437.1326410299566 819.0
437.3952294623715 813.0
437.65780992405803 836.0
437.9203824145332 823.0
438.1829469333138 809.0
438.4455034799166 819.0
438.7080520538586 816.0
438.9705926546565 802.0
439.23312528182737 810.0
439.49564993488787 818.0
439.7581666133551 829.0
440.0206753167459 821.0
440.28317604457686 807.0
440.5456687963651 792.0
440.8081535716274 822.0
441.07063036988075 821.0
441.3330991906418 821.0
441.5955600334276 826.0
441.858012897755 807.0
442.12045778314075 796.0
442.3828946891018 825.0
442.6453236151551 820.0
442.9077445608174 808.0
443.17015752560553 815.0
443.4325625090365 823.0
443.69495951062703 821.0
443.95734852989415 813.0
444.21972956635454 800.0
444.4821026195253 820.0
444.74446768892307 817.0
445.00682477406485 825.0
445.2691738744674 814.0
445.5315149896478 825.0
445.79384811912274 825.0
446.05617326240906 821.0
446.31849041902376 814.0
446.58079958848356 813.0
446.8431007703055 804.0
447.10539396400634 810.0
447.367679169103 824.0
447.6299563851123 814.0
447.892225611551 833.0
448.15448684793625 830.0
448.4167400937847 825.0
448.67898534861325 803.0
448.9412226119389 803.0
449.2034518832783 833.0
449.46567316214856 812.0
449.72788644806633 823.0
449.99009174054856 834.0
450.2522890391122 843.0
450.514478343274 856.0
450.77665965255085 853.0
451.0388329664597 891.0
451.30099828451733 899.0
451.5631556062406 864.0
451.82530493114655 859.0
452.08744625875175 851.0
452.3495795885734 852.0
452.6117049201281 841.0
452.87382225293277 842.0
453.13593158650446 826.0
453.3980329203598 820.0
453.6601262540158 823.0
453.9222115869893 833.0
454.1842889187971 822.0
454.4463582489562 821.0
454.70841957698343 812.0
454.97047290239556 819.0
455.23251822470957 827.0
455.49455554344223 813.0
455.75658485811044 827.0
456.0186061682312 829.0
456.2806194733211 825.0
456.5426247728973 809.0
456.8046220664765 806.0
457.0666113535756 823.0
457.32859263371154 817.0
457.5905659064011 816.0
457.8525311711611 828.0
458.1144884275086 831.0
458.37643767496024 823.0
458.6383789130331 835.0
458.9003121412439 820.0
459.1622373591095 825.0
459.4241545661469 816.0
459.68606376187284 833.0
459.9479649458043 826.0
460.2098581174581 825.0
460.471743276351 810.0
460.733620422 824.0
460.9954895539219 820.0
461.2573506716337 825.0
461.51920377465206 824.0
461.78104886249406 815.0
462.0428859346764 809.0
462.304714990716 823.0
462.5665360301298 815.0
462.82834905243453 832.0
463.09015405714723 836.0
463.35195104378465 839.0
463.6137400118636 820.0
463.8755209609011 817.0
464.13729389041396 829.0
464.399058799919 819.0
464.6608156889332 833.0
464.92256455697327 826.0
465.18430540355615 824.0
465.4460382281988 819.0
465.707763030418 825.0
465.96947980973056 827.0
466.23118856565344 825.0
466.49288929770347 814.0
466.75458200539765 809.0
467.0162666882526 824.0
467.27794334578533 829.0
467.5396119775127 818.0
467.8012725829516 827.0
468.0629251616188 818.0
468.3245697130314 805.0
468.586206236706 816.0
468.8478347321596 811.0
469.109455198909 821.0
469.3710676364711 823.0
469.6326720443629 829.0
469.89426842210105 836.0
470.1558567692025 862.0
470.4174370851842 858.0
470.6790093695629 841.0
470.94057362185555 831.0
471.20212984157905 822.0
471.4636780282501 818.0
471.72521818138574 815.0
471.9867503005027 826.0
472.248274385118 824.0
472.5097904347484 829.0
472.7712984489108 818.0
473.03279842712203 833.0
473.29429036889906 817.0
473.55577427375863 822.0
473.8172501412177 821.0
474.07871797079315 822.0
474.34017776200176 814.0
474.6016295143605 820.0
474.8630732273861 822.0
475.1245089005955 826.0
475.3859365335057 829.0
475.64735612563334 826.0
475.9087676764954 834.0
476.1701711856088 817.0
476.4315666524903 821.0
476.6929540766569 816.0
476.95433345762535 828.0
477.2157047949125 827.0
477.47706808803537 823.0
477.7384233365106 808.0
477.9997705398553 814.0
478.26110969758616 822.0
478.52244080922014 809.0
478.78376387427414 824.0
479.04507889226494 822.0
479.3063858627094 813.0
479.5676847851245 820.0
479.828975659027 821.0
480.0902584839338 838.0
480.3515332593618 822.0
480.61279998482775 813.0
480.8740586598487 791.0
481.13530928394147 832.0
481.3965518566228 825.0
481.65778637740965 819.0
481.9190128458189 822.0
482.1802312613674 823.0
482.4414416235721 825.0
482.70264393194964 833.0
482.9638381860171 827.0
483.2250243852913 817.0
483.4862025292891 826.0
483.7473726175273 826.0
484.0085346495229 813.0
484.26968862479265 824.0
484.5308345428534 822.0
484.79197240322225 834.0
485.0531022054157 824.0
485.314223948951 827.0
485.57533763334476 810.0
485.8364432581139 820.0
486.0975408227754 831.0
486.35863032684597 817.0
486.61971176984247 827.0
486.880785151282 824.0
487.1418504706812 815.0
487.402907727557 822.0
487.66395692142635 844.0
487.92499805180597 846.0
488.18603111821284 833.0
488.44705612016384 828.0
488.7080730571757 845.0
488.9690819287655 842.0
489.2300827344499 827.0
489.49107547374587 847.0
489.75206014617027 822.0
490.01303675124 828.0
490.27400528847187 824.0
490.53496575738274 813.0
490.79591815748955 828.0
491.05686248830915 829.0
491.31779874935836 834.0
491.57872694015396 827.0
491.8396470602131 827.0
492.1005591090524 820.0
492.3614630861888 827.0
492.6223589911392 808.0
492.88324682342045 811.0
493.14412658254946 824.0
493.40499826804296 815.0
493.66586187941795 827.0
493.92671741619125 820.0
494.18756487787977 813.0
494.44840426400026 831.0
494.70923557406974 817.0
494.97005880760497 821.0
495.23087396412285 824.0
495.4916810431403 813.0
495.7524800441741 818.0
496.01327096674123 833.0
496.27405381035845 820.0
496.53482857454264 827.0
496.79559525881075 830.0
497.05635386267954 813.0
497.31710438566597 823.0
497.57784682728686 821.0
497.8385811870591 824.0
498.0993074644995 822.0
498.360025659125 821.0
498.6207357704524 825.0
498.88143779799873 808.0
499.14213174128065 824.0
499.40281759981514 827.0
499.6634953731191 828.0
499.92416506070924 818.0
500.1848266621026 826.0
500.445480176816 817.0
500.70612560436615 811.0
500.96676294427016 816.0
501.22739219604483 818.0
501.48801335920695 830.0
501.74862643327344 818.0
502.00923141776116 828.0
502.2698283121869 828.0
502.5304171160677 811.0
502.7909978289203 819.0
503.0515704502616 824.0
503.31213497960846 829.0
503.57269141647777 827.0
503.8332397603864 831.0
504.09378001085116 841.0
504.354312167389 824.0
504.6148362295168 823.0
504.8753521967513 829.0
505.1358600686094 835.0
505.3963598446082 832.0
505.6568515242642 826.0
505.9173351070945 821.0
506.17781059261597 828.0
506.4382779803454 837.0
506.69873726979966 824.0
506.95918846049574 816.0
507.2196315519502 814.0
507.4800665436803 835.0
507.74049343520267 837.0
508.00091222603425 838.0
508.261322915692 813.0
508.5217255036924 808.0
508.7821199895529 815.0
509.0425063727899 818.0
509.3028846529204 832.0
509.5632548294615 840.0
509.8236169019296 811.0
510.0839708698421 819.0
510.3443167327155 816.0
510.60465449006676 842.0
510.8649841414127 825.0
511.12530568627034 826.0
511.3856191241566 825.0
511.64592445458794 812.0
511.90622167708165 837.0
512.1665107911545 804.0
512.4267917963232 813.0
512.6870646921047 811.0
512.947329478016 833.0
513.2075861535739 820.0
513.467834718295 816.0
513.7280751716964 830.0
513.9883075132952 827.0
514.248531742608 833.0
514.5087478591515 824.0
514.7689558624429 816.0
515.0291557519989 848.0
515.2893475273365 872.0
515.5495311879723 850.0
515.8097067334235 848.0
516.0698741632067 866.0
516.3300334768389 912.0
516.5901846738369 855.0
516.8503277537177 863.0
517.1104627159981 820.0
517.3705895601947 823.0
517.630708285825 826.0
517.8908188924053 836.0
518.1509213794526 849.0
518.411015746484 840.0
518.6711019930159 863.0
518.9311801185657 916.0
519.19125012265 875.0
519.4513120047856 840.0
519.7113657644896 829.0
519.9714114012784 828.0
520.2314489146695 821.0
520.4914783041794 833.0
520.751499569325 812.0
521.0115127096234 837.0
521.271517724591 842.0
521.5315146137451 841.0
521.7915033766022 836.0
522.0514840126796 861.0
522.3114565214938 858.0
522.5714209025618 846.0
522.8313771554007 849.0
523.0913252795269 837.0
523.3512652744578 823.0
523.6111971397097 831.0
523.8711208747998 824.0
524.1310364792452 832.0
524.390943952562 823.0
524.6508432942679 835.0
524.9107345038794 832.0
525.1706175809132 826.0
525.4304925248866 845.0
525.690359335316 832.0
525.9502180117188 831.0
526.2100685536113 819.0
526.4699109605107 833.0
526.729745231934 832.0
526.9895713673975 830.0
527.2493893664187 825.0
527.5091992285141 820.0
527.7690009532007 820.0
528.0287945399953 812.0
528.2885799884149 833.0
528.5483572979764 808.0
528.8081264681963 812.0
529.0678874985917 806.0
529.3276403886796 814.0
529.5873851379768 817.0
529.8471217460001 817.0
530.1068502122662 812.0
530.3665705362923 822.0
530.6262827175951 826.0
530.8859867556915 805.0
531.1456826500984 819.0
531.4053704003326 817.0
531.6650500059111 813.0
531.9247214663504 828.0
532.1843847811678 820.0
532.4440399498801 813.0
532.7036869720038 817.0
532.9633258470562 818.0
533.222956574554 817.0
533.4825791540142 824.0
533.7421935849534 821.0
534.0017998668885 829.0
534.2613979993366 820.0
534.5209879818145 817.0
534.780569813839 835.0
535.0401434949268 834.0
535.2997090245951 816.0
535.5592664023607 826.0
535.8188156277402 832.0
536.0783567002508 823.0
536.3378896194092 817.0
536.5974143847321 818.0
536.8569309957369 820.0
537.1164394519398 832.0
537.3759397528582 824.0
537.6354318980087 819.0
537.8949158869082 823.0
538.1543917190737 823.0
538.4138593940218 821.0
538.6733189112697 805.0
538.932770270334 807.0
539.1922134707318 799.0
539.4516485119797 809.0
539.7110753935946 818.0
539.9704941150937 830.0
540.2299046759937 830.0
540.4893070758112 818.0
540.7487013140633 823.0
541.008087390267 825.0
541.2674653039389 822.0
541.526835054596 836.0
541.7861966417552 844.0
542.0455500649333 868.0
542.3048953236471 843.0
542.5642324174137 817.0
542.8235613457497 837.0
543.0828821081722 838.0
543.3421947041979 840.0
543.6014991333436 837.0
543.8607953951266 854.0
544.1200834890632 848.0
544.3793634146708 850.0
544.6386351714658 853.0
544.8978987589653 858.0
545.1571541766862 860.0
545.4164014241451 883.0
545.6756405008593 836.0
545.9348714063455 849.0
546.1940941401203 826.0
546.4533087017008 829.0
546.712515090604 830.0
546.9717133063466 840.0
547.2309033484453 819.0
547.4900852164174 834.0
547.7492589097793 810.0
548.0084244280482 813.0
548.2675817707409 840.0
548.526730937374 811.0
548.7858719274648 849.0
549.0450047405299 856.0
549.3041293760863 857.0
549.5632458336507 935.0
549.82235411274 933.0
550.0814542128714 884.0
550.3405461335612 855.0
550.5996298743269 850.0
550.8587054346848 842.0
551.117772814152 824.0
551.3768320122455 822.0
551.6358830284819 809.0
551.8949258623783 826.0
552.1539605134514 838.0
552.4129869812182 839.0
552.6720052651955 827.0
552.9310153649002 820.0
553.1900172798491 834.0
553.4490110095592 824.0
553.7079965535472 809.0
553.9669739113302 806.0
554.2259430824248 822.0
554.484904066348 832.0
554.7438568626167 836.0
555.0028014707476 839.0
555.261737890258 862.0
555.520666120664 878.0
555.7795861614834 907.0
556.0384980122324 987.0
556.2974016724281 918.0
556.5562971415874 878.0
556.8151844192269 853.0
557.0740635048638 844.0
557.3329343980148 892.0
557.5917970981968 866.0
557.8506516049267 858.0
558.1094979177213 818.0
558.3683360360976 802.0
558.6271659595724 825.0
558.8859876876625 821.0
559.1448012198848 833.0
559.4036065557561 823.0
559.6624036947936 842.0
559.9211926365136 868.0
560.1799733804337 876.0
560.43874592607 886.0
560.6975102729399 974.0
560.9562664205602 951.0
561.2150143684473 899.0
561.4737541161188 847.0
561.732485663091 828.0
561.9912090088809 846.0
562.2499241530056 844.0
562.5086310949818 821.0
562.7673298343262 836.0
563.026020370556 838.0
563.2847027031879 835.0
563.5433768317389 827.0
563.8020427557254 831.0
564.0607004746649 843.0
564.3193499880738 845.0
564.5779912954692 855.0
564.8366243963679 862.0
565.0952492902868 894.0
565.3538659767429 881.0
565.6124744552527 873.0
565.8710747253335 869.0
566.1296667865018 841.0
566.3882506382747 845.0
566.6468262801691 819.0
566.9053937117014 809.0
567.1639529323893 816.0
567.4225039417488 833.0
567.6810467392974 819.0
567.9395813245517 818.0
568.1981076970284 839.0
568.4566258562448 836.0
568.7151358017175 846.0
568.9736375329633 854.0
569.2321310494995 847.0
569.4906163508422 822.0
569.749093436509 827.0
570.0075623060163 816.0
570.2660229588813 819.0
570.5244753946206 820.0
570.7829196127512 819.0
571.0413556127901 807.0
571.2997833942537 813.0
571.5582029566596 827.0
571.8166142995238 817.0
572.075017422364 820.0
572.3334123246967 814.0
572.5917990060384 828.0
572.8501774659068 823.0
573.108547703818 835.0
573.3669097192892 845.0
573.6252635118373 834.0
573.8836090809789 854.0
574.1419464262314 876.0
574.400275547111 833.0
574.6585964431351 842.0
574.9169091138205 836.0
575.1752135586836 829.0
575.4335097772419 817.0
575.6917977690118 820.0
575.9500775335105 825.0
576.2083490702545 819.0
576.4666123787609 819.0
576.7248674585469 818.0
576.9831143091286 826.0
577.2413529300236 834.0
577.4995833207483 817.0
577.7578054808198 828.0
578.0160194097549 836.0
578.2742251070703 826.0
578.5324225722832 827.0
578.7906118049101 822.0
579.0487928044681 825.0
579.3069655704743 816.0
579.565130102445 822.0
579.8232863998975 832.0
580.0814344623485 833.0
580.339574289315 836.0
580.5977058803137 827.0
580.8558292348614 833.0
581.1139443524753 816.0
581.3720512326721 824.0
581.6301498749685 820.0
581.8882402788817 826.0
582.146322443928 815.0
582.4043963696251 821.0
582.6624620554893 834.0
582.9205195010375 826.0
583.1785687057866 827.0
583.4366096692537 843.0
583.6946423909554 832.0
583.9526668704085 826.0
584.2106831071303 818.0
584.4686911006373 827.0
584.7266908504463 829.0
584.9846823560746 796.0
585.2426656170385 818.0
585.5006406328554 829.0
585.7586074030418 835.0
586.0165659271148 854.0
586.2745162045912 823.0
586.5324582349878 832.0
586.7903920178214 825.0
587.0483175526091 821.0
587.3062348388676 815.0
587.5641438761138 837.0
587.8220446638645 839.0
588.0799372016369 854.0
588.3378214889474 888.0
588.5956975253132 904.0
588.8535653102509 933.0
589.1114248432776 932.0
589.3692761239103 884.0
589.6271191516653 871.0
589.88495392606 852.0
590.1427804466111 836.0
590.4005987128355 853.0
590.6584087242501 871.0
590.9162104803713 874.0
591.1740039807169 924.0
591.4317892248029 961.0
591.6895662121466 910.0
591.9473349422648 865.0
592.2050954146741 855.0
592.462847628892 854.0
592.7205915844347 874.0
592.9783272808194 896.0
593.236054717563 861.0
593.493773894182 850.0
593.7514848101939 838.0
594.009187465115 829.0
594.2668818584625 838.0
594.5245679897531 826.0
594.7822458585038 849.0
595.0399154642313 832.0
595.2975768064524 813.0
595.5552298846843 807.0
595.8128746984438 822.0
596.0705112472474 817.0
596.3281395306126 827.0
596.5857595480555 846.0
596.8433712990935 827.0
597.1009747832434 832.0
597.3585700000219 813.0
597.6161569489462 845.0
597.8737356295327 813.0
598.1313060412986 833.0
598.3888681837607 846.0
598.6464220564358 834.0
598.9039676588409 879.0
599.1615049904925 851.0
599.4190340509081 848.0
599.676554839604 833.0
599.9340673560972 855.0
600.1915715999048 834.0
600.4490675705435 826.0
600.7065552675302 835.0
600.9640346903817 824.0
601.221505838615 840.0
601.4789687117469 848.0
601.7364233092942 830.0
601.9938696307739 863.0
602.2513076757026 863.0
602.5087374435976 915.0
602.7661589339755 951.0
603.023572146353 1017.0
603.2809770802475 1183.0
603.5383737351752 1133.0
603.7957621106534 1062.0
604.053142206199 961.0
604.3105140213286 1002.0
604.5678775555593 974.0
604.8252328084078 929.0
605.0825797793912 902.0
605.3399184680261 889.0
605.5972488738295 890.0
605.8545709963181 902.0
606.111884835009 908.0
606.3691903894193 889.0
606.6264876590651 855.0
606.883776643464 846.0
607.1410573421324 839.0
607.3983297545875 833.0
607.6555938803461 828.0
607.9128497189247 831.0
608.1700972698408 820.0
608.4273365326108 827.0
608.6845675067516 827.0
608.9417901917803 848.0
609.1990045872135 858.0
609.4562106925683 842.0
609.7134085073615 855.0
609.9705980311098 875.0
610.2277792633305 863.0
610.4849522035397 892.0
610.7421168512552 893.0
610.9992732059933 869.0
611.2564212672709 848.0
611.5135610346049 837.0
611.7706925075122 836.0
612.0278156855098 827.0
612.2849305681145 836.0
612.542037154843 827.0
612.7991354452124 836.0
613.0562254387393 831.0
613.3133071349409 823.0
613.5703805333337 827.0
613.8274456334349 826.0
614.0845024347612 840.0
614.3415509368294 848.0
614.5985911391567 873.0
614.8556230412595 862.0
615.1126466426551 867.0
615.36966194286 865.0
615.6266689413914 847.0
615.8836676377659 836.0
616.1406580315004 841.0
616.3976401221121 836.0
616.6546139091173 847.0
616.9115793920333 872.0
617.1685365703769 886.0
617.4254854436648 902.0
617.6824260114142 887.0
617.9393582731417 841.0
618.196282228364 841.0
618.4531978765983 826.0
618.7101052173614 816.0
618.9670042501702 809.0
619.2238949745413 797.0
619.4807773899919 823.0
619.7376514960388 809.0
619.9945172921986 828.0
620.2513747779885 801.0
620.508223952925 831.0
620.7650648165256 840.0
621.0218973683066 839.0
621.2787216077849 848.0
621.5355375344776 887.0
621.7923451479013 871.0
622.0491444475734 838.0
622.3059354330103 821.0
622.5627181037288 826.0
622.8194924592461 821.0
623.0762584990788 825.0
623.333016222744 809.0
623.5897656297584 827.0
623.8465067196389 811.0
624.1032394919024 833.0
624.3599639460657 809.0
624.6166800816459 825.0
624.8733878981594 838.0
625.1300873951237 827.0
625.3867785720552 829.0
625.6434614284708 812.0
625.9001359638876 816.0
626.1568021778221 833.0
626.4134600697917 819.0
626.6701096393127 818.0
626.9267508859024 817.0
627.1833838090776 815.0
627.4400084083547 824.0
627.6966246832512 830.0
627.9532326332837 838.0
628.2098322579691 816.0
628.4664235568243 829.0
628.723006529366 835.0
628.9795811751112 822.0
629.2361474935768 826.0
629.4927054842794 845.0
629.7492551467363 856.0
630.0057964804641 856.0
630.2623294849799 848.0
630.5188541598001 858.0
630.775370504442 895.0
631.0318785184223 873.0
631.2883782012578 841.0
631.5448695524658 824.0
631.8013525715625 832.0
632.0578272580652 809.0
632.3142936114906 817.0
632.5707516313557 821.0
632.8272013171775 825.0
633.0836426684723 812.0
633.3400756847575 833.0
633.5965003655499 828.0
633.8529167103661 823.0
634.1093247187234 841.0
634.3657243901381 822.0
634.6221157241276 828.0
634.8784987202085 821.0
635.1348733778977 828.0
635.3912396967121 847.0
635.6475976761684 821.0
635.9039473157839 824.0
636.1602886150749 833.0
636.4166215735588 847.0
636.6729461907521 837.0
636.9292624661718 830.0
637.1855703993349 831.0
637.4418699897578 825.0
637.6981612369581 844.0
637.9544441404521 861.0
638.2107186997567 856.0
638.4669849143892 861.0
638.7232427838659 856.0
638.979492307704 844.0
639.2357334854204 845.0
639.4919663165317 845.0
639.7481908005552 823.0
640.0044069370073 829.0
640.2606147254052 817.0
640.5168141652655 827.0
640.7730052561054 852.0
641.0291879974413 889.0
641.2853623887906 899.0
641.5415284296699 955.0
641.797686119596 1004.0
642.0538354580859 951.0
642.3099764446565 907.0
642.5661090788245 854.0
642.8222333601069 842.0
643.0783492880205 851.0
643.3344568620822 823.0
643.5905560818089 825.0
643.8466469467173 818.0
644.1027294563247 830.0
644.3588036101473 830.0
644.6148694077026 833.0
644.8709268485071 831.0
645.1269759320778 819.0
645.3830166579316 822.0
645.6390490255851 819.0
645.8950730345556 818.0
646.1510886843597 814.0
646.4070959745143 824.0
646.6630949045363 826.0
646.9190854739425 809.0
647.17506768225 834.0
647.4310415289752 820.0
647.6870070136354 821.0
647.9429641357473 830.0
648.1989128948277 822.0
648.4548532903938 824.0
648.7107853219619 836.0
648.9667089890495 814.0
649.222624291173 799.0
649.4785312278494 834.0
649.7344297985958 829.0
649.9903200029287 832.0
650.2462018403652 818.0
650.502075310422 805.0
650.7579404126162 803.0
651.0137971464646 814.0
651.2696455114838 831.0
651.525485507191 833.0
651.7813171331029 816.0
652.0371403887364 820.0
652.2929552736086 821.0
652.5487617872358 825.0
652.8045599291355 819.0
653.0603496988242 827.0
653.3161310958188 830.0
653.5719041196362 839.0
653.8276687697933 836.0
654.0834250458071 836.0
654.3391729471941 840.0
654.5949124734717 812.0
654.8506436241562 824.0
655.1063663987647 826.0
655.3620807968144 819.0
655.6177868178215 816.0
655.8734844613035 832.0
656.129173726777 831.0
656.3848546137588 823.0
656.6405271217659 845.0
656.8961912503149 839.0
657.1518469989231 822.0
657.4074943671071 826.0
657.6631333543837 824.0
657.9187639602701 823.0
658.1743861842826 837.0
658.4300000259387 824.0
658.6856054847549 816.0
658.9412025602483 827.0
659.1967912519353 822.0
659.4523715593333 812.0
659.707943481959 833.0
659.9635070193291 831.0
660.2190621709606 841.0
660.4746089363705 869.0
660.7301473150753 844.0
660.9856773065924 833.0
661.2411989104381 838.0
661.4967121261298 823.0
661.7522169531838 825.0
662.0077133911174 833.0
662.2632014394475 819.0
662.5186810976904 816.0
662.7741523653638 829.0
663.029615241984 827.0
663.2850697270679 828.0
663.5405158201327 821.0
663.7959535206948 837.0
664.0513828282715 809.0
664.3068037423793 818.0
664.5622162625355 814.0
664.8176203882564 818.0
665.0730161190594 836.0
665.3284034544613 813.0
665.5837823939785 823.0
665.8391529371283 855.0
666.0945150834276 866.0
666.349868832393 837.0
666.6052141835415 872.0
666.8605511363899 839.0
667.1158796904554 845.0
667.3711998452544 848.0
667.626511600304 884.0
667.8818149551211 910.0
668.1371099092223 873.0
668.3923964621249 863.0
668.6476746133454 840.0
668.9029443624008 832.0
669.1582057088083 827.0
669.4134586520839 832.0
669.6687031917455 829.0
669.9239393273093 853.0
670.1791670582923 829.0
670.4343863842114 828.0
670.6895973045835 825.0
670.9447998189256 824.0
671.1999939267544 830.0
671.4551796275866 821.0
671.7103569209394 814.0
671.9655258063294 840.0
672.220686283274 842.0
672.475838351289 813.0
672.7309820098925 831.0
672.9861172586005 819.0
673.2412440969302 812.0
673.4963625243987 804.0
673.7514725405223 814.0
674.0065741448183 834.0
674.2616673368035 833.0
674.5167521159946 875.0
674.7718284819086 929.0
675.0268964340622 978.0
675.2819559719727 1171.0
675.5370070951565 1133.0
675.7920498031307 1085.0
676.0470840954122 974.0
676.3021099715176 912.0
676.5571274309642 875.0
676.8121364732684 866.0
677.0671370979474 859.0
677.3221293045178 843.0
677.5771130924968 841.0
677.8320884614011 833.0
678.0870554107474 837.0
678.3420139400529 814.0
678.5969640488343 830.0
678.8519057366083 823.0
679.1068390028922 835.0
679.3617638472023 824.0
679.616680269056 835.0
679.8715882679699 814.0
680.1264878434607 804.0
680.3813789950458 823.0
680.6362617222414 817.0
680.8911360245651 818.0
681.146001901533 807.0
681.4008593526627 829.0
681.6557083774705 841.0
681.9105489754734 825.0
682.1653811461886 826.0
682.4202048891326 827.0
682.6750202038223 836.0
682.9298270897748 842.0
683.1846255465068 833.0
683.4394155735351 844.0
683.6941971703767 835.0
683.9489703365485 837.0
684.2037350715673 812.0
684.4584913749499 821.0
684.7132392462133 829.0
684.9679786848742 828.0
685.2227096904496 829.0
685.4774322624564 839.0
685.7321464004115 842.0
685.9868521038316 826.0
686.2415493722334 851.0
686.4962382051343 861.0
686.7509186020508 927.0
687.0055905624997 1078.0
687.2602540859983 1132.0
687.514909172063 1066.0
687.7695558202109 1017.0
688.0241940299587 926.0
688.2788238008236 897.0
688.5334451323221 879.0
688.7880580239712 861.0
689.042662475288 868.0
689.2972584857889 871.0
689.5518460549912 843.0
689.8064251824115 834.0
690.0609958675668 818.0
690.3155581099742 829.0
690.5701119091498 831.0
690.8246572646113 832.0
691.0791941758752 841.0
691.3337226424583 839.0
691.5882426638777 832.0
691.84275423965 818.0
692.0972573692924 832.0
692.3517520523214 837.0
692.6062382882542 855.0
692.8607160766074 841.0
693.1151854168979 867.0
693.3696463086428 891.0
693.6240987513587 925.0
693.8785427445628 957.0
694.1329782877717 940.0
694.3874053805022 919.0
694.6418240222713 890.0
694.8962342125958 894.0
695.1506359509929 907.0
695.405029236979 926.0
695.6594140700711 1023.0
695.9137904497863 1294.0
696.168158375641 1628.0
696.4225178471527 2266.0
696.676868863838 2603.0
696.9312114252134 2382.0
697.1855455307963 1975.0
697.4398711801031 1360.0
697.6941883726512 1077.0
697.9484971079568 969.0
698.2027973855375 888.0
698.4570892049098 898.0
698.7113725655903 857.0
698.9656474670965 857.0
699.2199139089445 871.0
699.4741718906519 867.0
699.7284214117353 837.0
699.9826624717113 844.0
700.2368950700971 842.0
700.4911192064093 837.0
700.7453348801653 832.0
700.9995420908814 837.0
701.2537408380745 819.0
701.5079311212619 842.0
701.7621129399598 837.0
702.016286293686 828.0
702.2704511819566 867.0
702.5246076042886 936.0
702.778755560199 984.0
703.0328950492045 1110.0
703.2870260708224 1071.0
703.5411486245691 1034.0
703.7952627099618 953.0
704.0493683265172 883.0
704.3034654737519 866.0
704.5575541511835 856.0
704.8116343583279 855.0
705.0657060947029 848.0
705.3197693598249 880.0
705.5738241532106 886.0
705.8278704743772 950.0
706.0819083228414 1187.0
706.3359376981203 1540.0
706.5899585997306 2182.0
706.8439710271889 2514.0
707.0979749800126 2315.0
707.3519704577179 2002.0
707.6059574598225 1384.0
707.8599359858429 1107.0
708.1139060352955 977.0
708.3678676076978 923.0
708.6218207025663 889.0
708.8757653194182 888.0
709.12970145777 850.0
709.3836291171389 861.0
709.6375482970416 855.0
709.8914589969946 855.0
710.1453612165157 859.0
710.3992549551208 871.0
710.6531402123275 875.0
710.9070169876522 884.0
711.1608852806118 868.0
711.4147450907236 857.0
711.6685964175037 834.0
711.9224392604699 845.0
712.1762736191384 844.0
712.4300994930262 826.0
712.6839168816504 860.0
712.9377257845274 836.0
713.1915262011746 862.0
713.4453181311087 851.0
713.6991015738463 851.0
713.9528765289045 858.0
714.2066429958 904.0
714.4604009740502 1007.0
714.7141504631712 1099.0
714.9678914626805 1038.0
715.2216239720948 1032.0
715.4753479909306 950.0
715.7290635187052 922.0
715.982770554935 906.0
716.2364690991376 864.0
716.4901591508293 870.0
716.743840709527 847.0
716.9975137747479 833.0
717.2511783460084 843.0
717.5048344228259 844.0
717.7584820047169 831.0
718.0121210911982 829.0
718.2657516817872 829.0
718.519373776 830.0
718.772987373354 821.0
719.026592473366 820.0
719.2801890755527 834.0
719.5337771794311 818.0
719.7873567845179 847.0
720.0409278903304 836.0
720.294490496385 864.0
720.5480446021987 893.0
720.8015902072887 909.0
721.0551273111711 892.0
721.3086559133636 884.0
721.5621760133826 855.0
721.815687610745 844.0
722.0691907049679 825.0
722.3226852955679 839.0
722.5761713820622 832.0
722.8296489639672 823.0
723.0831180408002 838.0
723.3365786120778 823.0
723.5900306773169 843.0
723.8434742360346 832.0
724.0969092877473 829.0
724.3503358319725 836.0
724.6037538682267 832.0
724.8571633960265 840.0
725.1105644148894 830.0
725.3639569243315 831.0
725.6173409238706 828.0
725.8707164130229 853.0
726.1240833913054 843.0
726.3774418582351 872.0
726.6307918133285 934.0
726.8841332561029 1065.0
727.137466186075 1272.0
727.3907906027619 1312.0
727.6441065056802 1266.0
727.8974138943464 1177.0
728.1507127682783 1021.0
728.4040031269918 919.0
728.6572849700045 890.0
728.9105582968331 876.0
729.1638231069941 847.0
729.4170794000048 854.0
729.6703271753817 834.0
729.923566432642 830.0
730.1767971713025 833.0
730.4300193908798 832.0
730.6832330908911 864.0
730.936438270853 884.0
731.1896349302828 926.0
731.442823068697 900.0
731.6960026856123 918.0
731.949173780546 875.0
732.2023363530145 871.0
732.4554904025351 836.0
732.7086359286245 837.0
732.9617729307997 847.0
733.2149014085775 828.0
733.4680213614745 832.0
733.7211327890079 825.0
733.9742356906943 845.0
734.2273300660511 826.0
734.4804159145946 855.0
734.7334932358416 891.0
734.9865620293094 949.0
735.2396222945147 995.0
735.4926740309744 1008.0
735.7457172382054 973.0
735.9987519157243 944.0
736.2517780630484 933.0
736.504795679694 946.0
736.7578047651785 1034.0
737.0108053190187 1187.0
737.2637973407312 1304.0
737.516780829833 1346.0
737.769755785841 1728.0
738.0227222082721 2344.0
738.2756800966428 3487.0
738.5286294504706 3575.0
738.781570269272 3298.0
739.0345025525638 2871.0
739.2874262998632 1799.0
739.5403415106866 1346.0
739.7932481845512 1141.0
740.046146320974 1009.0
740.2990359194714 956.0
740.5519169795606 930.0
740.8047895007583 908.0
741.0576534825816 905.0
741.3105089245472 909.0
741.563355826172 890.0
741.8161941869729 897.0
742.0690240064664 910.0
742.3218452841702 891.0
742.5746580196005 874.0
742.8274622122741 877.0
743.0802578617083 896.0
743.3330449674197 925.0
743.5858235289254 950.0
743.8385935457418 910.0
744.0913550173865 909.0
744.3441079433758 873.0
744.5968523232264 856.0
744.8495881564559 834.0
745.1023154425804 840.0
745.3550341811174 853.0
745.6077443715835 849.0
745.8604460134952 849.0
746.1131391063701 857.0
746.3658236497243 837.0
746.6184996430754 851.0
746.87116708594 859.0
747.1238259778346 864.0
747.3764763182764 883.0
747.6291181067822 898.0
747.8817513428692 889.0
748.1343760260539 923.0
748.3869921558529 948.0
748.6395997317837 952.0
748.8921987533628 1019.0
749.1447892201071 1040.0
749.3973711315336 1133.0
749.6499444871589 1575.0
749.9025092865003 2699.0
750.1550655290741 4809.0
750.4076132143978 6421.0
750.6601523419877 5576.0
750.912682911361 6268.0
751.1652049220347 5396.0
751.4177183735251 5213.0
751.6702232653497 4200.0
751.9227195970248 3936.0
752.1752073680677 3002.0
752.4276865779954 1783.0
752.680157226324 1391.0
752.9326193125712 1153.0
753.1850728362533 1057.0
753.4375177968876 980.0
753.6899541939908 939.0
753.9423820270795 934.0
754.194801295671 908.0
754.4472119992819 872.0
754.6996141374291 868.0
754.9520077096296 894.0
755.2043927154 874.0
755.4567691542577 865.0
755.7091370257187 856.0
755.9614963293008 852.0
756.2138470645202 851.0
756.4661892308942 832.0
756.7185228279395 844.0
756.9708478551728 850.0
757.2231643121112 846.0
757.4754721982714 858.0
757.7277715131704 856.0
757.9800622563251 841.0
758.2323444272521 864.0
758.4846180254688 857.0
758.7368830504913 844.0
758.9891395018373 861.0
759.2413873790232 854.0
759.4936266815657 858.0
759.7458574089821 852.0
759.9980795607888 844.0
760.2502931365033 860.0
760.502498135642 876.0
760.7546945577217 880.0
761.0068824022595 887.0
761.2590616687722 914.0
761.5112323567769 894.0
761.7633944657899 929.0
762.0155479953288 974.0
762.26769294491 1011.0
762.5198293140501 1136.0
762.7719571022666 1600.0
763.024076309076 2893.0
763.2761869339953 5404.0
763.5282889765415 7046.0
763.780382436231 5878.0
764.032467312581 6233.0
764.2845436051083 3998.0
764.53661131333 2162.0
764.7886704367629 1584.0
765.0407209749233 1259.0
765.2927629273288 1112.0
765.5447962934958 1037.0
765.7968210729414 969.0
766.0488372651824 952.0
766.3008448697357 935.0
766.5528438861181 915.0
766.8048343138464 904.0
767.0568161524378 894.0
767.3087894014087 885.0
767.5607540602764 865.0
767.8127101285577 847.0
768.0646576057691 849.0
768.3165964914278 842.0
768.5685267850505 857.0
768.8204484861544 850.0
769.0723615942561 856.0
769.3242661088722 869.0
769.5761620295201 851.0
769.8280493557162 844.0
770.0799280869778 858.0
770.3317982228216 890.0
770.5836597627642 887.0
770.835512706323 897.0
771.0873570530143 910.0
771.3391928023555 954.0
771.591019953863 1103.0
771.8428385070538 1538.0
772.094648461445 2507.0
772.3464498165532 3593.0
772.5982425718955 3113.0
772.8500267269885 3144.0
773.1018022813494 2598.0
773.3535692344948 1600.0
773.6053275859415 1227.0
773.8570773352067 1062.0
774.108818481807 971.0
774.3605510252594 930.0
774.6122749650807 900.0
774.8639903007878 873.0
775.1156970318975 864.0
775.3673951579267 871.0
775.6190846783925 850.0
775.8707655928115 854.0
776.1224379007004 857.0
776.3741016015766 847.0
776.6257566949563 848.0
776.8774031803571 839.0
777.1290410572955 851.0
777.3806703252881 833.0
777.6322909838522 858.0
777.8839030325043 850.0
778.1355064707618 846.0
778.3871012981411 856.0
778.6386875141592 848.0
778.890265118333 850.0
779.1418341101793 850.0
779.3933944892151 821.0
779.6449462549571 829.0
779.8964894069222 850.0
780.1480239446275 848.0
780.3995498675895 839.0
780.6510671753255 848.0
780.9025758673517 843.0
781.1540759431858 840.0
781.4055674023442 833.0
781.6570502443437 817.0
781.9085244687013 837.0
782.159990074934 832.0
782.4114470625585 833.0
782.6628954310918 828.0
782.9143351800503 846.0
783.1657663089516 839.0
783.4171888173119 814.0
783.6686027046486 825.0
783.9200079704783 821.0
784.1714046143178 836.0
784.4227926356843 819.0
784.6741720340941 837.0
784.9255428090647 837.0
785.1769049601126 832.0
785.4282584867548 830.0
785.6796033885082 824.0
785.9309396648893 843.0
786.1822673154155 829.0
786.4335863396033 841.0
786.6848967369698 848.0
786.9361985070317 826.0
787.1874916493058 830.0
787.4387761633094 847.0
787.6900520485588 835.0
787.9413193045713 824.0
788.1925779308636 840.0
788.4438279269523 853.0
788.6950692923548 860.0
788.9463020265875 883.0
789.1975261291677 875.0
789.448741599612 869.0
789.6999484374371 878.0
789.9511466421604 861.0
790.2023362132982 856.0
790.4535171503677 845.0
790.7046894528855 854.0
790.9558531203689 842.0
791.2070081523347 847.0
791.458154548299 863.0
791.7092923077797 859.0
791.9604214302931 855.0
792.2115419153562 842.0
792.462653762486 837.0
792.7137569711989 856.0
792.9648515410123 856.0
793.2159374714428 861.0
793.4670147620074 888.0
793.718083412223 907.0
793.9691434216061 981.0
794.220194789674 1264.0
794.4712375159432 2002.0
794.722271599931 3004.0
794.9732970411541 2616.0
795.2243138391292 2669.0
795.4753219933733 2453.0
795.7263215034031 1590.0
795.9773123687357 1212.0
796.2282945888878 1028.0
796.4792681633767 980.0
796.7302330917187 933.0
796.9811893734307 921.0
797.23213700803 898.0
797.483075995033 896.0
797.7340063339569 895.0
797.9849280243186 904.0
798.2358410656345 896.0
798.4867454574222 901.0
798.7376411991978 904.0
798.9885282904788 921.0
799.2394067307818 921.0
799.4902765196234 941.0
799.741137656521 1035.0
799.9919901409909 1306.0
800.2428339725506 2149.0
800.4936691507165 3343.0
800.7444956750055 3156.0
800.9953135449347 3667.0
801.2461227600207 4907.0
801.4969233197808 4214.0
801.7477152237312 3197.0
801.9984984713894 3319.0
802.2492730622722 2425.0
802.5000389958959 1536.0
802.7507962717781 1264.0
803.0015448894349 1116.0
803.252284848384 1002.0
803.5030161481417 970.0
803.7537387882248 952.0
804.0044527681507 913.0
804.2551580874358 903.0
804.5058547455972 916.0
804.7565427421519 904.0
805.0072220766161 901.0
805.2578927485075 924.0
805.5085547573423 891.0
805.7592081026379 902.0
806.009852783911 914.0
806.2604888006782 906.0
806.5111161524568 902.0
806.7617348387631 902.0
807.0123448591147 908.0
807.2629462130279 911.0
807.5135389000196 923.0
807.7641229196071 924.0
808.0146982713067 976.0
808.2652649546358 995.0
808.5158229691108 1019.0
808.7663723142489 1037.0
809.016912989567 1049.0
809.2674449945815 1118.0
809.5179683288098 1269.0
809.7684829917686 1714.0
810.0189889829746 3033.0
810.269486301945 4659.0
810.5199749481961 4176.0
810.7704549212456 5163.0
811.0209262206095 8238.0
811.2713888458052 14451.0
811.5218427963496 15757.0
811.7722880717591 13440.0
812.022724671551 15009.0
812.2731525952421 11721.0
812.5235718423493 5344.0
812.7739824123893 3214.0
813.0243843048788 2205.0
813.2747775193352 1713.0
813.5251620552749 1456.0
813.7755379122152 1266.0
814.0259050896724 1181.0
814.276263587164 1115.0
814.5266134042064 1083.0
814.7769545403165 997.0
815.0272869950115 980.0
815.2776107678079 948.0
815.5279258582229 946.0
815.7782322657732 919.0
816.0285299899754 915.0
816.2788190303468 901.0
816.529099386404 889.0
816.7793710576641 866.0
817.0296340436439 886.0
817.2798883438601 870.0
817.5301339578298 859.0
817.7803708850694 868.0
818.0305991250964 875.0
818.2808186774273 862.0
818.531029541579 863.0
818.7812317170685 861.0
819.0314252034124 864.0
819.281610000128 857.0
819.5317861067317 866.0
819.7819535227408 846.0
820.0321122476719 862.0
820.2822622810417 860.0
820.5324036223675 860.0
820.7825362711658 854.0
821.0326602269538 854.0
821.2827754892483 845.0
821.5328820575656 848.0
821.7829799314234 860.0
822.033069110338 847.0
822.2831495938267 846.0
822.5332213814061 847.0
822.7832844725929 839.0
823.0333388669044 862.0
823.283384563857 845.0
823.533421562968 863.0
823.7834498637541 847.0
824.033469465732 870.0
824.2834803684189 857.0
824.5334825713311 873.0
824.7834760739862 854.0
825.0334608759005 866.0
825.2834369765912 870.0
825.5334043755751 921.0
825.7833630723688 1050.0
826.0333130664897 1427.0
826.2832543574541 2201.0
826.5331869447793 2005.0
826.783110827982 1947.0
827.0330260065789 2079.0
827.2829324800872 1591.0
827.5328302480233 1164.0
827.7827193099047 984.0
828.032599665248 933.0
828.2824713135695 898.0
828.532334254387 870.0
828.7821884872168 834.0
829.0320340115759 844.0
829.2818708269813 853.0
829.5316989329494 858.0
829.7815183289979 875.0
830.0313290146428 842.0
830.2811309894015 836.0
830.5309242527906 829.0
830.7807088043272 846.0
831.0304846435281 836.0
831.2802517699099 841.0
831.5300101829899 830.0
831.7797598822846 841.0
832.0295008673112 837.0
832.2792331375864 843.0
832.5289566926268 833.0
832.7786715319497 826.0
833.0283776550717 841.0
833.27807506151 828.0
833.5277637507811 832.0
833.7774437224018 836.0
834.0271149758895 834.0
834.2767775107606 834.0
834.526431326532 824.0
834.7760764227208 824.0
835.0257127988438 846.0
835.2753404544177 836.0
835.5249593889594 834.0
835.774569601986 836.0
836.0241710930143 846.0
836.2737638615607 832.0
836.5233479071428 842.0
836.7729232292768 829.0
837.0224898274802 842.0
837.2720477012693 843.0
837.5215968501614 867.0
837.7711372736733 864.0
838.0206689713215 852.0
838.2701919426232 871.0
838.5197061870952 875.0
838.7692117042545 886.0
839.0187084936177 908.0
839.2681965547017 926.0
839.5176758870236 918.0
839.7671464901001 964.0
840.0166083634483 1066.0
840.2660615065847 1361.0
840.5155059190262 2454.0
840.7649416002901 3155.0
841.0143685498927 2580.0
841.2637867673512 2901.0
841.5131962521828 2785.0
841.7625970039035 2169.0
842.0119890220308 2740.0
842.2613723060813 5267.0
842.5107468555723 4795.0
842.76011267002 4164.0
843.0094697489418 4743.0
843.2588180918546 3535.0
843.5081576982747 1957.0
843.7574885677194 1450.0
844.0068106997054 1202.0
844.25612409375 1059.0
844.5054287493696 1006.0
844.754724666081 942.0
845.0040118434015 930.0
845.2532902808475 902.0
845.5025599779364 892.0
845.7518209341847 864.0
846.0010731491091 864.0
846.2503166222269 877.0
846.4995513530547 863.0
846.7487773411094 858.0
846.9979945859081 861.0
847.2472030869674 836.0
847.4964028438043 834.0
847.7455938559353 862.0
847.994776122878 844.0
848.2439496441485 834.0
848.4931144192642 838.0
848.7422704477419 838.0
848.9914177290981 854.0
849.2405562628502 848.0
849.4896860485144 848.0
849.7388070856083 846.0
849.9879193736485 864.0
850.2370229121515 841.0
850.4861177006346 845.0
850.7352037386146 848.0
850.9842810256082 874.0
851.2333495611326 925.0
851.482409344704 1018.0
851.7314603758401 1440.0
851.9805026540571 2254.0
852.2295361788724 1971.0
852.4785609498026 1927.0
852.7275769663643 2077.0
852.9765842280748 1623.0
853.2255827344507 1159.0
853.4745724850093 1029.0
853.7235534792667 930.0
853.9725257167406 898.0
854.2214891969475 861.0
854.4704439194039 862.0
854.7193898836274 846.0
854.9683270891342 844.0
855.2172555354416 834.0
855.4661752220665 841.0
855.7150861485252 817.0
855.9639883143353 850.0
856.212881719013 826.0
856.4617663620759 835.0
856.7106422430403 834.0
856.9595093614231 832.0
857.2083677167415 822.0
857.4572173085119 844.0
857.7060581362517 830.0
857.9548901994776 820.0
858.2037134977061 827.0
858.4525280304546 823.0
858.7013337972394 822.0
858.950130797578 813.0
859.1989190309868 824.0
859.4476984969828 816.0
859.696469195083 826.0
859.9452311248039 832.0
860.1939842856627 838.0
860.4427286771763 860.0
860.6914642988615 847.0
860.9401911502351 849.0
861.1889092308139 836.0
861.437618540115 836.0
861.686319077655 836.0
861.935010842951 840.0
862.1836938355198 829.0
862.432368054878 852.0
862.6810335005429 836.0
862.9296901720311 837.0
863.1783380688596 835.0
863.4269771905452 815.0
863.6756075366046 830.0
863.9242291065551 814.0
864.1728418999131 813.0
864.4214459161959 828.0
864.6700411549201 818.0
864.9186276156024 817.0
865.1672052977602 822.0
865.4157742009098 820.0
865.6643343245685 833.0
865.9128856682528 820.0
866.1614282314799 862.0
866.4099620137665 941.0
866.6584870146295 1096.0
866.9070032335858 1021.0
867.155510670152 1010.0
867.4040093238455 1025.0
867.6524991941827 962.0
867.9009802806806 883.0
868.1494525828563 846.0
868.3979161002262 843.0
868.6463708323078 829.0
868.8948167786174 802.0
869.1432539386718 812.0
869.3916823119887 821.0
869.6401018980839 815.0
869.8885126964751 824.0
870.1369147066789 813.0
870.3853079282118 817.0
870.6336923605911 818.0
870.8820680033335 821.0
871.1304348559562 825.0
871.3787929179755 813.0
871.6271421889087 828.0
871.8754826682726 810.0
872.1238143555837 811.0
872.3721372503595 817.0
872.6204513521162 828.0
872.8687566603713 801.0
873.1170531746413 816.0
873.365340894443 817.0
873.6136198192935 819.0
873.8618899487094 819.0
874.110151282208 805.0
874.3584038193057 809.0
874.6066475595196 808.0
874.8548825023668 824.0
875.1031086473636 824.0
875.3513259940273 821.0
875.5995345418747 839.0
875.8477342904224 830.0
876.0959252391877 858.0
876.3441073876871 840.0
876.5922807354377 840.0
876.8404452819562 824.0
877.0886010267599 829.0
877.3367479693651 817.0
877.5848861092887 823.0
877.8330154460481 818.0
878.0811359791594 818.0
878.3292477081402 818.0
878.5773506325071 811.0
878.8254447517768 808.0
879.0735300654665 817.0
879.3216065730924 806.0
879.5696742741723 822.0
879.8177331682225 804.0
880.0657832547598 821.0
880.3138245333014 812.0
880.5618570033639 818.0
880.8098806644645 818.0
881.0578955161196 801.0
881.3059015578464 813.0
881.5538987891618 824.0
881.8018872095822 809.0
882.0498668186252 810.0
882.297837615807 816.0
882.5457996006451 810.0
882.7937527726558 817.0
883.041697131356 803.0
883.2896326762632 820.0
883.5375594068934 821.0
883.7854773227642 812.0
884.0333864233922 832.0
884.2812867082938 813.0
884.5291781769868 832.0
884.7770608289871 813.0
885.0249346638125 809.0
885.2727996809792 817.0
885.5206558800041 825.0
885.7685032604046 822.0
886.0163418216969 821.0
886.2641715633982 825.0
886.5119924850256 818.0
886.7598045860955 809.0
887.007607866125 812.0
887.2554023246308 816.0
887.5031879611303 823.0
887.7509647751398 813.0
887.9987327661763 812.0
888.2464919337567 804.0
888.4942422773979 806.0
888.7419837966169 820.0
888.9897164909302 821.0
889.2374403598551 835.0
889.4851554029083 821.0
889.7328616196063 811.0
889.9805590094667 820.0
890.2282475720056 833.0
890.4759273067405 817.0
890.7235982131879 818.0
890.9712602908646 805.0
891.218913539288 800.0
891.4665579579743 806.0
891.7141935464408 824.0
891.9618203042044 812.0
892.2094382307815 817.0
892.4570473256895 825.0
892.7046475884449 806.0
892.9522390185649 813.0
893.1998216155661 816.0
893.4473953789653 812.0
893.6949603082797 820.0
893.9425164030258 809.0
894.1900636627211 807.0
894.4376020868815 822.0
894.6851316750246 809.0
894.9326524266672 816.0
895.1801643413257 812.0
895.4276674185177 827.0
895.6751616577593 808.0
895.922647058568 820.0
896.1701236204603 814.0
896.4175913429531 825.0
896.6650502255636 817.0
896.912500267808 824.0
897.159941469204 832.0
897.4073738292678 822.0
897.6547973475165 825.0
897.9022120234671 816.0
898.1496178566362 818.0
898.3970148465409 811.0
898.644402992698 807.0
898.8917822946241 817.0
899.1391527518367 820.0
899.386514363852 829.0
899.6338671301874 820.0
899.8812110503592 807.0
900.1285461238849 798.0
900.375872350281 817.0
900.6231897290643 814.0
900.8704982597519 828.0
901.1177979418604 814.0
901.3650887749071 823.0
901.6123707584086 809.0
901.8596438918815 837.0
902.106908174843 812.0
902.35416360681 821.0
902.6014101872993 804.0
902.8486479158278 810.0
903.095876791912 831.0
903.3430968150694 824.0
903.5903079848164 810.0
903.83751030067 814.0
904.0847037621473 824.0
904.3318883687646 808.0
904.5790641200394 810.0
904.826231015488 812.0
905.0733890546279 794.0
905.3205382369753 807.0
905.5676785620476 808.0
905.8148100293615 829.0
906.0619326384336 825.0
906.3090463887813 842.0
906.5561512799208 812.0
906.8032473113697 825.0
907.0503344826443 828.0
907.2974127932616 834.0
907.5444822427387 834.0
907.7915428305921 844.0
908.038594556339 834.0
908.2856374194963 821.0
908.5326714195803 820.0
908.7796965561088 828.0
909.0267128285976 835.0
909.2737202365645 833.0
909.520718779526 844.0
909.7677084569985 817.0
910.0146892684998 846.0
910.261661213546 835.0
910.5086242916544 856.0
910.7555785023416 867.0
911.0025238451248 874.0
911.2494603195206 900.0
911.4963879250456 960.0
911.7433066612174 1132.0
911.9902165275522 2077.0
912.2371175235672 2803.0
912.4840096487795 1977.0
912.7308929027052 2070.0
912.9777672848619 2120.0
913.2246327947661 1750.0
913.4714894319347 1255.0
913.7183371958849 1007.0
913.965176086133 962.0
914.2120061021965 921.0
914.4588272435916 865.0
914.7056395098358 859.0
914.9524429004457 865.0
915.1992374149379 846.0
915.4460230528298 837.0
915.6927998136375 847.0
915.9395676968788 831.0
916.1863267020701 833.0
916.4330768287281 837.0
916.67981807637 823.0
916.9265504445123 811.0
917.1732739326723 820.0
917.4199885403666 817.0
917.6666942671121 830.0
917.9133911124259 832.0
918.1600790758242 829.0
918.4067581568248 819.0
918.6534283549438 824.0
918.9000896696987 843.0
919.1467421006058 859.0
919.3933856471822 859.0
919.6400203089449 866.0
919.8866460854103 852.0
920.1332629760961 859.0
920.3798709805186 854.0
920.6264700981943 852.0
920.8730603286409 844.0
921.1196416713748 836.0
921.3662141259131 872.0
921.6127776917724 890.0
921.8593323684695 948.0
922.1058781555217 1337.0
922.3524150524454 1801.0
922.598943058758 1357.0
922.8454621739758 1323.0
923.0919723976159 1383.0
923.3384737291954 1269.0
923.5849661682307 1094.0
923.8314497142393 924.0
924.0779243667373 872.0
924.3243901252423 859.0
924.5708469892709 854.0
924.8172949583395 841.0
925.0637340319656 826.0
925.3101642096658 845.0
925.5565854909571 825.0
925.8029978753563 808.0
926.04940136238 820.0
926.2957959515456 843.0
926.5421816423694 834.0
926.7885584343687 836.0
927.0349263270604 808.0
927.281285319961 821.0
927.5276354125876 827.0
927.7739766044568 830.0
928.020308895086 826.0
928.2666322839915 809.0
928.5129467706906 817.0
928.7592523547 820.0
929.0055490355364 826.0
929.2518368127171 812.0
929.4981156857584 822.0
929.7443856541778 828.0
929.9906467174917 832.0
930.2368988752169 816.0
930.4831421268707 825.0
930.7293764719695 836.0
930.9756019100306 823.0
931.2218184405708 824.0
931.4680260631065 814.0
931.7142247771553 817.0
931.9604145822334 806.0
932.2065954778582 822.0
932.4527674635461 807.0
932.6989305388141 822.0
932.9450847031794 817.0
933.1912299561584 802.0
933.4373662972685 810.0
933.6834937260257 817.0
933.929612241948 817.0
934.1757218445516 834.0
934.4218225333533 827.0
934.6679143078701 822.0
934.913997167619 840.0
935.1600711121167 871.0
935.4061361408803 880.0
935.6521922534262 850.0
935.8982394492718 833.0
936.1442777279336 847.0
936.3903070889288 832.0
936.636327531774 826.0
936.882339055986 822.0
937.128341661082 812.0
937.3743353465785 826.0
937.6203201119927 818.0
937.8662959568414 804.0
938.1122628806411 816.0
938.3582208829092 813.0
938.6041699631621 806.0
938.8501101209171 813.0
939.0960413556905 818.0
939.341963667 828.0
939.5878770543618 817.0
939.8337815172929 805.0
940.0796770553103 804.0
940.3255636679306 823.0
940.5714413546712 823.0
940.8173101150486 793.0
941.0631699485793 809.0
941.309020854781 803.0
941.5548628331699 800.0
941.8006958832632 810.0
942.0465200045778 829.0
942.2923351966301 800.0
942.5381414589376 818.0
942.7839387910167 810.0
943.0297271923846 809.0
943.275506662558 828.0
943.5212772010536 821.0
943.7670388073888 798.0
944.0127914810797 808.0
944.2585352216438 809.0
944.504270028598 798.0
944.7499959014584 818.0
944.9957128397427 830.0
945.2414208429674 819.0
945.4871199106495 847.0
945.7328100423057 840.0
945.978491237453 823.0
946.2241634956084 816.0
946.4698268162882 826.0
946.71548119901 804.0
946.9611266432901 825.0
947.2067631486459 821.0
947.4523907145939 819.0
947.6980093406509 814.0
947.943619026334 824.0
948.1892197711599 812.0
948.4348115746456 816.0
948.680394436308 813.0
948.9259683556636 821.0
949.17153333223 814.0
949.4170893655231 826.0
949.6626364550607 807.0
949.9081746003591 802.0
950.1537038009352 789.0
950.3992240563063 799.0
950.6447353659886 802.0
950.8902377294995 807.0
951.1357311463555 805.0
951.381215616074 810.0
951.6266911381715 813.0
951.8721577121647 805.0
952.1176153375708 821.0
952.3630640139064 815.0
952.6085037406887 827.0
952.8539345174344 805.0
953.09935634366 794.0
953.3447692188829 823.0
953.5901731426196 812.0
953.8355681143876 809.0
954.080954133703 818.0
954.326331200083 801.0
954.5716993130445 822.0
954.8170584721041 827.0
955.0624086767792 810.0
955.3077499265863 813.0
955.5530822210421 801.0
955.798405559664 812.0
956.0437199419682 808.0
956.2890253674723 819.0
956.5343218356925 810.0
956.7796093461461 814.0
957.02488789835 816.0
957.2701574918206 816.0
957.5154181260752 810.0
957.7606698006304 809.0
958.0059125150034 798.0
958.2511462687107 811.0
958.4963710612694 811.0
958.7415868921963 811.0
958.9867937610082 809.0
959.2319916672224 805.0
959.4771806103552 803.0
959.7223605899235 810.0
959.9675316054446 797.0
960.2126936564348 828.0
960.4578467424116 814.0
960.7029908628915 805.0
960.9481260173911 819.0
961.193252205428 824.0
961.4383694265184 812.0
961.6834776801796 810.0
961.9285769659282 796.0
962.1736672832812 803.0
962.4187486317555 820.0
962.6638210108677 816.0
962.908884420135 812.0
963.153938859074 821.0
963.3989843272019 820.0
963.6440208240352 818.0
963.889048349091 830.0
964.1340669018862 841.0
964.3790764819373 824.0
964.6240770887617 833.0
964.8690687218761 854.0
965.114051380797 896.0
965.3590250650417 1050.0
965.6039897741268 1483.0
965.8489455075695 1261.0
966.0938922648864 1003.0
966.3388300455941 988.0
966.5837588492103 1034.0
966.8286786752509 988.0
967.0735895232334 944.0
967.3184913926743 893.0
967.5633842830911 859.0
967.808268194 825.0
968.0531431249179 813.0
968.2980090753622 810.0
968.5428660448491 825.0
968.7877140328961 816.0
969.0325530390197 826.0
969.2773830627367 823.0
969.5222041035643 821.0
969.7670161610189 827.0
970.0118192346179 818.0
970.2566133238779 815.0
970.5013984283155 816.0
970.746174547448 831.0
970.990941680792 813.0
971.2356998278649 805.0
971.480448988183 820.0
971.725189161263 819.0
971.9699203466223 819.0
972.2146425437775 823.0
972.4593557522456 805.0
972.7040599715434 824.0
972.9487552011876 812.0
973.1934414406954 825.0
973.4381186895833 816.0
973.6827869473685 810.0
973.9274462135677 820.0
974.1720964876979 810.0
974.4167377692759 826.0
974.6613700578182 817.0
974.9059933528424 810.0
975.1506076538647 807.0
975.3952129604023 823.0
975.6398092719721 830.0
975.8843965880908 806.0
976.1289749082755 820.0
976.3735442320426 816.0
976.6181045589096 826.0
976.862655888393 819.0
977.1071982200094 817.0
977.3517315532764 801.0
977.5962558877101 813.0
977.840771222828 833.0
978.0852775581467 876.0
978.3297748931827 928.0
978.5742632274536 851.0
978.8187425604756 822.0
979.063212891766 833.0
979.3076742208415 834.0
979.5521265472191 838.0
979.7965698704156 841.0
980.0410041899477 831.0
980.2854295053326 816.0
980.5298458160865 821.0
980.7742531217272 830.0
981.0186514217711 805.0
981.2630407157347 807.0
981.5074210031356 814.0
981.7517922834901 825.0
981.9961545563154 823.0
982.2405078211283 815.0
982.4848520774455 809.0
982.729187324784 827.0
982.9735135626606 837.0
983.2178307905924 808.0
983.4621390080961 804.0
983.7064382146882 824.0
983.9507284098863 815.0
984.1950095932067 818.0
984.4392817641666 827.0
984.6835449222825 820.0
984.9277990670716 823.0
985.1720441980509 817.0
985.4162803147366 820.0
985.6605074166464 822.0
985.9047255032964 811.0
986.1489345742042 833.0
986.3931346288863 824.0
986.6373256668593 801.0
986.8815076876406 811.0
987.1256806907464 822.0
987.3698446756944 813.0
987.613999642001 817.0
987.8581455891829 838.0
988.1022825167574 819.0
988.3464104242408 821.0
988.5905293111508 814.0
988.8346391770036 802.0
989.0787400213161 810.0
989.3228318436055 807.0
989.5669146433884 808.0
989.8109884201817 805.0
990.0550531735024 802.0
990.2991089028674 801.0
990.5431556077934 809.0
990.7871932877973 804.0
991.031221942396 814.0
991.2752415711062 812.0
991.5192521734452 827.0
991.7632537489297 816.0
992.0072462970761 813.0
992.251229817402 824.0
992.4952043094236 794.0
992.7391697726582 795.0
992.9831262066227 810.0
993.2270736108336 817.0
993.4710119848082 805.0
993.7149413280629 803.0
993.958861640115 818.0
994.2027729204812 799.0
994.4466751686781 799.0
994.6905683842231 802.0
994.9344525666326 796.0
995.1783277154237 816.0
995.4221938301132 820.0
995.6660509102181 824.0
995.9098989552552 825.0
996.1537379647411 823.0
996.3975679381932 809.0
996.6413888751279 814.0
996.8852007750622 816.0
997.1290036375133 816.0
997.3727974619973 820.0
997.6165822480319 804.0
997.8603579951333 816.0
998.104124702819 820.0
998.3478823706055 830.0
998.5916309980095 812.0
998.8353705845483 804.0
999.0791011297383 811.0
999.3228226330968 812.0
999.5665350941406 809.0
999.8102385123861 804.0
1000.0539328873509 807.0
1000.2976182185512 815.0
1000.5412945055043 811.0
1000.7849617477269 806.0
1001.0286199447357 801.0
1001.2722690960481 819.0
1001.5159092011804 816.0
1001.75954025965 807.0
1002.003162270973 826.0
1002.246775234667 813.0
1002.4903791502487 828.0
1002.7339740172346 817.0
1002.9775598351421 809.0
1003.2211366034876 816.0
1003.4647043217884 810.0
1003.7082629895611 819.0
1003.9518126063224 819.0
1004.1953531715895 817.0
1004.4388846848791 804.0
1004.6824071457083 829.0
1004.9259205535938 822.0
1005.1694249080521 831.0
1005.4129202086007 814.0
1005.6564064547559 819.0
1005.8998836460353 821.0
1006.1433517819551 820.0
1006.3868108620323 799.0
1006.6302608857841 806.0
1006.8737018527269 817.0
1007.1171337623779 811.0
1007.3605566142537 811.0
1007.6039704078715 801.0
1007.8473751427481 805.0
1008.0907708184001 812.0
1008.3341574343445 840.0
1008.5775349900982 825.0
1008.8209034851784 802.0
1009.0642629191013 812.0
1009.3076132913841 820.0
1009.5509546015439 822.0
1009.7942868490973 822.0
1010.0376100335611 806.0
1010.2809241544525 807.0
1010.5242292112879 807.0
1010.7675252035845 794.0
1011.010812130859 794.0
1011.2540899926286 807.0
1011.4973587884098 797.0
1011.7406185177194 822.0
1011.9838691800747 823.0
1012.2271107749921 813.0
1012.470343301989 803.0
1012.7135667605817 812.0
1012.9567811502875 799.0
1013.1999864706231 802.0
1013.4431827211052 811.0
1013.686369901251 809.0
1013.929548010577 810.0
1014.1727170486006 806.0
1014.4158770148383 811.0
1014.6590279088067 809.0
1014.9021697300233 805.0
1015.1453024780044 804.0
1015.3884261522674 818.0
1015.6315407523286 812.0
1015.8746462777051 794.0
1016.1177427279141 807.0
1016.3608301024719 811.0
1016.603908400896 812.0
1016.8469776227028 804.0
1017.0900377674091 813.0
1017.3330888345322 821.0
1017.5761308235883 788.0
1017.8191637340951 797.0
1018.0621875655689 796.0
1018.3052023175269 805.0
1018.5482079894858 799.0
1018.7912045809622 809.0
1019.0341920914735 814.0
1019.2771705205361 794.0
1019.5201398676672 822.0
1019.7631001323837 807.0
1020.006051314202 819.0
1020.2489934126395 808.0
1020.4919264272125 811.0
1020.7348503574386 824.0
1020.9777652028342 828.0
1021.2206709629161 818.0
1021.4635676372014 809.0
1021.7064552252067 828.0
1021.9493337264495 809.0
1022.1922031404459 811.0
1022.4350634667132 824.0
1022.6779147047681 821.0
1022.9207568541273 826.0
1023.1635899143083 813.0
1023.4064138848273 816.0
1023.6492287652015 814.0
1023.8920345549478 800.0
1024.134831253583 820.0
1024.377618860624 812.0
1024.6203973755871 804.0
1024.8631667979898 801.0
1025.1059271273493 810.0
1025.3486783631818 805.0
1025.5914205050044 826.0
1025.8341535523336 821.0
1026.076877504687 827.0
1026.3195923615808 807.0
1026.5622981225324 815.0
1026.8049947870584 801.0
1027.0476823546753 805.0
1027.2903608249007 801.0
1027.5330301972513 804.0
1027.7756904712435 816.0
1028.0183416463947 805.0
1028.260983722221 810.0
1028.5036166982402 806.0
1028.7462405739689 794.0
1028.9888553489234 795.0
1029.2314610226213 800.0
1029.474057594579 803.0
1029.7166450643138 809.0
1029.9592234313418 814.0
1030.2017926951808 809.0
1030.4443528553472 790.0
1030.6869039113576 800.0
1030.9294458627296 813.0
1031.1719787089794 813.0
1031.414502449624 823.0
1031.6570170841808 810.0
1031.8995226121658 799.0
1032.1420190330966 805.0
1032.3845063464896 806.0
1032.6269845518618 811.0
1032.8694536487305 826.0
1033.111913636612 828.0
1033.3543645150232 825.0
1033.596806283481 798.0
1033.8392389415026 822.0
1034.081662488605 817.0
1034.324076924304 800.0
1034.566482248118 811.0
1034.8088784595625 818.0
1035.0512655581551 814.0
1035.2936435434124 816.0
1035.5360124148515 811.0
1035.778372171989 796.0
1036.020722814342 819.0
1036.2630643414275 809.0
1036.5053967527615 816.0
1036.7477200478622 812.0
1036.9900342262456 809.0
1037.2323392874284 800.0
1037.4746352309282 824.0
1037.7169220562612 802.0
1037.9591997629448 812.0
1038.2014683504956 801.0
1038.4437278184303 817.0
1038.685978166266 819.0
1038.9282193935196 809.0
1039.170451499708 820.0
1039.4126744843477 804.0
1039.6548883469559 814.0
1039.8970930870496 817.0
1040.1392887041452 823.0
1040.3814751977598 824.0
1040.6236525674105 816.0
1040.8658208126137 817.0
1041.107979932887 803.0
1041.3501299277466 808.0
1041.5922707967095 821.0
1041.8344025392926 811.0
1042.0765251550129 809.0
1042.3186386433872 815.0
1042.5607430039322 820.0
1042.802838236165 832.0
1043.0449243396022 818.0
1043.2870013137613 806.0
1043.5290691581586 816.0
1043.7711278723107 813.0
1044.013177455735 808.0
1044.2552179079482 798.0
1044.4972492284676 812.0
1044.7392714168093 814.0
1044.9812844724902 817.0
1045.223288395028 809.0
1045.4652831839387 798.0
1045.70726883874 803.0
1045.949245358948 801.0
1046.1912127440798 795.0
1046.4331709936528 809.0
1046.675120107183 818.0
1046.9170600841878 837.0
1047.1589909241836 828.0
1047.400912626688 807.0
1047.6428251912175 817.0
1047.8847286172886 807.0
1048.1266229044188 818.0
1048.3685080521243 802.0
1048.6103840599228 821.0
1048.8522509273307 814.0
1049.0941086538646 807.0
1049.3359572390418 798.0
1049.577796682379 815.0
1049.819626983393 808.0
1050.061448141601 806.0
1050.3032601565194 811.0
1050.5450630276655 807.0
1050.7868567545556 795.0
1051.0286413367073 798.0
1051.270416773637 816.0
1051.5121830648616 818.0
1051.7539402098982 817.0
1051.9956882082631 796.0
1052.237427059474 810.0
1052.479156763047 809.0
1052.7208773184996 810.0
1052.9625887253483 805.0
1053.2042909831098 811.0
1053.4459840913016 801.0
1053.6876680494397 797.0
1053.929342857042 806.0
1054.1710085136244 817.0
1054.4126650187043 830.0
1054.6543123717986 812.0
1054.8959505724238 818.0
1055.1375796200969 816.0
1055.3791995143351 819.0
1055.620810254655 805.0
1055.8624118405735 812.0
1056.1040042716074 803.0
1056.3455875472737 790.0
1056.5871616670893 804.0
1056.8287266305706 796.0
1057.070282437235 806.0
1057.3118290865991 813.0
1057.5533665781802 813.0
1057.7948949114943 800.0
1058.0364140860593 814.0
1058.2779241013916 803.0
1058.5194249570077 801.0
1058.760916652425 812.0
1059.0023991871599 806.0
1059.24387256073 826.0
1059.4853367726514 810.0
1059.7267918224413 814.0
1059.968237709617 805.0
1060.2096744336943 807.0
1060.451101994191 801.0
1060.6925203906237 802.0
1060.933929622509 809.0
1061.1753296893642 809.0
1061.4167205907056 808.0
1061.6581023260508 811.0
1061.8994748949162 801.0
1062.1408382968189 799.0
1062.3821925312755 800.0
1062.6235375978026 817.0
1062.8648734959181 814.0
1063.1062002251376 810.0
1063.3475177849793 797.0
1063.588826174959 815.0
1063.830125394594 798.0
1064.0714154434013 795.0
1064.312696320897 809.0
1064.553968026599 813.0
1064.7952305600238 805.0
1065.036483920688 789.0
1065.2777281081087 808.0
1065.5189631218025 805.0
1065.7601889612868 811.0
1066.001405626078 816.0
1066.2426131156928 816.0
1066.4838114296492 810.0
1066.7250005674625 817.0
1066.9661805286507 795.0
1067.2073513127305 816.0
1067.4485129192178 810.0
1067.689665347631 811.0
1067.9308085974856 821.0
1068.1719426682996 808.0
1068.413067559589 811.0
1068.654183270871 807.0
1068.8952898016628 814.0
1069.1363871514804 819.0
1069.3774753198418 814.0
1069.618554306263 810.0
1069.8596241102612 799.0
1070.100684731353 804.0
1070.3417361690556 824.0
1070.582778422886 796.0
1070.8238114923604 815.0
1071.0648353769964 816.0
1071.3058500763104 817.0
1071.5468555898192 817.0
1071.7878519170404 806.0
1072.02883905749 813.0
1072.2698170106853 816.0
1072.5107857761434 817.0
1072.75174535338 813.0
1072.9926957419138 811.0
1073.23363694126 820.0
1073.4745689509368 808.0
1073.7154917704597 811.0
1073.9564053993467 802.0
1074.1973098371145 797.0
1074.4382050832794 809.0
1074.6790911373587 811.0
1074.9199679988692 820.0
1075.1608356673278 822.0
1075.4016941422512 804.0
1075.6425434231562 809.0
1075.8833835095604 807.0
1076.1242144009796 800.0
1076.3650360969316 810.0
1076.6058485969324 790.0
1076.8466519004996 821.0
1077.0874460071498 824.0
1077.3282309163997 802.0
1077.5690066277664 800.0
1077.8097731407665 813.0
1078.0505304549172 806.0
1078.2912785697354 818.0
1078.5320174847377 824.0
1078.772747199441 804.0
1079.0134677133622 800.0
1079.2541790260184 819.0
1079.4948811369263 833.0
1079.7355740456023 808.0
1079.9762577515642 803.0
1080.2169322543277 802.0
1080.4575975534112 809.0
1080.6982536483301 813.0
1080.9389005386022 814.0
1081.179538223744 786.0
1081.4201667032721 816.0
1081.6607859767041 803.0
1081.9013960435564 808.0
1082.1419969033457 812.0
1082.382588555589 805.0
1082.6231709998035 797.0
1082.863744235506 817.0
1083.104308262213 821.0
1083.3448630794412 798.0
1083.5854086867082 818.0
1083.8259450835303 808.0
1084.0664722694248 806.0
1084.306990243908 813.0
1084.5474990064974 815.0
1084.7879985567097 804.0
1085.0284888940612 811.0
1085.2689700180695 805.0
1085.509441928251 808.0
1085.749904624123 820.0
1085.990358105202 806.0
1086.2308023710048 799.0
1086.4712374210485 806.0
1086.71166325485 809.0
1086.9520798719261 794.0
1087.1924872717937 813.0
1087.4328854539694 804.0
1087.6732744179706 805.0
1087.9136541633134 806.0
1088.1540246895156 800.0
1088.3943859960934 803.0
1088.6347380825637 812.0
1088.8750809484436 819.0
1089.1154145932499 796.0
1089.3557390164995 809.0
1089.5960542177095 800.0
1089.836360196396 805.0
1090.0766569520767 817.0
1090.3169444842679 813.0
1090.557222792487 792.0
1090.7974918762502 808.0
1091.037751735075 818.0
1091.2780023684782 816.0
1091.518243775976 809.0
1091.7584759570861 818.0
1091.9986989113247 812.0
1092.2389126382093 819.0
1092.4791171372563 808.0
1092.7193124079827 806.0
1092.9594984499054 813.0
1093.1996752625412 821.0
1093.4398428454072 806.0
1093.68000119802 805.0
1093.9201503198965 812.0
1094.1602902105537 805.0
1094.4004208695083 811.0
1094.6405422962773 812.0
1094.8806544903778 816.0
1095.120757451326 799.0
1095.3608511786392 808.0
1095.6009356718341 802.0
1095.8410109304282 827.0
1096.0810769539376 807.0
1096.3211337418795 799.0
1096.5611812937707 803.0
1096.8012196091279 799.0
1097.0412486874682 797.0
1097.2812685283084 804.0
1097.5212791311658 807.0
1097.7612804955563 802.0
1098.0012726209975 793.0
1098.2412555070064 799.0
1098.4812291530989 786.0
1098.721193558793 811.0
1098.961148723605 807.0
1099.2010946470518 820.0
1099.4410313286503 796.0
1099.6809587679172 809.0
1099.92087696437 825.0
1100.1607859175251 809.0
1100.400685626899 793.0
1100.640576092009 807.0
1100.880457312372 814.0
1101.1203292875052 806.0
1101.3601920169247 813.0
1101.6000455001479 818.0
1101.8398897366915 813.0
1102.079724726072 805.0
1102.3195504678072 806.0
1102.559366961413 816.0
1102.7991742064069 801.0
1103.0389722023056 804.0
1103.2787609486254 792.0
1103.5185404448844 809.0
1103.7583106905984 816.0
1103.9980716852845 806.0
1104.23782342846 800.0
1104.4775659196412 822.0
1104.7172991583454 802.0
1104.9570231440887 798.0
1105.1967378763893 804.0
1105.436443354763 818.0
1105.6761395787273 808.0
1105.9158265477986 802.0
1106.1555042614937 788.0
1106.3951727193298 805.0
1106.6348319208234 794.0
1106.8744818654923 791.0
1107.1141225528525 796.0
1107.3537539824208 782.0
1107.5933761537144 797.0
1107.8329890662503 797.0
1108.072592719545 804.0
1108.3121871131157 817.0
1108.551772246479 809.0
1108.7913481191517 807.0
1109.030914730651 804.0
1109.2704720804938 809.0
1109.5100201681967 805.0
1109.7495589932764 806.0
1109.9890885552504 816.0
1110.2286088536348 806.0
1110.4681198879473 801.0
1110.707621657704 808.0
1110.9471141624224 804.0
1111.1865974016187 808.0
1111.4260713748101 797.0
1111.665536081514 805.0
1111.9049915212463 827.0
1112.1444376935244 801.0
1112.3838745978653 822.0
1112.6233022337854 810.0
1112.8627206008023 808.0
1113.102129698432 812.0
1113.3415295261918 809.0
1113.5809200835986 813.0
1113.820301370169 798.0
1114.0596733854206 805.0
1114.2990361288694 810.0
1114.5383896000326 804.0
1114.7777337984273 809.0
1115.0170687235698 804.0
1115.2563943749778 806.0
1115.4957107521673 805.0
1115.7350178546556 804.0
1115.9743156819598 815.0
1116.213604233596 813.0
1116.452883509082 813.0
1116.692153507934 804.0
1116.9314142296694 808.0
1117.1706656738045 795.0
1117.4099078398563 808.0
1117.6491407273422 804.0
1117.8883643357783 797.0
1118.1275786646822 809.0
1118.36678371357 817.0
1118.6059794819594 804.0
1118.8451659693665 810.0
1119.0843431753085 797.0
1119.3235110993026 810.0
1119.5626697408647 806.0
1119.8018190995128 803.0
1120.0409591747637 813.0
1120.2800899661331 808.0
1120.519211473139 812.0
1120.7583236952978 818.0
1120.9974266321262 801.0
1121.236520283142 817.0
1121.4756046478608 805.0
1121.7146797258001 804.0
1121.9537455164768 805.0
1122.192802019408 797.0
1122.4318492341101 799.0
1122.6708871601 818.0
1122.909915796895 816.0
1123.1489351440111 804.0
1123.3879452009662 797.0
1123.6269459672762 796.0
1123.865937442459 803.0
1124.1049196260308 810.0
1124.3438925175087 813.0
