shot=80_gas=Ne_height=70_RF=249.0W_massflow=8000_coils=100.0A_HR4000 spectrum
Wavelength [nm] // Intensity [u.a.] 
194.93414 789.0
195.2037815346219 789.0
195.47341553816543 781.0
195.74304201014752 770.0
196.012660950085 776.0
196.28227235749478 791.0
196.55187623189366 785.0
196.82147257279857 793.0
197.09106137972637 803.0
197.36064265219392 799.0
197.63021638971804 787.0
197.89978259181567 801.0
198.16934125800364 802.0
198.43889238779886 796.0
198.7084359807181 781.0
198.97797203627835 802.0
199.2475005539964 799.0
199.51702153338914 794.0
199.78653497397343 788.0
200.05604087526618 777.0
200.3255392367842 787.0
200.59503005804436 793.0
200.8645133385636 793.0
201.1339890778587 792.0
201.4034572754466 816.0
201.67291793084408 799.0
201.94237104356813 803.0
202.21181661313554 802.0
202.48125463906314 801.0
202.7506851208679 784.0
203.02010805806663 788.0
203.28952345017618 802.0
203.55893129671344 795.0
203.8283315971953 799.0
204.0977243511386 789.0
204.3671095580602 790.0
204.636487217477 792.0
204.90585732890585 809.0
205.17521989186366 796.0
205.44457490586717 793.0
205.7139223704334 789.0
205.98326228507918 793.0
206.2525946493213 804.0
206.5219194626767 791.0
206.79123672466224 785.0
207.06054643479476 812.0
207.32984859259116 805.0
207.59914319756828 791.0
207.86843024924303 786.0
208.13770974713225 797.0
208.40698169075276 780.0
208.6762460796215 797.0
208.94550291325532 797.0
209.2147521911711 799.0
209.48399391288567 788.0
209.75322807791594 795.0
210.02245468577874 798.0
210.29167373599094 798.0
210.56088522806942 799.0
210.83008916153108 809.0
211.09928553589276 815.0
211.3684743506713 797.0
211.63765560538363 779.0
211.9068292995466 794.0
212.175995432677 786.0
212.44515400429182 799.0
212.71430501390782 797.0
212.98344846104192 805.0
213.25258434521103 811.0
213.52171266593191 796.0
213.79083342272153 784.0
214.05994661509675 794.0
214.3290522425744 796.0
214.5981503046713 794.0
214.8672408009044 793.0
215.13632373079054 789.0
215.4053990938466 806.0
215.6744668895894 795.0
215.94352711753592 796.0
216.21257977720293 777.0
216.48162486810728 801.0
216.7506623897659 795.0
217.01969234169565 785.0
217.2887147234134 803.0
217.55772953443596 793.0
217.82673677428028 795.0
218.0957364424632 785.0
218.36472853850154 791.0
218.6337130619122 808.0
218.9026900122121 800.0
219.17165938891804 795.0
219.4406211915469 803.0
219.70957541961562 792.0
219.97852207264097 793.0
220.24746115013983 796.0
220.5163926516291 782.0
220.78531657662566 799.0
221.05423292464639 801.0
221.32314169520808 817.0
221.59204288782766 796.0
221.860936502022 795.0
222.12982253730797 794.0
222.39870099320237 788.0
222.66757186922214 789.0
222.93643516488416 791.0
223.20529087970525 778.0
223.47413901320226 796.0
223.74297956489212 811.0
224.01181253429166 793.0
224.28063792091777 802.0
224.5494557242873 792.0
224.8182659439171 804.0
225.08706857932413 802.0
225.35586363002508 795.0
225.62465109553705 802.0
225.89343097537673 803.0
226.16220326906105 811.0
226.43096797610687 788.0
226.69972509603105 795.0
226.9684746283505 798.0
227.237216572582 793.0
227.50595092824256 799.0
227.7746776948489 797.0
228.04339687191796 785.0
228.31210845896663 803.0
228.5808124555117 790.0
228.84950886107015 784.0
229.11819767515877 786.0
229.38687889729442 785.0
229.65555252699397 807.0
229.92421856377433 812.0
230.1928770071524 807.0
230.46152785664492 790.0
230.73017111176884 791.0
230.99880677204106 800.0
231.26743483697837 794.0
231.53605530609772 804.0
231.8046681789159 790.0
232.07327345494983 794.0
232.34187113371638 798.0
232.61046121473237 796.0
232.87904369751473 789.0
233.14761858158028 801.0
233.41618586644586 804.0
233.68474555162845 795.0
233.95329763664483 818.0
234.2218421210119 808.0
234.49037900424648 803.0
234.7589082858655 788.0
235.02742996538583 796.0
235.29594404232427 798.0
235.56445051619772 808.0
235.8329493865231 806.0
236.10144065281722 793.0
236.36992431459691 796.0
236.63840037137916 802.0
236.9068688226808 794.0
237.1753296680186 804.0
237.44378290690955 790.0
237.7122285388704 807.0
237.9806665634181 795.0
238.24909698006957 790.0
238.51751978834153 795.0
238.78593498775095 786.0
239.0543425778147 791.0
239.32274255804958 801.0
239.59113492797255 799.0
239.8595196871004 796.0
240.12789683495004 805.0
240.3962663710383 789.0
240.66462829488208 801.0
240.93298260599826 787.0
241.2013293039037 799.0
241.46966838811522 801.0
241.73799985814978 795.0
242.00632371352418 801.0
242.27463995375527 816.0
242.54294857835998 803.0
242.81124958685515 798.0
243.07954297875764 797.0
243.34782875358434 799.0
243.61610691085207 800.0
243.88437745007772 789.0
244.15264037077822 796.0
244.42089567247035 799.0
244.68914335467105 796.0
244.95738341689716 792.0
245.2256158586655 799.0
245.493840679493 804.0
245.76205787889654 801.0
246.03026745639292 792.0
246.29846941149904 799.0
246.5666637437318 803.0
246.834850452608 790.0
247.1030295376446 801.0
247.37120099835838 800.0
247.63936483426627 792.0
247.9075210448851 786.0
248.17566962973177 795.0
248.4438105883231 793.0
248.71194392017603 804.0
248.98006962480733 808.0
249.248187701734 791.0
249.51629815047275 797.0
249.78440097054056 792.0
250.05249616145431 808.0
250.32058372273076 806.0
250.5886636538869 800.0
250.85673595443953 793.0
251.12480062390551 794.0
251.39285766180177 784.0
251.6609070676451 793.0
251.92894884095242 796.0
252.19698298124058 810.0
252.46500948802645 805.0
252.73302836082692 804.0
253.00103959915882 797.0
253.26904320253902 792.0
253.53703917048443 787.0
253.80502750251188 792.0
254.07300819813827 792.0
254.34098125688044 807.0
254.60894667825525 792.0
254.87690446177962 788.0
255.14485460697037 784.0
255.41279711334434 810.0
255.6807319804185 798.0
255.94865920770962 801.0
256.2165787947346 797.0
256.48449074101035 802.0
256.75239504605366 800.0
257.02029170938147 795.0
257.28818073051065 804.0
257.556062108958 803.0
257.8239358442404 803.0
258.0918019358748 794.0
258.35966038337796 798.0
258.6275111862668 789.0
258.8953543440582 795.0
259.163189856269 797.0
259.4310177224162 794.0
259.6988379420164 795.0
259.9666505145867 798.0
260.23445543964385 796.0
260.50225271670473 807.0
260.77004234528624 804.0
261.03782432490533 801.0
261.3055986550787 802.0
261.5733653353234 802.0
261.8411243651561 791.0
262.1088757440937 805.0
262.37661947165327 791.0
262.6443555473515 807.0
262.9120839707053 790.0
263.1798047412315 804.0
263.44751785844704 804.0
263.7152233218687 811.0
263.98292113101354 790.0
264.2506112853982 786.0
264.51829378453965 786.0
264.7859686279547 798.0
265.05363581516025 789.0
265.32129534567326 816.0
265.5889472190105 801.0
265.8565914346889 809.0
266.1242279922252 805.0
266.39185689113634 787.0
266.65947813093925 780.0
266.9270917111508 794.0
267.19469763128774 794.0
267.46229589086704 807.0
267.72988648940554 806.0
267.9974694264201 786.0
268.2650447014276 774.0
268.53261231394487 799.0
268.80017226348883 784.0
269.0677245495763 796.0
269.3352691717242 816.0
269.60280612944933 785.0
269.8703354222686 789.0
270.13785704969894 795.0
270.40537101125716 810.0
270.67287730646007 796.0
270.9403759348246 782.0
271.2078668958677 801.0
271.47535018910605 794.0
271.7428258140567 799.0
272.01029377023633 798.0
272.2777540571619 799.0
272.5452066743504 789.0
272.81265162131854 789.0
273.08008889758327 789.0
273.34751850266144 805.0
273.6149404360698 798.0
273.8823546973254 781.0
274.1497612859451 788.0
274.4171602014456 806.0
274.6845514433439 807.0
274.95193501115676 778.0
275.2193109044012 786.0
275.486679122594 782.0
275.7540396652521 785.0
276.02139253189216 781.0
276.2887377220313 790.0
276.55607523518626 788.0
276.82340507087395 790.0
277.09072722861123 793.0
277.3580417079149 794.0
277.62534850830195 797.0
277.8926476292892 793.0
278.1599390703934 800.0
278.4272228311316 785.0
278.69449891102056 797.0
278.96176730957717 776.0
279.22902802631836 788.0
279.4962810607609 796.0
279.76352641242164 788.0
280.0307640808177 802.0
280.29799406546556 798.0
280.5652163658824 811.0
280.8324309815849 785.0
281.09963791209003 789.0
281.3668371569146 784.0
281.6340287155756 792.0
281.9012125875897 780.0
282.168388772474 794.0
282.4355572697452 784.0
282.7027180789201 793.0
282.9698711995158 800.0
283.23701663104896 793.0
283.50415437303667 793.0
283.77128442499554 800.0
284.0384067864426 789.0
284.3055214568946 799.0
284.57262843586864 791.0
284.8397277228814 804.0
285.1068193174497 806.0
285.37390321909055 793.0
285.6409794273207 777.0
285.9080479416572 799.0
286.1751087616167 809.0
286.4421618867162 801.0
286.7092073164725 798.0
286.9762450504025 781.0
287.24327508802315 782.0
287.5102974288511 787.0
287.77731207240345 802.0
288.04431901819703 802.0
288.3113182657485 787.0
288.578309814575 789.0
288.84529366419326 791.0
289.1122698141201 804.0
289.37923826387254 791.0
289.6461990129674 800.0
289.91315206092133 790.0
290.18009740725154 799.0
290.44703505147464 817.0
290.7139649931077 805.0
290.98088723166734 795.0
291.24780176667065 780.0
291.5147085976344 796.0
291.78160772407557 799.0
292.04849914551085 783.0
292.3153828614572 800.0
292.58225887143146 789.0
292.8491271749505 802.0
293.1159877715313 795.0
293.3828406606906 801.0
293.6496858419453 796.0
293.9165233148123 770.0
294.1833530788084 789.0
294.4501751334505 793.0
294.71698947825547 816.0
294.9837961127402 803.0
295.2505950364216 791.0
295.5173862488164 788.0
295.78416974944156 794.0
296.050945537814 785.0
296.31771361345045 792.0
296.584473975868 782.0
296.8512266245832 794.0
297.11797155911313 779.0
297.38470877897464 794.0
297.6514382836846 798.0
297.9181600727598 803.0
298.18487414571723 798.0
298.4515805020736 782.0
298.71827914134593 791.0
298.9849700630511 797.0
299.2516532667058 804.0
299.518328751827 782.0
299.78499651793163 785.0
300.0516565645365 798.0
300.3183088911584 805.0
300.58495349731436 803.0
300.8515903825211 799.0
301.1182195462956 794.0
301.3848409881546 793.0
301.65145470761513 805.0
301.91806070419403 786.0
302.184658977408 802.0
302.4512495267741 804.0
302.7178323518091 803.0
302.9844074520298 800.0
303.2509748269532 799.0
303.5175344760962 790.0
303.78408639897555 788.0
304.0506305951082 791.0
304.31716706401096 799.0
304.58369580520065 806.0
304.8502168181943 793.0
305.1167301025086 795.0
305.3832356576606 799.0
305.649733483167 798.0
305.9162235785447 796.0
306.1827059433106 788.0
306.4491805769817 810.0
306.7156474790747 792.0
306.98210664910647 789.0
307.2485580865939 803.0
307.5150017910539 796.0
307.7814377620034 796.0
308.0478659989591 797.0
308.31428650143795 804.0
308.58069926895683 790.0
308.8471043010326 789.0
309.1135015971821 793.0
309.37989115692227 794.0
309.6462729797699 794.0
309.91264706524197 770.0
310.1790134128551 787.0
310.4453720221265 783.0
310.71172289257277 803.0
310.97806602371094 781.0
311.2444014150577 801.0
311.5107290661301 776.0
311.777048976445 789.0
312.04336114551904 800.0
312.30966557286945 800.0
312.5759622580128 797.0
312.8422512004661 798.0
313.1085323997461 804.0
313.3748058553698 798.0
313.641071566854 780.0
313.90732953371554 794.0
314.17357975547145 790.0
314.4398222316384 790.0
314.70605696173334 780.0
314.9722839452731 793.0
315.23850318177466 784.0
315.50471467075477 792.0
315.7709184117303 798.0
316.0371144042182 792.0
316.3033026477353 790.0
316.56948314179846 789.0
316.8356558859246 790.0
317.1018208796305 799.0
317.36797812243304 778.0
317.6341276138491 782.0
317.90026935339563 787.0
318.1664033405894 799.0
318.4325295749473 800.0
318.6986480559862 800.0
318.96475878322303 795.0
319.2308617561746 794.0
319.4969569743577 798.0
319.76304443728935 778.0
320.0291241444864 802.0
320.2951960954656 793.0
320.5612602897438 789.0
320.82731672683815 796.0
321.0933654062652 782.0
321.359406327542 784.0
321.6254394901853 784.0
321.891464893712 784.0
322.157482537639 786.0
322.4234924214832 789.0
322.68949454476143 805.0
322.95548890699064 795.0
323.2214755076875 796.0
323.487454346369 796.0
323.753425422552 787.0
324.01938873575347 790.0
324.2853442854901 797.0
324.55129207127885 792.0
324.8172320926366 794.0
325.08316434908016 790.0
325.34908884012646 794.0
325.61500556529234 790.0
325.8809145240947 807.0
326.14681571605024 798.0
326.4127091406761 801.0
326.6785947974889 806.0
326.9444726860058 797.0
327.2103428057433 801.0
327.47620515621855 794.0
327.74205973694836 809.0
328.00790654744947 794.0
328.2737455872389 800.0
328.5395768558335 795.0
328.80540035275004 798.0
329.0712160775054 800.0
329.33702402961654 792.0
329.6028242086002 772.0
329.86861661397353 800.0
330.13440124525306 787.0
330.4001781019559 792.0
330.66594718359863 785.0
330.9317084896984 789.0
331.19746201977205 788.0
331.46320777333636 808.0
331.7289457499082 789.0
331.9946759490044 806.0
332.2603983701419 796.0
332.5261130128375 809.0
332.79181987660826 800.0
333.05751896097087 795.0
333.3232102654422 804.0
333.58889378953916 793.0
333.85456953277856 798.0
334.1202374946774 788.0
334.38589767475247 792.0
334.6515500725206 786.0
334.9171946874987 796.0
335.18283151920355 804.0
335.4484605671522 813.0
335.7140818308614 798.0
335.97969530984807 786.0
336.245301003629 796.0
336.51089891172114 787.0
336.77648903364127 798.0
337.04207136890636 805.0
337.30764591703326 802.0
337.5732126775387 803.0
337.83877164993976 789.0
338.10432283375314 783.0
338.36986622849577 803.0
338.63540183368457 809.0
338.9009296488363 798.0
339.16644967346787 804.0
339.4319619070962 805.0
339.6974663492381 798.0
339.9629629994105 802.0
340.22845185713027 799.0
340.4939329219141 794.0
340.75940619327906 817.0
341.02487167074196 803.0
341.2903293538197 799.0
341.555779242029 796.0
341.821221334887 797.0
342.0866556319103 783.0
342.3520821326158 804.0
342.6175008365205 803.0
342.8829117431413 803.0
343.1483148519949 799.0
343.41371016259825 793.0
343.6790976744682 800.0
343.9444773871216 785.0
344.20984930007546 789.0
344.4752134128465 788.0
344.74056972495157 804.0
345.0059182359076 820.0
345.27125894523147 793.0
345.53659185244 815.0
345.80191695705014 807.0
346.0672342585787 798.0
346.3325437565426 809.0
346.5978454504585 803.0
346.8631393398436 802.0
347.1284254242145 780.0
347.3937037030882 807.0
347.6589741759816 793.0
347.92423684241146 809.0
348.1894917018946 820.0
348.4547387539481 808.0
348.71997799808867 799.0
348.9852094338332 778.0
349.2504330606986 795.0
349.51564887820166 800.0
349.7808568858593 802.0
350.0460570831885 800.0
350.31124946970584 793.0
350.57643404492853 806.0
350.84161080837316 801.0
351.1067797595568 799.0
351.3719408979961 808.0
351.63709422320824 805.0
351.90223973470984 834.0
352.16737743201776 837.0
352.43250731464894 814.0
352.69762938212034 798.0
352.9627436339487 803.0
353.2278500696509 806.0
353.49294868874387 783.0
353.7580394907444 793.0
354.02312247516943 804.0
354.28819764153576 788.0
354.55326498936034 789.0
354.81832451816 795.0
355.08337622745165 795.0
355.348420116752 802.0
355.613456185578 790.0
355.8784844334467 797.0
356.1435048598747 785.0
356.4085174643791 795.0
356.6735222464765 781.0
356.938519205684 792.0
357.2035083415184 795.0
357.46848965349653 791.0
357.73346314113536 798.0
357.9984288039516 798.0
358.2633866414622 803.0
358.528336653184 795.0
358.793278838634 798.0
359.05821319732894 803.0
359.3231397287857 800.0
359.5880584325211 796.0
359.8529693080521 814.0
360.1178723548955 793.0
360.3827675725683 797.0
360.64765496058726 811.0
360.9125345184692 791.0
361.1774062457311 790.0
361.44227014188965 800.0
361.707126206462 805.0
361.9719744389649 806.0
362.2368148389151 790.0
362.5016474058295 797.0
362.766472139225 804.0
363.0312890386186 794.0
363.296098103527 796.0
363.5608993334672 786.0
363.82569272795587 778.0
364.09047828651006 799.0
364.35525600864656 797.0
364.6200258938823 793.0
364.8847879417341 799.0
365.1495421517188 805.0
365.41428852335326 789.0
365.67902705615444 797.0
365.9437577496392 797.0
366.2084806033243 807.0
366.4731956167267 810.0
366.7379027893632 811.0
367.0026021207507 796.0
367.2672936104061 795.0
367.5319772578463 799.0
367.79665306258806 792.0
368.06132102414836 806.0
368.32598114204393 781.0
368.59063341579173 806.0
368.85527784490864 805.0
369.1199144289115 780.0
369.3845431673172 795.0
369.6491640596426 779.0
369.91377710540445 806.0
370.1783823041198 794.0
370.44297965530546 790.0
370.70756915847835 804.0
370.97215081315517 802.0
371.2367246188529 791.0
371.5012905750884 794.0
371.7658486813786 785.0
372.0303989372402 789.0
372.29494134219027 789.0
372.5594758957455 799.0
372.82400259742286 798.0
373.08852144673915 804.0
373.3530324432114 814.0
373.6175355863563 802.0
373.8820308756908 785.0
374.1465183107317 801.0
374.410997890996 785.0
374.6754696160004 784.0
374.93993348526186 780.0
375.2043894982973 801.0
375.4688376546235 795.0
375.7332779537573 800.0
375.9977103952157 793.0
376.26213497851546 790.0
376.52655170317354 799.0
376.7909605687067 794.0
377.05536157463183 794.0
377.3197547204658 793.0
377.5841400057256 798.0
377.84851742992794 795.0
378.11288699258984 814.0
378.37724869322795 790.0
378.64160253135935 789.0
378.90594850650075 795.0
379.1702866181692 793.0
379.4346168658814 789.0
379.69893924915425 803.0
379.9632537675047 774.0
380.2275604204495 804.0
380.49185920750574 771.0
380.75615012819 790.0
381.0204331820193 790.0
381.2847083685105 795.0
381.5489756871804 806.0
381.8132351375459 801.0
382.07748671912407 796.0
382.34173043143153 778.0
382.6059662739852 783.0
382.8701942463019 786.0
383.1344143478986 793.0
383.3986265782921 795.0
383.6628309369994 816.0
383.92702742353725 809.0
384.1912160374225 796.0
384.45539677817203 799.0
384.7195696453027 795.0
384.98373463833155 785.0
385.2478917567753 803.0
385.5120410001507 795.0
385.7761823679748 802.0
386.0403158597644 784.0
386.30444147503647 788.0
386.5685592133077 789.0
386.8326690740951 793.0
387.09677105691543 779.0
387.36086516128563 780.0
387.6249513867226 794.0
387.88902973274315 795.0
388.15310019886414 804.0
388.41716278460245 792.0
388.68121748947493 791.0
388.9452643129986 790.0
389.2093032546901 793.0
389.47333431406645 773.0
389.73735749064434 799.0
390.0013727839409 777.0
390.2653801934728 786.0
390.52937971875696 802.0
390.7933713593103 796.0
391.05735511464974 793.0
391.3213309842919 799.0
391.5852989677539 784.0
391.8492590645524 813.0
392.1132112742045 805.0
392.37715559622694 791.0
392.6410920301366 795.0
392.9050205754503 788.0
393.1689412316849 803.0
393.43285399835736 786.0
393.69675887498465 799.0
393.96065586108335 804.0
394.2245449561705 793.0
394.4884261597629 792.0
394.75229947137757 789.0
395.01616489053123 805.0
395.28002241674085 808.0
395.5438720495231 800.0
395.80771378839506 795.0
396.0715476328735 808.0
396.33537358247537 804.0
396.5991916367174 805.0
396.86300179511665 789.0
397.12680405718976 792.0
397.39059842245376 796.0
397.65438489042543 785.0
397.91816346062177 800.0
398.18193413255955 794.0
398.4456969057556 795.0
398.7094517797268 801.0
398.97319875399006 801.0
399.2369378280623 809.0
399.50066900146027 800.0
399.764392273701 785.0
400.02810764430114 790.0
400.2918151127777 775.0
400.55551467864757 794.0
400.81920634142756 804.0
401.08289010063453 807.0
401.34656595578537 795.0
401.6102339063969 794.0
401.8738939519861 798.0
402.1375460920697 800.0
402.4011903261647 805.0
402.6648266537879 805.0
402.92845507445617 779.0
403.1920755876863 801.0
403.4556881929953 806.0
403.71929288990003 800.0
403.98288967791734 784.0
404.246478556564 791.0
404.5100595253569 787.0
404.77363258381297 797.0
405.03719773144906 803.0
405.3007549677821 802.0
405.56430429232887 799.0
405.82784570460626 796.0
406.0913792041311 798.0
406.35490479042033 797.0
406.61842246299085 798.0
406.88193222135936 797.0
407.14543406504293 803.0
407.4089279935582 793.0
407.6724140064223 779.0
407.9358921031519 779.0
408.19936228326395 803.0
408.4628245462754 811.0
408.7262788917029 810.0
408.9897253190635 812.0
409.25316382787395 793.0
409.5165944176513 803.0
409.7800170879122 804.0
410.04343183817366 795.0
410.30683866795243 801.0
410.57023757676546 806.0
410.83362856412975 779.0
411.09701162956185 774.0
411.3603867725789 798.0
411.62375399269763 807.0
411.887113289435 796.0
412.1504646623078 780.0
412.4138081108329 810.0
412.6771436345273 809.0
412.94047123290767 798.0
413.20379090549096 793.0
413.46710265179405 812.0
413.7304064713339 815.0
413.9937023636272 798.0
414.25699032819097 784.0
414.52027036454194 790.0
414.78354247219704 800.0
415.0468066506732 802.0
415.31006289948726 809.0
415.5733112181561 795.0
415.83655160619645 799.0
416.0997840631253 797.0
416.3630085884595 813.0
416.62622518171594 809.0
416.8894338424115 785.0
417.152634570063 801.0
417.4158273641873 785.0
417.67901222430123 774.0
417.9421891499217 787.0
418.2053581405658 794.0
418.46851919575005 784.0
418.7316723149915 795.0
418.99481749780693 800.0
419.2579547437133 785.0
419.5210840522274 788.0
419.78420542286625 779.0
420.04731885514644 804.0
420.31042434858506 802.0
420.573521902699 790.0
420.83661151700494 795.0
421.0996931910199 788.0
421.3627669242608 805.0
421.6258327162443 792.0
421.88889056648736 792.0
422.1519404745069 792.0
422.41498243981977 794.0
422.6780164619429 798.0
422.9410425403929 788.0
423.2040606746869 805.0
423.46707086434174 793.0
423.7300731088742 795.0
423.9930674078012 795.0
424.25605376063965 787.0
424.5190321669063 771.0
424.782002626118 795.0
425.0449651377918 806.0
425.30791970144446 791.0
425.57086631659286 783.0
425.83380498275386 782.0
426.0967356994443 795.0
426.3596584661811 801.0
426.6225732824811 797.0
426.88548014786113 791.0
427.14837906183817 797.0
427.411270023929 788.0
427.6741530336505 801.0
427.9370280905195 793.0
428.199895194053 811.0
428.46275434376776 790.0
428.72560553918066 793.0
428.98844877980855 791.0
429.2512840651683 801.0
429.51411139477693 797.0
429.77693076815115 816.0
430.03974218480784 799.0
430.3025456442639 806.0
430.5653411460361 797.0
430.82812868964146 790.0
431.09090827459687 793.0
431.353679900419 783.0
431.61644356662487 792.0
431.87919927273134 799.0
432.1419470182551 789.0
432.40468680271334 821.0
432.66741862562276 801.0
432.93014248650013 801.0
433.1928583848624 805.0
433.45556632022647 791.0
433.7182662921092 799.0
433.9809583000275 807.0
434.24364234349815 796.0
434.506318422038 796.0
434.768986535164 803.0
435.031646682393 798.0
435.2942988632418 813.0
435.55694307722734 787.0
435.81957932386655 809.0
436.08220760267614 795.0
436.34482791317305 795.0
436.6074402548742 798.0
436.8700446272964 793.0
437.1326410299566 793.0
437.3952294623715 794.0
437.65780992405803 795.0
437.9203824145332 785.0
438.1829469333138 797.0
438.4455034799166 785.0
438.7080520538586 807.0
438.9705926546565 801.0
439.23312528182737 799.0
439.49564993488787 788.0
439.7581666133551 810.0
440.0206753167459 796.0
440.28317604457686 788.0
440.5456687963651 791.0
440.8081535716274 787.0
441.07063036988075 787.0
441.3330991906418 795.0
441.5955600334276 800.0
441.858012897755 794.0
442.12045778314075 803.0
442.3828946891018 794.0
442.6453236151551 786.0
442.9077445608174 803.0
443.17015752560553 785.0
443.4325625090365 802.0
443.69495951062703 804.0
443.95734852989415 789.0
444.21972956635454 803.0
444.4821026195253 806.0
444.74446768892307 801.0
445.00682477406485 793.0
445.2691738744674 792.0
445.5315149896478 808.0
445.79384811912274 805.0
446.05617326240906 786.0
446.31849041902376 810.0
446.58079958848356 804.0
446.8431007703055 807.0
447.10539396400634 809.0
447.367679169103 797.0
447.6299563851123 784.0
447.892225611551 784.0
448.15448684793625 795.0
448.4167400937847 784.0
448.67898534861325 801.0
448.9412226119389 803.0
449.2034518832783 805.0
449.46567316214856 779.0
449.72788644806633 777.0
449.99009174054856 789.0
450.2522890391122 795.0
450.514478343274 790.0
450.77665965255085 805.0
451.0388329664597 797.0
451.30099828451733 797.0
451.5631556062406 796.0
451.82530493114655 793.0
452.08744625875175 797.0
452.3495795885734 782.0
452.6117049201281 782.0
452.87382225293277 795.0
453.13593158650446 795.0
453.3980329203598 805.0
453.6601262540158 786.0
453.9222115869893 802.0
454.1842889187971 790.0
454.4463582489562 805.0
454.70841957698343 797.0
454.97047290239556 787.0
455.23251822470957 785.0
455.49455554344223 781.0
455.75658485811044 800.0
456.0186061682312 782.0
456.2806194733211 793.0
456.5426247728973 802.0
456.8046220664765 805.0
457.0666113535756 801.0
457.32859263371154 794.0
457.5905659064011 804.0
457.8525311711611 788.0
458.1144884275086 794.0
458.37643767496024 811.0
458.6383789130331 786.0
458.9003121412439 800.0
459.1622373591095 799.0
459.4241545661469 801.0
459.68606376187284 800.0
459.9479649458043 786.0
460.2098581174581 786.0
460.471743276351 784.0
460.733620422 795.0
460.9954895539219 796.0
461.2573506716337 793.0
461.51920377465206 805.0
461.78104886249406 786.0
462.0428859346764 790.0
462.304714990716 789.0
462.5665360301298 790.0
462.82834905243453 797.0
463.09015405714723 782.0
463.35195104378465 804.0
463.6137400118636 787.0
463.8755209609011 794.0
464.13729389041396 804.0
464.399058799919 789.0
464.6608156889332 801.0
464.92256455697327 789.0
465.18430540355615 784.0
465.4460382281988 793.0
465.707763030418 789.0
465.96947980973056 792.0
466.23118856565344 774.0
466.49288929770347 795.0
466.75458200539765 799.0
467.0162666882526 776.0
467.27794334578533 806.0
467.5396119775127 794.0
467.8012725829516 805.0
468.0629251616188 811.0
468.3245697130314 786.0
468.586206236706 793.0
468.8478347321596 790.0
469.109455198909 804.0
469.3710676364711 805.0
469.6326720443629 797.0
469.89426842210105 791.0
470.1558567692025 795.0
470.4174370851842 795.0
470.6790093695629 799.0
470.94057362185555 804.0
471.20212984157905 798.0
471.4636780282501 814.0
471.72521818138574 805.0
471.9867503005027 807.0
472.248274385118 799.0
472.5097904347484 824.0
472.7712984489108 799.0
473.03279842712203 800.0
473.29429036889906 792.0
473.55577427375863 795.0
473.8172501412177 792.0
474.07871797079315 806.0
474.34017776200176 810.0
474.6016295143605 799.0
474.8630732273861 808.0
475.1245089005955 797.0
475.3859365335057 793.0
475.64735612563334 805.0
475.9087676764954 807.0
476.1701711856088 796.0
476.4315666524903 801.0
476.6929540766569 795.0
476.95433345762535 805.0
477.2157047949125 802.0
477.47706808803537 795.0
477.7384233365106 788.0
477.9997705398553 798.0
478.26110969758616 785.0
478.52244080922014 792.0
478.78376387427414 782.0
479.04507889226494 792.0
479.3063858627094 792.0
479.5676847851245 807.0
479.828975659027 801.0
480.0902584839338 789.0
480.3515332593618 799.0
480.61279998482775 803.0
480.8740586598487 780.0
481.13530928394147 799.0
481.3965518566228 823.0
481.65778637740965 803.0
481.9190128458189 787.0
482.1802312613674 802.0
482.4414416235721 808.0
482.70264393194964 791.0
482.9638381860171 783.0
483.2250243852913 795.0
483.4862025292891 802.0
483.7473726175273 787.0
484.0085346495229 810.0
484.26968862479265 806.0
484.5308345428534 802.0
484.79197240322225 811.0
485.0531022054157 800.0
485.314223948951 802.0
485.57533763334476 800.0
485.8364432581139 818.0
486.0975408227754 826.0
486.35863032684597 813.0
486.61971176984247 816.0
486.880785151282 805.0
487.1418504706812 789.0
487.402907727557 796.0
487.66395692142635 800.0
487.92499805180597 804.0
488.18603111821284 798.0
488.44705612016384 798.0
488.7080730571757 810.0
488.9690819287655 802.0
489.2300827344499 806.0
489.49107547374587 785.0
489.75206014617027 798.0
490.01303675124 815.0
490.27400528847187 795.0
490.53496575738274 805.0
490.79591815748955 799.0
491.05686248830915 806.0
491.31779874935836 790.0
491.57872694015396 790.0
491.8396470602131 775.0
492.1005591090524 808.0
492.3614630861888 794.0
492.6223589911392 783.0
492.88324682342045 809.0
493.14412658254946 806.0
493.40499826804296 790.0
493.66586187941795 787.0
493.92671741619125 798.0
494.18756487787977 798.0
494.44840426400026 779.0
494.70923557406974 787.0
494.97005880760497 777.0
495.23087396412285 791.0
495.4916810431403 802.0
495.7524800441741 802.0
496.01327096674123 794.0
496.27405381035845 797.0
496.53482857454264 798.0
496.79559525881075 810.0
497.05635386267954 788.0
497.31710438566597 786.0
497.57784682728686 809.0
497.8385811870591 793.0
498.0993074644995 819.0
498.360025659125 804.0
498.6207357704524 805.0
498.88143779799873 795.0
499.14213174128065 786.0
499.40281759981514 796.0
499.6634953731191 815.0
499.92416506070924 792.0
500.1848266621026 802.0
500.445480176816 798.0
500.70612560436615 783.0
500.96676294427016 797.0
501.22739219604483 805.0
501.48801335920695 798.0
501.74862643327344 789.0
502.00923141776116 784.0
502.2698283121869 799.0
502.5304171160677 797.0
502.7909978289203 797.0
503.0515704502616 795.0
503.31213497960846 793.0
503.57269141647777 813.0
503.8332397603864 805.0
504.09378001085116 807.0
504.354312167389 804.0
504.6148362295168 804.0
504.8753521967513 792.0
505.1358600686094 791.0
505.3963598446082 785.0
505.6568515242642 803.0
505.9173351070945 800.0
506.17781059261597 806.0
506.4382779803454 807.0
506.69873726979966 792.0
506.95918846049574 805.0
507.2196315519502 798.0
507.4800665436803 801.0
507.74049343520267 806.0
508.00091222603425 806.0
508.261322915692 800.0
508.5217255036924 795.0
508.7821199895529 806.0
509.0425063727899 806.0
509.3028846529204 800.0
509.5632548294615 802.0
509.8236169019296 783.0
510.0839708698421 801.0
510.3443167327155 798.0
510.60465449006676 805.0
510.8649841414127 797.0
511.12530568627034 799.0
511.3856191241566 798.0
511.64592445458794 793.0
511.90622167708165 791.0
512.1665107911545 791.0
512.4267917963232 816.0
512.6870646921047 806.0
512.947329478016 799.0
513.2075861535739 806.0
513.467834718295 811.0
513.7280751716964 790.0
513.9883075132952 810.0
514.248531742608 800.0
514.5087478591515 811.0
514.7689558624429 812.0
515.0291557519989 801.0
515.2893475273365 802.0
515.5495311879723 802.0
515.8097067334235 802.0
516.0698741632067 809.0
516.3300334768389 788.0
516.5901846738369 795.0
516.8503277537177 793.0
517.1104627159981 799.0
517.3705895601947 781.0
517.630708285825 797.0
517.8908188924053 788.0
518.1509213794526 800.0
518.411015746484 802.0
518.6711019930159 801.0
518.9311801185657 814.0
519.19125012265 806.0
519.4513120047856 814.0
519.7113657644896 811.0
519.9714114012784 789.0
520.2314489146695 793.0
520.4914783041794 807.0
520.751499569325 803.0
521.0115127096234 797.0
521.271517724591 801.0
521.5315146137451 811.0
521.7915033766022 786.0
522.0514840126796 794.0
522.3114565214938 803.0
522.5714209025618 799.0
522.8313771554007 789.0
523.0913252795269 793.0
523.3512652744578 797.0
523.6111971397097 807.0
523.8711208747998 803.0
524.1310364792452 790.0
524.390943952562 803.0
524.6508432942679 799.0
524.9107345038794 792.0
525.1706175809132 808.0
525.4304925248866 808.0
525.690359335316 797.0
525.9502180117188 787.0
526.2100685536113 800.0
526.4699109605107 793.0
526.729745231934 799.0
526.9895713673975 802.0
527.2493893664187 808.0
527.5091992285141 809.0
527.7690009532007 802.0
528.0287945399953 790.0
528.2885799884149 799.0
528.5483572979764 790.0
528.8081264681963 788.0
529.0678874985917 787.0
529.3276403886796 794.0
529.5873851379768 791.0
529.8471217460001 803.0
530.1068502122662 805.0
530.3665705362923 805.0
530.6262827175951 810.0
530.8859867556915 800.0
531.1456826500984 790.0
531.4053704003326 801.0
531.6650500059111 791.0
531.9247214663504 814.0
532.1843847811678 804.0
532.4440399498801 805.0
532.7036869720038 795.0
532.9633258470562 821.0
533.222956574554 823.0
533.4825791540142 809.0
533.7421935849534 809.0
534.0017998668885 826.0
534.2613979993366 825.0
534.5209879818145 816.0
534.780569813839 796.0
535.0401434949268 817.0
535.2997090245951 802.0
535.5592664023607 803.0
535.8188156277402 810.0
536.0783567002508 805.0
536.3378896194092 793.0
536.5974143847321 791.0
536.8569309957369 783.0
537.1164394519398 797.0
537.3759397528582 808.0
537.6354318980087 788.0
537.8949158869082 802.0
538.1543917190737 805.0
538.4138593940218 796.0
538.6733189112697 802.0
538.932770270334 796.0
539.1922134707318 800.0
539.4516485119797 798.0
539.7110753935946 808.0
539.9704941150937 811.0
540.2299046759937 797.0
540.4893070758112 801.0
540.7487013140633 787.0
541.008087390267 787.0
541.2674653039389 788.0
541.526835054596 777.0
541.7861966417552 792.0
542.0455500649333 787.0
542.3048953236471 782.0
542.5642324174137 789.0
542.8235613457497 797.0
543.0828821081722 787.0
543.3421947041979 790.0
543.6014991333436 786.0
543.8607953951266 785.0
544.1200834890632 782.0
544.3793634146708 799.0
544.6386351714658 794.0
544.8978987589653 792.0
545.1571541766862 795.0
545.4164014241451 786.0
545.6756405008593 785.0
545.9348714063455 801.0
546.1940941401203 800.0
546.4533087017008 804.0
546.712515090604 795.0
546.9717133063466 794.0
547.2309033484453 792.0
547.4900852164174 784.0
547.7492589097793 782.0
548.0084244280482 786.0
548.2675817707409 794.0
548.526730937374 798.0
548.7858719274648 791.0
549.0450047405299 787.0
549.3041293760863 793.0
549.5632458336507 799.0
549.82235411274 798.0
550.0814542128714 793.0
550.3405461335612 805.0
550.5996298743269 809.0
550.8587054346848 807.0
551.117772814152 814.0
551.3768320122455 799.0
551.6358830284819 787.0
551.8949258623783 791.0
552.1539605134514 805.0
552.4129869812182 779.0
552.6720052651955 788.0
552.9310153649002 789.0
553.1900172798491 804.0
553.4490110095592 793.0
553.7079965535472 799.0
553.9669739113302 785.0
554.2259430824248 802.0
554.484904066348 789.0
554.7438568626167 803.0
555.0028014707476 796.0
555.261737890258 789.0
555.520666120664 790.0
555.7795861614834 804.0
556.0384980122324 805.0
556.2974016724281 794.0
556.5562971415874 778.0
556.8151844192269 804.0
557.0740635048638 796.0
557.3329343980148 791.0
557.5917970981968 796.0
557.8506516049267 791.0
558.1094979177213 812.0
558.3683360360976 794.0
558.6271659595724 806.0
558.8859876876625 805.0
559.1448012198848 803.0
559.4036065557561 788.0
559.6624036947936 801.0
559.9211926365136 787.0
560.1799733804337 790.0
560.43874592607 783.0
560.6975102729399 778.0
560.9562664205602 800.0
561.2150143684473 796.0
561.4737541161188 792.0
561.732485663091 798.0
561.9912090088809 793.0
562.2499241530056 802.0
562.5086310949818 806.0
562.7673298343262 796.0
563.026020370556 801.0
563.2847027031879 809.0
563.5433768317389 790.0
563.8020427557254 804.0
564.0607004746649 788.0
564.3193499880738 798.0
564.5779912954692 791.0
564.8366243963679 793.0
565.0952492902868 793.0
565.3538659767429 802.0
565.6124744552527 804.0
565.8710747253335 801.0
566.1296667865018 805.0
566.3882506382747 800.0
566.6468262801691 807.0
566.9053937117014 797.0
567.1639529323893 786.0
567.4225039417488 790.0
567.6810467392974 793.0
567.9395813245517 798.0
568.1981076970284 806.0
568.4566258562448 811.0
568.7151358017175 798.0
568.9736375329633 814.0
569.2321310494995 808.0
569.4906163508422 794.0
569.749093436509 811.0
570.0075623060163 802.0
570.2660229588813 804.0
570.5244753946206 787.0
570.7829196127512 804.0
571.0413556127901 804.0
571.2997833942537 801.0
571.5582029566596 797.0
571.8166142995238 796.0
572.075017422364 801.0
572.3334123246967 787.0
572.5917990060384 785.0
572.8501774659068 805.0
573.108547703818 793.0
573.3669097192892 795.0
573.6252635118373 808.0
573.8836090809789 795.0
574.1419464262314 808.0
574.400275547111 816.0
574.6585964431351 809.0
574.9169091138205 811.0
575.1752135586836 820.0
575.4335097772419 806.0
575.6917977690118 792.0
575.9500775335105 814.0
576.2083490702545 811.0
576.4666123787609 830.0
576.7248674585469 816.0
576.9831143091286 836.0
577.2413529300236 820.0
577.4995833207483 806.0
577.7578054808198 788.0
578.0160194097549 807.0
578.2742251070703 806.0
578.5324225722832 806.0
578.7906118049101 794.0
579.0487928044681 795.0
579.3069655704743 794.0
579.565130102445 805.0
579.8232863998975 811.0
580.0814344623485 804.0
580.339574289315 817.0
580.5977058803137 796.0
580.8558292348614 810.0
581.1139443524753 809.0
581.3720512326721 821.0
581.6301498749685 804.0
581.8882402788817 830.0
582.146322443928 828.0
582.4043963696251 828.0
582.6624620554893 804.0
582.9205195010375 805.0
583.1785687057866 795.0
583.4366096692537 809.0
583.6946423909554 821.0
583.9526668704085 853.0
584.2106831071303 927.0
584.4686911006373 1095.0
584.7266908504463 1222.0
584.9846823560746 1491.0
585.2426656170385 2033.0
585.5006406328554 1758.0
585.7586074030418 1446.0
586.0165659271148 1106.0
586.2745162045912 963.0
586.5324582349878 865.0
586.7903920178214 839.0
587.0483175526091 857.0
587.3062348388676 853.0
587.5641438761138 870.0
587.8220446638645 871.0
588.0799372016369 934.0
588.3378214889474 965.0
588.5956975253132 908.0
588.8535653102509 849.0
589.1114248432776 826.0
589.3692761239103 818.0
589.6271191516653 832.0
589.88495392606 818.0
590.1427804466111 819.0
590.4005987128355 814.0
590.6584087242501 825.0
590.9162104803713 813.0
591.1740039807169 809.0
591.4317892248029 821.0
591.6895662121466 812.0
591.9473349422648 805.0
592.2050954146741 798.0
592.462847628892 801.0
592.7205915844347 804.0
592.9783272808194 792.0
593.236054717563 814.0
593.493773894182 826.0
593.7514848101939 853.0
594.009187465115 889.0
594.2668818584625 938.0
594.5245679897531 1027.0
594.7822458585038 943.0
595.0399154642313 887.0
595.2975768064524 850.0
595.5552298846843 813.0
595.8128746984438 807.0
596.0705112472474 806.0
596.3281395306126 825.0
596.5857595480555 827.0
596.8433712990935 823.0
597.1009747832434 836.0
597.3585700000219 843.0
597.6161569489462 873.0
597.8737356295327 856.0
598.1313060412986 829.0
598.3888681837607 820.0
598.6464220564358 810.0
598.9039676588409 825.0
599.1615049904925 804.0
599.4190340509081 805.0
599.676554839604 806.0
599.9340673560972 818.0
600.1915715999048 805.0
600.4490675705435 806.0
600.7065552675302 783.0
600.9640346903817 787.0
601.221505838615 802.0
601.4789687117469 786.0
601.7364233092942 801.0
601.9938696307739 799.0
602.2513076757026 823.0
602.5087374435976 822.0
602.7661589339755 828.0
603.023572146353 881.0
603.2809770802475 854.0
603.5383737351752 842.0
603.7957621106534 811.0
604.053142206199 808.0
604.3105140213286 802.0
604.5678775555593 818.0
604.8252328084078 806.0
605.0825797793912 807.0
605.3399184680261 803.0
605.5972488738295 794.0
605.8545709963181 805.0
606.111884835009 800.0
606.3691903894193 810.0
606.6264876590651 850.0
606.883776643464 864.0
607.1410573421324 935.0
607.3983297545875 1048.0
607.6555938803461 990.0
607.9128497189247 920.0
608.1700972698408 864.0
608.4273365326108 857.0
608.6845675067516 874.0
608.9417901917803 902.0
609.1990045872135 969.0
609.4562106925683 1104.0
609.7134085073615 1176.0
609.9705980311098 1064.0
610.2277792633305 947.0
610.4849522035397 883.0
610.7421168512552 840.0
610.9992732059933 835.0
611.2564212672709 825.0
611.5135610346049 808.0
611.7706925075122 814.0
612.0278156855098 822.0
612.2849305681145 825.0
612.542037154843 818.0
612.7991354452124 830.0
613.0562254387393 840.0
613.3133071349409 889.0
613.5703805333337 983.0
613.8274456334349 1095.0
614.0845024347612 1316.0
614.3415509368294 1550.0
614.5985911391567 1363.0
614.8556230412595 1164.0
615.1126466426551 966.0
615.36966194286 908.0
615.6266689413914 859.0
615.8836676377659 887.0
616.1406580315004 931.0
616.3976401221121 1001.0
616.6546139091173 950.0
616.9115793920333 881.0
617.1685365703769 831.0
617.4254854436648 829.0
617.6824260114142 810.0
617.9393582731417 812.0
618.196282228364 844.0
618.4531978765983 831.0
618.7101052173614 832.0
618.9670042501702 808.0
619.2238949745413 807.0
619.4807773899919 813.0
619.7376514960388 792.0
619.9945172921986 794.0
620.2513747779885 797.0
620.508223952925 809.0
620.7650648165256 826.0
621.0218973683066 839.0
621.2787216077849 853.0
621.5355375344776 883.0
621.7923451479013 896.0
622.0491444475734 869.0
622.3059354330103 853.0
622.5627181037288 813.0
622.8194924592461 795.0
623.0762584990788 805.0
623.333016222744 797.0
623.5897656297584 818.0
623.8465067196389 800.0
624.1032394919024 815.0
624.3599639460657 811.0
624.6166800816459 803.0
624.8733878981594 794.0
625.1300873951237 806.0
625.3867785720552 812.0
625.6434614284708 845.0
625.9001359638876 874.0
626.1568021778221 914.0
626.4134600697917 1024.0
626.6701096393127 1123.0
626.9267508859024 1037.0
627.1833838090776 954.0
627.4400084083547 863.0
627.6966246832512 829.0
627.9532326332837 806.0
628.2098322579691 809.0
628.4664235568243 825.0
628.723006529366 806.0
628.9795811751112 801.0
629.2361474935768 807.0
629.4927054842794 814.0
629.7492551467363 862.0
630.0057964804641 862.0
630.2623294849799 909.0
630.5188541598001 961.0
630.775370504442 938.0
631.0318785184223 873.0
631.2883782012578 859.0
631.5448695524658 823.0
631.8013525715625 822.0
632.0578272580652 810.0
632.3142936114906 833.0
632.5707516313557 869.0
632.8272013171775 917.0
633.0836426684723 978.0
633.3400756847575 1134.0
633.5965003655499 1096.0
633.8529167103661 1041.0
634.1093247187234 897.0
634.3657243901381 858.0
634.6221157241276 836.0
634.8784987202085 829.0
635.1348733778977 818.0
635.3912396967121 807.0
635.6475976761684 803.0
635.9039473157839 810.0
636.1602886150749 809.0
636.4166215735588 834.0
636.6729461907521 820.0
636.9292624661718 808.0
637.1855703993349 834.0
637.4418699897578 882.0
637.6981612369581 950.0
637.9544441404521 1028.0
638.2107186997567 1205.0
638.4669849143892 1201.0
638.7232427838659 1130.0
638.979492307704 1031.0
639.2357334854204 1095.0
639.4919663165317 1415.0
639.7481908005552 1778.0
640.0044069370073 2608.0
640.2606147254052 3272.0
640.5168141652655 2841.0
640.7730052561054 2129.0
641.0291879974413 1432.0
641.2853623887906 1121.0
641.5415284296699 982.0
641.797686119596 910.0
642.0538354580859 878.0
642.3099764446565 860.0
642.5661090788245 827.0
642.8222333601069 825.0
643.0783492880205 824.0
643.3344568620822 811.0
643.5905560818089 810.0
643.8466469467173 817.0
644.1027294563247 816.0
644.3588036101473 821.0
644.6148694077026 817.0
644.8709268485071 803.0
645.1269759320778 790.0
645.3830166579316 814.0
645.6390490255851 801.0
645.8950730345556 800.0
646.1510886843597 803.0
646.4070959745143 803.0
646.6630949045363 810.0
646.9190854739425 830.0
647.17506768225 820.0
647.4310415289752 814.0
647.6870070136354 802.0
647.9429641357473 800.0
648.1989128948277 795.0
648.4548532903938 805.0
648.7107853219619 808.0
648.9667089890495 809.0
649.222624291173 808.0
649.4785312278494 834.0
649.7344297985958 866.0
649.9903200029287 987.0
650.2462018403652 1116.0
650.502075310422 1398.0
650.7579404126162 1453.0
651.0137971464646 1337.0
651.2696455114838 1123.0
651.525485507191 935.0
651.7813171331029 870.0
652.0371403887364 840.0
652.2929552736086 826.0
652.5487617872358 841.0
652.8045599291355 847.0
653.0603496988242 871.0
653.3161310958188 901.0
653.5719041196362 896.0
653.8276687697933 867.0
654.0834250458071 838.0
654.3391729471941 812.0
654.5949124734717 817.0
654.8506436241562 794.0
655.1063663987647 796.0
655.3620807968144 787.0
655.6177868178215 815.0
655.8734844613035 837.0
656.129173726777 854.0
656.3848546137588 866.0
656.6405271217659 869.0
656.8961912503149 835.0
657.1518469989231 814.0
657.4074943671071 817.0
657.6631333543837 810.0
657.9187639602701 794.0
658.1743861842826 786.0
658.4300000259387 794.0
658.6856054847549 806.0
658.9412025602483 823.0
659.1967912519353 850.0
659.4523715593333 915.0
659.707943481959 975.0
659.9635070193291 1019.0
660.2190621709606 999.0
660.4746089363705 916.0
660.7301473150753 868.0
660.9856773065924 840.0
661.2411989104381 826.0
661.4967121261298 808.0
661.7522169531838 805.0
662.0077133911174 798.0
662.2632014394475 804.0
662.5186810976904 785.0
662.7741523653638 802.0
663.029615241984 802.0
663.2850697270679 801.0
663.5405158201327 785.0
663.7959535206948 798.0
664.0513828282715 812.0
664.3068037423793 796.0
664.5622162625355 799.0
664.8176203882564 800.0
665.0730161190594 805.0
665.3284034544613 819.0
665.5837823939785 798.0
665.8391529371283 821.0
666.0945150834276 802.0
666.349868832393 816.0
666.6052141835415 812.0
666.8605511363899 840.0
667.1158796904554 880.0
667.3711998452544 956.0
667.626511600304 1065.0
667.8818149551211 1116.0
668.1371099092223 1098.0
668.3923964621249 983.0
668.6476746133454 881.0
668.9029443624008 853.0
669.1582057088083 824.0
669.4134586520839 816.0
669.6687031917455 824.0
669.9239393273093 795.0
670.1791670582923 797.0
670.4343863842114 797.0
670.6895973045835 815.0
670.9447998189256 849.0
671.1999939267544 899.0
671.4551796275866 981.0
671.7103569209394 1056.0
671.9655258063294 1020.0
672.220686283274 966.0
672.475838351289 873.0
672.7309820098925 834.0
672.9861172586005 813.0
673.2412440969302 801.0
673.4963625243987 809.0
673.7514725405223 803.0
674.0065741448183 812.0
674.2616673368035 812.0
674.5167521159946 817.0
674.7718284819086 812.0
675.0268964340622 800.0
675.2819559719727 787.0
675.5370070951565 801.0
675.7920498031307 796.0
676.0470840954122 800.0
676.3021099715176 797.0
676.5571274309642 810.0
676.8121364732684 794.0
677.0671370979474 795.0
677.3221293045178 805.0
677.5771130924968 791.0
677.8320884614011 805.0
678.0870554107474 801.0
678.3420139400529 794.0
678.5969640488343 793.0
678.8519057366083 804.0
679.1068390028922 804.0
679.3617638472023 799.0
679.616680269056 781.0
679.8715882679699 789.0
680.1264878434607 794.0
680.3813789950458 789.0
680.6362617222414 791.0
680.8911360245651 790.0
681.146001901533 795.0
681.4008593526627 805.0
681.6557083774705 798.0
681.9105489754734 802.0
682.1653811461886 810.0
682.4202048891326 782.0
682.6750202038223 798.0
682.9298270897748 800.0
683.1846255465068 793.0
683.4394155735351 802.0
683.6941971703767 792.0
683.9489703365485 796.0
684.2037350715673 781.0
684.4584913749499 780.0
684.7132392462133 793.0
684.9679786848742 797.0
685.2227096904496 802.0
685.4774322624564 786.0
685.7321464004115 800.0
685.9868521038316 797.0
686.2415493722334 784.0
686.4962382051343 790.0
686.7509186020508 795.0
687.0055905624997 799.0
687.2602540859983 804.0
687.514909172063 811.0
687.7695558202109 806.0
688.0241940299587 801.0
688.2788238008236 800.0
688.5334451323221 795.0
688.7880580239712 799.0
689.042662475288 802.0
689.2972584857889 779.0
689.5518460549912 789.0
689.8064251824115 800.0
690.0609958675668 798.0
690.3155581099742 794.0
690.5701119091498 796.0
690.8246572646113 806.0
691.0791941758752 801.0
691.3337226424583 795.0
691.5882426638777 808.0
691.84275423965 809.0
692.0972573692924 859.0
692.3517520523214 938.0
692.6062382882542 1058.0
692.8607160766074 1195.0
693.1151854168979 1178.0
693.3696463086428 1127.0
693.6240987513587 961.0
693.8785427445628 878.0
694.1329782877717 842.0
694.3874053805022 820.0
694.6418240222713 809.0
694.8962342125958 803.0
695.1506359509929 798.0
695.405029236979 797.0
695.6594140700711 809.0
695.9137904497863 798.0
696.168158375641 816.0
696.4225178471527 791.0
696.676868863838 810.0
696.9312114252134 809.0
697.1855455307963 802.0
697.4398711801031 795.0
697.6941883726512 797.0
697.9484971079568 791.0
698.2027973855375 793.0
698.4570892049098 796.0
698.7113725655903 796.0
698.9656474670965 791.0
699.2199139089445 780.0
699.4741718906519 801.0
699.7284214117353 796.0
699.9826624717113 798.0
700.2368950700971 801.0
700.4911192064093 810.0
700.7453348801653 809.0
700.9995420908814 800.0
701.2537408380745 806.0
701.5079311212619 822.0
701.7621129399598 806.0
702.016286293686 804.0
702.2704511819566 832.0
702.5246076042886 906.0
702.778755560199 1002.0
703.0328950492045 1172.0
703.2870260708224 1218.0
703.5411486245691 1179.0
703.7952627099618 1055.0
704.0493683265172 917.0
704.3034654737519 852.0
704.5575541511835 820.0
704.8116343583279 836.0
705.0657060947029 808.0
705.3197693598249 813.0
705.5738241532106 806.0
705.8278704743772 820.0
706.0819083228414 806.0
706.3359376981203 797.0
706.5899585997306 806.0
706.8439710271889 805.0
707.0979749800126 809.0
707.3519704577179 801.0
707.6059574598225 802.0
707.8599359858429 799.0
708.1139060352955 805.0
708.3678676076978 797.0
708.6218207025663 803.0
708.8757653194182 794.0
709.12970145777 796.0
709.3836291171389 788.0
709.6375482970416 793.0
709.8914589969946 801.0
710.1453612165157 804.0
710.3992549551208 800.0
710.6531402123275 788.0
710.9070169876522 797.0
711.1608852806118 799.0
711.4147450907236 793.0
711.6685964175037 804.0
711.9224392604699 784.0
712.1762736191384 791.0
712.4300994930262 804.0
712.6839168816504 787.0
712.9377257845274 811.0
713.1915262011746 797.0
713.4453181311087 794.0
713.6991015738463 793.0
713.9528765289045 791.0
714.2066429958 799.0
714.4604009740502 813.0
714.7141504631712 797.0
714.9678914626805 800.0
715.2216239720948 799.0
715.4753479909306 807.0
715.7290635187052 797.0
715.982770554935 801.0
716.2364690991376 794.0
716.4901591508293 807.0
716.743840709527 807.0
716.9975137747479 824.0
717.2511783460084 851.0
717.5048344228259 857.0
717.7584820047169 829.0
718.0121210911982 829.0
718.2657516817872 821.0
718.519373776 799.0
718.772987373354 785.0
719.026592473366 787.0
719.2801890755527 785.0
719.5337771794311 802.0
719.7873567845179 799.0
720.0409278903304 790.0
720.294490496385 799.0
720.5480446021987 806.0
720.8015902072887 812.0
721.0551273111711 798.0
721.3086559133636 798.0
721.5621760133826 792.0
721.815687610745 793.0
722.0691907049679 797.0
722.3226852955679 813.0
722.5761713820622 800.0
722.8296489639672 809.0
723.0831180408002 794.0
723.3365786120778 801.0
723.5900306773169 797.0
723.8434742360346 841.0
724.0969092877473 891.0
724.3503358319725 981.0
724.6037538682267 972.0
724.8571633960265 966.0
725.1105644148894 905.0
725.3639569243315 841.0
725.6173409238706 809.0
725.8707164130229 826.0
726.1240833913054 812.0
726.3774418582351 802.0
726.6307918133285 798.0
726.8841332561029 789.0
727.137466186075 810.0
727.3907906027619 793.0
727.6441065056802 805.0
727.8974138943464 806.0
728.1507127682783 787.0
728.4040031269918 804.0
728.6572849700045 793.0
728.9105582968331 786.0
729.1638231069941 806.0
729.4170794000048 800.0
729.6703271753817 800.0
729.923566432642 795.0
730.1767971713025 809.0
730.4300193908798 813.0
730.6832330908911 796.0
730.936438270853 793.0
731.1896349302828 803.0
731.442823068697 792.0
731.6960026856123 809.0
731.949173780546 805.0
732.2023363530145 801.0
732.4554904025351 806.0
732.7086359286245 805.0
732.9617729307997 796.0
733.2149014085775 784.0
733.4680213614745 786.0
733.7211327890079 797.0
733.9742356906943 793.0
734.2273300660511 782.0
734.4804159145946 800.0
734.7334932358416 792.0
734.9865620293094 805.0
735.2396222945147 817.0
735.4926740309744 804.0
735.7457172382054 812.0
735.9987519157243 806.0
736.2517780630484 794.0
736.504795679694 805.0
736.7578047651785 796.0
737.0108053190187 799.0
737.2637973407312 802.0
737.516780829833 801.0
737.769755785841 803.0
738.0227222082721 806.0
738.2756800966428 798.0
738.5286294504706 799.0
738.781570269272 799.0
739.0345025525638 802.0
739.2874262998632 787.0
739.5403415106866 795.0
739.7932481845512 792.0
740.046146320974 807.0
740.2990359194714 795.0
740.5519169795606 781.0
740.8047895007583 790.0
741.0576534825816 803.0
741.3105089245472 779.0
741.563355826172 794.0
741.8161941869729 800.0
742.0690240064664 797.0
742.3218452841702 810.0
742.5746580196005 788.0
742.8274622122741 802.0
743.0802578617083 817.0
743.3330449674197 811.0
743.5858235289254 828.0
743.8385935457418 843.0
744.0913550173865 828.0
744.3441079433758 826.0
744.5968523232264 819.0
744.8495881564559 827.0
745.1023154425804 798.0
745.3550341811174 802.0
745.6077443715835 802.0
745.8604460134952 788.0
746.1131391063701 795.0
746.3658236497243 799.0
746.6184996430754 810.0
746.87116708594 793.0
747.1238259778346 796.0
747.3764763182764 802.0
747.6291181067822 800.0
747.8817513428692 801.0
748.1343760260539 802.0
748.3869921558529 805.0
748.6395997317837 811.0
748.8921987533628 820.0
749.1447892201071 814.0
749.3973711315336 813.0
749.6499444871589 804.0
749.9025092865003 802.0
750.1550655290741 801.0
750.4076132143978 800.0
750.6601523419877 782.0
750.912682911361 804.0
751.1652049220347 809.0
751.4177183735251 798.0
751.6702232653497 799.0
751.9227195970248 794.0
752.1752073680677 807.0
752.4276865779954 801.0
752.680157226324 797.0
752.9326193125712 808.0
753.1850728362533 812.0
753.4375177968876 819.0
753.6899541939908 829.0
753.9423820270795 810.0
754.194801295671 817.0
754.4472119992819 818.0
754.6996141374291 820.0
754.9520077096296 797.0
755.2043927154 802.0
755.4567691542577 809.0
755.7091370257187 790.0
755.9614963293008 800.0
756.2138470645202 782.0
756.4661892308942 796.0
756.7185228279395 807.0
756.9708478551728 797.0
757.2231643121112 804.0
757.4754721982714 811.0
757.7277715131704 803.0
757.9800622563251 803.0
758.2323444272521 776.0
758.4846180254688 797.0
758.7368830504913 804.0
758.9891395018373 809.0
759.2413873790232 799.0
759.4936266815657 789.0
759.7458574089821 790.0
759.9980795607888 795.0
760.2502931365033 792.0
760.502498135642 802.0
760.7546945577217 780.0
761.0068824022595 799.0
761.2590616687722 798.0
761.5112323567769 780.0
761.7633944657899 799.0
762.0155479953288 782.0
762.26769294491 797.0
762.5198293140501 797.0
762.7719571022666 804.0
763.024076309076 801.0
763.2761869339953 787.0
763.5282889765415 794.0
763.780382436231 788.0
764.032467312581 800.0
764.2845436051083 787.0
764.53661131333 800.0
764.7886704367629 792.0
765.0407209749233 806.0
765.2927629273288 797.0
765.5447962934958 815.0
765.7968210729414 785.0
766.0488372651824 794.0
766.3008448697357 794.0
766.5528438861181 786.0
766.8048343138464 799.0
767.0568161524378 800.0
767.3087894014087 777.0
767.5607540602764 800.0
767.8127101285577 795.0
768.0646576057691 802.0
768.3165964914278 788.0
768.5685267850505 804.0
768.8204484861544 804.0
769.0723615942561 790.0
769.3242661088722 799.0
769.5761620295201 803.0
769.8280493557162 813.0
770.0799280869778 793.0
770.3317982228216 804.0
770.5836597627642 792.0
770.835512706323 790.0
771.0873570530143 791.0
771.3391928023555 813.0
771.591019953863 794.0
771.8428385070538 795.0
772.094648461445 792.0
772.3464498165532 791.0
772.5982425718955 775.0
772.8500267269885 789.0
773.1018022813494 805.0
773.3535692344948 791.0
773.6053275859415 801.0
773.8570773352067 793.0
774.108818481807 779.0
774.3605510252594 804.0
774.6122749650807 798.0
774.8639903007878 800.0
775.1156970318975 803.0
775.3673951579267 778.0
775.6190846783925 787.0
775.8707655928115 804.0
776.1224379007004 796.0
776.3741016015766 795.0
776.6257566949563 808.0
776.8774031803571 823.0
777.1290410572955 828.0
777.3806703252881 821.0
777.6322909838522 833.0
777.8839030325043 804.0
778.1355064707618 794.0
778.3871012981411 780.0
778.6386875141592 805.0
778.890265118333 815.0
779.1418341101793 799.0
779.3933944892151 802.0
779.6449462549571 802.0
779.8964894069222 802.0
780.1480239446275 796.0
780.3995498675895 792.0
780.6510671753255 800.0
780.9025758673517 793.0
781.1540759431858 793.0
781.4055674023442 807.0
781.6570502443437 813.0
781.9085244687013 796.0
782.159990074934 791.0
782.4114470625585 793.0
782.6628954310918 797.0
782.9143351800503 781.0
783.1657663089516 794.0
783.4171888173119 797.0
783.6686027046486 794.0
783.9200079704783 795.0
784.1714046143178 803.0
784.4227926356843 786.0
784.6741720340941 801.0
784.9255428090647 790.0
785.1769049601126 787.0
785.4282584867548 786.0
785.6796033885082 801.0
785.9309396648893 791.0
786.1822673154155 794.0
786.4335863396033 790.0
786.6848967369698 800.0
786.9361985070317 797.0
787.1874916493058 812.0
787.4387761633094 792.0
787.6900520485588 779.0
787.9413193045713 777.0
788.1925779308636 800.0
788.4438279269523 791.0
788.6950692923548 797.0
788.9463020265875 788.0
789.1975261291677 793.0
789.448741599612 790.0
789.6999484374371 801.0
789.9511466421604 797.0
790.2023362132982 800.0
790.4535171503677 794.0
790.7046894528855 790.0
790.9558531203689 808.0
791.2070081523347 801.0
791.458154548299 802.0
791.7092923077797 786.0
791.9604214302931 802.0
792.2115419153562 785.0
792.462653762486 797.0
792.7137569711989 795.0
792.9648515410123 803.0
793.2159374714428 801.0
793.4670147620074 801.0
793.718083412223 804.0
793.9691434216061 786.0
794.220194789674 813.0
794.4712375159432 803.0
794.722271599931 808.0
794.9732970411541 793.0
795.2243138391292 798.0
795.4753219933733 779.0
795.7263215034031 802.0
795.9773123687357 789.0
796.2282945888878 791.0
796.4792681633767 791.0
796.7302330917187 802.0
796.9811893734307 795.0
797.23213700803 790.0
797.483075995033 798.0
797.7340063339569 793.0
797.9849280243186 799.0
798.2358410656345 797.0
798.4867454574222 792.0
798.7376411991978 790.0
798.9885282904788 806.0
799.2394067307818 785.0
799.4902765196234 791.0
799.741137656521 784.0
799.9919901409909 794.0
800.2428339725506 785.0
800.4936691507165 790.0
800.7444956750055 798.0
800.9953135449347 790.0
801.2461227600207 805.0
801.4969233197808 792.0
801.7477152237312 797.0
801.9984984713894 790.0
802.2492730622722 776.0
802.5000389958959 787.0
802.7507962717781 779.0
803.0015448894349 803.0
803.252284848384 786.0
803.5030161481417 786.0
803.7537387882248 796.0
804.0044527681507 795.0
804.2551580874358 790.0
804.5058547455972 795.0
804.7565427421519 778.0
805.0072220766161 799.0
805.2578927485075 797.0
805.5085547573423 803.0
805.7592081026379 787.0
806.009852783911 797.0
806.2604888006782 802.0
806.5111161524568 774.0
806.7617348387631 780.0
807.0123448591147 805.0
807.2629462130279 790.0
807.5135389000196 794.0
807.7641229196071 790.0
808.0146982713067 788.0
808.2652649546358 788.0
808.5158229691108 798.0
808.7663723142489 801.0
809.016912989567 788.0
809.2674449945815 797.0
809.5179683288098 795.0
809.7684829917686 809.0
810.0189889829746 790.0
810.269486301945 792.0
810.5199749481961 788.0
810.7704549212456 775.0
811.0209262206095 791.0
811.2713888458052 792.0
811.5218427963496 806.0
811.7722880717591 796.0
812.022724671551 798.0
812.2731525952421 791.0
812.5235718423493 789.0
812.7739824123893 786.0
813.0243843048788 808.0
813.2747775193352 808.0
813.5251620552749 799.0
813.7755379122152 799.0
814.0259050896724 794.0
814.276263587164 804.0
814.5266134042064 788.0
814.7769545403165 789.0
815.0272869950115 793.0
815.2776107678079 794.0
815.5279258582229 790.0
815.7782322657732 804.0
816.0285299899754 807.0
816.2788190303468 794.0
816.529099386404 782.0
816.7793710576641 796.0
817.0296340436439 788.0
817.2798883438601 795.0
817.5301339578298 782.0
817.7803708850694 784.0
818.0305991250964 788.0
818.2808186774273 817.0
818.531029541579 792.0
818.7812317170685 793.0
819.0314252034124 789.0
819.281610000128 793.0
819.5317861067317 779.0
819.7819535227408 787.0
820.0321122476719 803.0
820.2822622810417 803.0
820.5324036223675 797.0
820.7825362711658 793.0
821.0326602269538 784.0
821.2827754892483 804.0
821.5328820575656 797.0
821.7829799314234 800.0
822.033069110338 788.0
822.2831495938267 789.0
822.5332213814061 794.0
822.7832844725929 787.0
823.0333388669044 789.0
823.283384563857 796.0
823.533421562968 784.0
823.7834498637541 799.0
824.033469465732 799.0
824.2834803684189 797.0
824.5334825713311 797.0
824.7834760739862 802.0
825.0334608759005 792.0
825.2834369765912 797.0
825.5334043755751 804.0
825.7833630723688 792.0
826.0333130664897 806.0
826.2832543574541 791.0
826.5331869447793 791.0
826.783110827982 804.0
827.0330260065789 800.0
827.2829324800872 796.0
827.5328302480233 804.0
827.7827193099047 797.0
828.032599665248 809.0
828.2824713135695 800.0
828.532334254387 787.0
828.7821884872168 792.0
829.0320340115759 794.0
829.2818708269813 788.0
829.5316989329494 807.0
829.7815183289979 799.0
830.0313290146428 801.0
830.2811309894015 797.0
830.5309242527906 801.0
830.7807088043272 785.0
831.0304846435281 778.0
831.2802517699099 792.0
831.5300101829899 805.0
831.7797598822846 786.0
832.0295008673112 781.0
832.2792331375864 783.0
832.5289566926268 796.0
832.7786715319497 778.0
833.0283776550717 785.0
833.27807506151 784.0
833.5277637507811 778.0
833.7774437224018 784.0
834.0271149758895 782.0
834.2767775107606 790.0
834.526431326532 788.0
834.7760764227208 781.0
835.0257127988438 784.0
835.2753404544177 796.0
835.5249593889594 789.0
835.774569601986 797.0
836.0241710930143 793.0
836.2737638615607 787.0
836.5233479071428 784.0
836.7729232292768 797.0
837.0224898274802 785.0
837.2720477012693 801.0
837.5215968501614 837.0
837.7711372736733 803.0
838.0206689713215 815.0
838.2701919426232 805.0
838.5197061870952 812.0
838.7692117042545 798.0
839.0187084936177 784.0
839.2681965547017 796.0
839.5176758870236 780.0
839.7671464901001 790.0
840.0166083634483 779.0
840.2660615065847 787.0
840.5155059190262 788.0
840.7649416002901 788.0
841.0143685498927 798.0
841.2637867673512 795.0
841.5131962521828 799.0
841.7625970039035 809.0
842.0119890220308 792.0
842.2613723060813 795.0
842.5107468555723 798.0
842.76011267002 791.0
843.0094697489418 805.0
843.2588180918546 790.0
843.5081576982747 810.0
843.7574885677194 792.0
844.0068106997054 788.0
844.25612409375 811.0
844.5054287493696 804.0
844.754724666081 794.0
845.0040118434015 785.0
845.2532902808475 797.0
845.5025599779364 788.0
845.7518209341847 794.0
846.0010731491091 795.0
846.2503166222269 794.0
846.4995513530547 793.0
846.7487773411094 811.0
846.9979945859081 800.0
847.2472030869674 788.0
847.4964028438043 798.0
847.7455938559353 802.0
847.994776122878 789.0
848.2439496441485 801.0
848.4931144192642 802.0
848.7422704477419 782.0
848.9914177290981 790.0
849.2405562628502 808.0
849.4896860485144 812.0
849.7388070856083 810.0
849.9879193736485 815.0
850.2370229121515 798.0
850.4861177006346 798.0
850.7352037386146 790.0
850.9842810256082 780.0
851.2333495611326 784.0
851.482409344704 790.0
851.7314603758401 795.0
851.9805026540571 793.0
852.2295361788724 793.0
852.4785609498026 788.0
852.7275769663643 780.0
852.9765842280748 785.0
853.2255827344507 786.0
853.4745724850093 797.0
853.7235534792667 790.0
853.9725257167406 796.0
854.2214891969475 803.0
854.4704439194039 786.0
854.7193898836274 795.0
854.9683270891342 794.0
855.2172555354416 781.0
855.4661752220665 788.0
855.7150861485252 793.0
855.9639883143353 796.0
856.212881719013 796.0
856.4617663620759 792.0
856.7106422430403 792.0
856.9595093614231 786.0
857.2083677167415 796.0
857.4572173085119 798.0
857.7060581362517 798.0
857.9548901994776 794.0
858.2037134977061 788.0
858.4525280304546 797.0
858.7013337972394 791.0
858.950130797578 795.0
859.1989190309868 797.0
859.4476984969828 800.0
859.696469195083 784.0
859.9452311248039 786.0
860.1939842856627 794.0
860.4427286771763 771.0
860.6914642988615 789.0
860.9401911502351 795.0
861.1889092308139 795.0
861.437618540115 788.0
861.686319077655 782.0
861.935010842951 794.0
862.1836938355198 794.0
862.432368054878 795.0
862.6810335005429 794.0
862.9296901720311 797.0
863.1783380688596 797.0
863.4269771905452 809.0
863.6756075366046 795.0
863.9242291065551 800.0
864.1728418999131 798.0
864.4214459161959 782.0
864.6700411549201 788.0
864.9186276156024 791.0
865.1672052977602 790.0
865.4157742009098 809.0
865.6643343245685 804.0
865.9128856682528 784.0
866.1614282314799 793.0
866.4099620137665 790.0
866.6584870146295 803.0
866.9070032335858 804.0
867.155510670152 775.0
867.4040093238455 780.0
867.6524991941827 810.0
867.9009802806806 802.0
868.1494525828563 810.0
868.3979161002262 803.0
868.6463708323078 791.0
868.8948167786174 788.0
869.1432539386718 786.0
869.3916823119887 777.0
869.6401018980839 788.0
869.8885126964751 788.0
870.1369147066789 787.0
870.3853079282118 789.0
870.6336923605911 782.0
870.8820680033335 795.0
871.1304348559562 795.0
871.3787929179755 797.0
871.6271421889087 789.0
871.8754826682726 797.0
872.1238143555837 788.0
872.3721372503595 791.0
872.6204513521162 798.0
872.8687566603713 786.0
873.1170531746413 781.0
873.365340894443 785.0
873.6136198192935 794.0
873.8618899487094 783.0
874.110151282208 770.0
874.3584038193057 791.0
874.6066475595196 804.0
874.8548825023668 795.0
875.1031086473636 794.0
875.3513259940273 807.0
875.5995345418747 779.0
875.8477342904224 778.0
876.0959252391877 781.0
876.3441073876871 800.0
876.5922807354377 790.0
876.8404452819562 804.0
877.0886010267599 784.0
877.3367479693651 795.0
877.5848861092887 813.0
877.8330154460481 790.0
878.0811359791594 804.0
878.3292477081402 814.0
878.5773506325071 802.0
878.8254447517768 785.0
879.0735300654665 791.0
879.3216065730924 789.0
879.5696742741723 787.0
879.8177331682225 794.0
880.0657832547598 798.0
880.3138245333014 798.0
880.5618570033639 784.0
880.8098806644645 797.0
881.0578955161196 786.0
881.3059015578464 796.0
881.5538987891618 784.0
881.8018872095822 791.0
882.0498668186252 792.0
882.297837615807 796.0
882.5457996006451 790.0
882.7937527726558 782.0
883.041697131356 787.0
883.2896326762632 792.0
883.5375594068934 784.0
883.7854773227642 789.0
884.0333864233922 786.0
884.2812867082938 794.0
884.5291781769868 798.0
884.7770608289871 802.0
885.0249346638125 789.0
885.2727996809792 786.0
885.5206558800041 805.0
885.7685032604046 794.0
886.0163418216969 790.0
886.2641715633982 787.0
886.5119924850256 790.0
886.7598045860955 784.0
887.007607866125 788.0
887.2554023246308 798.0
887.5031879611303 788.0
887.7509647751398 782.0
887.9987327661763 792.0
888.2464919337567 800.0
888.4942422773979 788.0
888.7419837966169 774.0
888.9897164909302 794.0
889.2374403598551 787.0
889.4851554029083 780.0
889.7328616196063 777.0
889.9805590094667 795.0
890.2282475720056 781.0
890.4759273067405 798.0
890.7235982131879 787.0
890.9712602908646 799.0
891.218913539288 783.0
891.4665579579743 800.0
891.7141935464408 786.0
891.9618203042044 787.0
892.2094382307815 797.0
892.4570473256895 797.0
892.7046475884449 789.0
892.9522390185649 785.0
893.1998216155661 785.0
893.4473953789653 784.0
893.6949603082797 786.0
893.9425164030258 786.0
894.1900636627211 788.0
894.4376020868815 782.0
894.6851316750246 797.0
894.9326524266672 800.0
895.1801643413257 790.0
895.4276674185177 797.0
895.6751616577593 794.0
895.922647058568 786.0
896.1701236204603 784.0
896.4175913429531 784.0
896.6650502255636 786.0
896.912500267808 791.0
897.159941469204 798.0
897.4073738292678 786.0
897.6547973475165 789.0
897.9022120234671 790.0
898.1496178566362 797.0
898.3970148465409 799.0
898.644402992698 792.0
898.8917822946241 776.0
899.1391527518367 790.0
899.386514363852 789.0
899.6338671301874 789.0
899.8812110503592 774.0
900.1285461238849 782.0
900.375872350281 782.0
900.6231897290643 784.0
900.8704982597519 797.0
901.1177979418604 784.0
901.3650887749071 786.0
901.6123707584086 796.0
901.8596438918815 793.0
902.106908174843 789.0
902.35416360681 777.0
902.6014101872993 797.0
902.8486479158278 795.0
903.095876791912 793.0
903.3430968150694 794.0
903.5903079848164 799.0
903.83751030067 787.0
904.0847037621473 796.0
904.3318883687646 780.0
904.5790641200394 787.0
904.826231015488 795.0
905.0733890546279 795.0
905.3205382369753 794.0
905.5676785620476 780.0
905.8148100293615 785.0
906.0619326384336 778.0
906.3090463887813 794.0
906.5561512799208 795.0
906.8032473113697 790.0
907.0503344826443 795.0
907.2974127932616 799.0
907.5444822427387 800.0
907.7915428305921 791.0
908.038594556339 799.0
908.2856374194963 790.0
908.5326714195803 778.0
908.7796965561088 792.0
909.0267128285976 801.0
909.2737202365645 795.0
909.520718779526 794.0
909.7677084569985 788.0
910.0146892684998 789.0
910.261661213546 785.0
910.5086242916544 782.0
910.7555785023416 776.0
911.0025238451248 790.0
911.2494603195206 791.0
911.4963879250456 771.0
911.7433066612174 787.0
911.9902165275522 779.0
912.2371175235672 790.0
912.4840096487795 788.0
912.7308929027052 797.0
912.9777672848619 794.0
913.2246327947661 797.0
913.4714894319347 792.0
913.7183371958849 788.0
913.965176086133 774.0
914.2120061021965 792.0
914.4588272435916 791.0
914.7056395098358 791.0
914.9524429004457 784.0
915.1992374149379 802.0
915.4460230528298 793.0
915.6927998136375 799.0
915.9395676968788 802.0
916.1863267020701 800.0
916.4330768287281 791.0
916.67981807637 780.0
916.9265504445123 795.0
917.1732739326723 780.0
917.4199885403666 788.0
917.6666942671121 798.0
917.9133911124259 804.0
918.1600790758242 800.0
918.4067581568248 799.0
918.6534283549438 808.0
918.9000896696987 808.0
919.1467421006058 778.0
919.3933856471822 791.0
919.6400203089449 790.0
919.8866460854103 797.0
920.1332629760961 797.0
920.3798709805186 787.0
920.6264700981943 784.0
920.8730603286409 798.0
921.1196416713748 790.0
921.3662141259131 790.0
921.6127776917724 798.0
921.8593323684695 789.0
922.1058781555217 799.0
922.3524150524454 785.0
922.598943058758 784.0
922.8454621739758 789.0
923.0919723976159 789.0
923.3384737291954 800.0
923.5849661682307 798.0
923.8314497142393 793.0
924.0779243667373 791.0
924.3243901252423 805.0
924.5708469892709 799.0
924.8172949583395 804.0
925.0637340319656 795.0
925.3101642096658 800.0
925.5565854909571 816.0
925.8029978753563 802.0
926.04940136238 792.0
926.2957959515456 804.0
926.5421816423694 810.0
926.7885584343687 787.0
927.0349263270604 781.0
927.281285319961 797.0
927.5276354125876 784.0
927.7739766044568 777.0
928.020308895086 781.0
928.2666322839915 801.0
928.5129467706906 786.0
928.7592523547 775.0
929.0055490355364 786.0
929.2518368127171 789.0
929.4981156857584 791.0
929.7443856541778 797.0
929.9906467174917 790.0
930.2368988752169 787.0
930.4831421268707 778.0
930.7293764719695 780.0
930.9756019100306 791.0
931.2218184405708 802.0
931.4680260631065 802.0
931.7142247771553 802.0
931.9604145822334 798.0
932.2065954778582 777.0
932.4527674635461 796.0
932.6989305388141 824.0
932.9450847031794 798.0
933.1912299561584 795.0
933.4373662972685 775.0
933.6834937260257 783.0
933.929612241948 794.0
934.1757218445516 787.0
934.4218225333533 788.0
934.6679143078701 792.0
934.913997167619 788.0
935.1600711121167 791.0
935.4061361408803 795.0
935.6521922534262 808.0
935.8982394492718 800.0
936.1442777279336 790.0
936.3903070889288 781.0
936.636327531774 786.0
936.882339055986 786.0
937.128341661082 787.0
937.3743353465785 787.0
937.6203201119927 791.0
937.8662959568414 787.0
938.1122628806411 804.0
938.3582208829092 799.0
938.6041699631621 802.0
938.8501101209171 800.0
939.0960413556905 796.0
939.341963667 789.0
939.5878770543618 794.0
939.8337815172929 793.0
940.0796770553103 792.0
940.3255636679306 800.0
940.5714413546712 794.0
940.8173101150486 798.0
941.0631699485793 784.0
941.309020854781 790.0
941.5548628331699 785.0
941.8006958832632 777.0
942.0465200045778 783.0
942.2923351966301 783.0
942.5381414589376 781.0
942.7839387910167 794.0
943.0297271923846 788.0
943.275506662558 788.0
943.5212772010536 800.0
943.7670388073888 796.0
944.0127914810797 786.0
944.2585352216438 808.0
944.504270028598 795.0
944.7499959014584 792.0
944.9957128397427 786.0
945.2414208429674 795.0
945.4871199106495 791.0
945.7328100423057 792.0
945.978491237453 798.0
946.2241634956084 806.0
946.4698268162882 792.0
946.71548119901 784.0
946.9611266432901 803.0
947.2067631486459 790.0
947.4523907145939 770.0
947.6980093406509 804.0
947.943619026334 793.0
948.1892197711599 802.0
948.4348115746456 797.0
948.680394436308 800.0
948.9259683556636 810.0
949.17153333223 799.0
949.4170893655231 792.0
949.6626364550607 798.0
949.9081746003591 794.0
950.1537038009352 788.0
950.3992240563063 794.0
950.6447353659886 792.0
950.8902377294995 784.0
951.1357311463555 795.0
951.381215616074 787.0
951.6266911381715 793.0
951.8721577121647 786.0
952.1176153375708 792.0
952.3630640139064 796.0
952.6085037406887 802.0
952.8539345174344 787.0
953.09935634366 786.0
953.3447692188829 776.0
953.5901731426196 788.0
953.8355681143876 796.0
954.080954133703 782.0
954.326331200083 780.0
954.5716993130445 786.0
954.8170584721041 794.0
955.0624086767792 803.0
955.3077499265863 804.0
955.5530822210421 798.0
955.798405559664 795.0
956.0437199419682 791.0
956.2890253674723 783.0
956.5343218356925 770.0
956.7796093461461 791.0
957.02488789835 782.0
957.2701574918206 788.0
957.5154181260752 796.0
957.7606698006304 785.0
958.0059125150034 800.0
958.2511462687107 794.0
958.4963710612694 795.0
958.7415868921963 785.0
958.9867937610082 792.0
959.2319916672224 798.0
959.4771806103552 800.0
959.7223605899235 784.0
959.9675316054446 797.0
960.2126936564348 792.0
960.4578467424116 793.0
960.7029908628915 791.0
960.9481260173911 804.0
961.193252205428 788.0
961.4383694265184 793.0
961.6834776801796 789.0
961.9285769659282 785.0
962.1736672832812 776.0
962.4187486317555 785.0
962.6638210108677 785.0
962.908884420135 788.0
963.153938859074 790.0
963.3989843272019 799.0
963.6440208240352 790.0
963.889048349091 804.0
964.1340669018862 789.0
964.3790764819373 798.0
964.6240770887617 789.0
964.8690687218761 802.0
965.114051380797 792.0
965.3590250650417 794.0
965.6039897741268 803.0
965.8489455075695 789.0
966.0938922648864 785.0
966.3388300455941 785.0
966.5837588492103 794.0
966.8286786752509 798.0
967.0735895232334 786.0
967.3184913926743 781.0
967.5633842830911 794.0
967.808268194 780.0
968.0531431249179 784.0
968.2980090753622 798.0
968.5428660448491 803.0
968.7877140328961 794.0
969.0325530390197 798.0
969.2773830627367 800.0
969.5222041035643 796.0
969.7670161610189 796.0
970.0118192346179 805.0
970.2566133238779 800.0
970.5013984283155 805.0
970.746174547448 791.0
970.990941680792 794.0
971.2356998278649 813.0
971.480448988183 804.0
971.725189161263 791.0
971.9699203466223 802.0
972.2146425437775 782.0
972.4593557522456 785.0
972.7040599715434 788.0
972.9487552011876 801.0
973.1934414406954 797.0
973.4381186895833 798.0
973.6827869473685 804.0
973.9274462135677 794.0
974.1720964876979 801.0
974.4167377692759 787.0
974.6613700578182 788.0
974.9059933528424 792.0
975.1506076538647 796.0
975.3952129604023 795.0
975.6398092719721 788.0
975.8843965880908 801.0
976.1289749082755 789.0
976.3735442320426 786.0
976.6181045589096 784.0
976.862655888393 787.0
977.1071982200094 795.0
977.3517315532764 788.0
977.5962558877101 800.0
977.840771222828 800.0
978.0852775581467 800.0
978.3297748931827 801.0
978.5742632274536 801.0
978.8187425604756 786.0
979.063212891766 793.0
979.3076742208415 807.0
979.5521265472191 805.0
979.7965698704156 798.0
980.0410041899477 799.0
980.2854295053326 792.0
980.5298458160865 797.0
980.7742531217272 804.0
981.0186514217711 787.0
981.2630407157347 801.0
981.5074210031356 800.0
981.7517922834901 780.0
981.9961545563154 804.0
982.2405078211283 801.0
982.4848520774455 796.0
982.729187324784 797.0
982.9735135626606 790.0
983.2178307905924 772.0
983.4621390080961 786.0
983.7064382146882 786.0
983.9507284098863 797.0
984.1950095932067 810.0
984.4392817641666 797.0
984.6835449222825 795.0
984.9277990670716 787.0
985.1720441980509 804.0
985.4162803147366 795.0
985.6605074166464 783.0
985.9047255032964 795.0
986.1489345742042 794.0
986.3931346288863 791.0
986.6373256668593 777.0
986.8815076876406 793.0
987.1256806907464 806.0
987.3698446756944 796.0
987.613999642001 790.0
987.8581455891829 791.0
988.1022825167574 803.0
988.3464104242408 794.0
988.5905293111508 805.0
988.8346391770036 814.0
989.0787400213161 796.0
989.3228318436055 780.0
989.5669146433884 792.0
989.8109884201817 780.0
990.0550531735024 791.0
990.2991089028674 805.0
990.5431556077934 796.0
990.7871932877973 800.0
991.031221942396 787.0
991.2752415711062 781.0
991.5192521734452 789.0
991.7632537489297 801.0
992.0072462970761 795.0
992.251229817402 794.0
992.4952043094236 801.0
992.7391697726582 809.0
992.9831262066227 790.0
993.2270736108336 791.0
993.4710119848082 794.0
993.7149413280629 793.0
993.958861640115 783.0
994.2027729204812 793.0
994.4466751686781 811.0
994.6905683842231 794.0
994.9344525666326 796.0
995.1783277154237 799.0
995.4221938301132 805.0
995.6660509102181 798.0
995.9098989552552 808.0
996.1537379647411 798.0
996.3975679381932 798.0
996.6413888751279 796.0
996.8852007750622 799.0
997.1290036375133 783.0
997.3727974619973 787.0
997.6165822480319 784.0
997.8603579951333 797.0
998.104124702819 797.0
998.3478823706055 798.0
998.5916309980095 802.0
998.8353705845483 803.0
999.0791011297383 810.0
999.3228226330968 780.0
999.5665350941406 787.0
999.8102385123861 781.0
1000.0539328873509 787.0
1000.2976182185512 799.0
1000.5412945055043 791.0
1000.7849617477269 790.0
1001.0286199447357 810.0
1001.2722690960481 786.0
1001.5159092011804 795.0
1001.75954025965 796.0
1002.003162270973 793.0
1002.246775234667 796.0
1002.4903791502487 782.0
1002.7339740172346 782.0
1002.9775598351421 796.0
1003.2211366034876 783.0
1003.4647043217884 771.0
1003.7082629895611 776.0
1003.9518126063224 790.0
1004.1953531715895 795.0
1004.4388846848791 796.0
1004.6824071457083 784.0
1004.9259205535938 784.0
1005.1694249080521 792.0
1005.4129202086007 801.0
1005.6564064547559 797.0
1005.8998836460353 784.0
1006.1433517819551 805.0
1006.3868108620323 799.0
1006.6302608857841 790.0
1006.8737018527269 797.0
1007.1171337623779 794.0
1007.3605566142537 798.0
1007.6039704078715 793.0
1007.8473751427481 794.0
1008.0907708184001 791.0
1008.3341574343445 791.0
1008.5775349900982 789.0
1008.8209034851784 782.0
1009.0642629191013 799.0
1009.3076132913841 792.0
1009.5509546015439 784.0
1009.7942868490973 773.0
1010.0376100335611 796.0
1010.2809241544525 793.0
1010.5242292112879 786.0
1010.7675252035845 796.0
1011.010812130859 798.0
1011.2540899926286 785.0
1011.4973587884098 794.0
1011.7406185177194 802.0
1011.9838691800747 803.0
1012.2271107749921 807.0
1012.470343301989 793.0
1012.7135667605817 791.0
1012.9567811502875 808.0
1013.1999864706231 794.0
1013.4431827211052 787.0
1013.686369901251 790.0
1013.929548010577 794.0
1014.1727170486006 793.0
1014.4158770148383 787.0
1014.6590279088067 805.0
1014.9021697300233 785.0
1015.1453024780044 780.0
1015.3884261522674 793.0
1015.6315407523286 782.0
1015.8746462777051 785.0
1016.1177427279141 809.0
1016.3608301024719 795.0
1016.603908400896 793.0
1016.8469776227028 805.0
1017.0900377674091 783.0
1017.3330888345322 793.0
1017.5761308235883 788.0
1017.8191637340951 790.0
1018.0621875655689 809.0
1018.3052023175269 800.0
1018.5482079894858 792.0
1018.7912045809622 786.0
1019.0341920914735 794.0
1019.2771705205361 812.0
1019.5201398676672 795.0
1019.7631001323837 786.0
1020.006051314202 798.0
1020.2489934126395 794.0
1020.4919264272125 785.0
1020.7348503574386 790.0
1020.9777652028342 795.0
1021.2206709629161 798.0
1021.4635676372014 789.0
1021.7064552252067 795.0
1021.9493337264495 794.0
1022.1922031404459 792.0
1022.4350634667132 785.0
1022.6779147047681 798.0
1022.9207568541273 793.0
1023.1635899143083 800.0
1023.4064138848273 791.0
1023.6492287652015 787.0
1023.8920345549478 796.0
1024.134831253583 785.0
1024.377618860624 798.0
1024.6203973755871 798.0
1024.8631667979898 794.0
1025.1059271273493 808.0
1025.3486783631818 806.0
1025.5914205050044 804.0
1025.8341535523336 792.0
1026.076877504687 773.0
1026.3195923615808 797.0
1026.5622981225324 801.0
1026.8049947870584 788.0
1027.0476823546753 803.0
1027.2903608249007 795.0
1027.5330301972513 792.0
1027.7756904712435 801.0
1028.0183416463947 786.0
1028.260983722221 788.0
1028.5036166982402 805.0
1028.7462405739689 798.0
1028.9888553489234 795.0
1029.2314610226213 798.0
1029.474057594579 782.0
1029.7166450643138 797.0
1029.9592234313418 794.0
1030.2017926951808 820.0
1030.4443528553472 793.0
1030.6869039113576 803.0
1030.9294458627296 785.0
1031.1719787089794 790.0
1031.414502449624 791.0
1031.6570170841808 805.0
1031.8995226121658 788.0
1032.1420190330966 797.0
1032.3845063464896 788.0
1032.6269845518618 799.0
1032.8694536487305 780.0
1033.111913636612 779.0
1033.3543645150232 798.0
1033.596806283481 780.0
1033.8392389415026 781.0
1034.081662488605 797.0
1034.324076924304 785.0
1034.566482248118 796.0
1034.8088784595625 790.0
1035.0512655581551 793.0
1035.2936435434124 788.0
1035.5360124148515 796.0
1035.778372171989 778.0
1036.020722814342 789.0
1036.2630643414275 787.0
1036.5053967527615 809.0
1036.7477200478622 813.0
1036.9900342262456 802.0
1037.2323392874284 791.0
1037.4746352309282 780.0
1037.7169220562612 806.0
1037.9591997629448 789.0
1038.2014683504956 797.0
1038.4437278184303 791.0
1038.685978166266 786.0
1038.9282193935196 795.0
1039.170451499708 789.0
1039.4126744843477 805.0
1039.6548883469559 787.0
1039.8970930870496 798.0
1040.1392887041452 800.0
1040.3814751977598 801.0
1040.6236525674105 794.0
1040.8658208126137 792.0
1041.107979932887 804.0
1041.3501299277466 790.0
1041.5922707967095 801.0
1041.8344025392926 793.0
1042.0765251550129 789.0
1042.3186386433872 772.0
1042.5607430039322 784.0
1042.802838236165 791.0
1043.0449243396022 797.0
1043.2870013137613 796.0
1043.5290691581586 776.0
1043.7711278723107 796.0
1044.013177455735 799.0
1044.2552179079482 784.0
1044.4972492284676 786.0
1044.7392714168093 798.0
1044.9812844724902 786.0
1045.223288395028 779.0
1045.4652831839387 784.0
1045.70726883874 778.0
1045.949245358948 795.0
1046.1912127440798 799.0
1046.4331709936528 802.0
1046.675120107183 803.0
1046.9170600841878 800.0
1047.1589909241836 801.0
1047.400912626688 802.0
1047.6428251912175 798.0
1047.8847286172886 801.0
1048.1266229044188 781.0
1048.3685080521243 781.0
1048.6103840599228 796.0
1048.8522509273307 785.0
1049.0941086538646 795.0
1049.3359572390418 786.0
1049.577796682379 794.0
1049.819626983393 807.0
1050.061448141601 791.0
1050.3032601565194 800.0
1050.5450630276655 812.0
1050.7868567545556 793.0
1051.0286413367073 803.0
1051.270416773637 789.0
1051.5121830648616 780.0
1051.7539402098982 792.0
1051.9956882082631 795.0
1052.237427059474 794.0
1052.479156763047 794.0
1052.7208773184996 789.0
1052.9625887253483 796.0
1053.2042909831098 787.0
1053.4459840913016 791.0
1053.6876680494397 791.0
1053.929342857042 793.0
1054.1710085136244 784.0
1054.4126650187043 798.0
1054.6543123717986 777.0
1054.8959505724238 784.0
1055.1375796200969 782.0
1055.3791995143351 801.0
1055.620810254655 808.0
1055.8624118405735 801.0
1056.1040042716074 798.0
1056.3455875472737 787.0
1056.5871616670893 792.0
1056.8287266305706 795.0
1057.070282437235 797.0
1057.3118290865991 809.0
1057.5533665781802 806.0
1057.7948949114943 791.0
1058.0364140860593 792.0
1058.2779241013916 777.0
1058.5194249570077 807.0
1058.760916652425 783.0
1059.0023991871599 790.0
1059.24387256073 791.0
1059.4853367726514 785.0
1059.7267918224413 784.0
1059.968237709617 794.0
1060.2096744336943 784.0
1060.451101994191 785.0
1060.6925203906237 785.0
1060.933929622509 800.0
1061.1753296893642 801.0
1061.4167205907056 792.0
1061.6581023260508 809.0
1061.8994748949162 805.0
1062.1408382968189 793.0
1062.3821925312755 805.0
1062.6235375978026 790.0
1062.8648734959181 793.0
1063.1062002251376 783.0
1063.3475177849793 786.0
1063.588826174959 791.0
1063.830125394594 788.0
1064.0714154434013 795.0
1064.312696320897 787.0
1064.553968026599 786.0
1064.7952305600238 790.0
1065.036483920688 812.0
1065.2777281081087 785.0
1065.5189631218025 801.0
1065.7601889612868 796.0
1066.001405626078 792.0
1066.2426131156928 790.0
1066.4838114296492 785.0
1066.7250005674625 792.0
1066.9661805286507 803.0
1067.2073513127305 792.0
1067.4485129192178 796.0
1067.689665347631 797.0
1067.9308085974856 789.0
1068.1719426682996 787.0
1068.413067559589 795.0
1068.654183270871 794.0
1068.8952898016628 796.0
1069.1363871514804 793.0
1069.3774753198418 787.0
1069.618554306263 793.0
1069.8596241102612 788.0
1070.100684731353 787.0
1070.3417361690556 792.0
1070.582778422886 787.0
1070.8238114923604 806.0
1071.0648353769964 810.0
1071.3058500763104 805.0
1071.5468555898192 775.0
1071.7878519170404 792.0
1072.02883905749 797.0
1072.2698170106853 785.0
1072.5107857761434 781.0
1072.75174535338 794.0
1072.9926957419138 816.0
1073.23363694126 792.0
1073.4745689509368 780.0
1073.7154917704597 784.0
1073.9564053993467 796.0
1074.1973098371145 783.0
1074.4382050832794 782.0
1074.6790911373587 790.0
1074.9199679988692 793.0
1075.1608356673278 789.0
1075.4016941422512 787.0
1075.6425434231562 790.0
1075.8833835095604 792.0
1076.1242144009796 809.0
1076.3650360969316 792.0
1076.6058485969324 776.0
1076.8466519004996 795.0
1077.0874460071498 790.0
1077.3282309163997 810.0
1077.5690066277664 796.0
1077.8097731407665 796.0
1078.0505304549172 795.0
1078.2912785697354 804.0
1078.5320174847377 798.0
1078.772747199441 776.0
1079.0134677133622 794.0
1079.2541790260184 802.0
1079.4948811369263 780.0
1079.7355740456023 785.0
1079.9762577515642 780.0
1080.2169322543277 804.0
1080.4575975534112 802.0
1080.6982536483301 796.0
1080.9389005386022 784.0
1081.179538223744 778.0
1081.4201667032721 792.0
1081.6607859767041 780.0
1081.9013960435564 771.0
1082.1419969033457 775.0
1082.382588555589 796.0
1082.6231709998035 806.0
1082.863744235506 795.0
1083.104308262213 798.0
1083.3448630794412 795.0
1083.5854086867082 788.0
1083.8259450835303 780.0
1084.0664722694248 788.0
1084.306990243908 792.0
1084.5474990064974 799.0
1084.7879985567097 796.0
1085.0284888940612 793.0
1085.2689700180695 782.0
1085.509441928251 801.0
1085.749904624123 803.0
1085.990358105202 790.0
1086.2308023710048 778.0
1086.4712374210485 780.0
1086.71166325485 790.0
1086.9520798719261 788.0
1087.1924872717937 787.0
1087.4328854539694 793.0
1087.6732744179706 803.0
1087.9136541633134 798.0
1088.1540246895156 804.0
1088.3943859960934 790.0
1088.6347380825637 792.0
1088.8750809484436 806.0
1089.1154145932499 793.0
1089.3557390164995 793.0
1089.5960542177095 800.0
1089.836360196396 796.0
1090.0766569520767 805.0
1090.3169444842679 782.0
1090.557222792487 775.0
1090.7974918762502 782.0
1091.037751735075 795.0
1091.2780023684782 798.0
1091.518243775976 805.0
1091.7584759570861 792.0
1091.9986989113247 790.0
1092.2389126382093 792.0
1092.4791171372563 781.0
1092.7193124079827 794.0
1092.9594984499054 795.0
1093.1996752625412 789.0
1093.4398428454072 771.0
1093.68000119802 788.0
1093.9201503198965 794.0
1094.1602902105537 776.0
1094.4004208695083 793.0
1094.6405422962773 782.0
1094.8806544903778 792.0
1095.120757451326 787.0
1095.3608511786392 798.0
1095.6009356718341 794.0
1095.8410109304282 794.0
1096.0810769539376 782.0
1096.3211337418795 808.0
1096.5611812937707 782.0
1096.8012196091279 797.0
1097.0412486874682 783.0
1097.2812685283084 793.0
1097.5212791311658 793.0
1097.7612804955563 794.0
1098.0012726209975 788.0
1098.2412555070064 792.0
1098.4812291530989 786.0
1098.721193558793 782.0
1098.961148723605 790.0
1099.2010946470518 794.0
1099.4410313286503 792.0
1099.6809587679172 797.0
1099.92087696437 805.0
1100.1607859175251 780.0
1100.400685626899 796.0
1100.640576092009 789.0
1100.880457312372 783.0
1101.1203292875052 804.0
1101.3601920169247 802.0
1101.6000455001479 801.0
1101.8398897366915 792.0
1102.079724726072 786.0
1102.3195504678072 781.0
1102.559366961413 787.0
1102.7991742064069 778.0
1103.0389722023056 784.0
1103.2787609486254 786.0
1103.5185404448844 800.0
1103.7583106905984 781.0
1103.9980716852845 796.0
1104.23782342846 792.0
1104.4775659196412 780.0
1104.7172991583454 793.0
1104.9570231440887 798.0
1105.1967378763893 791.0
1105.436443354763 774.0
1105.6761395787273 795.0
1105.9158265477986 802.0
1106.1555042614937 801.0
1106.3951727193298 797.0
1106.6348319208234 794.0
1106.8744818654923 806.0
1107.1141225528525 791.0
1107.3537539824208 792.0
1107.5933761537144 802.0
1107.8329890662503 782.0
1108.072592719545 780.0
1108.3121871131157 794.0
1108.551772246479 800.0
1108.7913481191517 796.0
1109.030914730651 786.0
1109.2704720804938 792.0
1109.5100201681967 781.0
1109.7495589932764 793.0
1109.9890885552504 789.0
1110.2286088536348 811.0
1110.4681198879473 787.0
1110.707621657704 789.0
1110.9471141624224 781.0
1111.1865974016187 797.0
1111.4260713748101 777.0
1111.665536081514 782.0
1111.9049915212463 772.0
1112.1444376935244 793.0
1112.3838745978653 798.0
1112.6233022337854 797.0
1112.8627206008023 790.0
1113.102129698432 796.0
1113.3415295261918 794.0
1113.5809200835986 785.0
1113.820301370169 790.0
1114.0596733854206 788.0
1114.2990361288694 794.0
1114.5383896000326 802.0
1114.7777337984273 791.0
1115.0170687235698 792.0
1115.2563943749778 781.0
1115.4957107521673 790.0
1115.7350178546556 800.0
1115.9743156819598 786.0
1116.213604233596 792.0
1116.452883509082 799.0
1116.692153507934 799.0
1116.9314142296694 787.0
1117.1706656738045 785.0
1117.4099078398563 792.0
1117.6491407273422 786.0
1117.8883643357783 785.0
1118.1275786646822 788.0
1118.36678371357 798.0
1118.6059794819594 789.0
1118.8451659693665 791.0
1119.0843431753085 792.0
1119.3235110993026 792.0
1119.5626697408647 804.0
1119.8018190995128 786.0
1120.0409591747637 773.0
1120.2800899661331 793.0
1120.519211473139 795.0
1120.7583236952978 792.0
1120.9974266321262 783.0
1121.236520283142 790.0
1121.4756046478608 788.0
1121.7146797258001 786.0
1121.9537455164768 791.0
1122.192802019408 795.0
1122.4318492341101 792.0
1122.6708871601 795.0
1122.909915796895 796.0
1123.1489351440111 795.0
1123.3879452009662 780.0
1123.6269459672762 792.0
1123.865937442459 791.0
1124.1049196260308 775.0
1124.3438925175087 776.0
