shot=181_gas=Ar_height=35_RF=215.6W_massflow=1000_coils=100.0A_HR4000 spectrum
Wavelength [nm] // Intensity [u.a.] 
194.93414 809.0
195.2037815346219 817.0
195.47341553816543 819.0
195.74304201014752 808.0
196.012660950085 826.0
196.28227235749478 808.0
196.55187623189366 819.0
196.82147257279857 822.0
197.09106137972637 814.0
197.36064265219392 817.0
197.63021638971804 825.0
197.89978259181567 823.0
198.16934125800364 817.0
198.43889238779886 812.0
198.7084359807181 814.0
198.97797203627835 806.0
199.2475005539964 827.0
199.51702153338914 818.0
199.78653497397343 834.0
200.05604087526618 823.0
200.3255392367842 839.0
200.59503005804436 834.0
200.8645133385636 810.0
201.1339890778587 816.0
201.4034572754466 830.0
201.67291793084408 825.0
201.94237104356813 830.0
202.21181661313554 820.0
202.48125463906314 827.0
202.7506851208679 832.0
203.02010805806663 842.0
203.28952345017618 830.0
203.55893129671344 826.0
203.8283315971953 818.0
204.0977243511386 812.0
204.3671095580602 829.0
204.636487217477 829.0
204.90585732890585 826.0
205.17521989186366 834.0
205.44457490586717 832.0
205.7139223704334 806.0
205.98326228507918 826.0
206.2525946493213 812.0
206.5219194626767 830.0
206.79123672466224 823.0
207.06054643479476 816.0
207.32984859259116 837.0
207.59914319756828 833.0
207.86843024924303 819.0
208.13770974713225 828.0
208.40698169075276 821.0
208.6762460796215 833.0
208.94550291325532 815.0
209.2147521911711 823.0
209.48399391288567 824.0
209.75322807791594 811.0
210.02245468577874 811.0
210.29167373599094 808.0
210.56088522806942 817.0
210.83008916153108 821.0
211.09928553589276 825.0
211.3684743506713 822.0
211.63765560538363 807.0
211.9068292995466 823.0
212.175995432677 834.0
212.44515400429182 849.0
212.71430501390782 839.0
212.98344846104192 827.0
213.25258434521103 809.0
213.52171266593191 834.0
213.79083342272153 837.0
214.05994661509675 817.0
214.3290522425744 827.0
214.5981503046713 825.0
214.8672408009044 829.0
215.13632373079054 816.0
215.4053990938466 831.0
215.6744668895894 839.0
215.94352711753592 829.0
216.21257977720293 832.0
216.48162486810728 824.0
216.7506623897659 835.0
217.01969234169565 824.0
217.2887147234134 817.0
217.55772953443596 818.0
217.82673677428028 821.0
218.0957364424632 830.0
218.36472853850154 834.0
218.6337130619122 840.0
218.9026900122121 819.0
219.17165938891804 819.0
219.4406211915469 826.0
219.70957541961562 832.0
219.97852207264097 828.0
220.24746115013983 813.0
220.5163926516291 813.0
220.78531657662566 813.0
221.05423292464639 827.0
221.32314169520808 828.0
221.59204288782766 837.0
221.860936502022 819.0
222.12982253730797 821.0
222.39870099320237 824.0
222.66757186922214 817.0
222.93643516488416 804.0
223.20529087970525 813.0
223.47413901320226 833.0
223.74297956489212 825.0
224.01181253429166 830.0
224.28063792091777 818.0
224.5494557242873 829.0
224.8182659439171 830.0
225.08706857932413 827.0
225.35586363002508 826.0
225.62465109553705 818.0
225.89343097537673 821.0
226.16220326906105 813.0
226.43096797610687 818.0
226.69972509603105 812.0
226.9684746283505 827.0
227.237216572582 828.0
227.50595092824256 819.0
227.7746776948489 839.0
228.04339687191796 816.0
228.31210845896663 821.0
228.5808124555117 833.0
228.84950886107015 827.0
229.11819767515877 821.0
229.38687889729442 828.0
229.65555252699397 820.0
229.92421856377433 831.0
230.1928770071524 823.0
230.46152785664492 841.0
230.73017111176884 837.0
230.99880677204106 837.0
231.26743483697837 839.0
231.53605530609772 834.0
231.8046681789159 818.0
232.07327345494983 825.0
232.34187113371638 822.0
232.61046121473237 823.0
232.87904369751473 826.0
233.14761858158028 837.0
233.41618586644586 826.0
233.68474555162845 824.0
233.95329763664483 826.0
234.2218421210119 824.0
234.49037900424648 824.0
234.7589082858655 835.0
235.02742996538583 832.0
235.29594404232427 835.0
235.56445051619772 826.0
235.8329493865231 821.0
236.10144065281722 825.0
236.36992431459691 836.0
236.63840037137916 829.0
236.9068688226808 830.0
237.1753296680186 831.0
237.44378290690955 823.0
237.7122285388704 831.0
237.9806665634181 808.0
238.24909698006957 811.0
238.51751978834153 826.0
238.78593498775095 829.0
239.0543425778147 827.0
239.32274255804958 828.0
239.59113492797255 820.0
239.8595196871004 834.0
240.12789683495004 828.0
240.3962663710383 825.0
240.66462829488208 823.0
240.93298260599826 823.0
241.2013293039037 834.0
241.46966838811522 821.0
241.73799985814978 815.0
242.00632371352418 822.0
242.27463995375527 806.0
242.54294857835998 823.0
242.81124958685515 820.0
243.07954297875764 821.0
243.34782875358434 830.0
243.61610691085207 822.0
243.88437745007772 823.0
244.15264037077822 820.0
244.42089567247035 822.0
244.68914335467105 835.0
244.95738341689716 833.0
245.2256158586655 820.0
245.493840679493 836.0
245.76205787889654 818.0
246.03026745639292 822.0
246.29846941149904 824.0
246.5666637437318 836.0
246.834850452608 821.0
247.1030295376446 836.0
247.37120099835838 827.0
247.63936483426627 826.0
247.9075210448851 828.0
248.17566962973177 821.0
248.4438105883231 821.0
248.71194392017603 835.0
248.98006962480733 826.0
249.248187701734 833.0
249.51629815047275 811.0
249.78440097054056 833.0
250.05249616145431 815.0
250.32058372273076 831.0
250.5886636538869 834.0
250.85673595443953 828.0
251.12480062390551 839.0
251.39285766180177 825.0
251.6609070676451 822.0
251.92894884095242 827.0
252.19698298124058 824.0
252.46500948802645 831.0
252.73302836082692 814.0
253.00103959915882 806.0
253.26904320253902 822.0
253.53703917048443 823.0
253.80502750251188 823.0
254.07300819813827 810.0
254.34098125688044 808.0
254.60894667825525 827.0
254.87690446177962 823.0
255.14485460697037 840.0
255.41279711334434 830.0
255.6807319804185 833.0
255.94865920770962 815.0
256.2165787947346 832.0
256.48449074101035 832.0
256.75239504605366 824.0
257.02029170938147 816.0
257.28818073051065 819.0
257.556062108958 831.0
257.8239358442404 830.0
258.0918019358748 829.0
258.35966038337796 826.0
258.6275111862668 819.0
258.8953543440582 836.0
259.163189856269 824.0
259.4310177224162 828.0
259.6988379420164 818.0
259.9666505145867 831.0
260.23445543964385 819.0
260.50225271670473 842.0
260.77004234528624 819.0
261.03782432490533 833.0
261.3055986550787 831.0
261.5733653353234 832.0
261.8411243651561 830.0
262.1088757440937 829.0
262.37661947165327 827.0
262.6443555473515 831.0
262.9120839707053 828.0
263.1798047412315 826.0
263.44751785844704 829.0
263.7152233218687 819.0
263.98292113101354 818.0
264.2506112853982 830.0
264.51829378453965 810.0
264.7859686279547 839.0
265.05363581516025 832.0
265.32129534567326 819.0
265.5889472190105 830.0
265.8565914346889 828.0
266.1242279922252 817.0
266.39185689113634 822.0
266.65947813093925 826.0
266.9270917111508 827.0
267.19469763128774 829.0
267.46229589086704 825.0
267.72988648940554 824.0
267.9974694264201 824.0
268.2650447014276 833.0
268.53261231394487 825.0
268.80017226348883 837.0
269.0677245495763 837.0
269.3352691717242 821.0
269.60280612944933 825.0
269.8703354222686 803.0
270.13785704969894 816.0
270.40537101125716 816.0
270.67287730646007 813.0
270.9403759348246 825.0
271.2078668958677 824.0
271.47535018910605 821.0
271.7428258140567 818.0
272.01029377023633 820.0
272.2777540571619 809.0
272.5452066743504 829.0
272.81265162131854 824.0
273.08008889758327 842.0
273.34751850266144 831.0
273.6149404360698 813.0
273.8823546973254 816.0
274.1497612859451 821.0
274.4171602014456 821.0
274.6845514433439 814.0
274.95193501115676 819.0
275.2193109044012 820.0
275.486679122594 821.0
275.7540396652521 843.0
276.02139253189216 823.0
276.2887377220313 822.0
276.55607523518626 828.0
276.82340507087395 846.0
277.09072722861123 813.0
277.3580417079149 830.0
277.62534850830195 837.0
277.8926476292892 828.0
278.1599390703934 817.0
278.4272228311316 829.0
278.69449891102056 834.0
278.96176730957717 823.0
279.22902802631836 827.0
279.4962810607609 814.0
279.76352641242164 826.0
280.0307640808177 824.0
280.29799406546556 818.0
280.5652163658824 823.0
280.8324309815849 822.0
281.09963791209003 823.0
281.3668371569146 815.0
281.6340287155756 835.0
281.9012125875897 833.0
282.168388772474 823.0
282.4355572697452 822.0
282.7027180789201 827.0
282.9698711995158 828.0
283.23701663104896 815.0
283.50415437303667 823.0
283.77128442499554 812.0
284.0384067864426 818.0
284.3055214568946 821.0
284.57262843586864 841.0
284.8397277228814 824.0
285.1068193174497 821.0
285.37390321909055 829.0
285.6409794273207 827.0
285.9080479416572 820.0
286.1751087616167 833.0
286.4421618867162 833.0
286.7092073164725 827.0
286.9762450504025 817.0
287.24327508802315 827.0
287.5102974288511 824.0
287.77731207240345 805.0
288.04431901819703 805.0
288.3113182657485 809.0
288.578309814575 823.0
288.84529366419326 823.0
289.1122698141201 812.0
289.37923826387254 822.0
289.6461990129674 844.0
289.91315206092133 832.0
290.18009740725154 825.0
290.44703505147464 824.0
290.7139649931077 822.0
290.98088723166734 829.0
291.24780176667065 816.0
291.5147085976344 836.0
291.78160772407557 838.0
292.04849914551085 820.0
292.3153828614572 803.0
292.58225887143146 811.0
292.8491271749505 819.0
293.1159877715313 820.0
293.3828406606906 821.0
293.6496858419453 830.0
293.9165233148123 830.0
294.1833530788084 822.0
294.4501751334505 816.0
294.71698947825547 819.0
294.9837961127402 821.0
295.2505950364216 837.0
295.5173862488164 832.0
295.78416974944156 836.0
296.050945537814 810.0
296.31771361345045 806.0
296.584473975868 821.0
296.8512266245832 828.0
297.11797155911313 827.0
297.38470877897464 836.0
297.6514382836846 816.0
297.9181600727598 833.0
298.18487414571723 825.0
298.4515805020736 820.0
298.71827914134593 819.0
298.9849700630511 829.0
299.2516532667058 814.0
299.518328751827 814.0
299.78499651793163 829.0
300.0516565645365 815.0
300.3183088911584 807.0
300.58495349731436 824.0
300.8515903825211 825.0
301.1182195462956 831.0
301.3848409881546 829.0
301.65145470761513 816.0
301.91806070419403 832.0
302.184658977408 812.0
302.4512495267741 817.0
302.7178323518091 832.0
302.9844074520298 813.0
303.2509748269532 825.0
303.5175344760962 813.0
303.78408639897555 829.0
304.0506305951082 827.0
304.31716706401096 831.0
304.58369580520065 817.0
304.8502168181943 823.0
305.1167301025086 819.0
305.3832356576606 826.0
305.649733483167 829.0
305.9162235785447 825.0
306.1827059433106 822.0
306.4491805769817 820.0
306.7156474790747 829.0
306.98210664910647 832.0
307.2485580865939 829.0
307.5150017910539 832.0
307.7814377620034 829.0
308.0478659989591 832.0
308.31428650143795 840.0
308.58069926895683 820.0
308.8471043010326 824.0
309.1135015971821 825.0
309.37989115692227 811.0
309.6462729797699 813.0
309.91264706524197 837.0
310.1790134128551 833.0
310.4453720221265 827.0
310.71172289257277 840.0
310.97806602371094 814.0
311.2444014150577 815.0
311.5107290661301 837.0
311.777048976445 830.0
312.04336114551904 825.0
312.30966557286945 830.0
312.5759622580128 825.0
312.8422512004661 799.0
313.1085323997461 827.0
313.3748058553698 826.0
313.641071566854 817.0
313.90732953371554 830.0
314.17357975547145 815.0
314.4398222316384 821.0
314.70605696173334 820.0
314.9722839452731 818.0
315.23850318177466 837.0
315.50471467075477 819.0
315.7709184117303 813.0
316.0371144042182 821.0
316.3033026477353 825.0
316.56948314179846 805.0
316.8356558859246 810.0
317.1018208796305 816.0
317.36797812243304 823.0
317.6341276138491 828.0
317.90026935339563 817.0
318.1664033405894 827.0
318.4325295749473 814.0
318.6986480559862 839.0
318.96475878322303 822.0
319.2308617561746 835.0
319.4969569743577 814.0
319.76304443728935 823.0
320.0291241444864 812.0
320.2951960954656 816.0
320.5612602897438 837.0
320.82731672683815 840.0
321.0933654062652 817.0
321.359406327542 825.0
321.6254394901853 827.0
321.891464893712 820.0
322.157482537639 807.0
322.4234924214832 820.0
322.68949454476143 794.0
322.95548890699064 821.0
323.2214755076875 826.0
323.487454346369 828.0
323.753425422552 839.0
324.01938873575347 823.0
324.2853442854901 828.0
324.55129207127885 823.0
324.8172320926366 824.0
325.08316434908016 828.0
325.34908884012646 817.0
325.61500556529234 833.0
325.8809145240947 823.0
326.14681571605024 812.0
326.4127091406761 820.0
326.6785947974889 830.0
326.9444726860058 820.0
327.2103428057433 827.0
327.47620515621855 813.0
327.74205973694836 832.0
328.00790654744947 823.0
328.2737455872389 830.0
328.5395768558335 819.0
328.80540035275004 845.0
329.0712160775054 814.0
329.33702402961654 820.0
329.6028242086002 814.0
329.86861661397353 826.0
330.13440124525306 807.0
330.4001781019559 832.0
330.66594718359863 827.0
330.9317084896984 833.0
331.19746201977205 824.0
331.46320777333636 827.0
331.7289457499082 822.0
331.9946759490044 824.0
332.2603983701419 822.0
332.5261130128375 824.0
332.79181987660826 833.0
333.05751896097087 814.0
333.3232102654422 824.0
333.58889378953916 819.0
333.85456953277856 836.0
334.1202374946774 821.0
334.38589767475247 818.0
334.6515500725206 816.0
334.9171946874987 828.0
335.18283151920355 822.0
335.4484605671522 829.0
335.7140818308614 827.0
335.97969530984807 820.0
336.245301003629 811.0
336.51089891172114 819.0
336.77648903364127 800.0
337.04207136890636 823.0
337.30764591703326 821.0
337.5732126775387 835.0
337.83877164993976 825.0
338.10432283375314 824.0
338.36986622849577 818.0
338.63540183368457 828.0
338.9009296488363 828.0
339.16644967346787 830.0
339.4319619070962 833.0
339.6974663492381 833.0
339.9629629994105 819.0
340.22845185713027 816.0
340.4939329219141 810.0
340.75940619327906 816.0
341.02487167074196 826.0
341.2903293538197 841.0
341.555779242029 824.0
341.821221334887 813.0
342.0866556319103 813.0
342.3520821326158 817.0
342.6175008365205 833.0
342.8829117431413 821.0
343.1483148519949 822.0
343.41371016259825 824.0
343.6790976744682 821.0
343.9444773871216 817.0
344.20984930007546 840.0
344.4752134128465 819.0
344.74056972495157 818.0
345.0059182359076 811.0
345.27125894523147 816.0
345.53659185244 817.0
345.80191695705014 824.0
346.0672342585787 836.0
346.3325437565426 827.0
346.5978454504585 838.0
346.8631393398436 837.0
347.1284254242145 831.0
347.3937037030882 814.0
347.6589741759816 826.0
347.92423684241146 822.0
348.1894917018946 823.0
348.4547387539481 809.0
348.71997799808867 827.0
348.9852094338332 820.0
349.2504330606986 825.0
349.51564887820166 828.0
349.7808568858593 824.0
350.0460570831885 836.0
350.31124946970584 817.0
350.57643404492853 825.0
350.84161080837316 813.0
351.1067797595568 826.0
351.3719408979961 820.0
351.63709422320824 842.0
351.90223973470984 825.0
352.16737743201776 817.0
352.43250731464894 825.0
352.69762938212034 829.0
352.9627436339487 821.0
353.2278500696509 826.0
353.49294868874387 824.0
353.7580394907444 826.0
354.02312247516943 843.0
354.28819764153576 826.0
354.55326498936034 836.0
354.81832451816 824.0
355.08337622745165 826.0
355.348420116752 840.0
355.613456185578 822.0
355.8784844334467 838.0
356.1435048598747 816.0
356.4085174643791 825.0
356.6735222464765 825.0
356.938519205684 822.0
357.2035083415184 843.0
357.46848965349653 810.0
357.73346314113536 821.0
357.9984288039516 816.0
358.2633866414622 836.0
358.528336653184 818.0
358.793278838634 833.0
359.05821319732894 832.0
359.3231397287857 830.0
359.5880584325211 846.0
359.8529693080521 837.0
360.1178723548955 837.0
360.3827675725683 833.0
360.64765496058726 844.0
360.9125345184692 822.0
361.1774062457311 828.0
361.44227014188965 824.0
361.707126206462 827.0
361.9719744389649 826.0
362.2368148389151 830.0
362.5016474058295 829.0
362.766472139225 835.0
363.0312890386186 828.0
363.296098103527 823.0
363.5608993334672 830.0
363.82569272795587 833.0
364.09047828651006 823.0
364.35525600864656 834.0
364.6200258938823 815.0
364.8847879417341 835.0
365.1495421517188 823.0
365.41428852335326 835.0
365.67902705615444 831.0
365.9437577496392 829.0
366.2084806033243 831.0
366.4731956167267 836.0
366.7379027893632 825.0
367.0026021207507 819.0
367.2672936104061 823.0
367.5319772578463 845.0
367.79665306258806 836.0
368.06132102414836 818.0
368.32598114204393 807.0
368.59063341579173 814.0
368.85527784490864 819.0
369.1199144289115 833.0
369.3845431673172 819.0
369.6491640596426 828.0
369.91377710540445 831.0
370.1783823041198 823.0
370.44297965530546 829.0
370.70756915847835 825.0
370.97215081315517 820.0
371.2367246188529 828.0
371.5012905750884 832.0
371.7658486813786 841.0
372.0303989372402 829.0
372.29494134219027 817.0
372.5594758957455 818.0
372.82400259742286 835.0
373.08852144673915 832.0
373.3530324432114 817.0
373.6175355863563 835.0
373.8820308756908 833.0
374.1465183107317 818.0
374.410997890996 829.0
374.6754696160004 833.0
374.93993348526186 818.0
375.2043894982973 809.0
375.4688376546235 825.0
375.7332779537573 804.0
375.9977103952157 810.0
376.26213497851546 833.0
376.52655170317354 836.0
376.7909605687067 819.0
377.05536157463183 832.0
377.3197547204658 825.0
377.5841400057256 835.0
377.84851742992794 830.0
378.11288699258984 821.0
378.37724869322795 829.0
378.64160253135935 815.0
378.90594850650075 818.0
379.1702866181692 820.0
379.4346168658814 821.0
379.69893924915425 818.0
379.9632537675047 822.0
380.2275604204495 824.0
380.49185920750574 812.0
380.75615012819 820.0
381.0204331820193 830.0
381.2847083685105 820.0
381.5489756871804 818.0
381.8132351375459 826.0
382.07748671912407 834.0
382.34173043143153 824.0
382.6059662739852 835.0
382.8701942463019 834.0
383.1344143478986 825.0
383.3986265782921 829.0
383.6628309369994 830.0
383.92702742353725 819.0
384.1912160374225 812.0
384.45539677817203 818.0
384.7195696453027 831.0
384.98373463833155 823.0
385.2478917567753 826.0
385.5120410001507 816.0
385.7761823679748 838.0
386.0403158597644 823.0
386.30444147503647 825.0
386.5685592133077 824.0
386.8326690740951 821.0
387.09677105691543 828.0
387.36086516128563 834.0
387.6249513867226 811.0
387.88902973274315 820.0
388.15310019886414 830.0
388.41716278460245 807.0
388.68121748947493 813.0
388.9452643129986 828.0
389.2093032546901 830.0
389.47333431406645 823.0
389.73735749064434 816.0
390.0013727839409 827.0
390.2653801934728 817.0
390.52937971875696 828.0
390.7933713593103 820.0
391.05735511464974 836.0
391.3213309842919 817.0
391.5852989677539 824.0
391.8492590645524 821.0
392.1132112742045 817.0
392.37715559622694 810.0
392.6410920301366 827.0
392.9050205754503 836.0
393.1689412316849 820.0
393.43285399835736 822.0
393.69675887498465 827.0
393.96065586108335 831.0
394.2245449561705 824.0
394.4884261597629 824.0
394.75229947137757 830.0
395.01616489053123 818.0
395.28002241674085 820.0
395.5438720495231 828.0
395.80771378839506 820.0
396.0715476328735 824.0
396.33537358247537 839.0
396.5991916367174 818.0
396.86300179511665 811.0
397.12680405718976 826.0
397.39059842245376 816.0
397.65438489042543 831.0
397.91816346062177 836.0
398.18193413255955 824.0
398.4456969057556 825.0
398.7094517797268 835.0
398.97319875399006 826.0
399.2369378280623 834.0
399.50066900146027 835.0
399.764392273701 829.0
400.02810764430114 822.0
400.2918151127777 832.0
400.55551467864757 821.0
400.81920634142756 812.0
401.08289010063453 823.0
401.34656595578537 825.0
401.6102339063969 830.0
401.8738939519861 817.0
402.1375460920697 830.0
402.4011903261647 851.0
402.6648266537879 826.0
402.92845507445617 830.0
403.1920755876863 830.0
403.4556881929953 819.0
403.71929288990003 821.0
403.98288967791734 831.0
404.246478556564 829.0
404.5100595253569 845.0
404.77363258381297 824.0
405.03719773144906 834.0
405.3007549677821 823.0
405.56430429232887 834.0
405.82784570460626 821.0
406.0913792041311 819.0
406.35490479042033 822.0
406.61842246299085 838.0
406.88193222135936 831.0
407.14543406504293 813.0
407.4089279935582 820.0
407.6724140064223 833.0
407.9358921031519 836.0
408.19936228326395 820.0
408.4628245462754 825.0
408.7262788917029 807.0
408.9897253190635 808.0
409.25316382787395 827.0
409.5165944176513 821.0
409.7800170879122 828.0
410.04343183817366 821.0
410.30683866795243 825.0
410.57023757676546 818.0
410.83362856412975 836.0
411.09701162956185 825.0
411.3603867725789 822.0
411.62375399269763 844.0
411.887113289435 816.0
412.1504646623078 826.0
412.4138081108329 825.0
412.6771436345273 819.0
412.94047123290767 823.0
413.20379090549096 834.0
413.46710265179405 826.0
413.7304064713339 833.0
413.9937023636272 832.0
414.25699032819097 834.0
414.52027036454194 822.0
414.78354247219704 829.0
415.0468066506732 830.0
415.31006289948726 840.0
415.5733112181561 831.0
415.83655160619645 833.0
416.0997840631253 849.0
416.3630085884595 841.0
416.62622518171594 836.0
416.8894338424115 822.0
417.152634570063 827.0
417.4158273641873 848.0
417.67901222430123 820.0
417.9421891499217 831.0
418.2053581405658 823.0
418.46851919575005 838.0
418.7316723149915 842.0
418.99481749780693 845.0
419.2579547437133 854.0
419.5210840522274 845.0
419.78420542286625 873.0
420.04731885514644 866.0
420.31042434858506 844.0
420.573521902699 832.0
420.83661151700494 842.0
421.0996931910199 829.0
421.3627669242608 825.0
421.6258327162443 833.0
421.88889056648736 818.0
422.1519404745069 809.0
422.41498243981977 823.0
422.6780164619429 820.0
422.9410425403929 838.0
423.2040606746869 821.0
423.46707086434174 834.0
423.7300731088742 808.0
423.9930674078012 818.0
424.25605376063965 823.0
424.5190321669063 831.0
424.782002626118 826.0
425.0449651377918 829.0
425.30791970144446 826.0
425.57086631659286 836.0
425.83380498275386 831.0
426.0967356994443 856.0
426.3596584661811 833.0
426.6225732824811 836.0
426.88548014786113 826.0
427.14837906183817 839.0
427.411270023929 834.0
427.6741530336505 845.0
427.9370280905195 812.0
428.199895194053 819.0
428.46275434376776 826.0
428.72560553918066 813.0
428.98844877980855 805.0
429.2512840651683 846.0
429.51411139477693 829.0
429.77693076815115 829.0
430.03974218480784 825.0
430.3025456442639 828.0
430.5653411460361 829.0
430.82812868964146 824.0
431.09090827459687 808.0
431.353679900419 842.0
431.61644356662487 812.0
431.87919927273134 824.0
432.1419470182551 836.0
432.40468680271334 838.0
432.66741862562276 829.0
432.93014248650013 831.0
433.1928583848624 835.0
433.45556632022647 840.0
433.7182662921092 831.0
433.9809583000275 821.0
434.24364234349815 811.0
434.506318422038 824.0
434.768986535164 822.0
435.031646682393 830.0
435.2942988632418 847.0
435.55694307722734 833.0
435.81957932386655 834.0
436.08220760267614 824.0
436.34482791317305 821.0
436.6074402548742 815.0
436.8700446272964 806.0
437.1326410299566 811.0
437.3952294623715 819.0
437.65780992405803 833.0
437.9203824145332 842.0
438.1829469333138 825.0
438.4455034799166 821.0
438.7080520538586 820.0
438.9705926546565 818.0
439.23312528182737 821.0
439.49564993488787 828.0
439.7581666133551 829.0
440.0206753167459 820.0
440.28317604457686 834.0
440.5456687963651 820.0
440.8081535716274 834.0
441.07063036988075 823.0
441.3330991906418 821.0
441.5955600334276 820.0
441.858012897755 829.0
442.12045778314075 827.0
442.3828946891018 836.0
442.6453236151551 804.0
442.9077445608174 823.0
443.17015752560553 825.0
443.4325625090365 830.0
443.69495951062703 843.0
443.95734852989415 819.0
444.21972956635454 811.0
444.4821026195253 804.0
444.74446768892307 820.0
445.00682477406485 828.0
445.2691738744674 823.0
445.5315149896478 805.0
445.79384811912274 822.0
446.05617326240906 813.0
446.31849041902376 837.0
446.58079958848356 824.0
446.8431007703055 820.0
447.10539396400634 836.0
447.367679169103 826.0
447.6299563851123 827.0
447.892225611551 816.0
448.15448684793625 819.0
448.4167400937847 845.0
448.67898534861325 821.0
448.9412226119389 814.0
449.2034518832783 820.0
449.46567316214856 810.0
449.72788644806633 815.0
449.99009174054856 824.0
450.2522890391122 819.0
450.514478343274 823.0
450.77665965255085 815.0
451.0388329664597 824.0
451.30099828451733 828.0
451.5631556062406 821.0
451.82530493114655 826.0
452.08744625875175 834.0
452.3495795885734 819.0
452.6117049201281 819.0
452.87382225293277 830.0
453.13593158650446 832.0
453.3980329203598 816.0
453.6601262540158 837.0
453.9222115869893 835.0
454.1842889187971 817.0
454.4463582489562 822.0
454.70841957698343 830.0
454.97047290239556 836.0
455.23251822470957 816.0
455.49455554344223 826.0
455.75658485811044 838.0
456.0186061682312 818.0
456.2806194733211 825.0
456.5426247728973 822.0
456.8046220664765 833.0
457.0666113535756 821.0
457.32859263371154 832.0
457.5905659064011 820.0
457.8525311711611 837.0
458.1144884275086 831.0
458.37643767496024 811.0
458.6383789130331 827.0
458.9003121412439 828.0
459.1622373591095 836.0
459.4241545661469 826.0
459.68606376187284 813.0
459.9479649458043 828.0
460.2098581174581 847.0
460.471743276351 814.0
460.733620422 826.0
460.9954895539219 837.0
461.2573506716337 834.0
461.51920377465206 832.0
461.78104886249406 823.0
462.0428859346764 818.0
462.304714990716 830.0
462.5665360301298 818.0
462.82834905243453 842.0
463.09015405714723 825.0
463.35195104378465 825.0
463.6137400118636 835.0
463.8755209609011 834.0
464.13729389041396 813.0
464.399058799919 817.0
464.6608156889332 824.0
464.92256455697327 822.0
465.18430540355615 822.0
465.4460382281988 817.0
465.707763030418 842.0
465.96947980973056 838.0
466.23118856565344 830.0
466.49288929770347 819.0
466.75458200539765 809.0
467.0162666882526 805.0
467.27794334578533 828.0
467.5396119775127 819.0
467.8012725829516 842.0
468.0629251616188 843.0
468.3245697130314 815.0
468.586206236706 828.0
468.8478347321596 822.0
469.109455198909 824.0
469.3710676364711 830.0
469.6326720443629 819.0
469.89426842210105 821.0
470.1558567692025 824.0
470.4174370851842 823.0
470.6790093695629 815.0
470.94057362185555 837.0
471.20212984157905 822.0
471.4636780282501 822.0
471.72521818138574 824.0
471.9867503005027 827.0
472.248274385118 831.0
472.5097904347484 809.0
472.7712984489108 818.0
473.03279842712203 816.0
473.29429036889906 829.0
473.55577427375863 830.0
473.8172501412177 834.0
474.07871797079315 813.0
474.34017776200176 841.0
474.6016295143605 841.0
474.8630732273861 825.0
475.1245089005955 818.0
475.3859365335057 819.0
475.64735612563334 830.0
475.9087676764954 807.0
476.1701711856088 828.0
476.4315666524903 829.0
476.6929540766569 837.0
476.95433345762535 827.0
477.2157047949125 823.0
477.47706808803537 812.0
477.7384233365106 816.0
477.9997705398553 811.0
478.26110969758616 821.0
478.52244080922014 823.0
478.78376387427414 835.0
479.04507889226494 820.0
479.3063858627094 818.0
479.5676847851245 811.0
479.828975659027 817.0
480.0902584839338 842.0
480.3515332593618 818.0
480.61279998482775 835.0
480.8740586598487 823.0
481.13530928394147 824.0
481.3965518566228 825.0
481.65778637740965 818.0
481.9190128458189 819.0
482.1802312613674 813.0
482.4414416235721 830.0
482.70264393194964 842.0
482.9638381860171 816.0
483.2250243852913 824.0
483.4862025292891 808.0
483.7473726175273 808.0
484.0085346495229 812.0
484.26968862479265 830.0
484.5308345428534 831.0
484.79197240322225 822.0
485.0531022054157 825.0
485.314223948951 818.0
485.57533763334476 812.0
485.8364432581139 834.0
486.0975408227754 820.0
486.35863032684597 835.0
486.61971176984247 825.0
486.880785151282 817.0
487.1418504706812 829.0
487.402907727557 823.0
487.66395692142635 822.0
487.92499805180597 821.0
488.18603111821284 839.0
488.44705612016384 826.0
488.7080730571757 831.0
488.9690819287655 803.0
489.2300827344499 828.0
489.49107547374587 827.0
489.75206014617027 832.0
490.01303675124 827.0
490.27400528847187 825.0
490.53496575738274 827.0
490.79591815748955 826.0
491.05686248830915 835.0
491.31779874935836 841.0
491.57872694015396 813.0
491.8396470602131 808.0
492.1005591090524 821.0
492.3614630861888 824.0
492.6223589911392 839.0
492.88324682342045 842.0
493.14412658254946 827.0
493.40499826804296 828.0
493.66586187941795 832.0
493.92671741619125 824.0
494.18756487787977 824.0
494.44840426400026 839.0
494.70923557406974 820.0
494.97005880760497 816.0
495.23087396412285 828.0
495.4916810431403 810.0
495.7524800441741 817.0
496.01327096674123 829.0
496.27405381035845 825.0
496.53482857454264 820.0
496.79559525881075 816.0
497.05635386267954 836.0
497.31710438566597 833.0
497.57784682728686 828.0
497.8385811870591 822.0
498.0993074644995 831.0
498.360025659125 826.0
498.6207357704524 826.0
498.88143779799873 821.0
499.14213174128065 827.0
499.40281759981514 816.0
499.6634953731191 826.0
499.92416506070924 816.0
500.1848266621026 835.0
500.445480176816 818.0
500.70612560436615 819.0
500.96676294427016 824.0
501.22739219604483 824.0
501.48801335920695 827.0
501.74862643327344 818.0
502.00923141776116 834.0
502.2698283121869 824.0
502.5304171160677 820.0
502.7909978289203 828.0
503.0515704502616 828.0
503.31213497960846 826.0
503.57269141647777 828.0
503.8332397603864 834.0
504.09378001085116 821.0
504.354312167389 819.0
504.6148362295168 830.0
504.8753521967513 809.0
505.1358600686094 833.0
505.3963598446082 834.0
505.6568515242642 823.0
505.9173351070945 825.0
506.17781059261597 825.0
506.4382779803454 828.0
506.69873726979966 829.0
506.95918846049574 830.0
507.2196315519502 828.0
507.4800665436803 828.0
507.74049343520267 813.0
508.00091222603425 810.0
508.261322915692 809.0
508.5217255036924 829.0
508.7821199895529 835.0
509.0425063727899 829.0
509.3028846529204 822.0
509.5632548294615 829.0
509.8236169019296 832.0
510.0839708698421 819.0
510.3443167327155 832.0
510.60465449006676 833.0
510.8649841414127 822.0
511.12530568627034 818.0
511.3856191241566 824.0
511.64592445458794 821.0
511.90622167708165 830.0
512.1665107911545 820.0
512.4267917963232 828.0
512.6870646921047 846.0
512.947329478016 818.0
513.2075861535739 825.0
513.467834718295 828.0
513.7280751716964 848.0
513.9883075132952 821.0
514.248531742608 817.0
514.5087478591515 834.0
514.7689558624429 845.0
515.0291557519989 825.0
515.2893475273365 820.0
515.5495311879723 831.0
515.8097067334235 836.0
516.0698741632067 842.0
516.3300334768389 818.0
516.5901846738369 838.0
516.8503277537177 830.0
517.1104627159981 832.0
517.3705895601947 838.0
517.630708285825 820.0
517.8908188924053 824.0
518.1509213794526 822.0
518.411015746484 833.0
518.6711019930159 830.0
518.9311801185657 854.0
519.19125012265 841.0
519.4513120047856 821.0
519.7113657644896 825.0
519.9714114012784 829.0
520.2314489146695 833.0
520.4914783041794 817.0
520.751499569325 826.0
521.0115127096234 838.0
521.271517724591 823.0
521.5315146137451 824.0
521.7915033766022 824.0
522.0514840126796 818.0
522.3114565214938 820.0
522.5714209025618 816.0
522.8313771554007 848.0
523.0913252795269 826.0
523.3512652744578 828.0
523.6111971397097 829.0
523.8711208747998 820.0
524.1310364792452 819.0
524.390943952562 819.0
524.6508432942679 823.0
524.9107345038794 815.0
525.1706175809132 833.0
525.4304925248866 832.0
525.690359335316 840.0
525.9502180117188 850.0
526.2100685536113 832.0
526.4699109605107 826.0
526.729745231934 837.0
526.9895713673975 818.0
527.2493893664187 819.0
527.5091992285141 825.0
527.7690009532007 833.0
528.0287945399953 814.0
528.2885799884149 820.0
528.5483572979764 831.0
528.8081264681963 828.0
529.0678874985917 807.0
529.3276403886796 819.0
529.5873851379768 822.0
529.8471217460001 828.0
530.1068502122662 808.0
530.3665705362923 832.0
530.6262827175951 824.0
530.8859867556915 839.0
531.1456826500984 820.0
531.4053704003326 822.0
531.6650500059111 827.0
531.9247214663504 833.0
532.1843847811678 820.0
532.4440399498801 830.0
532.7036869720038 809.0
532.9633258470562 836.0
533.222956574554 819.0
533.4825791540142 826.0
533.7421935849534 819.0
534.0017998668885 826.0
534.2613979993366 841.0
534.5209879818145 814.0
534.780569813839 834.0
535.0401434949268 833.0
535.2997090245951 821.0
535.5592664023607 815.0
535.8188156277402 833.0
536.0783567002508 813.0
536.3378896194092 817.0
536.5974143847321 806.0
536.8569309957369 825.0
537.1164394519398 826.0
537.3759397528582 812.0
537.6354318980087 817.0
537.8949158869082 832.0
538.1543917190737 819.0
538.4138593940218 838.0
538.6733189112697 818.0
538.932770270334 828.0
539.1922134707318 826.0
539.4516485119797 828.0
539.7110753935946 814.0
539.9704941150937 825.0
540.2299046759937 821.0
540.4893070758112 834.0
540.7487013140633 834.0
541.008087390267 838.0
541.2674653039389 834.0
541.526835054596 836.0
541.7861966417552 816.0
542.0455500649333 828.0
542.3048953236471 819.0
542.5642324174137 819.0
542.8235613457497 835.0
543.0828821081722 826.0
543.3421947041979 831.0
543.6014991333436 841.0
543.8607953951266 830.0
544.1200834890632 820.0
544.3793634146708 828.0
544.6386351714658 819.0
544.8978987589653 810.0
545.1571541766862 826.0
545.4164014241451 822.0
545.6756405008593 835.0
545.9348714063455 816.0
546.1940941401203 817.0
546.4533087017008 809.0
546.712515090604 822.0
546.9717133063466 838.0
547.2309033484453 821.0
547.4900852164174 809.0
547.7492589097793 821.0
548.0084244280482 839.0
548.2675817707409 822.0
548.526730937374 821.0
548.7858719274648 827.0
549.0450047405299 843.0
549.3041293760863 841.0
549.5632458336507 849.0
549.82235411274 826.0
550.0814542128714 825.0
550.3405461335612 823.0
550.5996298743269 828.0
550.8587054346848 825.0
551.117772814152 817.0
551.3768320122455 822.0
551.6358830284819 823.0
551.8949258623783 820.0
552.1539605134514 822.0
552.4129869812182 825.0
552.6720052651955 821.0
552.9310153649002 825.0
553.1900172798491 832.0
553.4490110095592 818.0
553.7079965535472 820.0
553.9669739113302 819.0
554.2259430824248 826.0
554.484904066348 836.0
554.7438568626167 827.0
555.0028014707476 831.0
555.261737890258 836.0
555.520666120664 821.0
555.7795861614834 844.0
556.0384980122324 837.0
556.2974016724281 838.0
556.5562971415874 838.0
556.8151844192269 826.0
557.0740635048638 821.0
557.3329343980148 825.0
557.5917970981968 818.0
557.8506516049267 822.0
558.1094979177213 828.0
558.3683360360976 820.0
558.6271659595724 822.0
558.8859876876625 839.0
559.1448012198848 830.0
559.4036065557561 821.0
559.6624036947936 829.0
559.9211926365136 827.0
560.1799733804337 826.0
560.43874592607 824.0
560.6975102729399 825.0
560.9562664205602 828.0
561.2150143684473 820.0
561.4737541161188 816.0
561.732485663091 829.0
561.9912090088809 823.0
562.2499241530056 822.0
562.5086310949818 834.0
562.7673298343262 825.0
563.026020370556 816.0
563.2847027031879 810.0
563.5433768317389 827.0
563.8020427557254 806.0
564.0607004746649 820.0
564.3193499880738 818.0
564.5779912954692 822.0
564.8366243963679 837.0
565.0952492902868 833.0
565.3538659767429 794.0
565.6124744552527 809.0
565.8710747253335 814.0
566.1296667865018 841.0
566.3882506382747 833.0
566.6468262801691 829.0
566.9053937117014 826.0
567.1639529323893 829.0
567.4225039417488 820.0
567.6810467392974 831.0
567.9395813245517 825.0
568.1981076970284 826.0
568.4566258562448 834.0
568.7151358017175 829.0
568.9736375329633 854.0
569.2321310494995 836.0
569.4906163508422 819.0
569.749093436509 824.0
570.0075623060163 841.0
570.2660229588813 847.0
570.5244753946206 832.0
570.7829196127512 826.0
571.0413556127901 820.0
571.2997833942537 819.0
571.5582029566596 817.0
571.8166142995238 829.0
572.075017422364 830.0
572.3334123246967 826.0
572.5917990060384 826.0
572.8501774659068 817.0
573.108547703818 817.0
573.3669097192892 807.0
573.6252635118373 825.0
573.8836090809789 814.0
574.1419464262314 818.0
574.400275547111 825.0
574.6585964431351 810.0
574.9169091138205 827.0
575.1752135586836 825.0
575.4335097772419 837.0
575.6917977690118 820.0
575.9500775335105 826.0
576.2083490702545 825.0
576.4666123787609 831.0
576.7248674585469 825.0
576.9831143091286 817.0
577.2413529300236 822.0
577.4995833207483 804.0
577.7578054808198 822.0
578.0160194097549 841.0
578.2742251070703 836.0
578.5324225722832 834.0
578.7906118049101 814.0
579.0487928044681 823.0
579.3069655704743 813.0
579.565130102445 824.0
579.8232863998975 830.0
580.0814344623485 821.0
580.339574289315 815.0
580.5977058803137 821.0
580.8558292348614 826.0
581.1139443524753 832.0
581.3720512326721 813.0
581.6301498749685 808.0
581.8882402788817 805.0
582.146322443928 819.0
582.4043963696251 840.0
582.6624620554893 818.0
582.9205195010375 819.0
583.1785687057866 796.0
583.4366096692537 840.0
583.6946423909554 849.0
583.9526668704085 825.0
584.2106831071303 822.0
584.4686911006373 816.0
584.7266908504463 823.0
584.9846823560746 821.0
585.2426656170385 806.0
585.5006406328554 825.0
585.7586074030418 836.0
586.0165659271148 835.0
586.2745162045912 829.0
586.5324582349878 823.0
586.7903920178214 836.0
587.0483175526091 846.0
587.3062348388676 836.0
587.5641438761138 833.0
587.8220446638645 826.0
588.0799372016369 821.0
588.3378214889474 835.0
588.5956975253132 828.0
588.8535653102509 824.0
589.1114248432776 833.0
589.3692761239103 829.0
589.6271191516653 832.0
589.88495392606 838.0
590.1427804466111 824.0
590.4005987128355 818.0
590.6584087242501 820.0
590.9162104803713 821.0
591.1740039807169 838.0
591.4317892248029 825.0
591.6895662121466 813.0
591.9473349422648 821.0
592.2050954146741 846.0
592.462847628892 820.0
592.7205915844347 828.0
592.9783272808194 826.0
593.236054717563 823.0
593.493773894182 821.0
593.7514848101939 826.0
594.009187465115 824.0
594.2668818584625 828.0
594.5245679897531 832.0
594.7822458585038 824.0
595.0399154642313 808.0
595.2975768064524 827.0
595.5552298846843 820.0
595.8128746984438 837.0
596.0705112472474 831.0
596.3281395306126 838.0
596.5857595480555 819.0
596.8433712990935 820.0
597.1009747832434 827.0
597.3585700000219 833.0
597.6161569489462 824.0
597.8737356295327 836.0
598.1313060412986 822.0
598.3888681837607 814.0
598.6464220564358 823.0
598.9039676588409 825.0
599.1615049904925 823.0
599.4190340509081 833.0
599.676554839604 831.0
599.9340673560972 828.0
600.1915715999048 820.0
600.4490675705435 819.0
600.7065552675302 818.0
600.9640346903817 836.0
601.221505838615 833.0
601.4789687117469 826.0
601.7364233092942 827.0
601.9938696307739 824.0
602.2513076757026 837.0
602.5087374435976 835.0
602.7661589339755 843.0
603.023572146353 859.0
603.2809770802475 845.0
603.5383737351752 847.0
603.7957621106534 826.0
604.053142206199 839.0
604.3105140213286 851.0
604.5678775555593 830.0
604.8252328084078 831.0
605.0825797793912 839.0
605.3399184680261 833.0
605.5972488738295 838.0
605.8545709963181 825.0
606.111884835009 833.0
606.3691903894193 821.0
606.6264876590651 826.0
606.883776643464 842.0
607.1410573421324 834.0
607.3983297545875 839.0
607.6555938803461 811.0
607.9128497189247 836.0
608.1700972698408 821.0
608.4273365326108 837.0
608.6845675067516 821.0
608.9417901917803 816.0
609.1990045872135 843.0
609.4562106925683 820.0
609.7134085073615 832.0
609.9705980311098 826.0
610.2277792633305 822.0
610.4849522035397 820.0
610.7421168512552 845.0
610.9992732059933 832.0
611.2564212672709 829.0
611.5135610346049 834.0
611.7706925075122 819.0
612.0278156855098 823.0
612.2849305681145 836.0
612.542037154843 828.0
612.7991354452124 803.0
613.0562254387393 830.0
613.3133071349409 820.0
613.5703805333337 820.0
613.8274456334349 841.0
614.0845024347612 829.0
614.3415509368294 827.0
614.5985911391567 827.0
614.8556230412595 836.0
615.1126466426551 833.0
615.36966194286 842.0
615.6266689413914 839.0
615.8836676377659 808.0
616.1406580315004 833.0
616.3976401221121 835.0
616.6546139091173 816.0
616.9115793920333 824.0
617.1685365703769 832.0
617.4254854436648 813.0
617.6824260114142 810.0
617.9393582731417 818.0
618.196282228364 821.0
618.4531978765983 822.0
618.7101052173614 832.0
618.9670042501702 819.0
619.2238949745413 829.0
619.4807773899919 830.0
619.7376514960388 811.0
619.9945172921986 823.0
620.2513747779885 820.0
620.508223952925 823.0
620.7650648165256 822.0
621.0218973683066 834.0
621.2787216077849 836.0
621.5355375344776 833.0
621.7923451479013 824.0
622.0491444475734 815.0
622.3059354330103 822.0
622.5627181037288 819.0
622.8194924592461 821.0
623.0762584990788 813.0
623.333016222744 817.0
623.5897656297584 826.0
623.8465067196389 809.0
624.1032394919024 820.0
624.3599639460657 826.0
624.6166800816459 832.0
624.8733878981594 836.0
625.1300873951237 811.0
625.3867785720552 817.0
625.6434614284708 800.0
625.9001359638876 825.0
626.1568021778221 825.0
626.4134600697917 825.0
626.6701096393127 828.0
626.9267508859024 843.0
627.1833838090776 829.0
627.4400084083547 818.0
627.6966246832512 832.0
627.9532326332837 820.0
628.2098322579691 832.0
628.4664235568243 850.0
628.723006529366 834.0
628.9795811751112 816.0
629.2361474935768 832.0
629.4927054842794 823.0
629.7492551467363 838.0
630.0057964804641 806.0
630.2623294849799 821.0
630.5188541598001 850.0
630.775370504442 847.0
631.0318785184223 836.0
631.2883782012578 822.0
631.5448695524658 820.0
631.8013525715625 818.0
632.0578272580652 828.0
632.3142936114906 827.0
632.5707516313557 819.0
632.8272013171775 830.0
633.0836426684723 828.0
633.3400756847575 822.0
633.5965003655499 833.0
633.8529167103661 827.0
634.1093247187234 810.0
634.3657243901381 809.0
634.6221157241276 834.0
634.8784987202085 821.0
635.1348733778977 828.0
635.3912396967121 803.0
635.6475976761684 818.0
635.9039473157839 827.0
636.1602886150749 821.0
636.4166215735588 824.0
636.6729461907521 826.0
636.9292624661718 818.0
637.1855703993349 816.0
637.4418699897578 816.0
637.6981612369581 826.0
637.9544441404521 840.0
638.2107186997567 818.0
638.4669849143892 834.0
638.7232427838659 827.0
638.979492307704 837.0
639.2357334854204 828.0
639.4919663165317 824.0
639.7481908005552 829.0
640.0044069370073 821.0
640.2606147254052 823.0
640.5168141652655 816.0
640.7730052561054 812.0
641.0291879974413 820.0
641.2853623887906 833.0
641.5415284296699 840.0
641.797686119596 829.0
642.0538354580859 840.0
642.3099764446565 834.0
642.5661090788245 837.0
642.8222333601069 828.0
643.0783492880205 820.0
643.3344568620822 811.0
643.5905560818089 825.0
643.8466469467173 833.0
644.1027294563247 828.0
644.3588036101473 825.0
644.6148694077026 824.0
644.8709268485071 820.0
645.1269759320778 824.0
645.3830166579316 814.0
645.6390490255851 801.0
645.8950730345556 828.0
646.1510886843597 812.0
646.4070959745143 821.0
646.6630949045363 834.0
646.9190854739425 843.0
647.17506768225 830.0
647.4310415289752 821.0
647.6870070136354 820.0
647.9429641357473 821.0
648.1989128948277 813.0
648.4548532903938 823.0
648.7107853219619 832.0
648.9667089890495 818.0
649.222624291173 821.0
649.4785312278494 832.0
649.7344297985958 823.0
649.9903200029287 818.0
650.2462018403652 825.0
650.502075310422 833.0
650.7579404126162 818.0
651.0137971464646 811.0
651.2696455114838 832.0
651.525485507191 825.0
651.7813171331029 812.0
652.0371403887364 826.0
652.2929552736086 817.0
652.5487617872358 818.0
652.8045599291355 807.0
653.0603496988242 818.0
653.3161310958188 804.0
653.5719041196362 825.0
653.8276687697933 829.0
654.0834250458071 834.0
654.3391729471941 821.0
654.5949124734717 809.0
654.8506436241562 818.0
655.1063663987647 813.0
655.3620807968144 822.0
655.6177868178215 833.0
655.8734844613035 826.0
656.129173726777 827.0
656.3848546137588 814.0
656.6405271217659 811.0
656.8961912503149 834.0
657.1518469989231 833.0
657.4074943671071 808.0
657.6631333543837 819.0
657.9187639602701 813.0
658.1743861842826 826.0
658.4300000259387 816.0
658.6856054847549 824.0
658.9412025602483 823.0
659.1967912519353 827.0
659.4523715593333 829.0
659.707943481959 806.0
659.9635070193291 820.0
660.2190621709606 820.0
660.4746089363705 821.0
660.7301473150753 815.0
660.9856773065924 829.0
661.2411989104381 834.0
661.4967121261298 832.0
661.7522169531838 833.0
662.0077133911174 836.0
662.2632014394475 840.0
662.5186810976904 824.0
662.7741523653638 821.0
663.029615241984 824.0
663.2850697270679 835.0
663.5405158201327 809.0
663.7959535206948 819.0
664.0513828282715 831.0
664.3068037423793 811.0
664.5622162625355 830.0
664.8176203882564 831.0
665.0730161190594 825.0
665.3284034544613 813.0
665.5837823939785 819.0
665.8391529371283 830.0
666.0945150834276 834.0
666.349868832393 840.0
666.6052141835415 855.0
666.8605511363899 814.0
667.1158796904554 809.0
667.3711998452544 827.0
667.626511600304 828.0
667.8818149551211 828.0
668.1371099092223 828.0
668.3923964621249 836.0
668.6476746133454 820.0
668.9029443624008 820.0
669.1582057088083 822.0
669.4134586520839 830.0
669.6687031917455 835.0
669.9239393273093 813.0
670.1791670582923 825.0
670.4343863842114 818.0
670.6895973045835 835.0
670.9447998189256 828.0
671.1999939267544 833.0
671.4551796275866 820.0
671.7103569209394 811.0
671.9655258063294 830.0
672.220686283274 817.0
672.475838351289 813.0
672.7309820098925 822.0
672.9861172586005 828.0
673.2412440969302 819.0
673.4963625243987 823.0
673.7514725405223 825.0
674.0065741448183 829.0
674.2616673368035 840.0
674.5167521159946 825.0
674.7718284819086 833.0
675.0268964340622 872.0
675.2819559719727 862.0
675.5370070951565 842.0
675.7920498031307 823.0
676.0470840954122 818.0
676.3021099715176 813.0
676.5571274309642 821.0
676.8121364732684 826.0
677.0671370979474 812.0
677.3221293045178 823.0
677.5771130924968 836.0
677.8320884614011 829.0
678.0870554107474 836.0
678.3420139400529 832.0
678.5969640488343 834.0
678.8519057366083 832.0
679.1068390028922 826.0
679.3617638472023 823.0
679.616680269056 822.0
679.8715882679699 816.0
680.1264878434607 816.0
680.3813789950458 807.0
680.6362617222414 824.0
680.8911360245651 824.0
681.146001901533 836.0
681.4008593526627 833.0
681.6557083774705 834.0
681.9105489754734 819.0
682.1653811461886 824.0
682.4202048891326 816.0
682.6750202038223 825.0
682.9298270897748 847.0
683.1846255465068 833.0
683.4394155735351 833.0
683.6941971703767 819.0
683.9489703365485 837.0
684.2037350715673 832.0
684.4584913749499 839.0
684.7132392462133 835.0
684.9679786848742 833.0
685.2227096904496 823.0
685.4774322624564 820.0
685.7321464004115 836.0
685.9868521038316 822.0
686.2415493722334 838.0
686.4962382051343 832.0
686.7509186020508 842.0
687.0055905624997 848.0
687.2602540859983 845.0
687.514909172063 837.0
687.7695558202109 829.0
688.0241940299587 822.0
688.2788238008236 828.0
688.5334451323221 823.0
688.7880580239712 828.0
689.042662475288 817.0
689.2972584857889 819.0
689.5518460549912 821.0
689.8064251824115 820.0
690.0609958675668 826.0
690.3155581099742 818.0
690.5701119091498 836.0
690.8246572646113 830.0
691.0791941758752 826.0
691.3337226424583 825.0
691.5882426638777 826.0
691.84275423965 825.0
692.0972573692924 838.0
692.3517520523214 817.0
692.6062382882542 825.0
692.8607160766074 822.0
693.1151854168979 826.0
693.3696463086428 818.0
693.6240987513587 839.0
693.8785427445628 832.0
694.1329782877717 838.0
694.3874053805022 834.0
694.6418240222713 817.0
694.8962342125958 833.0
695.1506359509929 813.0
695.405029236979 835.0
695.6594140700711 846.0
695.9137904497863 836.0
696.168158375641 900.0
696.4225178471527 951.0
696.676868863838 915.0
696.9312114252134 865.0
697.1855455307963 841.0
697.4398711801031 826.0
697.6941883726512 838.0
697.9484971079568 839.0
698.2027973855375 819.0
698.4570892049098 820.0
698.7113725655903 816.0
698.9656474670965 824.0
699.2199139089445 840.0
699.4741718906519 822.0
699.7284214117353 842.0
699.9826624717113 837.0
700.2368950700971 823.0
700.4911192064093 814.0
700.7453348801653 836.0
700.9995420908814 826.0
701.2537408380745 828.0
701.5079311212619 824.0
701.7621129399598 833.0
702.016286293686 820.0
702.2704511819566 820.0
702.5246076042886 848.0
702.778755560199 853.0
703.0328950492045 832.0
703.2870260708224 836.0
703.5411486245691 833.0
703.7952627099618 828.0
704.0493683265172 835.0
704.3034654737519 826.0
704.5575541511835 810.0
704.8116343583279 819.0
705.0657060947029 837.0
705.3197693598249 834.0
705.5738241532106 833.0
705.8278704743772 834.0
706.0819083228414 848.0
706.3359376981203 899.0
706.5899585997306 938.0
706.8439710271889 895.0
707.0979749800126 868.0
707.3519704577179 854.0
707.6059574598225 841.0
707.8599359858429 815.0
708.1139060352955 829.0
708.3678676076978 806.0
708.6218207025663 826.0
708.8757653194182 820.0
709.12970145777 831.0
709.3836291171389 822.0
709.6375482970416 834.0
709.8914589969946 838.0
710.1453612165157 839.0
710.3992549551208 822.0
710.6531402123275 850.0
710.9070169876522 851.0
711.1608852806118 821.0
711.4147450907236 832.0
711.6685964175037 819.0
711.9224392604699 815.0
712.1762736191384 819.0
712.4300994930262 829.0
712.6839168816504 831.0
712.9377257845274 821.0
713.1915262011746 814.0
713.4453181311087 826.0
713.6991015738463 828.0
713.9528765289045 818.0
714.2066429958 828.0
714.4604009740502 828.0
714.7141504631712 832.0
714.9678914626805 828.0
715.2216239720948 824.0
715.4753479909306 833.0
715.7290635187052 822.0
715.982770554935 826.0
716.2364690991376 838.0
716.4901591508293 832.0
716.743840709527 817.0
716.9975137747479 816.0
717.2511783460084 817.0
717.5048344228259 825.0
717.7584820047169 846.0
718.0121210911982 825.0
718.2657516817872 833.0
718.519373776 833.0
718.772987373354 842.0
719.026592473366 830.0
719.2801890755527 818.0
719.5337771794311 827.0
719.7873567845179 808.0
720.0409278903304 830.0
720.294490496385 831.0
720.5480446021987 849.0
720.8015902072887 840.0
721.0551273111711 830.0
721.3086559133636 827.0
721.5621760133826 822.0
721.815687610745 833.0
722.0691907049679 845.0
722.3226852955679 823.0
722.5761713820622 834.0
722.8296489639672 822.0
723.0831180408002 815.0
723.3365786120778 821.0
723.5900306773169 837.0
723.8434742360346 827.0
724.0969092877473 817.0
724.3503358319725 839.0
724.6037538682267 824.0
724.8571633960265 822.0
725.1105644148894 837.0
725.3639569243315 819.0
725.6173409238706 818.0
725.8707164130229 840.0
726.1240833913054 822.0
726.3774418582351 841.0
726.6307918133285 835.0
726.8841332561029 852.0
727.137466186075 855.0
727.3907906027619 839.0
727.6441065056802 835.0
727.8974138943464 833.0
728.1507127682783 826.0
728.4040031269918 822.0
728.6572849700045 830.0
728.9105582968331 834.0
729.1638231069941 833.0
729.4170794000048 830.0
729.6703271753817 827.0
729.923566432642 841.0
730.1767971713025 844.0
730.4300193908798 837.0
730.6832330908911 816.0
730.936438270853 825.0
731.1896349302828 834.0
731.442823068697 818.0
731.6960026856123 830.0
731.949173780546 839.0
732.2023363530145 816.0
732.4554904025351 821.0
732.7086359286245 823.0
732.9617729307997 829.0
733.2149014085775 821.0
733.4680213614745 826.0
733.7211327890079 837.0
733.9742356906943 823.0
734.2273300660511 823.0
734.4804159145946 823.0
734.7334932358416 833.0
734.9865620293094 836.0
735.2396222945147 845.0
735.4926740309744 827.0
735.7457172382054 830.0
735.9987519157243 834.0
736.2517780630484 839.0
736.504795679694 835.0
736.7578047651785 854.0
737.0108053190187 884.0
737.2637973407312 869.0
737.516780829833 857.0
737.769755785841 876.0
738.0227222082721 955.0
738.2756800966428 1018.0
738.5286294504706 945.0
738.781570269272 937.0
739.0345025525638 884.0
739.2874262998632 841.0
739.5403415106866 833.0
739.7932481845512 835.0
740.046146320974 848.0
740.2990359194714 820.0
740.5519169795606 835.0
740.8047895007583 841.0
741.0576534825816 825.0
741.3105089245472 830.0
741.563355826172 819.0
741.8161941869729 829.0
742.0690240064664 837.0
742.3218452841702 835.0
742.5746580196005 822.0
742.8274622122741 818.0
743.0802578617083 817.0
743.3330449674197 840.0
743.5858235289254 844.0
743.8385935457418 836.0
744.0913550173865 809.0
744.3441079433758 826.0
744.5968523232264 836.0
744.8495881564559 826.0
745.1023154425804 836.0
745.3550341811174 837.0
745.6077443715835 822.0
745.8604460134952 830.0
746.1131391063701 823.0
746.3658236497243 833.0
746.6184996430754 834.0
746.87116708594 823.0
747.1238259778346 821.0
747.3764763182764 819.0
747.6291181067822 832.0
747.8817513428692 835.0
748.1343760260539 860.0
748.3869921558529 835.0
748.6395997317837 833.0
748.8921987533628 833.0
749.1447892201071 835.0
749.3973711315336 854.0
749.6499444871589 885.0
749.9025092865003 1062.0
750.1550655290741 1324.0
750.4076132143978 1197.0
750.6601523419877 1119.0
750.912682911361 1026.0
751.1652049220347 1137.0
751.4177183735251 1064.0
751.6702232653497 1004.0
751.9227195970248 947.0
752.1752073680677 873.0
752.4276865779954 857.0
752.680157226324 845.0
752.9326193125712 839.0
753.1850728362533 826.0
753.4375177968876 830.0
753.6899541939908 836.0
753.9423820270795 826.0
754.194801295671 849.0
754.4472119992819 826.0
754.6996141374291 826.0
754.9520077096296 824.0
755.2043927154 817.0
755.4567691542577 828.0
755.7091370257187 813.0
755.9614963293008 835.0
756.2138470645202 831.0
756.4661892308942 819.0
756.7185228279395 825.0
756.9708478551728 820.0
757.2231643121112 830.0
757.4754721982714 814.0
757.7277715131704 844.0
757.9800622563251 837.0
758.2323444272521 832.0
758.4846180254688 817.0
758.7368830504913 827.0
758.9891395018373 827.0
759.2413873790232 824.0
759.4936266815657 835.0
759.7458574089821 832.0
759.9980795607888 830.0
760.2502931365033 836.0
760.502498135642 827.0
760.7546945577217 834.0
761.0068824022595 817.0
761.2590616687722 831.0
761.5112323567769 835.0
761.7633944657899 836.0
762.0155479953288 833.0
762.26769294491 851.0
762.5198293140501 862.0
762.7719571022666 900.0
763.024076309076 1099.0
763.2761869339953 1461.0
763.5282889765415 1285.0
763.780382436231 1219.0
764.032467312581 1009.0
764.2845436051083 909.0
764.53661131333 869.0
764.7886704367629 866.0
765.0407209749233 860.0
765.2927629273288 836.0
765.5447962934958 845.0
765.7968210729414 840.0
766.0488372651824 831.0
766.3008448697357 832.0
766.5528438861181 836.0
766.8048343138464 836.0
767.0568161524378 839.0
767.3087894014087 831.0
767.5607540602764 827.0
767.8127101285577 827.0
768.0646576057691 836.0
768.3165964914278 825.0
768.5685267850505 827.0
768.8204484861544 833.0
769.0723615942561 841.0
769.3242661088722 822.0
769.5761620295201 826.0
769.8280493557162 823.0
770.0799280869778 839.0
770.3317982228216 830.0
770.5836597627642 830.0
770.835512706323 823.0
771.0873570530143 825.0
771.3391928023555 825.0
771.591019953863 837.0
771.8428385070538 889.0
772.094648461445 1035.0
772.3464498165532 986.0
772.5982425718955 950.0
772.8500267269885 913.0
773.1018022813494 865.0
773.3535692344948 846.0
773.6053275859415 830.0
773.8570773352067 845.0
774.108818481807 829.0
774.3605510252594 836.0
774.6122749650807 845.0
774.8639903007878 833.0
775.1156970318975 823.0
775.3673951579267 832.0
775.6190846783925 839.0
775.8707655928115 838.0
776.1224379007004 840.0
776.3741016015766 815.0
776.6257566949563 826.0
776.8774031803571 834.0
777.1290410572955 836.0
777.3806703252881 836.0
777.6322909838522 828.0
777.8839030325043 817.0
778.1355064707618 824.0
778.3871012981411 840.0
778.6386875141592 855.0
778.890265118333 837.0
779.1418341101793 843.0
779.3933944892151 824.0
779.6449462549571 819.0
779.8964894069222 824.0
780.1480239446275 830.0
780.3995498675895 817.0
780.6510671753255 816.0
780.9025758673517 825.0
781.1540759431858 836.0
781.4055674023442 833.0
781.6570502443437 822.0
781.9085244687013 815.0
782.159990074934 826.0
782.4114470625585 832.0
782.6628954310918 823.0
782.9143351800503 831.0
783.1657663089516 819.0
783.4171888173119 836.0
783.6686027046486 829.0
783.9200079704783 832.0
784.1714046143178 825.0
784.4227926356843 826.0
784.6741720340941 826.0
784.9255428090647 824.0
785.1769049601126 813.0
785.4282584867548 832.0
785.6796033885082 841.0
785.9309396648893 819.0
786.1822673154155 828.0
786.4335863396033 835.0
786.6848967369698 839.0
786.9361985070317 827.0
787.1874916493058 832.0
787.4387761633094 817.0
787.6900520485588 836.0
787.9413193045713 837.0
788.1925779308636 836.0
788.4438279269523 823.0
788.6950692923548 833.0
788.9463020265875 820.0
789.1975261291677 834.0
789.448741599612 833.0
789.6999484374371 826.0
789.9511466421604 824.0
790.2023362132982 814.0
790.4535171503677 816.0
790.7046894528855 823.0
790.9558531203689 845.0
791.2070081523347 826.0
791.458154548299 823.0
791.7092923077797 824.0
791.9604214302931 828.0
792.2115419153562 824.0
792.462653762486 824.0
792.7137569711989 836.0
792.9648515410123 825.0
793.2159374714428 816.0
793.4670147620074 834.0
793.718083412223 839.0
793.9691434216061 843.0
794.220194789674 880.0
794.4712375159432 1016.0
794.722271599931 984.0
794.9732970411541 965.0
795.2243138391292 905.0
795.4753219933733 874.0
795.7263215034031 841.0
795.9773123687357 835.0
796.2282945888878 836.0
796.4792681633767 828.0
796.7302330917187 842.0
796.9811893734307 830.0
797.23213700803 838.0
797.483075995033 826.0
797.7340063339569 836.0
797.9849280243186 834.0
798.2358410656345 826.0
798.4867454574222 819.0
798.7376411991978 841.0
798.9885282904788 848.0
799.2394067307818 824.0
799.4902765196234 825.0
799.741137656521 853.0
799.9919901409909 859.0
800.2428339725506 1008.0
800.4936691507165 979.0
800.7444956750055 962.0
800.9953135449347 994.0
801.2461227600207 1023.0
801.4969233197808 958.0
801.7477152237312 921.0
801.9984984713894 898.0
802.2492730622722 861.0
802.5000389958959 852.0
802.7507962717781 826.0
803.0015448894349 828.0
803.252284848384 841.0
803.5030161481417 839.0
803.7537387882248 828.0
804.0044527681507 835.0
804.2551580874358 846.0
804.5058547455972 843.0
804.7565427421519 836.0
805.0072220766161 836.0
805.2578927485075 829.0
805.5085547573423 839.0
805.7592081026379 833.0
806.009852783911 845.0
806.2604888006782 830.0
806.5111161524568 833.0
806.7617348387631 830.0
807.0123448591147 829.0
807.2629462130279 828.0
807.5135389000196 834.0
807.7641229196071 833.0
808.0146982713067 836.0
808.2652649546358 847.0
808.5158229691108 852.0
808.7663723142489 835.0
809.016912989567 836.0
809.2674449945815 838.0
809.5179683288098 855.0
809.7684829917686 918.0
810.0189889829746 1097.0
810.269486301945 1078.0
810.5199749481961 1080.0
810.7704549212456 1128.0
811.0209262206095 1607.0
811.2713888458052 2493.0
811.5218427963496 1939.0
811.7722880717591 1893.0
812.022724671551 1460.0
812.2731525952421 1115.0
812.5235718423493 999.0
812.7739824123893 925.0
813.0243843048788 876.0
813.2747775193352 866.0
813.5251620552749 860.0
813.7755379122152 856.0
814.0259050896724 850.0
814.276263587164 828.0
814.5266134042064 828.0
814.7769545403165 838.0
815.0272869950115 829.0
815.2776107678079 828.0
815.5279258582229 840.0
815.7782322657732 832.0
816.0285299899754 838.0
816.2788190303468 830.0
816.529099386404 840.0
816.7793710576641 844.0
817.0296340436439 835.0
817.2798883438601 818.0
817.5301339578298 817.0
817.7803708850694 837.0
818.0305991250964 833.0
818.2808186774273 852.0
818.531029541579 838.0
818.7812317170685 837.0
819.0314252034124 834.0
819.281610000128 832.0
819.5317861067317 837.0
819.7819535227408 828.0
820.0321122476719 824.0
820.2822622810417 841.0
820.5324036223675 810.0
820.7825362711658 817.0
821.0326602269538 826.0
821.2827754892483 850.0
821.5328820575656 837.0
821.7829799314234 829.0
822.033069110338 823.0
822.2831495938267 832.0
822.5332213814061 834.0
822.7832844725929 822.0
823.0333388669044 825.0
823.283384563857 838.0
823.533421562968 835.0
823.7834498637541 821.0
824.033469465732 828.0
824.2834803684189 837.0
824.5334825713311 800.0
824.7834760739862 826.0
825.0334608759005 818.0
825.2834369765912 843.0
825.5334043755751 851.0
825.7833630723688 841.0
826.0333130664897 917.0
826.2832543574541 933.0
826.5331869447793 902.0
826.783110827982 887.0
827.0330260065789 861.0
827.2829324800872 834.0
827.5328302480233 828.0
827.7827193099047 839.0
828.032599665248 832.0
828.2824713135695 846.0
828.532334254387 824.0
828.7821884872168 822.0
829.0320340115759 818.0
829.2818708269813 832.0
829.5316989329494 833.0
829.7815183289979 813.0
830.0313290146428 823.0
830.2811309894015 820.0
830.5309242527906 826.0
830.7807088043272 829.0
831.0304846435281 834.0
831.2802517699099 844.0
831.5300101829899 821.0
831.7797598822846 836.0
832.0295008673112 828.0
832.2792331375864 814.0
832.5289566926268 824.0
832.7786715319497 829.0
833.0283776550717 836.0
833.27807506151 830.0
833.5277637507811 840.0
833.7774437224018 820.0
834.0271149758895 809.0
834.2767775107606 829.0
834.526431326532 831.0
834.7760764227208 826.0
835.0257127988438 830.0
835.2753404544177 812.0
835.5249593889594 815.0
835.774569601986 826.0
836.0241710930143 820.0
836.2737638615607 822.0
836.5233479071428 835.0
836.7729232292768 836.0
837.0224898274802 826.0
837.2720477012693 824.0
837.5215968501614 818.0
837.7711372736733 826.0
838.0206689713215 827.0
838.2701919426232 830.0
838.5197061870952 842.0
838.7692117042545 835.0
839.0187084936177 824.0
839.2681965547017 823.0
839.5176758870236 822.0
839.7671464901001 838.0
840.0166083634483 848.0
840.2660615065847 904.0
840.5155059190262 1004.0
840.7649416002901 954.0
841.0143685498927 943.0
841.2637867673512 933.0
841.5131962521828 883.0
841.7625970039035 887.0
842.0119890220308 1072.0
842.2613723060813 1161.0
842.5107468555723 1076.0
842.76011267002 1054.0
843.0094697489418 941.0
843.2588180918546 852.0
843.5081576982747 858.0
843.7574885677194 844.0
844.0068106997054 850.0
844.25612409375 841.0
844.5054287493696 818.0
844.754724666081 806.0
845.0040118434015 837.0
845.2532902808475 827.0
845.5025599779364 827.0
845.7518209341847 826.0
846.0010731491091 810.0
846.2503166222269 823.0
846.4995513530547 801.0
846.7487773411094 825.0
846.9979945859081 830.0
847.2472030869674 828.0
847.4964028438043 835.0
847.7455938559353 825.0
847.994776122878 842.0
848.2439496441485 834.0
848.4931144192642 823.0
848.7422704477419 828.0
848.9914177290981 820.0
849.2405562628502 829.0
849.4896860485144 810.0
849.7388070856083 813.0
849.9879193736485 834.0
850.2370229121515 832.0
850.4861177006346 838.0
850.7352037386146 816.0
850.9842810256082 834.0
851.2333495611326 826.0
851.482409344704 832.0
851.7314603758401 923.0
851.9805026540571 914.0
852.2295361788724 886.0
852.4785609498026 904.0
852.7275769663643 862.0
852.9765842280748 839.0
853.2255827344507 825.0
853.4745724850093 832.0
853.7235534792667 813.0
853.9725257167406 837.0
854.2214891969475 818.0
854.4704439194039 844.0
854.7193898836274 833.0
854.9683270891342 811.0
855.2172555354416 820.0
855.4661752220665 820.0
855.7150861485252 822.0
855.9639883143353 827.0
856.212881719013 826.0
856.4617663620759 817.0
856.7106422430403 810.0
856.9595093614231 821.0
857.2083677167415 816.0
857.4572173085119 820.0
857.7060581362517 829.0
857.9548901994776 827.0
858.2037134977061 831.0
858.4525280304546 820.0
858.7013337972394 834.0
858.950130797578 817.0
859.1989190309868 829.0
859.4476984969828 813.0
859.696469195083 827.0
859.9452311248039 818.0
860.1939842856627 817.0
860.4427286771763 830.0
860.6914642988615 836.0
860.9401911502351 825.0
861.1889092308139 833.0
861.437618540115 814.0
861.686319077655 833.0
861.935010842951 814.0
862.1836938355198 826.0
862.432368054878 825.0
862.6810335005429 819.0
862.9296901720311 811.0
863.1783380688596 808.0
863.4269771905452 821.0
863.6756075366046 834.0
863.9242291065551 824.0
864.1728418999131 829.0
864.4214459161959 806.0
864.6700411549201 813.0
864.9186276156024 824.0
865.1672052977602 808.0
865.4157742009098 820.0
865.6643343245685 813.0
865.9128856682528 823.0
866.1614282314799 830.0
866.4099620137665 838.0
866.6584870146295 828.0
866.9070032335858 832.0
867.155510670152 819.0
867.4040093238455 817.0
867.6524991941827 821.0
867.9009802806806 833.0
868.1494525828563 814.0
868.3979161002262 830.0
868.6463708323078 827.0
868.8948167786174 810.0
869.1432539386718 818.0
869.3916823119887 814.0
869.6401018980839 818.0
869.8885126964751 817.0
870.1369147066789 804.0
870.3853079282118 820.0
870.6336923605911 814.0
870.8820680033335 829.0
871.1304348559562 828.0
871.3787929179755 820.0
871.6271421889087 830.0
871.8754826682726 809.0
872.1238143555837 827.0
872.3721372503595 828.0
872.6204513521162 813.0
872.8687566603713 825.0
873.1170531746413 812.0
873.365340894443 821.0
873.6136198192935 817.0
873.8618899487094 820.0
874.110151282208 817.0
874.3584038193057 816.0
874.6066475595196 818.0
874.8548825023668 815.0
875.1031086473636 818.0
875.3513259940273 817.0
875.5995345418747 841.0
875.8477342904224 809.0
876.0959252391877 811.0
876.3441073876871 813.0
876.5922807354377 826.0
876.8404452819562 824.0
877.0886010267599 816.0
877.3367479693651 818.0
877.5848861092887 822.0
877.8330154460481 818.0
878.0811359791594 825.0
878.3292477081402 808.0
878.5773506325071 813.0
878.8254447517768 809.0
879.0735300654665 822.0
879.3216065730924 809.0
879.5696742741723 801.0
879.8177331682225 818.0
880.0657832547598 829.0
880.3138245333014 828.0
880.5618570033639 839.0
880.8098806644645 813.0
881.0578955161196 826.0
881.3059015578464 827.0
881.5538987891618 820.0
881.8018872095822 814.0
882.0498668186252 801.0
882.297837615807 824.0
882.5457996006451 825.0
882.7937527726558 808.0
883.041697131356 818.0
883.2896326762632 829.0
883.5375594068934 826.0
883.7854773227642 831.0
884.0333864233922 817.0
884.2812867082938 818.0
884.5291781769868 808.0
884.7770608289871 806.0
885.0249346638125 825.0
885.2727996809792 825.0
885.5206558800041 819.0
885.7685032604046 811.0
886.0163418216969 819.0
886.2641715633982 825.0
886.5119924850256 815.0
886.7598045860955 816.0
887.007607866125 813.0
887.2554023246308 816.0
887.5031879611303 821.0
887.7509647751398 811.0
887.9987327661763 829.0
888.2464919337567 833.0
888.4942422773979 814.0
888.7419837966169 806.0
888.9897164909302 812.0
889.2374403598551 805.0
889.4851554029083 806.0
889.7328616196063 827.0
889.9805590094667 830.0
890.2282475720056 822.0
890.4759273067405 801.0
890.7235982131879 823.0
890.9712602908646 824.0
891.218913539288 808.0
891.4665579579743 810.0
891.7141935464408 819.0
891.9618203042044 824.0
892.2094382307815 814.0
892.4570473256895 822.0
892.7046475884449 812.0
892.9522390185649 825.0
893.1998216155661 818.0
893.4473953789653 827.0
893.6949603082797 813.0
893.9425164030258 831.0
894.1900636627211 821.0
894.4376020868815 811.0
894.6851316750246 811.0
894.9326524266672 806.0
895.1801643413257 807.0
895.4276674185177 825.0
895.6751616577593 817.0
895.922647058568 814.0
896.1701236204603 813.0
896.4175913429531 825.0
896.6650502255636 822.0
896.912500267808 805.0
897.159941469204 808.0
897.4073738292678 817.0
897.6547973475165 820.0
897.9022120234671 803.0
898.1496178566362 828.0
898.3970148465409 800.0
898.644402992698 806.0
898.8917822946241 832.0
899.1391527518367 806.0
899.386514363852 798.0
899.6338671301874 813.0
899.8812110503592 817.0
900.1285461238849 822.0
900.375872350281 816.0
900.6231897290643 818.0
900.8704982597519 828.0
901.1177979418604 831.0
901.3650887749071 825.0
901.6123707584086 810.0
901.8596438918815 817.0
902.106908174843 815.0
902.35416360681 816.0
902.6014101872993 803.0
902.8486479158278 818.0
903.095876791912 813.0
903.3430968150694 813.0
903.5903079848164 818.0
903.83751030067 795.0
904.0847037621473 807.0
904.3318883687646 803.0
904.5790641200394 817.0
904.826231015488 821.0
905.0733890546279 813.0
905.3205382369753 811.0
905.5676785620476 817.0
905.8148100293615 808.0
906.0619326384336 797.0
906.3090463887813 811.0
906.5561512799208 805.0
906.8032473113697 812.0
907.0503344826443 814.0
907.2974127932616 802.0
907.5444822427387 816.0
907.7915428305921 808.0
908.038594556339 805.0
908.2856374194963 822.0
908.5326714195803 804.0
908.7796965561088 817.0
909.0267128285976 822.0
909.2737202365645 820.0
909.520718779526 827.0
909.7677084569985 827.0
910.0146892684998 826.0
910.261661213546 821.0
910.5086242916544 812.0
910.7555785023416 824.0
911.0025238451248 832.0
911.2494603195206 818.0
911.4963879250456 835.0
911.7433066612174 893.0
911.9902165275522 1000.0
912.2371175235672 917.0
912.4840096487795 906.0
912.7308929027052 912.0
912.9777672848619 871.0
913.2246327947661 842.0
913.4714894319347 813.0
913.7183371958849 811.0
913.965176086133 805.0
914.2120061021965 818.0
914.4588272435916 816.0
914.7056395098358 819.0
914.9524429004457 821.0
915.1992374149379 826.0
915.4460230528298 823.0
915.6927998136375 821.0
915.9395676968788 813.0
916.1863267020701 821.0
916.4330768287281 817.0
916.67981807637 817.0
916.9265504445123 829.0
917.1732739326723 811.0
917.4199885403666 816.0
917.6666942671121 816.0
917.9133911124259 829.0
918.1600790758242 814.0
918.4067581568248 814.0
918.6534283549438 814.0
918.9000896696987 821.0
919.1467421006058 823.0
919.3933856471822 828.0
919.6400203089449 824.0
919.8866460854103 832.0
920.1332629760961 823.0
920.3798709805186 817.0
920.6264700981943 823.0
920.8730603286409 819.0
921.1196416713748 818.0
921.3662141259131 818.0
921.6127776917724 820.0
921.8593323684695 849.0
922.1058781555217 893.0
922.3524150524454 854.0
922.598943058758 849.0
922.8454621739758 850.0
923.0919723976159 820.0
923.3384737291954 837.0
923.5849661682307 827.0
923.8314497142393 821.0
924.0779243667373 834.0
924.3243901252423 844.0
924.5708469892709 822.0
924.8172949583395 832.0
925.0637340319656 829.0
925.3101642096658 816.0
925.5565854909571 805.0
925.8029978753563 808.0
926.04940136238 817.0
926.2957959515456 830.0
926.5421816423694 826.0
926.7885584343687 821.0
927.0349263270604 814.0
927.281285319961 819.0
927.5276354125876 824.0
927.7739766044568 820.0
928.020308895086 806.0
928.2666322839915 809.0
928.5129467706906 825.0
928.7592523547 834.0
929.0055490355364 814.0
929.2518368127171 829.0
929.4981156857584 814.0
929.7443856541778 811.0
929.9906467174917 813.0
930.2368988752169 811.0
930.4831421268707 814.0
930.7293764719695 824.0
930.9756019100306 824.0
931.2218184405708 830.0
931.4680260631065 827.0
931.7142247771553 813.0
931.9604145822334 825.0
932.2065954778582 806.0
932.4527674635461 807.0
932.6989305388141 810.0
932.9450847031794 811.0
933.1912299561584 823.0
933.4373662972685 813.0
933.6834937260257 814.0
933.929612241948 798.0
934.1757218445516 818.0
934.4218225333533 818.0
934.6679143078701 824.0
934.913997167619 822.0
935.1600711121167 832.0
935.4061361408803 822.0
935.6521922534262 807.0
935.8982394492718 819.0
936.1442777279336 841.0
936.3903070889288 818.0
936.636327531774 803.0
936.882339055986 821.0
937.128341661082 826.0
937.3743353465785 833.0
937.6203201119927 820.0
937.8662959568414 813.0
938.1122628806411 805.0
938.3582208829092 817.0
938.6041699631621 816.0
938.8501101209171 816.0
939.0960413556905 817.0
939.341963667 807.0
939.5878770543618 814.0
939.8337815172929 822.0
940.0796770553103 803.0
940.3255636679306 817.0
940.5714413546712 829.0
940.8173101150486 823.0
941.0631699485793 818.0
941.309020854781 817.0
941.5548628331699 816.0
941.8006958832632 804.0
942.0465200045778 816.0
942.2923351966301 828.0
942.5381414589376 825.0
942.7839387910167 815.0
943.0297271923846 817.0
943.275506662558 821.0
943.5212772010536 816.0
943.7670388073888 822.0
944.0127914810797 804.0
944.2585352216438 822.0
944.504270028598 823.0
944.7499959014584 823.0
944.9957128397427 807.0
945.2414208429674 812.0
945.4871199106495 838.0
945.7328100423057 823.0
945.978491237453 825.0
946.2241634956084 820.0
946.4698268162882 821.0
946.71548119901 800.0
946.9611266432901 810.0
947.2067631486459 824.0
947.4523907145939 815.0
947.6980093406509 821.0
947.943619026334 832.0
948.1892197711599 829.0
948.4348115746456 815.0
948.680394436308 822.0
948.9259683556636 813.0
949.17153333223 808.0
949.4170893655231 821.0
949.6626364550607 814.0
949.9081746003591 828.0
950.1537038009352 837.0
950.3992240563063 821.0
950.6447353659886 828.0
950.8902377294995 816.0
951.1357311463555 819.0
951.381215616074 809.0
951.6266911381715 820.0
951.8721577121647 831.0
952.1176153375708 827.0
952.3630640139064 825.0
952.6085037406887 825.0
952.8539345174344 830.0
953.09935634366 818.0
953.3447692188829 812.0
953.5901731426196 822.0
953.8355681143876 813.0
954.080954133703 817.0
954.326331200083 811.0
954.5716993130445 821.0
954.8170584721041 821.0
955.0624086767792 818.0
955.3077499265863 794.0
955.5530822210421 804.0
955.798405559664 830.0
956.0437199419682 819.0
956.2890253674723 828.0
956.5343218356925 808.0
956.7796093461461 822.0
957.02488789835 815.0
957.2701574918206 830.0
957.5154181260752 813.0
957.7606698006304 817.0
958.0059125150034 836.0
958.2511462687107 828.0
958.4963710612694 821.0
958.7415868921963 813.0
958.9867937610082 819.0
959.2319916672224 812.0
959.4771806103552 808.0
959.7223605899235 817.0
959.9675316054446 828.0
960.2126936564348 826.0
960.4578467424116 816.0
960.7029908628915 825.0
960.9481260173911 808.0
961.193252205428 821.0
961.4383694265184 822.0
961.6834776801796 829.0
961.9285769659282 826.0
962.1736672832812 823.0
962.4187486317555 831.0
962.6638210108677 801.0
962.908884420135 818.0
963.153938859074 817.0
963.3989843272019 822.0
963.6440208240352 810.0
963.889048349091 830.0
964.1340669018862 814.0
964.3790764819373 817.0
964.6240770887617 822.0
964.8690687218761 838.0
965.114051380797 830.0
965.3590250650417 861.0
965.6039897741268 855.0
965.8489455075695 829.0
966.0938922648864 832.0
966.3388300455941 832.0
966.5837588492103 834.0
966.8286786752509 827.0
967.0735895232334 828.0
967.3184913926743 810.0
967.5633842830911 824.0
967.808268194 810.0
968.0531431249179 829.0
968.2980090753622 814.0
968.5428660448491 800.0
968.7877140328961 818.0
969.0325530390197 833.0
969.2773830627367 807.0
969.5222041035643 808.0
969.7670161610189 817.0
970.0118192346179 810.0
970.2566133238779 830.0
970.5013984283155 819.0
970.746174547448 830.0
970.990941680792 803.0
971.2356998278649 826.0
971.480448988183 826.0
971.725189161263 833.0
971.9699203466223 834.0
972.2146425437775 814.0
972.4593557522456 814.0
972.7040599715434 825.0
972.9487552011876 808.0
973.1934414406954 828.0
973.4381186895833 823.0
973.6827869473685 822.0
973.9274462135677 820.0
974.1720964876979 816.0
974.4167377692759 836.0
974.6613700578182 822.0
974.9059933528424 817.0
975.1506076538647 820.0
975.3952129604023 832.0
975.6398092719721 840.0
975.8843965880908 819.0
976.1289749082755 832.0
976.3735442320426 826.0
976.6181045589096 822.0
976.862655888393 818.0
977.1071982200094 805.0
977.3517315532764 820.0
977.5962558877101 832.0
977.840771222828 826.0
978.0852775581467 825.0
978.3297748931827 818.0
978.5742632274536 824.0
978.8187425604756 817.0
979.063212891766 813.0
979.3076742208415 832.0
979.5521265472191 832.0
979.7965698704156 828.0
980.0410041899477 818.0
980.2854295053326 828.0
980.5298458160865 819.0
980.7742531217272 832.0
981.0186514217711 822.0
981.2630407157347 812.0
981.5074210031356 844.0
981.7517922834901 824.0
981.9961545563154 808.0
982.2405078211283 809.0
982.4848520774455 816.0
982.729187324784 832.0
982.9735135626606 831.0
983.2178307905924 817.0
983.4621390080961 829.0
983.7064382146882 820.0
983.9507284098863 816.0
984.1950095932067 825.0
984.4392817641666 814.0
984.6835449222825 821.0
984.9277990670716 819.0
985.1720441980509 837.0
985.4162803147366 827.0
985.6605074166464 808.0
985.9047255032964 815.0
986.1489345742042 801.0
986.3931346288863 812.0
986.6373256668593 801.0
986.8815076876406 816.0
987.1256806907464 814.0
987.3698446756944 826.0
987.613999642001 816.0
987.8581455891829 812.0
988.1022825167574 827.0
988.3464104242408 820.0
988.5905293111508 820.0
988.8346391770036 815.0
989.0787400213161 817.0
989.3228318436055 842.0
989.5669146433884 812.0
989.8109884201817 836.0
990.0550531735024 834.0
990.2991089028674 829.0
990.5431556077934 814.0
990.7871932877973 831.0
991.031221942396 812.0
991.2752415711062 810.0
991.5192521734452 817.0
991.7632537489297 821.0
992.0072462970761 820.0
992.251229817402 821.0
992.4952043094236 823.0
992.7391697726582 829.0
992.9831262066227 822.0
993.2270736108336 820.0
993.4710119848082 826.0
993.7149413280629 833.0
993.958861640115 802.0
994.2027729204812 814.0
994.4466751686781 801.0
994.6905683842231 807.0
994.9344525666326 808.0
995.1783277154237 826.0
995.4221938301132 816.0
995.6660509102181 813.0
995.9098989552552 808.0
996.1537379647411 818.0
996.3975679381932 824.0
996.6413888751279 819.0
996.8852007750622 812.0
997.1290036375133 822.0
997.3727974619973 824.0
997.6165822480319 821.0
997.8603579951333 827.0
998.104124702819 822.0
998.3478823706055 837.0
998.5916309980095 821.0
998.8353705845483 820.0
999.0791011297383 832.0
999.3228226330968 809.0
999.5665350941406 832.0
999.8102385123861 808.0
1000.0539328873509 817.0
1000.2976182185512 822.0
1000.5412945055043 828.0
1000.7849617477269 816.0
1001.0286199447357 827.0
1001.2722690960481 829.0
1001.5159092011804 828.0
1001.75954025965 820.0
1002.003162270973 819.0
1002.246775234667 820.0
1002.4903791502487 830.0
1002.7339740172346 820.0
1002.9775598351421 820.0
1003.2211366034876 814.0
1003.4647043217884 801.0
1003.7082629895611 815.0
1003.9518126063224 819.0
1004.1953531715895 822.0
1004.4388846848791 821.0
1004.6824071457083 820.0
1004.9259205535938 834.0
1005.1694249080521 834.0
1005.4129202086007 826.0
1005.6564064547559 833.0
1005.8998836460353 837.0
1006.1433517819551 828.0
1006.3868108620323 820.0
1006.6302608857841 821.0
1006.8737018527269 814.0
1007.1171337623779 822.0
1007.3605566142537 818.0
1007.6039704078715 823.0
1007.8473751427481 827.0
1008.0907708184001 833.0
1008.3341574343445 823.0
1008.5775349900982 825.0
1008.8209034851784 828.0
1009.0642629191013 832.0
1009.3076132913841 793.0
1009.5509546015439 827.0
1009.7942868490973 837.0
1010.0376100335611 850.0
1010.2809241544525 814.0
1010.5242292112879 823.0
1010.7675252035845 837.0
1011.010812130859 818.0
1011.2540899926286 827.0
1011.4973587884098 821.0
1011.7406185177194 803.0
1011.9838691800747 813.0
1012.2271107749921 818.0
1012.470343301989 827.0
1012.7135667605817 835.0
1012.9567811502875 821.0
1013.1999864706231 815.0
1013.4431827211052 823.0
1013.686369901251 823.0
1013.929548010577 817.0
1014.1727170486006 807.0
1014.4158770148383 806.0
1014.6590279088067 810.0
1014.9021697300233 836.0
1015.1453024780044 826.0
1015.3884261522674 821.0
1015.6315407523286 806.0
1015.8746462777051 818.0
1016.1177427279141 825.0
1016.3608301024719 834.0
1016.603908400896 815.0
1016.8469776227028 811.0
1017.0900377674091 806.0
1017.3330888345322 833.0
1017.5761308235883 816.0
1017.8191637340951 831.0
1018.0621875655689 820.0
1018.3052023175269 812.0
1018.5482079894858 813.0
1018.7912045809622 808.0
1019.0341920914735 812.0
1019.2771705205361 832.0
1019.5201398676672 824.0
1019.7631001323837 828.0
1020.006051314202 820.0
1020.2489934126395 822.0
1020.4919264272125 817.0
1020.7348503574386 819.0
1020.9777652028342 817.0
1021.2206709629161 819.0
1021.4635676372014 830.0
1021.7064552252067 837.0
1021.9493337264495 830.0
1022.1922031404459 836.0
1022.4350634667132 829.0
1022.6779147047681 827.0
1022.9207568541273 825.0
1023.1635899143083 824.0
1023.4064138848273 819.0
1023.6492287652015 825.0
1023.8920345549478 818.0
1024.134831253583 824.0
1024.377618860624 810.0
1024.6203973755871 811.0
1024.8631667979898 811.0
1025.1059271273493 834.0
1025.3486783631818 826.0
1025.5914205050044 809.0
1025.8341535523336 800.0
1026.076877504687 834.0
1026.3195923615808 821.0
1026.5622981225324 819.0
1026.8049947870584 796.0
1027.0476823546753 833.0
1027.2903608249007 819.0
1027.5330301972513 802.0
1027.7756904712435 816.0
1028.0183416463947 824.0
1028.260983722221 811.0
1028.5036166982402 820.0
1028.7462405739689 822.0
1028.9888553489234 814.0
1029.2314610226213 843.0
1029.474057594579 828.0
1029.7166450643138 805.0
1029.9592234313418 809.0
1030.2017926951808 819.0
1030.4443528553472 816.0
1030.6869039113576 820.0
1030.9294458627296 824.0
1031.1719787089794 820.0
1031.414502449624 818.0
1031.6570170841808 826.0
1031.8995226121658 822.0
1032.1420190330966 826.0
1032.3845063464896 804.0
1032.6269845518618 840.0
1032.8694536487305 838.0
1033.111913636612 830.0
1033.3543645150232 811.0
1033.596806283481 827.0
1033.8392389415026 808.0
1034.081662488605 831.0
1034.324076924304 814.0
1034.566482248118 824.0
1034.8088784595625 825.0
1035.0512655581551 831.0
1035.2936435434124 822.0
1035.5360124148515 832.0
1035.778372171989 837.0
1036.020722814342 814.0
1036.2630643414275 822.0
1036.5053967527615 828.0
1036.7477200478622 825.0
1036.9900342262456 825.0
1037.2323392874284 824.0
1037.4746352309282 819.0
1037.7169220562612 833.0
1037.9591997629448 815.0
1038.2014683504956 826.0
1038.4437278184303 822.0
1038.685978166266 833.0
1038.9282193935196 816.0
1039.170451499708 814.0
1039.4126744843477 815.0
1039.6548883469559 818.0
1039.8970930870496 808.0
1040.1392887041452 822.0
1040.3814751977598 806.0
1040.6236525674105 813.0
1040.8658208126137 816.0
1041.107979932887 816.0
1041.3501299277466 823.0
1041.5922707967095 825.0
1041.8344025392926 818.0
1042.0765251550129 830.0
1042.3186386433872 832.0
1042.5607430039322 810.0
1042.802838236165 817.0
1043.0449243396022 826.0
1043.2870013137613 810.0
1043.5290691581586 826.0
1043.7711278723107 836.0
1044.013177455735 831.0
1044.2552179079482 833.0
1044.4972492284676 820.0
1044.7392714168093 824.0
1044.9812844724902 818.0
1045.223288395028 813.0
1045.4652831839387 818.0
1045.70726883874 818.0
1045.949245358948 826.0
1046.1912127440798 818.0
1046.4331709936528 822.0
1046.675120107183 824.0
1046.9170600841878 822.0
1047.1589909241836 819.0
1047.400912626688 829.0
1047.6428251912175 823.0
1047.8847286172886 810.0
1048.1266229044188 825.0
1048.3685080521243 828.0
1048.6103840599228 821.0
1048.8522509273307 814.0
1049.0941086538646 823.0
1049.3359572390418 818.0
1049.577796682379 825.0
1049.819626983393 832.0
1050.061448141601 808.0
1050.3032601565194 808.0
1050.5450630276655 819.0
1050.7868567545556 824.0
1051.0286413367073 815.0
1051.270416773637 828.0
1051.5121830648616 830.0
1051.7539402098982 828.0
1051.9956882082631 843.0
1052.237427059474 814.0
1052.479156763047 828.0
1052.7208773184996 835.0
1052.9625887253483 824.0
1053.2042909831098 827.0
1053.4459840913016 836.0
1053.6876680494397 830.0
1053.929342857042 824.0
1054.1710085136244 811.0
1054.4126650187043 817.0
1054.6543123717986 811.0
1054.8959505724238 817.0
1055.1375796200969 815.0
1055.3791995143351 829.0
1055.620810254655 825.0
1055.8624118405735 809.0
1056.1040042716074 827.0
1056.3455875472737 822.0
1056.5871616670893 819.0
1056.8287266305706 822.0
1057.070282437235 843.0
1057.3118290865991 840.0
1057.5533665781802 837.0
1057.7948949114943 824.0
1058.0364140860593 819.0
1058.2779241013916 804.0
1058.5194249570077 818.0
1058.760916652425 837.0
1059.0023991871599 819.0
1059.24387256073 812.0
1059.4853367726514 832.0
1059.7267918224413 836.0
1059.968237709617 824.0
1060.2096744336943 814.0
1060.451101994191 829.0
1060.6925203906237 808.0
1060.933929622509 824.0
1061.1753296893642 842.0
1061.4167205907056 817.0
1061.6581023260508 819.0
1061.8994748949162 811.0
1062.1408382968189 818.0
1062.3821925312755 814.0
1062.6235375978026 808.0
1062.8648734959181 830.0
1063.1062002251376 822.0
1063.3475177849793 821.0
1063.588826174959 824.0
1063.830125394594 822.0
1064.0714154434013 819.0
1064.312696320897 826.0
1064.553968026599 806.0
1064.7952305600238 811.0
1065.036483920688 824.0
1065.2777281081087 813.0
1065.5189631218025 812.0
1065.7601889612868 813.0
1066.001405626078 816.0
1066.2426131156928 811.0
1066.4838114296492 802.0
1066.7250005674625 825.0
1066.9661805286507 828.0
1067.2073513127305 829.0
1067.4485129192178 816.0
1067.689665347631 830.0
1067.9308085974856 830.0
1068.1719426682996 810.0
1068.413067559589 812.0
1068.654183270871 828.0
1068.8952898016628 805.0
1069.1363871514804 816.0
1069.3774753198418 826.0
1069.618554306263 837.0
1069.8596241102612 825.0
1070.100684731353 823.0
1070.3417361690556 806.0
1070.582778422886 819.0
1070.8238114923604 832.0
1071.0648353769964 826.0
1071.3058500763104 833.0
1071.5468555898192 829.0
1071.7878519170404 819.0
1072.02883905749 826.0
1072.2698170106853 826.0
1072.5107857761434 813.0
1072.75174535338 826.0
1072.9926957419138 826.0
1073.23363694126 808.0
1073.4745689509368 811.0
1073.7154917704597 813.0
1073.9564053993467 806.0
1074.1973098371145 825.0
1074.4382050832794 832.0
1074.6790911373587 810.0
1074.9199679988692 801.0
1075.1608356673278 808.0
1075.4016941422512 822.0
1075.6425434231562 834.0
1075.8833835095604 806.0
1076.1242144009796 835.0
1076.3650360969316 817.0
1076.6058485969324 803.0
1076.8466519004996 812.0
1077.0874460071498 820.0
1077.3282309163997 822.0
1077.5690066277664 817.0
1077.8097731407665 817.0
1078.0505304549172 817.0
1078.2912785697354 822.0
1078.5320174847377 814.0
1078.772747199441 806.0
1079.0134677133622 821.0
1079.2541790260184 825.0
1079.4948811369263 829.0
1079.7355740456023 828.0
1079.9762577515642 823.0
1080.2169322543277 821.0
1080.4575975534112 823.0
1080.6982536483301 813.0
1080.9389005386022 822.0
1081.179538223744 804.0
1081.4201667032721 810.0
1081.6607859767041 817.0
1081.9013960435564 829.0
1082.1419969033457 833.0
1082.382588555589 819.0
1082.6231709998035 822.0
1082.863744235506 826.0
1083.104308262213 825.0
1083.3448630794412 820.0
1083.5854086867082 815.0
1083.8259450835303 818.0
1084.0664722694248 820.0
1084.306990243908 830.0
1084.5474990064974 819.0
1084.7879985567097 823.0
1085.0284888940612 819.0
1085.2689700180695 815.0
1085.509441928251 820.0
1085.749904624123 816.0
1085.990358105202 813.0
1086.2308023710048 818.0
1086.4712374210485 814.0
1086.71166325485 822.0
1086.9520798719261 818.0
1087.1924872717937 817.0
1087.4328854539694 830.0
1087.6732744179706 819.0
1087.9136541633134 814.0
1088.1540246895156 817.0
1088.3943859960934 814.0
1088.6347380825637 825.0
1088.8750809484436 834.0
1089.1154145932499 822.0
1089.3557390164995 827.0
1089.5960542177095 828.0
1089.836360196396 830.0
1090.0766569520767 816.0
1090.3169444842679 813.0
1090.557222792487 823.0
1090.7974918762502 813.0
1091.037751735075 812.0
1091.2780023684782 819.0
1091.518243775976 825.0
1091.7584759570861 806.0
1091.9986989113247 823.0
1092.2389126382093 827.0
1092.4791171372563 816.0
1092.7193124079827 815.0
1092.9594984499054 819.0
1093.1996752625412 820.0
1093.4398428454072 830.0
1093.68000119802 817.0
1093.9201503198965 811.0
1094.1602902105537 817.0
1094.4004208695083 822.0
1094.6405422962773 828.0
1094.8806544903778 813.0
1095.120757451326 820.0
1095.3608511786392 816.0
1095.6009356718341 826.0
1095.8410109304282 812.0
1096.0810769539376 822.0
1096.3211337418795 818.0
1096.5611812937707 829.0
1096.8012196091279 817.0
1097.0412486874682 817.0
1097.2812685283084 815.0
1097.5212791311658 816.0
1097.7612804955563 825.0
1098.0012726209975 831.0
1098.2412555070064 829.0
1098.4812291530989 797.0
1098.721193558793 804.0
1098.961148723605 818.0
1099.2010946470518 813.0
1099.4410313286503 816.0
1099.6809587679172 813.0
1099.92087696437 814.0
1100.1607859175251 809.0
1100.400685626899 830.0
1100.640576092009 813.0
1100.880457312372 817.0
1101.1203292875052 823.0
1101.3601920169247 832.0
1101.6000455001479 816.0
1101.8398897366915 822.0
1102.079724726072 821.0
1102.3195504678072 827.0
1102.559366961413 812.0
1102.7991742064069 811.0
1103.0389722023056 824.0
1103.2787609486254 820.0
1103.5185404448844 836.0
1103.7583106905984 833.0
1103.9980716852845 813.0
1104.23782342846 825.0
1104.4775659196412 819.0
1104.7172991583454 824.0
1104.9570231440887 819.0
1105.1967378763893 815.0
1105.436443354763 825.0
1105.6761395787273 821.0
1105.9158265477986 818.0
1106.1555042614937 829.0
1106.3951727193298 829.0
1106.6348319208234 820.0
1106.8744818654923 840.0
1107.1141225528525 832.0
1107.3537539824208 810.0
1107.5933761537144 822.0
1107.8329890662503 822.0
1108.072592719545 826.0
1108.3121871131157 825.0
1108.551772246479 808.0
1108.7913481191517 813.0
1109.030914730651 821.0
1109.2704720804938 820.0
1109.5100201681967 834.0
1109.7495589932764 809.0
1109.9890885552504 821.0
1110.2286088536348 810.0
1110.4681198879473 812.0
1110.707621657704 827.0
1110.9471141624224 820.0
1111.1865974016187 820.0
1111.4260713748101 837.0
1111.665536081514 828.0
1111.9049915212463 813.0
1112.1444376935244 826.0
1112.3838745978653 820.0
1112.6233022337854 828.0
1112.8627206008023 821.0
1113.102129698432 825.0
1113.3415295261918 812.0
1113.5809200835986 822.0
1113.820301370169 820.0
1114.0596733854206 805.0
1114.2990361288694 821.0
1114.5383896000326 803.0
1114.7777337984273 816.0
1115.0170687235698 809.0
1115.2563943749778 813.0
1115.4957107521673 826.0
1115.7350178546556 814.0
1115.9743156819598 808.0
1116.213604233596 821.0
1116.452883509082 830.0
1116.692153507934 812.0
1116.9314142296694 823.0
1117.1706656738045 828.0
1117.4099078398563 820.0
1117.6491407273422 822.0
1117.8883643357783 808.0
1118.1275786646822 821.0
1118.36678371357 808.0
1118.6059794819594 812.0
1118.8451659693665 813.0
1119.0843431753085 820.0
1119.3235110993026 816.0
1119.5626697408647 810.0
1119.8018190995128 816.0
1120.0409591747637 817.0
1120.2800899661331 827.0
1120.519211473139 817.0
1120.7583236952978 840.0
1120.9974266321262 808.0
1121.236520283142 801.0
1121.4756046478608 804.0
1121.7146797258001 823.0
1121.9537455164768 824.0
1122.192802019408 830.0
1122.4318492341101 827.0
1122.6708871601 834.0
1122.909915796895 825.0
1123.1489351440111 816.0
1123.3879452009662 817.0
1123.6269459672762 829.0
1123.865937442459 824.0
1124.1049196260308 809.0
1124.3438925175087 814.0
