shot=22_gas=Ne_height=90_RF=148.5W_massflow=8000_coils=49.9A_HR4000 spectrum
Wavelength [nm] // Intensity [u.a.] 
194.93414 762.0
195.2037815346219 738.0
195.47341553816543 745.0
195.74304201014752 752.0
196.012660950085 747.0
196.28227235749478 755.0
196.55187623189366 756.0
196.82147257279857 757.0
197.09106137972637 770.0
197.36064265219392 739.0
197.63021638971804 765.0
197.89978259181567 757.0
198.16934125800364 755.0
198.43889238779886 755.0
198.7084359807181 754.0
198.97797203627835 761.0
199.2475005539964 764.0
199.51702153338914 755.0
199.78653497397343 750.0
200.05604087526618 759.0
200.3255392367842 772.0
200.59503005804436 763.0
200.8645133385636 757.0
201.1339890778587 762.0
201.4034572754466 755.0
201.67291793084408 760.0
201.94237104356813 747.0
202.21181661313554 764.0
202.48125463906314 756.0
202.7506851208679 765.0
203.02010805806663 764.0
203.28952345017618 742.0
203.55893129671344 769.0
203.8283315971953 759.0
204.0977243511386 760.0
204.3671095580602 768.0
204.636487217477 770.0
204.90585732890585 743.0
205.17521989186366 753.0
205.44457490586717 762.0
205.7139223704334 766.0
205.98326228507918 758.0
206.2525946493213 755.0
206.5219194626767 766.0
206.79123672466224 762.0
207.06054643479476 773.0
207.32984859259116 765.0
207.59914319756828 766.0
207.86843024924303 754.0
208.13770974713225 764.0
208.40698169075276 753.0
208.6762460796215 745.0
208.94550291325532 766.0
209.2147521911711 771.0
209.48399391288567 757.0
209.75322807791594 771.0
210.02245468577874 756.0
210.29167373599094 777.0
210.56088522806942 763.0
210.83008916153108 772.0
211.09928553589276 753.0
211.3684743506713 752.0
211.63765560538363 752.0
211.9068292995466 754.0
212.175995432677 748.0
212.44515400429182 759.0
212.71430501390782 775.0
212.98344846104192 750.0
213.25258434521103 753.0
213.52171266593191 769.0
213.79083342272153 746.0
214.05994661509675 755.0
214.3290522425744 766.0
214.5981503046713 761.0
214.8672408009044 755.0
215.13632373079054 769.0
215.4053990938466 767.0
215.6744668895894 752.0
215.94352711753592 750.0
216.21257977720293 767.0
216.48162486810728 782.0
216.7506623897659 766.0
217.01969234169565 762.0
217.2887147234134 774.0
217.55772953443596 755.0
217.82673677428028 750.0
218.0957364424632 761.0
218.36472853850154 762.0
218.6337130619122 771.0
218.9026900122121 766.0
219.17165938891804 761.0
219.4406211915469 767.0
219.70957541961562 747.0
219.97852207264097 760.0
220.24746115013983 768.0
220.5163926516291 767.0
220.78531657662566 770.0
221.05423292464639 762.0
221.32314169520808 750.0
221.59204288782766 740.0
221.860936502022 765.0
222.12982253730797 755.0
222.39870099320237 751.0
222.66757186922214 746.0
222.93643516488416 756.0
223.20529087970525 750.0
223.47413901320226 770.0
223.74297956489212 750.0
224.01181253429166 758.0
224.28063792091777 763.0
224.5494557242873 756.0
224.8182659439171 754.0
225.08706857932413 756.0
225.35586363002508 753.0
225.62465109553705 766.0
225.89343097537673 763.0
226.16220326906105 763.0
226.43096797610687 761.0
226.69972509603105 755.0
226.9684746283505 758.0
227.237216572582 749.0
227.50595092824256 757.0
227.7746776948489 762.0
228.04339687191796 767.0
228.31210845896663 771.0
228.5808124555117 746.0
228.84950886107015 749.0
229.11819767515877 749.0
229.38687889729442 768.0
229.65555252699397 767.0
229.92421856377433 768.0
230.1928770071524 763.0
230.46152785664492 747.0
230.73017111176884 747.0
230.99880677204106 766.0
231.26743483697837 760.0
231.53605530609772 746.0
231.8046681789159 774.0
232.07327345494983 779.0
232.34187113371638 753.0
232.61046121473237 748.0
232.87904369751473 754.0
233.14761858158028 747.0
233.41618586644586 746.0
233.68474555162845 772.0
233.95329763664483 764.0
234.2218421210119 758.0
234.49037900424648 773.0
234.7589082858655 778.0
235.02742996538583 762.0
235.29594404232427 769.0
235.56445051619772 772.0
235.8329493865231 762.0
236.10144065281722 765.0
236.36992431459691 763.0
236.63840037137916 748.0
236.9068688226808 757.0
237.1753296680186 764.0
237.44378290690955 763.0
237.7122285388704 754.0
237.9806665634181 764.0
238.24909698006957 768.0
238.51751978834153 762.0
238.78593498775095 749.0
239.0543425778147 765.0
239.32274255804958 766.0
239.59113492797255 760.0
239.8595196871004 769.0
240.12789683495004 761.0
240.3962663710383 760.0
240.66462829488208 768.0
240.93298260599826 753.0
241.2013293039037 775.0
241.46966838811522 754.0
241.73799985814978 764.0
242.00632371352418 758.0
242.27463995375527 749.0
242.54294857835998 771.0
242.81124958685515 766.0
243.07954297875764 764.0
243.34782875358434 753.0
243.61610691085207 755.0
243.88437745007772 764.0
244.15264037077822 768.0
244.42089567247035 765.0
244.68914335467105 759.0
244.95738341689716 760.0
245.2256158586655 768.0
245.493840679493 754.0
245.76205787889654 765.0
246.03026745639292 758.0
246.29846941149904 771.0
246.5666637437318 757.0
246.834850452608 760.0
247.1030295376446 763.0
247.37120099835838 756.0
247.63936483426627 747.0
247.9075210448851 742.0
248.17566962973177 756.0
248.4438105883231 738.0
248.71194392017603 752.0
248.98006962480733 760.0
249.248187701734 761.0
249.51629815047275 761.0
249.78440097054056 762.0
250.05249616145431 752.0
250.32058372273076 750.0
250.5886636538869 754.0
250.85673595443953 750.0
251.12480062390551 758.0
251.39285766180177 770.0
251.6609070676451 758.0
251.92894884095242 761.0
252.19698298124058 759.0
252.46500948802645 744.0
252.73302836082692 745.0
253.00103959915882 758.0
253.26904320253902 759.0
253.53703917048443 769.0
253.80502750251188 752.0
254.07300819813827 762.0
254.34098125688044 755.0
254.60894667825525 759.0
254.87690446177962 752.0
255.14485460697037 766.0
255.41279711334434 760.0
255.6807319804185 759.0
255.94865920770962 759.0
256.2165787947346 742.0
256.48449074101035 760.0
256.75239504605366 745.0
257.02029170938147 748.0
257.28818073051065 763.0
257.556062108958 762.0
257.8239358442404 750.0
258.0918019358748 752.0
258.35966038337796 764.0
258.6275111862668 756.0
258.8953543440582 762.0
259.163189856269 745.0
259.4310177224162 756.0
259.6988379420164 755.0
259.9666505145867 755.0
260.23445543964385 753.0
260.50225271670473 769.0
260.77004234528624 747.0
261.03782432490533 734.0
261.3055986550787 762.0
261.5733653353234 762.0
261.8411243651561 760.0
262.1088757440937 758.0
262.37661947165327 762.0
262.6443555473515 756.0
262.9120839707053 761.0
263.1798047412315 760.0
263.44751785844704 760.0
263.7152233218687 768.0
263.98292113101354 763.0
264.2506112853982 753.0
264.51829378453965 758.0
264.7859686279547 780.0
265.05363581516025 747.0
265.32129534567326 749.0
265.5889472190105 760.0
265.8565914346889 754.0
266.1242279922252 755.0
266.39185689113634 752.0
266.65947813093925 747.0
266.9270917111508 771.0
267.19469763128774 750.0
267.46229589086704 766.0
267.72988648940554 776.0
267.9974694264201 759.0
268.2650447014276 777.0
268.53261231394487 766.0
268.80017226348883 756.0
269.0677245495763 747.0
269.3352691717242 755.0
269.60280612944933 760.0
269.8703354222686 776.0
270.13785704969894 755.0
270.40537101125716 756.0
270.67287730646007 764.0
270.9403759348246 768.0
271.2078668958677 756.0
271.47535018910605 755.0
271.7428258140567 758.0
272.01029377023633 756.0
272.2777540571619 750.0
272.5452066743504 768.0
272.81265162131854 759.0
273.08008889758327 762.0
273.34751850266144 742.0
273.6149404360698 755.0
273.8823546973254 763.0
274.1497612859451 748.0
274.4171602014456 743.0
274.6845514433439 742.0
274.95193501115676 753.0
275.2193109044012 760.0
275.486679122594 760.0
275.7540396652521 756.0
276.02139253189216 754.0
276.2887377220313 760.0
276.55607523518626 768.0
276.82340507087395 742.0
277.09072722861123 760.0
277.3580417079149 752.0
277.62534850830195 756.0
277.8926476292892 756.0
278.1599390703934 735.0
278.4272228311316 758.0
278.69449891102056 753.0
278.96176730957717 744.0
279.22902802631836 741.0
279.4962810607609 751.0
279.76352641242164 760.0
280.0307640808177 758.0
280.29799406546556 759.0
280.5652163658824 753.0
280.8324309815849 746.0
281.09963791209003 756.0
281.3668371569146 751.0
281.6340287155756 752.0
281.9012125875897 745.0
282.168388772474 759.0
282.4355572697452 763.0
282.7027180789201 771.0
282.9698711995158 760.0
283.23701663104896 756.0
283.50415437303667 747.0
283.77128442499554 749.0
284.0384067864426 744.0
284.3055214568946 744.0
284.57262843586864 761.0
284.8397277228814 747.0
285.1068193174497 744.0
285.37390321909055 758.0
285.6409794273207 769.0
285.9080479416572 750.0
286.1751087616167 754.0
286.4421618867162 750.0
286.7092073164725 740.0
286.9762450504025 751.0
287.24327508802315 757.0
287.5102974288511 747.0
287.77731207240345 763.0
288.04431901819703 750.0
288.3113182657485 754.0
288.578309814575 745.0
288.84529366419326 756.0
289.1122698141201 747.0
289.37923826387254 749.0
289.6461990129674 747.0
289.91315206092133 752.0
290.18009740725154 771.0
290.44703505147464 759.0
290.7139649931077 758.0
290.98088723166734 751.0
291.24780176667065 753.0
291.5147085976344 759.0
291.78160772407557 761.0
292.04849914551085 758.0
292.3153828614572 766.0
292.58225887143146 762.0
292.8491271749505 756.0
293.1159877715313 766.0
293.3828406606906 766.0
293.6496858419453 761.0
293.9165233148123 769.0
294.1833530788084 753.0
294.4501751334505 762.0
294.71698947825547 752.0
294.9837961127402 749.0
295.2505950364216 755.0
295.5173862488164 756.0
295.78416974944156 757.0
296.050945537814 747.0
296.31771361345045 750.0
296.584473975868 755.0
296.8512266245832 756.0
297.11797155911313 762.0
297.38470877897464 774.0
297.6514382836846 774.0
297.9181600727598 751.0
298.18487414571723 770.0
298.4515805020736 764.0
298.71827914134593 750.0
298.9849700630511 763.0
299.2516532667058 755.0
299.518328751827 767.0
299.78499651793163 773.0
300.0516565645365 770.0
300.3183088911584 770.0
300.58495349731436 766.0
300.8515903825211 755.0
301.1182195462956 745.0
301.3848409881546 734.0
301.65145470761513 765.0
301.91806070419403 748.0
302.184658977408 755.0
302.4512495267741 763.0
302.7178323518091 771.0
302.9844074520298 754.0
303.2509748269532 752.0
303.5175344760962 749.0
303.78408639897555 755.0
304.0506305951082 740.0
304.31716706401096 748.0
304.58369580520065 740.0
304.8502168181943 754.0
305.1167301025086 764.0
305.3832356576606 757.0
305.649733483167 749.0
305.9162235785447 756.0
306.1827059433106 769.0
306.4491805769817 748.0
306.7156474790747 763.0
306.98210664910647 757.0
307.2485580865939 770.0
307.5150017910539 754.0
307.7814377620034 759.0
308.0478659989591 753.0
308.31428650143795 755.0
308.58069926895683 756.0
308.8471043010326 748.0
309.1135015971821 764.0
309.37989115692227 754.0
309.6462729797699 764.0
309.91264706524197 752.0
310.1790134128551 751.0
310.4453720221265 754.0
310.71172289257277 748.0
310.97806602371094 743.0
311.2444014150577 738.0
311.5107290661301 769.0
311.777048976445 771.0
312.04336114551904 763.0
312.30966557286945 752.0
312.5759622580128 753.0
312.8422512004661 747.0
313.1085323997461 776.0
313.3748058553698 762.0
313.641071566854 760.0
313.90732953371554 754.0
314.17357975547145 759.0
314.4398222316384 758.0
314.70605696173334 753.0
314.9722839452731 760.0
315.23850318177466 756.0
315.50471467075477 756.0
315.7709184117303 746.0
316.0371144042182 772.0
316.3033026477353 754.0
316.56948314179846 745.0
316.8356558859246 754.0
317.1018208796305 754.0
317.36797812243304 750.0
317.6341276138491 763.0
317.90026935339563 751.0
318.1664033405894 759.0
318.4325295749473 753.0
318.6986480559862 761.0
318.96475878322303 747.0
319.2308617561746 758.0
319.4969569743577 759.0
319.76304443728935 772.0
320.0291241444864 763.0
320.2951960954656 771.0
320.5612602897438 759.0
320.82731672683815 759.0
321.0933654062652 746.0
321.359406327542 758.0
321.6254394901853 761.0
321.891464893712 757.0
322.157482537639 753.0
322.4234924214832 752.0
322.68949454476143 754.0
322.95548890699064 742.0
323.2214755076875 761.0
323.487454346369 768.0
323.753425422552 743.0
324.01938873575347 762.0
324.2853442854901 760.0
324.55129207127885 750.0
324.8172320926366 757.0
325.08316434908016 766.0
325.34908884012646 761.0
325.61500556529234 761.0
325.8809145240947 764.0
326.14681571605024 757.0
326.4127091406761 756.0
326.6785947974889 761.0
326.9444726860058 771.0
327.2103428057433 762.0
327.47620515621855 758.0
327.74205973694836 756.0
328.00790654744947 754.0
328.2737455872389 745.0
328.5395768558335 754.0
328.80540035275004 750.0
329.0712160775054 746.0
329.33702402961654 752.0
329.6028242086002 748.0
329.86861661397353 768.0
330.13440124525306 768.0
330.4001781019559 751.0
330.66594718359863 758.0
330.9317084896984 775.0
331.19746201977205 764.0
331.46320777333636 766.0
331.7289457499082 753.0
331.9946759490044 750.0
332.2603983701419 757.0
332.5261130128375 758.0
332.79181987660826 753.0
333.05751896097087 754.0
333.3232102654422 775.0
333.58889378953916 742.0
333.85456953277856 746.0
334.1202374946774 753.0
334.38589767475247 749.0
334.6515500725206 741.0
334.9171946874987 769.0
335.18283151920355 763.0
335.4484605671522 759.0
335.7140818308614 745.0
335.97969530984807 753.0
336.245301003629 763.0
336.51089891172114 750.0
336.77648903364127 764.0
337.04207136890636 759.0
337.30764591703326 764.0
337.5732126775387 758.0
337.83877164993976 749.0
338.10432283375314 761.0
338.36986622849577 765.0
338.63540183368457 759.0
338.9009296488363 758.0
339.16644967346787 760.0
339.4319619070962 774.0
339.6974663492381 762.0
339.9629629994105 759.0
340.22845185713027 759.0
340.4939329219141 767.0
340.75940619327906 746.0
341.02487167074196 765.0
341.2903293538197 766.0
341.555779242029 762.0
341.821221334887 762.0
342.0866556319103 740.0
342.3520821326158 748.0
342.6175008365205 766.0
342.8829117431413 757.0
343.1483148519949 762.0
343.41371016259825 756.0
343.6790976744682 762.0
343.9444773871216 749.0
344.20984930007546 741.0
344.4752134128465 750.0
344.74056972495157 758.0
345.0059182359076 759.0
345.27125894523147 761.0
345.53659185244 751.0
345.80191695705014 749.0
346.0672342585787 757.0
346.3325437565426 771.0
346.5978454504585 768.0
346.8631393398436 763.0
347.1284254242145 766.0
347.3937037030882 767.0
347.6589741759816 766.0
347.92423684241146 760.0
348.1894917018946 756.0
348.4547387539481 766.0
348.71997799808867 758.0
348.9852094338332 762.0
349.2504330606986 766.0
349.51564887820166 753.0
349.7808568858593 769.0
350.0460570831885 765.0
350.31124946970584 757.0
350.57643404492853 750.0
350.84161080837316 770.0
351.1067797595568 769.0
351.3719408979961 776.0
351.63709422320824 779.0
351.90223973470984 772.0
352.16737743201776 766.0
352.43250731464894 772.0
352.69762938212034 771.0
352.9627436339487 763.0
353.2278500696509 748.0
353.49294868874387 771.0
353.7580394907444 758.0
354.02312247516943 773.0
354.28819764153576 766.0
354.55326498936034 768.0
354.81832451816 770.0
355.08337622745165 758.0
355.348420116752 764.0
355.613456185578 759.0
355.8784844334467 748.0
356.1435048598747 754.0
356.4085174643791 767.0
356.6735222464765 758.0
356.938519205684 765.0
357.2035083415184 756.0
357.46848965349653 765.0
357.73346314113536 764.0
357.9984288039516 760.0
358.2633866414622 772.0
358.528336653184 754.0
358.793278838634 754.0
359.05821319732894 762.0
359.3231397287857 764.0
359.5880584325211 770.0
359.8529693080521 741.0
360.1178723548955 748.0
360.3827675725683 761.0
360.64765496058726 754.0
360.9125345184692 741.0
361.1774062457311 759.0
361.44227014188965 759.0
361.707126206462 772.0
361.9719744389649 763.0
362.2368148389151 754.0
362.5016474058295 757.0
362.766472139225 764.0
363.0312890386186 749.0
363.296098103527 761.0
363.5608993334672 751.0
363.82569272795587 757.0
364.09047828651006 755.0
364.35525600864656 761.0
364.6200258938823 767.0
364.8847879417341 757.0
365.1495421517188 759.0
365.41428852335326 768.0
365.67902705615444 761.0
365.9437577496392 759.0
366.2084806033243 767.0
366.4731956167267 779.0
366.7379027893632 778.0
367.0026021207507 763.0
367.2672936104061 764.0
367.5319772578463 756.0
367.79665306258806 753.0
368.06132102414836 758.0
368.32598114204393 760.0
368.59063341579173 752.0
368.85527784490864 759.0
369.1199144289115 744.0
369.3845431673172 756.0
369.6491640596426 750.0
369.91377710540445 765.0
370.1783823041198 764.0
370.44297965530546 759.0
370.70756915847835 755.0
370.97215081315517 747.0
371.2367246188529 749.0
371.5012905750884 758.0
371.7658486813786 753.0
372.0303989372402 764.0
372.29494134219027 758.0
372.5594758957455 760.0
372.82400259742286 765.0
373.08852144673915 762.0
373.3530324432114 760.0
373.6175355863563 770.0
373.8820308756908 762.0
374.1465183107317 756.0
374.410997890996 743.0
374.6754696160004 754.0
374.93993348526186 761.0
375.2043894982973 764.0
375.4688376546235 756.0
375.7332779537573 769.0
375.9977103952157 764.0
376.26213497851546 759.0
376.52655170317354 758.0
376.7909605687067 756.0
377.05536157463183 761.0
377.3197547204658 758.0
377.5841400057256 744.0
377.84851742992794 755.0
378.11288699258984 773.0
378.37724869322795 751.0
378.64160253135935 750.0
378.90594850650075 763.0
379.1702866181692 753.0
379.4346168658814 740.0
379.69893924915425 771.0
379.9632537675047 763.0
380.2275604204495 754.0
380.49185920750574 771.0
380.75615012819 766.0
381.0204331820193 754.0
381.2847083685105 743.0
381.5489756871804 764.0
381.8132351375459 753.0
382.07748671912407 758.0
382.34173043143153 768.0
382.6059662739852 740.0
382.8701942463019 762.0
383.1344143478986 748.0
383.3986265782921 759.0
383.6628309369994 771.0
383.92702742353725 767.0
384.1912160374225 766.0
384.45539677817203 759.0
384.7195696453027 764.0
384.98373463833155 754.0
385.2478917567753 761.0
385.5120410001507 749.0
385.7761823679748 748.0
386.0403158597644 763.0
386.30444147503647 745.0
386.5685592133077 747.0
386.8326690740951 755.0
387.09677105691543 771.0
387.36086516128563 772.0
387.6249513867226 768.0
387.88902973274315 774.0
388.15310019886414 755.0
388.41716278460245 757.0
388.68121748947493 774.0
388.9452643129986 759.0
389.2093032546901 776.0
389.47333431406645 773.0
389.73735749064434 754.0
390.0013727839409 760.0
390.2653801934728 759.0
390.52937971875696 748.0
390.7933713593103 752.0
391.05735511464974 765.0
391.3213309842919 744.0
391.5852989677539 744.0
391.8492590645524 769.0
392.1132112742045 746.0
392.37715559622694 752.0
392.6410920301366 739.0
392.9050205754503 754.0
393.1689412316849 747.0
393.43285399835736 754.0
393.69675887498465 759.0
393.96065586108335 759.0
394.2245449561705 770.0
394.4884261597629 757.0
394.75229947137757 754.0
395.01616489053123 760.0
395.28002241674085 749.0
395.5438720495231 761.0
395.80771378839506 753.0
396.0715476328735 748.0
396.33537358247537 770.0
396.5991916367174 757.0
396.86300179511665 759.0
397.12680405718976 761.0
397.39059842245376 754.0
397.65438489042543 765.0
397.91816346062177 746.0
398.18193413255955 759.0
398.4456969057556 754.0
398.7094517797268 757.0
398.97319875399006 761.0
399.2369378280623 750.0
399.50066900146027 758.0
399.764392273701 756.0
400.02810764430114 757.0
400.2918151127777 762.0
400.55551467864757 759.0
400.81920634142756 763.0
401.08289010063453 748.0
401.34656595578537 754.0
401.6102339063969 761.0
401.8738939519861 765.0
402.1375460920697 756.0
402.4011903261647 768.0
402.6648266537879 755.0
402.92845507445617 765.0
403.1920755876863 759.0
403.4556881929953 759.0
403.71929288990003 749.0
403.98288967791734 758.0
404.246478556564 762.0
404.5100595253569 755.0
404.77363258381297 762.0
405.03719773144906 746.0
405.3007549677821 762.0
405.56430429232887 767.0
405.82784570460626 765.0
406.0913792041311 756.0
406.35490479042033 757.0
406.61842246299085 760.0
406.88193222135936 766.0
407.14543406504293 754.0
407.4089279935582 750.0
407.6724140064223 763.0
407.9358921031519 748.0
408.19936228326395 741.0
408.4628245462754 738.0
408.7262788917029 754.0
408.9897253190635 753.0
409.25316382787395 756.0
409.5165944176513 749.0
409.7800170879122 765.0
410.04343183817366 775.0
410.30683866795243 770.0
410.57023757676546 769.0
410.83362856412975 766.0
411.09701162956185 759.0
411.3603867725789 766.0
411.62375399269763 748.0
411.887113289435 772.0
412.1504646623078 755.0
412.4138081108329 770.0
412.6771436345273 762.0
412.94047123290767 765.0
413.20379090549096 750.0
413.46710265179405 754.0
413.7304064713339 761.0
413.9937023636272 751.0
414.25699032819097 753.0
414.52027036454194 769.0
414.78354247219704 764.0
415.0468066506732 774.0
415.31006289948726 764.0
415.5733112181561 759.0
415.83655160619645 752.0
416.0997840631253 755.0
416.3630085884595 750.0
416.62622518171594 754.0
416.8894338424115 763.0
417.152634570063 761.0
417.4158273641873 755.0
417.67901222430123 768.0
417.9421891499217 757.0
418.2053581405658 755.0
418.46851919575005 765.0
418.7316723149915 750.0
418.99481749780693 769.0
419.2579547437133 762.0
419.5210840522274 761.0
419.78420542286625 757.0
420.04731885514644 765.0
420.31042434858506 758.0
420.573521902699 746.0
420.83661151700494 757.0
421.0996931910199 765.0
421.3627669242608 757.0
421.6258327162443 754.0
421.88889056648736 743.0
422.1519404745069 744.0
422.41498243981977 764.0
422.6780164619429 747.0
422.9410425403929 753.0
423.2040606746869 751.0
423.46707086434174 769.0
423.7300731088742 766.0
423.9930674078012 735.0
424.25605376063965 758.0
424.5190321669063 752.0
424.782002626118 750.0
425.0449651377918 754.0
425.30791970144446 749.0
425.57086631659286 768.0
425.83380498275386 771.0
426.0967356994443 754.0
426.3596584661811 745.0
426.6225732824811 761.0
426.88548014786113 762.0
427.14837906183817 761.0
427.411270023929 760.0
427.6741530336505 761.0
427.9370280905195 759.0
428.199895194053 765.0
428.46275434376776 764.0
428.72560553918066 739.0
428.98844877980855 755.0
429.2512840651683 764.0
429.51411139477693 770.0
429.77693076815115 745.0
430.03974218480784 756.0
430.3025456442639 750.0
430.5653411460361 753.0
430.82812868964146 755.0
431.09090827459687 765.0
431.353679900419 768.0
431.61644356662487 772.0
431.87919927273134 758.0
432.1419470182551 760.0
432.40468680271334 768.0
432.66741862562276 752.0
432.93014248650013 758.0
433.1928583848624 776.0
433.45556632022647 754.0
433.7182662921092 756.0
433.9809583000275 765.0
434.24364234349815 762.0
434.506318422038 764.0
434.768986535164 753.0
435.031646682393 756.0
435.2942988632418 753.0
435.55694307722734 759.0
435.81957932386655 762.0
436.08220760267614 764.0
436.34482791317305 754.0
436.6074402548742 746.0
436.8700446272964 752.0
437.1326410299566 761.0
437.3952294623715 763.0
437.65780992405803 759.0
437.9203824145332 760.0
438.1829469333138 756.0
438.4455034799166 762.0
438.7080520538586 766.0
438.9705926546565 763.0
439.23312528182737 762.0
439.49564993488787 746.0
439.7581666133551 759.0
440.0206753167459 760.0
440.28317604457686 762.0
440.5456687963651 761.0
440.8081535716274 763.0
441.07063036988075 752.0
441.3330991906418 770.0
441.5955600334276 782.0
441.858012897755 758.0
442.12045778314075 770.0
442.3828946891018 758.0
442.6453236151551 756.0
442.9077445608174 762.0
443.17015752560553 770.0
443.4325625090365 754.0
443.69495951062703 753.0
443.95734852989415 759.0
444.21972956635454 760.0
444.4821026195253 744.0
444.74446768892307 737.0
445.00682477406485 757.0
445.2691738744674 759.0
445.5315149896478 760.0
445.79384811912274 759.0
446.05617326240906 763.0
446.31849041902376 764.0
446.58079958848356 764.0
446.8431007703055 771.0
447.10539396400634 763.0
447.367679169103 763.0
447.6299563851123 752.0
447.892225611551 745.0
448.15448684793625 760.0
448.4167400937847 773.0
448.67898534861325 753.0
448.9412226119389 757.0
449.2034518832783 752.0
449.46567316214856 757.0
449.72788644806633 769.0
449.99009174054856 763.0
450.2522890391122 756.0
450.514478343274 765.0
450.77665965255085 753.0
451.0388329664597 758.0
451.30099828451733 763.0
451.5631556062406 766.0
451.82530493114655 758.0
452.08744625875175 758.0
452.3495795885734 771.0
452.6117049201281 760.0
452.87382225293277 755.0
453.13593158650446 747.0
453.3980329203598 736.0
453.6601262540158 745.0
453.9222115869893 742.0
454.1842889187971 760.0
454.4463582489562 756.0
454.70841957698343 752.0
454.97047290239556 746.0
455.23251822470957 758.0
455.49455554344223 753.0
455.75658485811044 746.0
456.0186061682312 747.0
456.2806194733211 760.0
456.5426247728973 756.0
456.8046220664765 756.0
457.0666113535756 757.0
457.32859263371154 748.0
457.5905659064011 754.0
457.8525311711611 761.0
458.1144884275086 749.0
458.37643767496024 775.0
458.6383789130331 748.0
458.9003121412439 741.0
459.1622373591095 749.0
459.4241545661469 754.0
459.68606376187284 764.0
459.9479649458043 754.0
460.2098581174581 748.0
460.471743276351 744.0
460.733620422 759.0
460.9954895539219 756.0
461.2573506716337 765.0
461.51920377465206 756.0
461.78104886249406 765.0
462.0428859346764 750.0
462.304714990716 768.0
462.5665360301298 757.0
462.82834905243453 776.0
463.09015405714723 760.0
463.35195104378465 778.0
463.6137400118636 765.0
463.8755209609011 757.0
464.13729389041396 765.0
464.399058799919 752.0
464.6608156889332 758.0
464.92256455697327 762.0
465.18430540355615 754.0
465.4460382281988 766.0
465.707763030418 767.0
465.96947980973056 757.0
466.23118856565344 740.0
466.49288929770347 753.0
466.75458200539765 751.0
467.0162666882526 754.0
467.27794334578533 759.0
467.5396119775127 752.0
467.8012725829516 757.0
468.0629251616188 761.0
468.3245697130314 757.0
468.586206236706 754.0
468.8478347321596 768.0
469.109455198909 761.0
469.3710676364711 757.0
469.6326720443629 764.0
469.89426842210105 755.0
470.1558567692025 751.0
470.4174370851842 762.0
470.6790093695629 761.0
470.94057362185555 770.0
471.20212984157905 758.0
471.4636780282501 760.0
471.72521818138574 762.0
471.9867503005027 768.0
472.248274385118 762.0
472.5097904347484 765.0
472.7712984489108 770.0
473.03279842712203 744.0
473.29429036889906 760.0
473.55577427375863 760.0
473.8172501412177 773.0
474.07871797079315 754.0
474.34017776200176 769.0
474.6016295143605 764.0
474.8630732273861 756.0
475.1245089005955 752.0
475.3859365335057 746.0
475.64735612563334 761.0
475.9087676764954 754.0
476.1701711856088 760.0
476.4315666524903 766.0
476.6929540766569 752.0
476.95433345762535 760.0
477.2157047949125 755.0
477.47706808803537 752.0
477.7384233365106 745.0
477.9997705398553 754.0
478.26110969758616 760.0
478.52244080922014 774.0
478.78376387427414 770.0
479.04507889226494 769.0
479.3063858627094 779.0
479.5676847851245 754.0
479.828975659027 747.0
480.0902584839338 759.0
480.3515332593618 741.0
480.61279998482775 755.0
480.8740586598487 734.0
481.13530928394147 753.0
481.3965518566228 758.0
481.65778637740965 750.0
481.9190128458189 768.0
482.1802312613674 763.0
482.4414416235721 753.0
482.70264393194964 770.0
482.9638381860171 740.0
483.2250243852913 750.0
483.4862025292891 754.0
483.7473726175273 759.0
484.0085346495229 753.0
484.26968862479265 756.0
484.5308345428534 769.0
484.79197240322225 757.0
485.0531022054157 747.0
485.314223948951 758.0
485.57533763334476 762.0
485.8364432581139 753.0
486.0975408227754 763.0
486.35863032684597 779.0
486.61971176984247 764.0
486.880785151282 768.0
487.1418504706812 760.0
487.402907727557 766.0
487.66395692142635 757.0
487.92499805180597 758.0
488.18603111821284 770.0
488.44705612016384 763.0
488.7080730571757 758.0
488.9690819287655 775.0
489.2300827344499 763.0
489.49107547374587 763.0
489.75206014617027 744.0
490.01303675124 757.0
490.27400528847187 766.0
490.53496575738274 751.0
490.79591815748955 753.0
491.05686248830915 761.0
491.31779874935836 762.0
491.57872694015396 750.0
491.8396470602131 752.0
492.1005591090524 764.0
492.3614630861888 745.0
492.6223589911392 752.0
492.88324682342045 788.0
493.14412658254946 767.0
493.40499826804296 752.0
493.66586187941795 761.0
493.92671741619125 755.0
494.18756487787977 752.0
494.44840426400026 760.0
494.70923557406974 768.0
494.97005880760497 781.0
495.23087396412285 756.0
495.4916810431403 756.0
495.7524800441741 753.0
496.01327096674123 765.0
496.27405381035845 775.0
496.53482857454264 777.0
496.79559525881075 772.0
497.05635386267954 759.0
497.31710438566597 769.0
497.57784682728686 764.0
497.8385811870591 762.0
498.0993074644995 744.0
498.360025659125 764.0
498.6207357704524 757.0
498.88143779799873 769.0
499.14213174128065 777.0
499.40281759981514 766.0
499.6634953731191 761.0
499.92416506070924 751.0
500.1848266621026 759.0
500.445480176816 761.0
500.70612560436615 754.0
500.96676294427016 776.0
501.22739219604483 762.0
501.48801335920695 760.0
501.74862643327344 774.0
502.00923141776116 760.0
502.2698283121869 758.0
502.5304171160677 739.0
502.7909978289203 756.0
503.0515704502616 753.0
503.31213497960846 757.0
503.57269141647777 761.0
503.8332397603864 747.0
504.09378001085116 749.0
504.354312167389 759.0
504.6148362295168 754.0
504.8753521967513 766.0
505.1358600686094 752.0
505.3963598446082 762.0
505.6568515242642 751.0
505.9173351070945 760.0
506.17781059261597 758.0
506.4382779803454 766.0
506.69873726979966 761.0
506.95918846049574 771.0
507.2196315519502 753.0
507.4800665436803 759.0
507.74049343520267 768.0
508.00091222603425 762.0
508.261322915692 785.0
508.5217255036924 764.0
508.7821199895529 770.0
509.0425063727899 761.0
509.3028846529204 755.0
509.5632548294615 763.0
509.8236169019296 760.0
510.0839708698421 763.0
510.3443167327155 759.0
510.60465449006676 763.0
510.8649841414127 764.0
511.12530568627034 749.0
511.3856191241566 754.0
511.64592445458794 767.0
511.90622167708165 761.0
512.1665107911545 760.0
512.4267917963232 768.0
512.6870646921047 762.0
512.947329478016 761.0
513.2075861535739 761.0
513.467834718295 777.0
513.7280751716964 761.0
513.9883075132952 770.0
514.248531742608 769.0
514.5087478591515 778.0
514.7689558624429 761.0
515.0291557519989 763.0
515.2893475273365 776.0
515.5495311879723 762.0
515.8097067334235 775.0
516.0698741632067 769.0
516.3300334768389 765.0
516.5901846738369 768.0
516.8503277537177 751.0
517.1104627159981 758.0
517.3705895601947 772.0
517.630708285825 757.0
517.8908188924053 768.0
518.1509213794526 748.0
518.411015746484 762.0
518.6711019930159 756.0
518.9311801185657 769.0
519.19125012265 762.0
519.4513120047856 771.0
519.7113657644896 758.0
519.9714114012784 761.0
520.2314489146695 773.0
520.4914783041794 763.0
520.751499569325 756.0
521.0115127096234 764.0
521.271517724591 775.0
521.5315146137451 767.0
521.7915033766022 763.0
522.0514840126796 764.0
522.3114565214938 775.0
522.5714209025618 762.0
522.8313771554007 770.0
523.0913252795269 762.0
523.3512652744578 765.0
523.6111971397097 764.0
523.8711208747998 766.0
524.1310364792452 756.0
524.390943952562 753.0
524.6508432942679 760.0
524.9107345038794 769.0
525.1706175809132 774.0
525.4304925248866 762.0
525.690359335316 757.0
525.9502180117188 762.0
526.2100685536113 755.0
526.4699109605107 757.0
526.729745231934 760.0
526.9895713673975 774.0
527.2493893664187 764.0
527.5091992285141 743.0
527.7690009532007 747.0
528.0287945399953 749.0
528.2885799884149 744.0
528.5483572979764 749.0
528.8081264681963 761.0
529.0678874985917 772.0
529.3276403886796 762.0
529.5873851379768 757.0
529.8471217460001 762.0
530.1068502122662 766.0
530.3665705362923 768.0
530.6262827175951 767.0
530.8859867556915 775.0
531.1456826500984 766.0
531.4053704003326 748.0
531.6650500059111 755.0
531.9247214663504 770.0
532.1843847811678 754.0
532.4440399498801 767.0
532.7036869720038 765.0
532.9633258470562 766.0
533.222956574554 777.0
533.4825791540142 757.0
533.7421935849534 763.0
534.0017998668885 771.0
534.2613979993366 772.0
534.5209879818145 774.0
534.780569813839 776.0
535.0401434949268 763.0
535.2997090245951 768.0
535.5592664023607 758.0
535.8188156277402 753.0
536.0783567002508 768.0
536.3378896194092 763.0
536.5974143847321 766.0
536.8569309957369 764.0
537.1164394519398 761.0
537.3759397528582 760.0
537.6354318980087 763.0
537.8949158869082 750.0
538.1543917190737 755.0
538.4138593940218 770.0
538.6733189112697 772.0
538.932770270334 768.0
539.1922134707318 762.0
539.4516485119797 768.0
539.7110753935946 761.0
539.9704941150937 759.0
540.2299046759937 759.0
540.4893070758112 763.0
540.7487013140633 764.0
541.008087390267 766.0
541.2674653039389 747.0
541.526835054596 756.0
541.7861966417552 749.0
542.0455500649333 758.0
542.3048953236471 761.0
542.5642324174137 760.0
542.8235613457497 761.0
543.0828821081722 760.0
543.3421947041979 762.0
543.6014991333436 760.0
543.8607953951266 766.0
544.1200834890632 761.0
544.3793634146708 764.0
544.6386351714658 758.0
544.8978987589653 765.0
545.1571541766862 757.0
545.4164014241451 761.0
545.6756405008593 764.0
545.9348714063455 751.0
546.1940941401203 759.0
546.4533087017008 759.0
546.712515090604 762.0
546.9717133063466 768.0
547.2309033484453 763.0
547.4900852164174 749.0
547.7492589097793 762.0
548.0084244280482 742.0
548.2675817707409 751.0
548.526730937374 746.0
548.7858719274648 738.0
549.0450047405299 759.0
549.3041293760863 755.0
549.5632458336507 766.0
549.82235411274 740.0
550.0814542128714 757.0
550.3405461335612 753.0
550.5996298743269 752.0
550.8587054346848 756.0
551.117772814152 763.0
551.3768320122455 750.0
551.6358830284819 758.0
551.8949258623783 759.0
552.1539605134514 754.0
552.4129869812182 760.0
552.6720052651955 762.0
552.9310153649002 748.0
553.1900172798491 760.0
553.4490110095592 758.0
553.7079965535472 757.0
553.9669739113302 771.0
554.2259430824248 761.0
554.484904066348 766.0
554.7438568626167 756.0
555.0028014707476 762.0
555.261737890258 762.0
555.520666120664 757.0
555.7795861614834 761.0
556.0384980122324 757.0
556.2974016724281 758.0
556.5562971415874 752.0
556.8151844192269 754.0
557.0740635048638 769.0
557.3329343980148 771.0
557.5917970981968 766.0
557.8506516049267 755.0
558.1094979177213 761.0
558.3683360360976 752.0
558.6271659595724 756.0
558.8859876876625 764.0
559.1448012198848 769.0
559.4036065557561 754.0
559.6624036947936 747.0
559.9211926365136 745.0
560.1799733804337 769.0
560.43874592607 747.0
560.6975102729399 757.0
560.9562664205602 760.0
561.2150143684473 757.0
561.4737541161188 759.0
561.732485663091 749.0
561.9912090088809 750.0
562.2499241530056 765.0
562.5086310949818 754.0
562.7673298343262 764.0
563.026020370556 749.0
563.2847027031879 752.0
563.5433768317389 764.0
563.8020427557254 773.0
564.0607004746649 761.0
564.3193499880738 761.0
564.5779912954692 770.0
564.8366243963679 756.0
565.0952492902868 760.0
565.3538659767429 767.0
565.6124744552527 762.0
565.8710747253335 753.0
566.1296667865018 762.0
566.3882506382747 773.0
566.6468262801691 758.0
566.9053937117014 761.0
567.1639529323893 753.0
567.4225039417488 756.0
567.6810467392974 753.0
567.9395813245517 762.0
568.1981076970284 772.0
568.4566258562448 766.0
568.7151358017175 755.0
568.9736375329633 754.0
569.2321310494995 760.0
569.4906163508422 759.0
569.749093436509 773.0
570.0075623060163 753.0
570.2660229588813 771.0
570.5244753946206 784.0
570.7829196127512 757.0
571.0413556127901 768.0
571.2997833942537 751.0
571.5582029566596 761.0
571.8166142995238 761.0
572.075017422364 752.0
572.3334123246967 761.0
572.5917990060384 758.0
572.8501774659068 750.0
573.108547703818 765.0
573.3669097192892 771.0
573.6252635118373 758.0
573.8836090809789 752.0
574.1419464262314 761.0
574.400275547111 751.0
574.6585964431351 745.0
574.9169091138205 752.0
575.1752135586836 764.0
575.4335097772419 755.0
575.6917977690118 778.0
575.9500775335105 772.0
576.2083490702545 776.0
576.4666123787609 770.0
576.7248674585469 766.0
576.9831143091286 758.0
577.2413529300236 780.0
577.4995833207483 757.0
577.7578054808198 748.0
578.0160194097549 758.0
578.2742251070703 755.0
578.5324225722832 755.0
578.7906118049101 770.0
579.0487928044681 777.0
579.3069655704743 760.0
579.565130102445 757.0
579.8232863998975 751.0
580.0814344623485 756.0
580.339574289315 750.0
580.5977058803137 769.0
580.8558292348614 778.0
581.1139443524753 761.0
581.3720512326721 751.0
581.6301498749685 761.0
581.8882402788817 757.0
582.146322443928 776.0
582.4043963696251 758.0
582.6624620554893 774.0
582.9205195010375 764.0
583.1785687057866 758.0
583.4366096692537 771.0
583.6946423909554 773.0
583.9526668704085 819.0
584.2106831071303 848.0
584.4686911006373 892.0
584.7266908504463 939.0
584.9846823560746 969.0
585.2426656170385 1091.0
585.5006406328554 1143.0
585.7586074030418 1222.0
586.0165659271148 1067.0
586.2745162045912 880.0
586.5324582349878 804.0
586.7903920178214 803.0
587.0483175526091 790.0
587.3062348388676 786.0
587.5641438761138 775.0
587.8220446638645 783.0
588.0799372016369 801.0
588.3378214889474 818.0
588.5956975253132 819.0
588.8535653102509 799.0
589.1114248432776 772.0
589.3692761239103 776.0
589.6271191516653 780.0
589.88495392606 772.0
590.1427804466111 775.0
590.4005987128355 780.0
590.6584087242501 788.0
590.9162104803713 777.0
591.1740039807169 758.0
591.4317892248029 766.0
591.6895662121466 784.0
591.9473349422648 776.0
592.2050954146741 763.0
592.462847628892 768.0
592.7205915844347 771.0
592.9783272808194 770.0
593.236054717563 784.0
593.493773894182 777.0
593.7514848101939 772.0
594.009187465115 798.0
594.2668818584625 807.0
594.5245679897531 814.0
594.7822458585038 821.0
595.0399154642313 828.0
595.2975768064524 800.0
595.5552298846843 767.0
595.8128746984438 769.0
596.0705112472474 765.0
596.3281395306126 766.0
596.5857595480555 786.0
596.8433712990935 776.0
597.1009747832434 778.0
597.3585700000219 780.0
597.6161569489462 789.0
597.8737356295327 789.0
598.1313060412986 789.0
598.3888681837607 778.0
598.6464220564358 759.0
598.9039676588409 769.0
599.1615049904925 774.0
599.4190340509081 761.0
599.676554839604 753.0
599.9340673560972 749.0
600.1915715999048 748.0
600.4490675705435 771.0
600.7065552675302 752.0
600.9640346903817 765.0
601.221505838615 758.0
601.4789687117469 753.0
601.7364233092942 767.0
601.9938696307739 760.0
602.2513076757026 769.0
602.5087374435976 740.0
602.7661589339755 753.0
603.023572146353 776.0
603.2809770802475 782.0
603.5383737351752 799.0
603.7957621106534 783.0
604.053142206199 764.0
604.3105140213286 774.0
604.5678775555593 755.0
604.8252328084078 761.0
605.0825797793912 776.0
605.3399184680261 772.0
605.5972488738295 751.0
605.8545709963181 745.0
606.111884835009 772.0
606.3691903894193 776.0
606.6264876590651 796.0
606.883776643464 788.0
607.1410573421324 775.0
607.3983297545875 800.0
607.6555938803461 834.0
607.9128497189247 857.0
608.1700972698408 833.0
608.4273365326108 786.0
608.6845675067516 819.0
608.9417901917803 807.0
609.1990045872135 801.0
609.4562106925683 833.0
609.7134085073615 870.0
609.9705980311098 874.0
610.2277792633305 878.0
610.4849522035397 838.0
610.7421168512552 788.0
610.9992732059933 774.0
611.2564212672709 781.0
611.5135610346049 763.0
611.7706925075122 769.0
612.0278156855098 762.0
612.2849305681145 761.0
612.542037154843 774.0
612.7991354452124 802.0
613.0562254387393 799.0
613.3133071349409 824.0
613.5703805333337 838.0
613.8274456334349 845.0
614.0845024347612 884.0
614.3415509368294 963.0
614.5985911391567 965.0
614.8556230412595 1017.0
615.1126466426551 936.0
615.36966194286 822.0
615.6266689413914 802.0
615.8836676377659 803.0
616.1406580315004 819.0
616.3976401221121 814.0
616.6546139091173 819.0
616.9115793920333 823.0
617.1685365703769 806.0
617.4254854436648 773.0
617.6824260114142 768.0
617.9393582731417 785.0
618.196282228364 803.0
618.4531978765983 775.0
618.7101052173614 779.0
618.9670042501702 778.0
619.2238949745413 779.0
619.4807773899919 765.0
619.7376514960388 747.0
619.9945172921986 755.0
620.2513747779885 785.0
620.508223952925 749.0
620.7650648165256 764.0
621.0218973683066 770.0
621.2787216077849 784.0
621.5355375344776 785.0
621.7923451479013 780.0
622.0491444475734 777.0
622.3059354330103 795.0
622.5627181037288 778.0
622.8194924592461 767.0
623.0762584990788 779.0
623.333016222744 762.0
623.5897656297584 770.0
623.8465067196389 770.0
624.1032394919024 758.0
624.3599639460657 761.0
624.6166800816459 758.0
624.8733878981594 775.0
625.1300873951237 767.0
625.3867785720552 775.0
625.6434614284708 782.0
625.9001359638876 784.0
626.1568021778221 800.0
626.4134600697917 802.0
626.6701096393127 839.0
626.9267508859024 849.0
627.1833838090776 856.0
627.4400084083547 836.0
627.6966246832512 789.0
627.9532326332837 789.0
628.2098322579691 766.0
628.4664235568243 765.0
628.723006529366 772.0
628.9795811751112 775.0
629.2361474935768 773.0
629.4927054842794 770.0
629.7492551467363 760.0
630.0057964804641 789.0
630.2623294849799 799.0
630.5188541598001 801.0
630.775370504442 796.0
631.0318785184223 817.0
631.2883782012578 804.0
631.5448695524658 777.0
631.8013525715625 778.0
632.0578272580652 764.0
632.3142936114906 780.0
632.5707516313557 802.0
632.8272013171775 808.0
633.0836426684723 812.0
633.3400756847575 838.0
633.5965003655499 841.0
633.8529167103661 864.0
634.1093247187234 886.0
634.3657243901381 811.0
634.6221157241276 784.0
634.8784987202085 778.0
635.1348733778977 764.0
635.3912396967121 766.0
635.6475976761684 772.0
635.9039473157839 784.0
636.1602886150749 783.0
636.4166215735588 776.0
636.6729461907521 761.0
636.9292624661718 773.0
637.1855703993349 793.0
637.4418699897578 792.0
637.6981612369581 806.0
637.9544441404521 814.0
638.2107186997567 839.0
638.4669849143892 873.0
638.7232427838659 926.0
638.979492307704 1004.0
639.2357334854204 1024.0
639.4919663165317 1029.0
639.7481908005552 1045.0
640.0044069370073 1138.0
640.2606147254052 1367.0
640.5168141652655 1403.0
640.7730052561054 1592.0
641.0291879974413 1407.0
641.2853623887906 1035.0
641.5415284296699 884.0
641.797686119596 825.0
642.0538354580859 802.0
642.3099764446565 788.0
642.5661090788245 774.0
642.8222333601069 789.0
643.0783492880205 768.0
643.3344568620822 774.0
643.5905560818089 776.0
643.8466469467173 775.0
644.1027294563247 757.0
644.3588036101473 749.0
644.6148694077026 759.0
644.8709268485071 770.0
645.1269759320778 762.0
645.3830166579316 757.0
645.6390490255851 769.0
645.8950730345556 761.0
646.1510886843597 771.0
646.4070959745143 758.0
646.6630949045363 752.0
646.9190854739425 745.0
647.17506768225 761.0
647.4310415289752 762.0
647.6870070136354 764.0
647.9429641357473 765.0
648.1989128948277 776.0
648.4548532903938 769.0
648.7107853219619 765.0
648.9667089890495 755.0
649.222624291173 777.0
649.4785312278494 784.0
649.7344297985958 808.0
649.9903200029287 834.0
650.2462018403652 822.0
650.502075310422 868.0
650.7579404126162 937.0
651.0137971464646 945.0
651.2696455114838 990.0
651.525485507191 913.0
651.7813171331029 837.0
652.0371403887364 788.0
652.2929552736086 794.0
652.5487617872358 788.0
652.8045599291355 780.0
653.0603496988242 782.0
653.3161310958188 798.0
653.5719041196362 807.0
653.8276687697933 798.0
654.0834250458071 805.0
654.3391729471941 780.0
654.5949124734717 772.0
654.8506436241562 770.0
655.1063663987647 767.0
655.3620807968144 769.0
655.6177868178215 763.0
655.8734844613035 773.0
656.129173726777 775.0
656.3848546137588 787.0
656.6405271217659 772.0
656.8961912503149 796.0
657.1518469989231 766.0
657.4074943671071 767.0
657.6631333543837 762.0
657.9187639602701 760.0
658.1743861842826 779.0
658.4300000259387 759.0
658.6856054847549 746.0
658.9412025602483 781.0
659.1967912519353 789.0
659.4523715593333 792.0
659.707943481959 801.0
659.9635070193291 821.0
660.2190621709606 822.0
660.4746089363705 846.0
660.7301473150753 811.0
660.9856773065924 766.0
661.2411989104381 757.0
661.4967121261298 763.0
661.7522169531838 739.0
662.0077133911174 768.0
662.2632014394475 766.0
662.5186810976904 771.0
662.7741523653638 764.0
663.029615241984 767.0
663.2850697270679 762.0
663.5405158201327 768.0
663.7959535206948 768.0
664.0513828282715 773.0
664.3068037423793 755.0
664.5622162625355 761.0
664.8176203882564 758.0
665.0730161190594 757.0
665.3284034544613 768.0
665.5837823939785 761.0
665.8391529371283 763.0
666.0945150834276 773.0
666.349868832393 769.0
666.6052141835415 769.0
666.8605511363899 790.0
667.1158796904554 788.0
667.3711998452544 806.0
667.626511600304 812.0
667.8818149551211 842.0
668.1371099092223 855.0
668.3923964621249 883.0
668.6476746133454 869.0
668.9029443624008 786.0
669.1582057088083 769.0
669.4134586520839 769.0
669.6687031917455 761.0
669.9239393273093 753.0
670.1791670582923 757.0
670.4343863842114 767.0
670.6895973045835 781.0
670.9447998189256 786.0
671.1999939267544 786.0
671.4551796275866 795.0
671.7103569209394 823.0
671.9655258063294 815.0
672.220686283274 841.0
672.475838351289 837.0
672.7309820098925 775.0
672.9861172586005 782.0
673.2412440969302 764.0
673.4963625243987 753.0
673.7514725405223 767.0
674.0065741448183 761.0
674.2616673368035 763.0
674.5167521159946 760.0
674.7718284819086 760.0
675.0268964340622 768.0
675.2819559719727 772.0
675.5370070951565 770.0
675.7920498031307 764.0
676.0470840954122 756.0
676.3021099715176 772.0
676.5571274309642 757.0
676.8121364732684 764.0
677.0671370979474 754.0
677.3221293045178 764.0
677.5771130924968 737.0
677.8320884614011 752.0
678.0870554107474 762.0
678.3420139400529 780.0
678.5969640488343 775.0
678.8519057366083 771.0
679.1068390028922 777.0
679.3617638472023 763.0
679.616680269056 757.0
679.8715882679699 743.0
680.1264878434607 752.0
680.3813789950458 752.0
680.6362617222414 757.0
680.8911360245651 749.0
681.146001901533 757.0
681.4008593526627 751.0
681.6557083774705 751.0
681.9105489754734 767.0
682.1653811461886 772.0
682.4202048891326 767.0
682.6750202038223 760.0
682.9298270897748 748.0
683.1846255465068 766.0
683.4394155735351 754.0
683.6941971703767 757.0
683.9489703365485 761.0
684.2037350715673 758.0
684.4584913749499 758.0
684.7132392462133 757.0
684.9679786848742 774.0
685.2227096904496 772.0
685.4774322624564 761.0
685.7321464004115 746.0
685.9868521038316 753.0
686.2415493722334 766.0
686.4962382051343 775.0
686.7509186020508 772.0
687.0055905624997 771.0
687.2602540859983 759.0
687.514909172063 760.0
687.7695558202109 760.0
688.0241940299587 750.0
688.2788238008236 761.0
688.5334451323221 760.0
688.7880580239712 766.0
689.042662475288 762.0
689.2972584857889 775.0
689.5518460549912 776.0
689.8064251824115 757.0
690.0609958675668 758.0
690.3155581099742 769.0
690.5701119091498 779.0
690.8246572646113 758.0
691.0791941758752 772.0
691.3337226424583 764.0
691.5882426638777 761.0
691.84275423965 764.0
692.0972573692924 782.0
692.3517520523214 808.0
692.6062382882542 816.0
692.8607160766074 840.0
693.1151854168979 857.0
693.3696463086428 890.0
693.6240987513587 924.0
693.8785427445628 842.0
694.1329782877717 777.0
694.3874053805022 778.0
694.6418240222713 776.0
694.8962342125958 779.0
695.1506359509929 770.0
695.405029236979 752.0
695.6594140700711 765.0
695.9137904497863 773.0
696.168158375641 775.0
696.4225178471527 776.0
696.676868863838 755.0
696.9312114252134 758.0
697.1855455307963 750.0
697.4398711801031 758.0
697.6941883726512 763.0
697.9484971079568 750.0
698.2027973855375 760.0
698.4570892049098 761.0
698.7113725655903 757.0
698.9656474670965 756.0
699.2199139089445 766.0
699.4741718906519 753.0
699.7284214117353 765.0
699.9826624717113 769.0
700.2368950700971 758.0
700.4911192064093 770.0
700.7453348801653 761.0
700.9995420908814 745.0
701.2537408380745 762.0
701.5079311212619 769.0
701.7621129399598 758.0
702.016286293686 763.0
702.2704511819566 796.0
702.5246076042886 807.0
702.778755560199 824.0
703.0328950492045 828.0
703.2870260708224 864.0
703.5411486245691 862.0
703.7952627099618 899.0
704.0493683265172 894.0
704.3034654737519 817.0
704.5575541511835 793.0
704.8116343583279 778.0
705.0657060947029 773.0
705.3197693598249 769.0
705.5738241532106 773.0
705.8278704743772 776.0
706.0819083228414 769.0
706.3359376981203 769.0
706.5899585997306 761.0
706.8439710271889 775.0
707.0979749800126 772.0
707.3519704577179 762.0
707.6059574598225 762.0
707.8599359858429 746.0
708.1139060352955 771.0
708.3678676076978 756.0
708.6218207025663 756.0
708.8757653194182 756.0
709.12970145777 765.0
709.3836291171389 772.0
709.6375482970416 763.0
709.8914589969946 756.0
710.1453612165157 764.0
710.3992549551208 772.0
710.6531402123275 766.0
710.9070169876522 768.0
711.1608852806118 752.0
711.4147450907236 754.0
711.6685964175037 756.0
711.9224392604699 774.0
712.1762736191384 761.0
712.4300994930262 762.0
712.6839168816504 767.0
712.9377257845274 762.0
713.1915262011746 763.0
713.4453181311087 759.0
713.6991015738463 769.0
713.9528765289045 762.0
714.2066429958 753.0
714.4604009740502 754.0
714.7141504631712 761.0
714.9678914626805 765.0
715.2216239720948 782.0
715.4753479909306 774.0
715.7290635187052 758.0
715.982770554935 768.0
716.2364690991376 752.0
716.4901591508293 765.0
716.743840709527 774.0
716.9975137747479 768.0
717.2511783460084 773.0
717.5048344228259 770.0
717.7584820047169 772.0
718.0121210911982 777.0
718.2657516817872 782.0
718.519373776 776.0
718.772987373354 779.0
719.026592473366 756.0
719.2801890755527 759.0
719.5337771794311 758.0
719.7873567845179 764.0
720.0409278903304 763.0
720.294490496385 766.0
720.5480446021987 765.0
720.8015902072887 759.0
721.0551273111711 768.0
721.3086559133636 754.0
721.5621760133826 757.0
721.815687610745 767.0
722.0691907049679 746.0
722.3226852955679 765.0
722.5761713820622 757.0
722.8296489639672 751.0
723.0831180408002 769.0
723.3365786120778 774.0
723.5900306773169 766.0
723.8434742360346 796.0
724.0969092877473 770.0
724.3503358319725 808.0
724.6037538682267 810.0
724.8571633960265 797.0
725.1105644148894 823.0
725.3639569243315 809.0
725.6173409238706 791.0
725.8707164130229 778.0
726.1240833913054 774.0
726.3774418582351 762.0
726.6307918133285 762.0
726.8841332561029 771.0
727.137466186075 769.0
727.3907906027619 747.0
727.6441065056802 756.0
727.8974138943464 758.0
728.1507127682783 749.0
728.4040031269918 765.0
728.6572849700045 754.0
728.9105582968331 772.0
729.1638231069941 756.0
729.4170794000048 755.0
729.6703271753817 771.0
729.923566432642 763.0
730.1767971713025 761.0
730.4300193908798 756.0
730.6832330908911 763.0
730.936438270853 753.0
731.1896349302828 772.0
731.442823068697 750.0
731.6960026856123 768.0
731.949173780546 763.0
732.2023363530145 755.0
732.4554904025351 763.0
732.7086359286245 754.0
732.9617729307997 763.0
733.2149014085775 759.0
733.4680213614745 771.0
733.7211327890079 753.0
733.9742356906943 757.0
734.2273300660511 755.0
734.4804159145946 769.0
734.7334932358416 765.0
734.9865620293094 751.0
735.2396222945147 770.0
735.4926740309744 756.0
735.7457172382054 745.0
735.9987519157243 771.0
736.2517780630484 768.0
736.504795679694 746.0
736.7578047651785 753.0
737.0108053190187 776.0
737.2637973407312 762.0
737.516780829833 759.0
737.769755785841 759.0
738.0227222082721 778.0
738.2756800966428 767.0
738.5286294504706 760.0
738.781570269272 742.0
739.0345025525638 763.0
739.2874262998632 763.0
739.5403415106866 768.0
739.7932481845512 765.0
740.046146320974 762.0
740.2990359194714 778.0
740.5519169795606 779.0
740.8047895007583 752.0
741.0576534825816 768.0
741.3105089245472 757.0
741.563355826172 777.0
741.8161941869729 763.0
742.0690240064664 763.0
742.3218452841702 782.0
742.5746580196005 760.0
742.8274622122741 749.0
743.0802578617083 758.0
743.3330449674197 764.0
743.5858235289254 770.0
743.8385935457418 770.0
744.0913550173865 768.0
744.3441079433758 783.0
744.5968523232264 763.0
744.8495881564559 766.0
745.1023154425804 776.0
745.3550341811174 769.0
745.6077443715835 755.0
745.8604460134952 754.0
746.1131391063701 757.0
746.3658236497243 773.0
746.6184996430754 783.0
746.87116708594 749.0
747.1238259778346 769.0
747.3764763182764 772.0
747.6291181067822 773.0
747.8817513428692 769.0
748.1343760260539 779.0
748.3869921558529 761.0
748.6395997317837 764.0
748.8921987533628 768.0
749.1447892201071 766.0
749.3973711315336 767.0
749.6499444871589 755.0
749.9025092865003 783.0
750.1550655290741 756.0
750.4076132143978 758.0
750.6601523419877 760.0
750.912682911361 762.0
751.1652049220347 770.0
751.4177183735251 758.0
751.6702232653497 764.0
751.9227195970248 776.0
752.1752073680677 762.0
752.4276865779954 765.0
752.680157226324 756.0
752.9326193125712 768.0
753.1850728362533 754.0
753.4375177968876 779.0
753.6899541939908 761.0
753.9423820270795 762.0
754.194801295671 759.0
754.4472119992819 751.0
754.6996141374291 765.0
754.9520077096296 758.0
755.2043927154 759.0
755.4567691542577 758.0
755.7091370257187 776.0
755.9614963293008 770.0
756.2138470645202 772.0
756.4661892308942 770.0
756.7185228279395 771.0
756.9708478551728 761.0
757.2231643121112 764.0
757.4754721982714 748.0
757.7277715131704 769.0
757.9800622563251 757.0
758.2323444272521 771.0
758.4846180254688 772.0
758.7368830504913 768.0
758.9891395018373 749.0
759.2413873790232 770.0
759.4936266815657 763.0
759.7458574089821 769.0
759.9980795607888 768.0
760.2502931365033 749.0
760.502498135642 769.0
760.7546945577217 768.0
761.0068824022595 785.0
761.2590616687722 768.0
761.5112323567769 768.0
761.7633944657899 773.0
762.0155479953288 769.0
762.26769294491 764.0
762.5198293140501 775.0
762.7719571022666 769.0
763.024076309076 774.0
763.2761869339953 770.0
763.5282889765415 779.0
763.780382436231 760.0
764.032467312581 762.0
764.2845436051083 768.0
764.53661131333 757.0
764.7886704367629 769.0
765.0407209749233 770.0
765.2927629273288 768.0
765.5447962934958 752.0
765.7968210729414 772.0
766.0488372651824 767.0
766.3008448697357 788.0
766.5528438861181 768.0
766.8048343138464 776.0
767.0568161524378 762.0
767.3087894014087 768.0
767.5607540602764 762.0
767.8127101285577 772.0
768.0646576057691 760.0
768.3165964914278 770.0
768.5685267850505 757.0
768.8204484861544 769.0
769.0723615942561 756.0
769.3242661088722 768.0
769.5761620295201 760.0
769.8280493557162 765.0
770.0799280869778 762.0
770.3317982228216 758.0
770.5836597627642 752.0
770.835512706323 759.0
771.0873570530143 777.0
771.3391928023555 762.0
771.591019953863 761.0
771.8428385070538 768.0
772.094648461445 755.0
772.3464498165532 757.0
772.5982425718955 766.0
772.8500267269885 766.0
773.1018022813494 766.0
773.3535692344948 761.0
773.6053275859415 760.0
773.8570773352067 755.0
774.108818481807 765.0
774.3605510252594 768.0
774.6122749650807 763.0
774.8639903007878 755.0
775.1156970318975 745.0
775.3673951579267 763.0
775.6190846783925 757.0
775.8707655928115 761.0
776.1224379007004 745.0
776.3741016015766 765.0
776.6257566949563 759.0
776.8774031803571 766.0
777.1290410572955 777.0
777.3806703252881 779.0
777.6322909838522 778.0
777.8839030325043 791.0
778.1355064707618 792.0
778.3871012981411 772.0
778.6386875141592 781.0
778.890265118333 776.0
779.1418341101793 772.0
779.3933944892151 765.0
779.6449462549571 776.0
779.8964894069222 762.0
780.1480239446275 755.0
780.3995498675895 754.0
780.6510671753255 766.0
780.9025758673517 770.0
781.1540759431858 772.0
781.4055674023442 770.0
781.6570502443437 768.0
781.9085244687013 766.0
782.159990074934 764.0
782.4114470625585 752.0
782.6628954310918 748.0
782.9143351800503 768.0
783.1657663089516 766.0
783.4171888173119 749.0
783.6686027046486 756.0
783.9200079704783 755.0
784.1714046143178 755.0
784.4227926356843 747.0
784.6741720340941 776.0
784.9255428090647 768.0
785.1769049601126 781.0
785.4282584867548 772.0
785.6796033885082 764.0
785.9309396648893 761.0
786.1822673154155 762.0
786.4335863396033 753.0
786.6848967369698 752.0
786.9361985070317 749.0
787.1874916493058 758.0
787.4387761633094 775.0
787.6900520485588 763.0
787.9413193045713 747.0
788.1925779308636 756.0
788.4438279269523 748.0
788.6950692923548 763.0
788.9463020265875 755.0
789.1975261291677 770.0
789.448741599612 746.0
789.6999484374371 773.0
789.9511466421604 760.0
790.2023362132982 737.0
790.4535171503677 765.0
790.7046894528855 768.0
790.9558531203689 769.0
791.2070081523347 756.0
791.458154548299 752.0
791.7092923077797 747.0
791.9604214302931 756.0
792.2115419153562 760.0
792.462653762486 773.0
792.7137569711989 762.0
792.9648515410123 750.0
793.2159374714428 751.0
793.4670147620074 752.0
793.718083412223 757.0
793.9691434216061 768.0
794.220194789674 753.0
794.4712375159432 764.0
794.722271599931 777.0
794.9732970411541 762.0
795.2243138391292 753.0
795.4753219933733 768.0
795.7263215034031 759.0
795.9773123687357 737.0
796.2282945888878 760.0
796.4792681633767 748.0
796.7302330917187 760.0
796.9811893734307 761.0
797.23213700803 768.0
797.483075995033 763.0
797.7340063339569 752.0
797.9849280243186 756.0
798.2358410656345 752.0
798.4867454574222 761.0
798.7376411991978 753.0
798.9885282904788 745.0
799.2394067307818 761.0
799.4902765196234 764.0
799.741137656521 771.0
799.9919901409909 766.0
800.2428339725506 766.0
800.4936691507165 772.0
800.7444956750055 762.0
800.9953135449347 761.0
801.2461227600207 759.0
801.4969233197808 761.0
801.7477152237312 754.0
801.9984984713894 762.0
802.2492730622722 758.0
802.5000389958959 756.0
802.7507962717781 777.0
803.0015448894349 753.0
803.252284848384 742.0
803.5030161481417 762.0
803.7537387882248 756.0
804.0044527681507 753.0
804.2551580874358 765.0
804.5058547455972 750.0
804.7565427421519 748.0
805.0072220766161 742.0
805.2578927485075 741.0
805.5085547573423 742.0
805.7592081026379 754.0
806.009852783911 765.0
806.2604888006782 768.0
806.5111161524568 760.0
806.7617348387631 761.0
807.0123448591147 755.0
807.2629462130279 763.0
807.5135389000196 737.0
807.7641229196071 766.0
808.0146982713067 775.0
808.2652649546358 761.0
808.5158229691108 771.0
808.7663723142489 766.0
809.016912989567 761.0
809.2674449945815 766.0
809.5179683288098 755.0
809.7684829917686 755.0
810.0189889829746 764.0
810.269486301945 762.0
810.5199749481961 768.0
810.7704549212456 755.0
811.0209262206095 764.0
811.2713888458052 759.0
811.5218427963496 757.0
811.7722880717591 743.0
812.022724671551 749.0
812.2731525952421 764.0
812.5235718423493 748.0
812.7739824123893 762.0
813.0243843048788 749.0
813.2747775193352 754.0
813.5251620552749 758.0
813.7755379122152 761.0
814.0259050896724 764.0
814.276263587164 766.0
814.5266134042064 777.0
814.7769545403165 759.0
815.0272869950115 769.0
815.2776107678079 765.0
815.5279258582229 757.0
815.7782322657732 744.0
816.0285299899754 748.0
816.2788190303468 742.0
816.529099386404 752.0
816.7793710576641 756.0
817.0296340436439 757.0
817.2798883438601 755.0
817.5301339578298 749.0
817.7803708850694 768.0
818.0305991250964 762.0
818.2808186774273 759.0
818.531029541579 754.0
818.7812317170685 761.0
819.0314252034124 751.0
819.281610000128 754.0
819.5317861067317 761.0
819.7819535227408 761.0
820.0321122476719 756.0
820.2822622810417 768.0
820.5324036223675 760.0
820.7825362711658 754.0
821.0326602269538 770.0
821.2827754892483 762.0
821.5328820575656 772.0
821.7829799314234 757.0
822.033069110338 746.0
822.2831495938267 747.0
822.5332213814061 747.0
822.7832844725929 749.0
823.0333388669044 762.0
823.283384563857 760.0
823.533421562968 750.0
823.7834498637541 747.0
824.033469465732 766.0
824.2834803684189 757.0
824.5334825713311 765.0
824.7834760739862 745.0
825.0334608759005 766.0
825.2834369765912 759.0
825.5334043755751 762.0
825.7833630723688 762.0
826.0333130664897 763.0
826.2832543574541 770.0
826.5331869447793 761.0
826.783110827982 747.0
827.0330260065789 762.0
827.2829324800872 762.0
827.5328302480233 777.0
827.7827193099047 760.0
828.032599665248 736.0
828.2824713135695 763.0
828.532334254387 754.0
828.7821884872168 746.0
829.0320340115759 762.0
829.2818708269813 748.0
829.5316989329494 772.0
829.7815183289979 765.0
830.0313290146428 757.0
830.2811309894015 764.0
830.5309242527906 757.0
830.7807088043272 754.0
831.0304846435281 769.0
831.2802517699099 765.0
831.5300101829899 748.0
831.7797598822846 759.0
832.0295008673112 763.0
832.2792331375864 774.0
832.5289566926268 764.0
832.7786715319497 755.0
833.0283776550717 757.0
833.27807506151 756.0
833.5277637507811 741.0
833.7774437224018 757.0
834.0271149758895 761.0
834.2767775107606 755.0
834.526431326532 762.0
834.7760764227208 758.0
835.0257127988438 768.0
835.2753404544177 757.0
835.5249593889594 748.0
835.774569601986 759.0
836.0241710930143 758.0
836.2737638615607 766.0
836.5233479071428 747.0
836.7729232292768 756.0
837.0224898274802 762.0
837.2720477012693 769.0
837.5215968501614 777.0
837.7711372736733 765.0
838.0206689713215 775.0
838.2701919426232 770.0
838.5197061870952 780.0
838.7692117042545 776.0
839.0187084936177 768.0
839.2681965547017 750.0
839.5176758870236 747.0
839.7671464901001 768.0
840.0166083634483 764.0
840.2660615065847 768.0
840.5155059190262 754.0
840.7649416002901 744.0
841.0143685498927 765.0
841.2637867673512 752.0
841.5131962521828 753.0
841.7625970039035 764.0
842.0119890220308 760.0
842.2613723060813 754.0
842.5107468555723 763.0
842.76011267002 757.0
843.0094697489418 762.0
843.2588180918546 768.0
843.5081576982747 756.0
843.7574885677194 759.0
844.0068106997054 754.0
844.25612409375 747.0
844.5054287493696 755.0
844.754724666081 742.0
845.0040118434015 756.0
845.2532902808475 745.0
845.5025599779364 763.0
845.7518209341847 761.0
846.0010731491091 755.0
846.2503166222269 749.0
846.4995513530547 758.0
846.7487773411094 750.0
846.9979945859081 752.0
847.2472030869674 752.0
847.4964028438043 762.0
847.7455938559353 748.0
847.994776122878 755.0
848.2439496441485 756.0
848.4931144192642 756.0
848.7422704477419 766.0
848.9914177290981 766.0
849.2405562628502 753.0
849.4896860485144 758.0
849.7388070856083 765.0
849.9879193736485 762.0
850.2370229121515 771.0
850.4861177006346 755.0
850.7352037386146 759.0
850.9842810256082 752.0
851.2333495611326 762.0
851.482409344704 758.0
851.7314603758401 750.0
851.9805026540571 748.0
852.2295361788724 744.0
852.4785609498026 769.0
852.7275769663643 764.0
852.9765842280748 757.0
853.2255827344507 736.0
853.4745724850093 743.0
853.7235534792667 761.0
853.9725257167406 766.0
854.2214891969475 764.0
854.4704439194039 759.0
854.7193898836274 745.0
854.9683270891342 757.0
855.2172555354416 760.0
855.4661752220665 769.0
855.7150861485252 757.0
855.9639883143353 744.0
856.212881719013 747.0
856.4617663620759 754.0
856.7106422430403 759.0
856.9595093614231 760.0
857.2083677167415 770.0
857.4572173085119 741.0
857.7060581362517 770.0
857.9548901994776 745.0
858.2037134977061 752.0
858.4525280304546 762.0
858.7013337972394 772.0
858.950130797578 758.0
859.1989190309868 757.0
859.4476984969828 739.0
859.696469195083 751.0
859.9452311248039 752.0
860.1939842856627 750.0
860.4427286771763 761.0
860.6914642988615 749.0
860.9401911502351 765.0
861.1889092308139 768.0
861.437618540115 764.0
861.686319077655 765.0
861.935010842951 766.0
862.1836938355198 752.0
862.432368054878 747.0
862.6810335005429 758.0
862.9296901720311 759.0
863.1783380688596 743.0
863.4269771905452 739.0
863.6756075366046 766.0
863.9242291065551 764.0
864.1728418999131 768.0
864.4214459161959 755.0
864.6700411549201 757.0
864.9186276156024 754.0
865.1672052977602 772.0
865.4157742009098 763.0
865.6643343245685 765.0
865.9128856682528 755.0
866.1614282314799 758.0
866.4099620137665 760.0
866.6584870146295 764.0
866.9070032335858 744.0
867.155510670152 760.0
867.4040093238455 748.0
867.6524991941827 764.0
867.9009802806806 749.0
868.1494525828563 768.0
868.3979161002262 774.0
868.6463708323078 752.0
868.8948167786174 758.0
869.1432539386718 762.0
869.3916823119887 772.0
869.6401018980839 747.0
869.8885126964751 768.0
870.1369147066789 762.0
870.3853079282118 757.0
870.6336923605911 745.0
870.8820680033335 732.0
871.1304348559562 758.0
871.3787929179755 745.0
871.6271421889087 765.0
871.8754826682726 747.0
872.1238143555837 759.0
872.3721372503595 757.0
872.6204513521162 761.0
872.8687566603713 752.0
873.1170531746413 750.0
873.365340894443 749.0
873.6136198192935 756.0
873.8618899487094 751.0
874.110151282208 743.0
874.3584038193057 747.0
874.6066475595196 753.0
874.8548825023668 756.0
875.1031086473636 766.0
875.3513259940273 753.0
875.5995345418747 757.0
875.8477342904224 758.0
876.0959252391877 765.0
876.3441073876871 742.0
876.5922807354377 747.0
876.8404452819562 745.0
877.0886010267599 753.0
877.3367479693651 750.0
877.5848861092887 755.0
877.8330154460481 765.0
878.0811359791594 768.0
878.3292477081402 768.0
878.5773506325071 756.0
878.8254447517768 759.0
879.0735300654665 760.0
879.3216065730924 760.0
879.5696742741723 755.0
879.8177331682225 759.0
880.0657832547598 761.0
880.3138245333014 772.0
880.5618570033639 752.0
880.8098806644645 740.0
881.0578955161196 764.0
881.3059015578464 745.0
881.5538987891618 759.0
881.8018872095822 756.0
882.0498668186252 767.0
882.297837615807 757.0
882.5457996006451 753.0
882.7937527726558 763.0
883.041697131356 733.0
883.2896326762632 752.0
883.5375594068934 753.0
883.7854773227642 752.0
884.0333864233922 744.0
884.2812867082938 756.0
884.5291781769868 751.0
884.7770608289871 762.0
885.0249346638125 768.0
885.2727996809792 742.0
885.5206558800041 765.0
885.7685032604046 749.0
886.0163418216969 741.0
886.2641715633982 747.0
886.5119924850256 749.0
886.7598045860955 762.0
887.007607866125 771.0
887.2554023246308 766.0
887.5031879611303 747.0
887.7509647751398 754.0
887.9987327661763 752.0
888.2464919337567 748.0
888.4942422773979 768.0
888.7419837966169 762.0
888.9897164909302 759.0
889.2374403598551 768.0
889.4851554029083 750.0
889.7328616196063 757.0
889.9805590094667 764.0
890.2282475720056 761.0
890.4759273067405 745.0
890.7235982131879 756.0
890.9712602908646 757.0
891.218913539288 754.0
891.4665579579743 748.0
891.7141935464408 756.0
891.9618203042044 766.0
892.2094382307815 761.0
892.4570473256895 748.0
892.7046475884449 753.0
892.9522390185649 747.0
893.1998216155661 752.0
893.4473953789653 747.0
893.6949603082797 750.0
893.9425164030258 756.0
894.1900636627211 762.0
894.4376020868815 766.0
894.6851316750246 750.0
894.9326524266672 758.0
895.1801643413257 757.0
895.4276674185177 761.0
895.6751616577593 748.0
895.922647058568 763.0
896.1701236204603 751.0
896.4175913429531 752.0
896.6650502255636 749.0
896.912500267808 759.0
897.159941469204 747.0
897.4073738292678 744.0
897.6547973475165 752.0
897.9022120234671 769.0
898.1496178566362 760.0
898.3970148465409 761.0
898.644402992698 755.0
898.8917822946241 759.0
899.1391527518367 752.0
899.386514363852 765.0
899.6338671301874 760.0
899.8812110503592 752.0
900.1285461238849 744.0
900.375872350281 756.0
900.6231897290643 763.0
900.8704982597519 752.0
901.1177979418604 763.0
901.3650887749071 750.0
901.6123707584086 750.0
901.8596438918815 765.0
902.106908174843 750.0
902.35416360681 761.0
902.6014101872993 762.0
902.8486479158278 770.0
903.095876791912 766.0
903.3430968150694 748.0
903.5903079848164 754.0
903.83751030067 756.0
904.0847037621473 760.0
904.3318883687646 751.0
904.5790641200394 760.0
904.826231015488 762.0
905.0733890546279 747.0
905.3205382369753 759.0
905.5676785620476 769.0
905.8148100293615 756.0
906.0619326384336 757.0
906.3090463887813 759.0
906.5561512799208 739.0
906.8032473113697 757.0
907.0503344826443 745.0
907.2974127932616 756.0
907.5444822427387 761.0
907.7915428305921 763.0
908.038594556339 762.0
908.2856374194963 784.0
908.5326714195803 748.0
908.7796965561088 760.0
909.0267128285976 732.0
909.2737202365645 757.0
909.520718779526 766.0
909.7677084569985 762.0
910.0146892684998 750.0
910.261661213546 755.0
910.5086242916544 765.0
910.7555785023416 762.0
911.0025238451248 764.0
911.2494603195206 753.0
911.4963879250456 752.0
911.7433066612174 771.0
911.9902165275522 748.0
912.2371175235672 744.0
912.4840096487795 746.0
912.7308929027052 741.0
912.9777672848619 750.0
913.2246327947661 749.0
913.4714894319347 744.0
913.7183371958849 746.0
913.965176086133 749.0
914.2120061021965 748.0
914.4588272435916 772.0
914.7056395098358 765.0
914.9524429004457 773.0
915.1992374149379 758.0
915.4460230528298 762.0
915.6927998136375 752.0
915.9395676968788 772.0
916.1863267020701 745.0
916.4330768287281 759.0
916.67981807637 754.0
916.9265504445123 770.0
917.1732739326723 756.0
917.4199885403666 756.0
917.6666942671121 776.0
917.9133911124259 752.0
918.1600790758242 757.0
918.4067581568248 760.0
918.6534283549438 761.0
918.9000896696987 753.0
919.1467421006058 774.0
919.3933856471822 747.0
919.6400203089449 762.0
919.8866460854103 764.0
920.1332629760961 742.0
920.3798709805186 768.0
920.6264700981943 765.0
920.8730603286409 767.0
921.1196416713748 768.0
921.3662141259131 756.0
921.6127776917724 755.0
921.8593323684695 761.0
922.1058781555217 744.0
922.3524150524454 748.0
922.598943058758 753.0
922.8454621739758 746.0
923.0919723976159 760.0
923.3384737291954 770.0
923.5849661682307 764.0
923.8314497142393 750.0
924.0779243667373 759.0
924.3243901252423 740.0
924.5708469892709 753.0
924.8172949583395 754.0
925.0637340319656 763.0
925.3101642096658 754.0
925.5565854909571 764.0
925.8029978753563 750.0
926.04940136238 750.0
926.2957959515456 756.0
926.5421816423694 771.0
926.7885584343687 768.0
927.0349263270604 752.0
927.281285319961 747.0
927.5276354125876 755.0
927.7739766044568 769.0
928.020308895086 762.0
928.2666322839915 759.0
928.5129467706906 755.0
928.7592523547 752.0
929.0055490355364 752.0
929.2518368127171 763.0
929.4981156857584 752.0
929.7443856541778 766.0
929.9906467174917 756.0
930.2368988752169 752.0
930.4831421268707 758.0
930.7293764719695 758.0
930.9756019100306 757.0
931.2218184405708 757.0
931.4680260631065 762.0
931.7142247771553 755.0
931.9604145822334 752.0
932.2065954778582 769.0
932.4527674635461 770.0
932.6989305388141 765.0
932.9450847031794 766.0
933.1912299561584 754.0
933.4373662972685 744.0
933.6834937260257 763.0
933.929612241948 746.0
934.1757218445516 761.0
934.4218225333533 752.0
934.6679143078701 758.0
934.913997167619 775.0
935.1600711121167 764.0
935.4061361408803 757.0
935.6521922534262 768.0
935.8982394492718 759.0
936.1442777279336 755.0
936.3903070889288 741.0
936.636327531774 761.0
936.882339055986 755.0
937.128341661082 747.0
937.3743353465785 762.0
937.6203201119927 759.0
937.8662959568414 741.0
938.1122628806411 754.0
938.3582208829092 757.0
938.6041699631621 752.0
938.8501101209171 758.0
939.0960413556905 756.0
939.341963667 758.0
939.5878770543618 757.0
939.8337815172929 754.0
940.0796770553103 768.0
940.3255636679306 755.0
940.5714413546712 765.0
940.8173101150486 755.0
941.0631699485793 750.0
941.309020854781 756.0
941.5548628331699 765.0
941.8006958832632 752.0
942.0465200045778 758.0
942.2923351966301 774.0
942.5381414589376 763.0
942.7839387910167 752.0
943.0297271923846 748.0
943.275506662558 764.0
943.5212772010536 758.0
943.7670388073888 772.0
944.0127914810797 760.0
944.2585352216438 758.0
944.504270028598 753.0
944.7499959014584 758.0
944.9957128397427 769.0
945.2414208429674 755.0
945.4871199106495 744.0
945.7328100423057 770.0
945.978491237453 774.0
946.2241634956084 757.0
946.4698268162882 744.0
946.71548119901 767.0
946.9611266432901 757.0
947.2067631486459 764.0
947.4523907145939 761.0
947.6980093406509 759.0
947.943619026334 757.0
948.1892197711599 769.0
948.4348115746456 762.0
948.680394436308 748.0
948.9259683556636 751.0
949.17153333223 753.0
949.4170893655231 759.0
949.6626364550607 749.0
949.9081746003591 748.0
950.1537038009352 745.0
950.3992240563063 749.0
950.6447353659886 757.0
950.8902377294995 770.0
951.1357311463555 776.0
951.381215616074 748.0
951.6266911381715 755.0
951.8721577121647 765.0
952.1176153375708 758.0
952.3630640139064 750.0
952.6085037406887 760.0
952.8539345174344 758.0
953.09935634366 767.0
953.3447692188829 750.0
953.5901731426196 762.0
953.8355681143876 752.0
954.080954133703 760.0
954.326331200083 755.0
954.5716993130445 755.0
954.8170584721041 762.0
955.0624086767792 761.0
955.3077499265863 752.0
955.5530822210421 762.0
955.798405559664 760.0
956.0437199419682 764.0
956.2890253674723 754.0
956.5343218356925 757.0
956.7796093461461 770.0
957.02488789835 765.0
957.2701574918206 763.0
957.5154181260752 742.0
957.7606698006304 761.0
958.0059125150034 754.0
958.2511462687107 769.0
958.4963710612694 756.0
958.7415868921963 772.0
958.9867937610082 763.0
959.2319916672224 753.0
959.4771806103552 768.0
959.7223605899235 767.0
959.9675316054446 768.0
960.2126936564348 769.0
960.4578467424116 750.0
960.7029908628915 749.0
960.9481260173911 760.0
961.193252205428 760.0
961.4383694265184 759.0
961.6834776801796 765.0
961.9285769659282 747.0
962.1736672832812 766.0
962.4187486317555 757.0
962.6638210108677 755.0
962.908884420135 763.0
963.153938859074 760.0
963.3989843272019 749.0
963.6440208240352 765.0
963.889048349091 747.0
964.1340669018862 763.0
964.3790764819373 762.0
964.6240770887617 757.0
964.8690687218761 747.0
965.114051380797 756.0
965.3590250650417 748.0
965.6039897741268 762.0
965.8489455075695 772.0
966.0938922648864 757.0
966.3388300455941 762.0
966.5837588492103 744.0
966.8286786752509 751.0
967.0735895232334 760.0
967.3184913926743 753.0
967.5633842830911 767.0
967.808268194 768.0
968.0531431249179 751.0
968.2980090753622 762.0
968.5428660448491 763.0
968.7877140328961 764.0
969.0325530390197 757.0
969.2773830627367 762.0
969.5222041035643 779.0
969.7670161610189 776.0
970.0118192346179 761.0
970.2566133238779 755.0
970.5013984283155 746.0
970.746174547448 750.0
970.990941680792 756.0
971.2356998278649 764.0
971.480448988183 749.0
971.725189161263 768.0
971.9699203466223 764.0
972.2146425437775 743.0
972.4593557522456 746.0
972.7040599715434 763.0
972.9487552011876 757.0
973.1934414406954 753.0
973.4381186895833 755.0
973.6827869473685 754.0
973.9274462135677 750.0
974.1720964876979 759.0
974.4167377692759 767.0
974.6613700578182 762.0
974.9059933528424 760.0
975.1506076538647 765.0
975.3952129604023 748.0
975.6398092719721 757.0
975.8843965880908 757.0
976.1289749082755 766.0
976.3735442320426 767.0
976.6181045589096 776.0
976.862655888393 764.0
977.1071982200094 778.0
977.3517315532764 751.0
977.5962558877101 763.0
977.840771222828 770.0
978.0852775581467 765.0
978.3297748931827 765.0
978.5742632274536 752.0
978.8187425604756 772.0
979.063212891766 766.0
979.3076742208415 771.0
979.5521265472191 765.0
979.7965698704156 763.0
980.0410041899477 755.0
980.2854295053326 768.0
980.5298458160865 756.0
980.7742531217272 751.0
981.0186514217711 759.0
981.2630407157347 759.0
981.5074210031356 768.0
981.7517922834901 765.0
981.9961545563154 758.0
982.2405078211283 750.0
982.4848520774455 749.0
982.729187324784 756.0
982.9735135626606 763.0
983.2178307905924 731.0
983.4621390080961 758.0
983.7064382146882 759.0
983.9507284098863 762.0
984.1950095932067 758.0
984.4392817641666 744.0
984.6835449222825 753.0
984.9277990670716 748.0
985.1720441980509 761.0
985.4162803147366 748.0
985.6605074166464 746.0
985.9047255032964 756.0
986.1489345742042 760.0
986.3931346288863 759.0
986.6373256668593 766.0
986.8815076876406 758.0
987.1256806907464 758.0
987.3698446756944 762.0
987.613999642001 756.0
987.8581455891829 759.0
988.1022825167574 762.0
988.3464104242408 768.0
988.5905293111508 768.0
988.8346391770036 763.0
989.0787400213161 759.0
989.3228318436055 765.0
989.5669146433884 759.0
989.8109884201817 762.0
990.0550531735024 754.0
990.2991089028674 755.0
990.5431556077934 744.0
990.7871932877973 776.0
991.031221942396 761.0
991.2752415711062 760.0
991.5192521734452 744.0
991.7632537489297 754.0
992.0072462970761 754.0
992.251229817402 766.0
992.4952043094236 771.0
992.7391697726582 758.0
992.9831262066227 759.0
993.2270736108336 737.0
993.4710119848082 752.0
993.7149413280629 749.0
993.958861640115 761.0
994.2027729204812 755.0
994.4466751686781 743.0
994.6905683842231 758.0
994.9344525666326 748.0
995.1783277154237 757.0
995.4221938301132 759.0
995.6660509102181 749.0
995.9098989552552 757.0
996.1537379647411 749.0
996.3975679381932 759.0
996.6413888751279 764.0
996.8852007750622 758.0
997.1290036375133 751.0
997.3727974619973 746.0
997.6165822480319 751.0
997.8603579951333 760.0
998.104124702819 765.0
998.3478823706055 752.0
998.5916309980095 768.0
998.8353705845483 755.0
999.0791011297383 750.0
999.3228226330968 742.0
999.5665350941406 764.0
999.8102385123861 758.0
1000.0539328873509 755.0
1000.2976182185512 755.0
1000.5412945055043 766.0
1000.7849617477269 746.0
1001.0286199447357 753.0
1001.2722690960481 754.0
1001.5159092011804 771.0
1001.75954025965 748.0
1002.003162270973 747.0
1002.246775234667 755.0
1002.4903791502487 758.0
1002.7339740172346 754.0
1002.9775598351421 752.0
1003.2211366034876 749.0
1003.4647043217884 756.0
1003.7082629895611 761.0
1003.9518126063224 750.0
1004.1953531715895 768.0
1004.4388846848791 749.0
1004.6824071457083 748.0
1004.9259205535938 759.0
1005.1694249080521 769.0
1005.4129202086007 763.0
1005.6564064547559 764.0
1005.8998836460353 751.0
1006.1433517819551 757.0
1006.3868108620323 748.0
1006.6302608857841 764.0
1006.8737018527269 753.0
1007.1171337623779 747.0
1007.3605566142537 761.0
1007.6039704078715 753.0
1007.8473751427481 759.0
1008.0907708184001 762.0
1008.3341574343445 761.0
1008.5775349900982 748.0
1008.8209034851784 748.0
1009.0642629191013 760.0
1009.3076132913841 748.0
1009.5509546015439 752.0
1009.7942868490973 746.0
1010.0376100335611 740.0
1010.2809241544525 766.0
1010.5242292112879 759.0
1010.7675252035845 764.0
1011.010812130859 754.0
1011.2540899926286 757.0
1011.4973587884098 756.0
1011.7406185177194 768.0
1011.9838691800747 777.0
1012.2271107749921 761.0
1012.470343301989 758.0
1012.7135667605817 764.0
1012.9567811502875 758.0
1013.1999864706231 771.0
1013.4431827211052 750.0
1013.686369901251 754.0
1013.929548010577 755.0
1014.1727170486006 742.0
1014.4158770148383 757.0
1014.6590279088067 756.0
1014.9021697300233 759.0
1015.1453024780044 761.0
1015.3884261522674 772.0
1015.6315407523286 746.0
1015.8746462777051 753.0
1016.1177427279141 754.0
1016.3608301024719 754.0
1016.603908400896 762.0
1016.8469776227028 749.0
1017.0900377674091 763.0
1017.3330888345322 762.0
1017.5761308235883 749.0
1017.8191637340951 772.0
1018.0621875655689 752.0
1018.3052023175269 765.0
1018.5482079894858 758.0
1018.7912045809622 759.0
1019.0341920914735 758.0
1019.2771705205361 754.0
1019.5201398676672 763.0
1019.7631001323837 755.0
1020.006051314202 774.0
1020.2489934126395 758.0
1020.4919264272125 753.0
1020.7348503574386 760.0
1020.9777652028342 754.0
1021.2206709629161 762.0
1021.4635676372014 751.0
1021.7064552252067 762.0
1021.9493337264495 768.0
1022.1922031404459 754.0
1022.4350634667132 755.0
1022.6779147047681 764.0
1022.9207568541273 754.0
1023.1635899143083 755.0
1023.4064138848273 769.0
1023.6492287652015 751.0
1023.8920345549478 758.0
1024.134831253583 752.0
1024.377618860624 763.0
1024.6203973755871 760.0
1024.8631667979898 750.0
1025.1059271273493 760.0
1025.3486783631818 750.0
1025.5914205050044 772.0
1025.8341535523336 764.0
1026.076877504687 752.0
1026.3195923615808 762.0
1026.5622981225324 764.0
1026.8049947870584 763.0
1027.0476823546753 741.0
1027.2903608249007 753.0
1027.5330301972513 744.0
1027.7756904712435 751.0
1028.0183416463947 759.0
1028.260983722221 759.0
1028.5036166982402 751.0
1028.7462405739689 761.0
1028.9888553489234 768.0
1029.2314610226213 763.0
1029.474057594579 745.0
1029.7166450643138 754.0
1029.9592234313418 751.0
1030.2017926951808 763.0
1030.4443528553472 743.0
1030.6869039113576 749.0
1030.9294458627296 766.0
1031.1719787089794 757.0
1031.414502449624 749.0
1031.6570170841808 743.0
1031.8995226121658 749.0
1032.1420190330966 763.0
1032.3845063464896 763.0
1032.6269845518618 755.0
1032.8694536487305 756.0
1033.111913636612 764.0
1033.3543645150232 768.0
1033.596806283481 747.0
1033.8392389415026 749.0
1034.081662488605 771.0
1034.324076924304 750.0
1034.566482248118 770.0
1034.8088784595625 761.0
1035.0512655581551 759.0
1035.2936435434124 749.0
1035.5360124148515 749.0
1035.778372171989 757.0
1036.020722814342 765.0
1036.2630643414275 757.0
1036.5053967527615 747.0
1036.7477200478622 755.0
1036.9900342262456 755.0
1037.2323392874284 746.0
1037.4746352309282 766.0
1037.7169220562612 760.0
1037.9591997629448 770.0
1038.2014683504956 759.0
1038.4437278184303 754.0
1038.685978166266 765.0
1038.9282193935196 775.0
1039.170451499708 760.0
1039.4126744843477 750.0
1039.6548883469559 765.0
1039.8970930870496 757.0
1040.1392887041452 757.0
1040.3814751977598 744.0
1040.6236525674105 747.0
1040.8658208126137 759.0
1041.107979932887 738.0
1041.3501299277466 759.0
1041.5922707967095 758.0
1041.8344025392926 769.0
1042.0765251550129 769.0
1042.3186386433872 758.0
1042.5607430039322 759.0
1042.802838236165 769.0
1043.0449243396022 768.0
1043.2870013137613 760.0
1043.5290691581586 745.0
1043.7711278723107 764.0
1044.013177455735 754.0
1044.2552179079482 769.0
1044.4972492284676 761.0
1044.7392714168093 758.0
1044.9812844724902 760.0
1045.223288395028 764.0
1045.4652831839387 755.0
1045.70726883874 751.0
1045.949245358948 757.0
1046.1912127440798 745.0
1046.4331709936528 758.0
1046.675120107183 757.0
1046.9170600841878 753.0
1047.1589909241836 763.0
1047.400912626688 758.0
1047.6428251912175 746.0
1047.8847286172886 758.0
1048.1266229044188 749.0
1048.3685080521243 749.0
1048.6103840599228 763.0
1048.8522509273307 757.0
1049.0941086538646 759.0
1049.3359572390418 758.0
1049.577796682379 750.0
1049.819626983393 756.0
1050.061448141601 747.0
1050.3032601565194 757.0
1050.5450630276655 758.0
1050.7868567545556 758.0
1051.0286413367073 757.0
1051.270416773637 759.0
1051.5121830648616 752.0
1051.7539402098982 764.0
1051.9956882082631 761.0
1052.237427059474 751.0
1052.479156763047 756.0
1052.7208773184996 754.0
1052.9625887253483 746.0
1053.2042909831098 752.0
1053.4459840913016 766.0
1053.6876680494397 763.0
1053.929342857042 752.0
1054.1710085136244 765.0
1054.4126650187043 746.0
1054.6543123717986 759.0
1054.8959505724238 746.0
1055.1375796200969 744.0
1055.3791995143351 766.0
1055.620810254655 766.0
1055.8624118405735 754.0
1056.1040042716074 762.0
1056.3455875472737 754.0
1056.5871616670893 756.0
1056.8287266305706 750.0
1057.070282437235 753.0
1057.3118290865991 759.0
1057.5533665781802 748.0
1057.7948949114943 755.0
1058.0364140860593 736.0
1058.2779241013916 750.0
1058.5194249570077 763.0
1058.760916652425 749.0
1059.0023991871599 755.0
1059.24387256073 744.0
1059.4853367726514 761.0
1059.7267918224413 759.0
1059.968237709617 747.0
1060.2096744336943 749.0
1060.451101994191 756.0
1060.6925203906237 747.0
1060.933929622509 749.0
1061.1753296893642 758.0
1061.4167205907056 736.0
1061.6581023260508 752.0
1061.8994748949162 760.0
1062.1408382968189 748.0
1062.3821925312755 754.0
1062.6235375978026 748.0
1062.8648734959181 760.0
1063.1062002251376 752.0
1063.3475177849793 759.0
1063.588826174959 773.0
1063.830125394594 756.0
1064.0714154434013 760.0
1064.312696320897 754.0
1064.553968026599 750.0
1064.7952305600238 754.0
1065.036483920688 745.0
1065.2777281081087 741.0
1065.5189631218025 750.0
1065.7601889612868 748.0
1066.001405626078 766.0
1066.2426131156928 754.0
1066.4838114296492 748.0
1066.7250005674625 760.0
1066.9661805286507 739.0
1067.2073513127305 729.0
1067.4485129192178 753.0
1067.689665347631 731.0
1067.9308085974856 753.0
1068.1719426682996 754.0
1068.413067559589 769.0
1068.654183270871 760.0
1068.8952898016628 745.0
1069.1363871514804 752.0
1069.3774753198418 749.0
1069.618554306263 764.0
1069.8596241102612 762.0
1070.100684731353 760.0
1070.3417361690556 753.0
1070.582778422886 761.0
1070.8238114923604 752.0
1071.0648353769964 745.0
1071.3058500763104 763.0
1071.5468555898192 747.0
1071.7878519170404 758.0
1072.02883905749 768.0
1072.2698170106853 763.0
1072.5107857761434 747.0
1072.75174535338 740.0
1072.9926957419138 740.0
1073.23363694126 744.0
1073.4745689509368 769.0
1073.7154917704597 760.0
1073.9564053993467 763.0
1074.1973098371145 757.0
1074.4382050832794 759.0
1074.6790911373587 744.0
1074.9199679988692 759.0
1075.1608356673278 745.0
1075.4016941422512 744.0
1075.6425434231562 765.0
1075.8833835095604 758.0
1076.1242144009796 764.0
1076.3650360969316 757.0
1076.6058485969324 749.0
1076.8466519004996 755.0
1077.0874460071498 753.0
1077.3282309163997 757.0
1077.5690066277664 750.0
1077.8097731407665 756.0
1078.0505304549172 758.0
1078.2912785697354 759.0
1078.5320174847377 758.0
1078.772747199441 753.0
1079.0134677133622 746.0
1079.2541790260184 750.0
1079.4948811369263 764.0
1079.7355740456023 750.0
1079.9762577515642 756.0
1080.2169322543277 749.0
1080.4575975534112 736.0
1080.6982536483301 746.0
1080.9389005386022 767.0
1081.179538223744 758.0
1081.4201667032721 755.0
1081.6607859767041 751.0
1081.9013960435564 753.0
1082.1419969033457 754.0
1082.382588555589 768.0
1082.6231709998035 760.0
1082.863744235506 758.0
1083.104308262213 747.0
1083.3448630794412 740.0
1083.5854086867082 751.0
1083.8259450835303 748.0
1084.0664722694248 741.0
1084.306990243908 755.0
1084.5474990064974 738.0
1084.7879985567097 753.0
1085.0284888940612 750.0
1085.2689700180695 759.0
1085.509441928251 752.0
1085.749904624123 746.0
1085.990358105202 744.0
1086.2308023710048 755.0
1086.4712374210485 756.0
1086.71166325485 765.0
1086.9520798719261 762.0
1087.1924872717937 768.0
1087.4328854539694 772.0
1087.6732744179706 773.0
1087.9136541633134 746.0
1088.1540246895156 758.0
1088.3943859960934 750.0
1088.6347380825637 777.0
1088.8750809484436 752.0
1089.1154145932499 756.0
1089.3557390164995 741.0
1089.5960542177095 752.0
1089.836360196396 743.0
1090.0766569520767 746.0
1090.3169444842679 738.0
1090.557222792487 749.0
1090.7974918762502 768.0
1091.037751735075 739.0
1091.2780023684782 754.0
1091.518243775976 746.0
1091.7584759570861 758.0
1091.9986989113247 763.0
1092.2389126382093 774.0
1092.4791171372563 769.0
1092.7193124079827 768.0
1092.9594984499054 759.0
1093.1996752625412 744.0
1093.4398428454072 738.0
1093.68000119802 753.0
1093.9201503198965 750.0
1094.1602902105537 756.0
1094.4004208695083 747.0
1094.6405422962773 757.0
1094.8806544903778 769.0
1095.120757451326 745.0
1095.3608511786392 745.0
1095.6009356718341 743.0
1095.8410109304282 759.0
1096.0810769539376 757.0
1096.3211337418795 747.0
1096.5611812937707 758.0
1096.8012196091279 752.0
1097.0412486874682 738.0
1097.2812685283084 742.0
1097.5212791311658 742.0
1097.7612804955563 741.0
1098.0012726209975 747.0
1098.2412555070064 753.0
1098.4812291530989 765.0
1098.721193558793 769.0
1098.961148723605 754.0
1099.2010946470518 758.0
1099.4410313286503 759.0
1099.6809587679172 758.0
1099.92087696437 763.0
1100.1607859175251 753.0
1100.400685626899 770.0
1100.640576092009 744.0
1100.880457312372 766.0
1101.1203292875052 765.0
1101.3601920169247 765.0
1101.6000455001479 750.0
1101.8398897366915 756.0
1102.079724726072 758.0
1102.3195504678072 760.0
1102.559366961413 753.0
1102.7991742064069 748.0
1103.0389722023056 758.0
1103.2787609486254 758.0
1103.5185404448844 749.0
1103.7583106905984 746.0
1103.9980716852845 756.0
1104.23782342846 775.0
1104.4775659196412 755.0
1104.7172991583454 734.0
1104.9570231440887 754.0
1105.1967378763893 749.0
1105.436443354763 736.0
1105.6761395787273 744.0
1105.9158265477986 750.0
1106.1555042614937 749.0
1106.3951727193298 759.0
1106.6348319208234 749.0
1106.8744818654923 764.0
1107.1141225528525 768.0
1107.3537539824208 762.0
1107.5933761537144 759.0
1107.8329890662503 759.0
1108.072592719545 772.0
1108.3121871131157 765.0
1108.551772246479 751.0
1108.7913481191517 759.0
1109.030914730651 744.0
1109.2704720804938 754.0
1109.5100201681967 758.0
1109.7495589932764 770.0
1109.9890885552504 752.0
1110.2286088536348 747.0
1110.4681198879473 756.0
1110.707621657704 745.0
1110.9471141624224 782.0
1111.1865974016187 763.0
1111.4260713748101 766.0
1111.665536081514 751.0
1111.9049915212463 759.0
1112.1444376935244 763.0
1112.3838745978653 747.0
1112.6233022337854 761.0
1112.8627206008023 753.0
1113.102129698432 745.0
1113.3415295261918 757.0
1113.5809200835986 753.0
1113.820301370169 747.0
1114.0596733854206 756.0
1114.2990361288694 761.0
1114.5383896000326 757.0
1114.7777337984273 762.0
1115.0170687235698 750.0
1115.2563943749778 764.0
1115.4957107521673 745.0
1115.7350178546556 748.0
1115.9743156819598 738.0
1116.213604233596 756.0
1116.452883509082 756.0
1116.692153507934 742.0
1116.9314142296694 749.0
1117.1706656738045 762.0
1117.4099078398563 742.0
1117.6491407273422 770.0
1117.8883643357783 753.0
1118.1275786646822 747.0
1118.36678371357 751.0
1118.6059794819594 764.0
1118.8451659693665 756.0
1119.0843431753085 752.0
1119.3235110993026 750.0
1119.5626697408647 764.0
1119.8018190995128 747.0
1120.0409591747637 748.0
1120.2800899661331 764.0
1120.519211473139 750.0
1120.7583236952978 764.0
1120.9974266321262 745.0
1121.236520283142 758.0
1121.4756046478608 757.0
1121.7146797258001 769.0
1121.9537455164768 773.0
1122.192802019408 762.0
1122.4318492341101 744.0
1122.6708871601 760.0
1122.909915796895 766.0
1123.1489351440111 755.0
1123.3879452009662 758.0
1123.6269459672762 742.0
1123.865937442459 761.0
1124.1049196260308 749.0
1124.3438925175087 766.0
