shot=93_gas=Ar_height=80_RF=215.4W_massflow=1000_coils=0.0A_HR4000 spectrum
Wavelength [nm] // Intensity [u.a.] 
194.93414 809.0
195.2037815346219 791.0
195.47341553816543 792.0
195.74304201014752 801.0
196.012660950085 795.0
196.28227235749478 812.0
196.55187623189366 819.0
196.82147257279857 793.0
197.09106137972637 795.0
197.36064265219392 794.0
197.63021638971804 804.0
197.89978259181567 814.0
198.16934125800364 797.0
198.43889238779886 810.0
198.7084359807181 796.0
198.97797203627835 803.0
199.2475005539964 778.0
199.51702153338914 798.0
199.78653497397343 786.0
200.05604087526618 796.0
200.3255392367842 814.0
200.59503005804436 803.0
200.8645133385636 787.0
201.1339890778587 809.0
201.4034572754466 802.0
201.67291793084408 792.0
201.94237104356813 789.0
202.21181661313554 791.0
202.48125463906314 798.0
202.7506851208679 822.0
203.02010805806663 818.0
203.28952345017618 799.0
203.55893129671344 789.0
203.8283315971953 797.0
204.0977243511386 795.0
204.3671095580602 812.0
204.636487217477 807.0
204.90585732890585 807.0
205.17521989186366 811.0
205.44457490586717 804.0
205.7139223704334 816.0
205.98326228507918 817.0
206.2525946493213 804.0
206.5219194626767 810.0
206.79123672466224 819.0
207.06054643479476 811.0
207.32984859259116 813.0
207.59914319756828 790.0
207.86843024924303 796.0
208.13770974713225 800.0
208.40698169075276 816.0
208.6762460796215 800.0
208.94550291325532 798.0
209.2147521911711 807.0
209.48399391288567 802.0
209.75322807791594 809.0
210.02245468577874 810.0
210.29167373599094 806.0
210.56088522806942 787.0
210.83008916153108 798.0
211.09928553589276 807.0
211.3684743506713 785.0
211.63765560538363 801.0
211.9068292995466 799.0
212.175995432677 810.0
212.44515400429182 789.0
212.71430501390782 803.0
212.98344846104192 810.0
213.25258434521103 803.0
213.52171266593191 802.0
213.79083342272153 798.0
214.05994661509675 809.0
214.3290522425744 799.0
214.5981503046713 809.0
214.8672408009044 802.0
215.13632373079054 803.0
215.4053990938466 798.0
215.6744668895894 800.0
215.94352711753592 804.0
216.21257977720293 787.0
216.48162486810728 801.0
216.7506623897659 810.0
217.01969234169565 801.0
217.2887147234134 798.0
217.55772953443596 805.0
217.82673677428028 799.0
218.0957364424632 796.0
218.36472853850154 796.0
218.6337130619122 801.0
218.9026900122121 806.0
219.17165938891804 798.0
219.4406211915469 801.0
219.70957541961562 813.0
219.97852207264097 805.0
220.24746115013983 796.0
220.5163926516291 801.0
220.78531657662566 807.0
221.05423292464639 805.0
221.32314169520808 817.0
221.59204288782766 807.0
221.860936502022 805.0
222.12982253730797 800.0
222.39870099320237 808.0
222.66757186922214 803.0
222.93643516488416 810.0
223.20529087970525 819.0
223.47413901320226 809.0
223.74297956489212 799.0
224.01181253429166 807.0
224.28063792091777 809.0
224.5494557242873 801.0
224.8182659439171 804.0
225.08706857932413 805.0
225.35586363002508 804.0
225.62465109553705 808.0
225.89343097537673 791.0
226.16220326906105 792.0
226.43096797610687 793.0
226.69972509603105 825.0
226.9684746283505 806.0
227.237216572582 798.0
227.50595092824256 797.0
227.7746776948489 815.0
228.04339687191796 801.0
228.31210845896663 800.0
228.5808124555117 784.0
228.84950886107015 806.0
229.11819767515877 813.0
229.38687889729442 801.0
229.65555252699397 799.0
229.92421856377433 805.0
230.1928770071524 818.0
230.46152785664492 797.0
230.73017111176884 818.0
230.99880677204106 804.0
231.26743483697837 802.0
231.53605530609772 806.0
231.8046681789159 798.0
232.07327345494983 805.0
232.34187113371638 813.0
232.61046121473237 819.0
232.87904369751473 818.0
233.14761858158028 805.0
233.41618586644586 798.0
233.68474555162845 805.0
233.95329763664483 788.0
234.2218421210119 803.0
234.49037900424648 794.0
234.7589082858655 802.0
235.02742996538583 809.0
235.29594404232427 806.0
235.56445051619772 807.0
235.8329493865231 819.0
236.10144065281722 798.0
236.36992431459691 798.0
236.63840037137916 801.0
236.9068688226808 811.0
237.1753296680186 810.0
237.44378290690955 808.0
237.7122285388704 813.0
237.9806665634181 802.0
238.24909698006957 802.0
238.51751978834153 806.0
238.78593498775095 811.0
239.0543425778147 802.0
239.32274255804958 799.0
239.59113492797255 818.0
239.8595196871004 808.0
240.12789683495004 789.0
240.3962663710383 796.0
240.66462829488208 808.0
240.93298260599826 802.0
241.2013293039037 809.0
241.46966838811522 794.0
241.73799985814978 796.0
242.00632371352418 793.0
242.27463995375527 806.0
242.54294857835998 803.0
242.81124958685515 800.0
243.07954297875764 794.0
243.34782875358434 810.0
243.61610691085207 812.0
243.88437745007772 795.0
244.15264037077822 804.0
244.42089567247035 804.0
244.68914335467105 796.0
244.95738341689716 806.0
245.2256158586655 802.0
245.493840679493 810.0
245.76205787889654 810.0
246.03026745639292 802.0
246.29846941149904 802.0
246.5666637437318 807.0
246.834850452608 809.0
247.1030295376446 805.0
247.37120099835838 801.0
247.63936483426627 806.0
247.9075210448851 798.0
248.17566962973177 791.0
248.4438105883231 804.0
248.71194392017603 813.0
248.98006962480733 799.0
249.248187701734 822.0
249.51629815047275 801.0
249.78440097054056 798.0
250.05249616145431 801.0
250.32058372273076 803.0
250.5886636538869 799.0
250.85673595443953 792.0
251.12480062390551 801.0
251.39285766180177 788.0
251.6609070676451 817.0
251.92894884095242 815.0
252.19698298124058 815.0
252.46500948802645 801.0
252.73302836082692 804.0
253.00103959915882 798.0
253.26904320253902 794.0
253.53703917048443 815.0
253.80502750251188 817.0
254.07300819813827 800.0
254.34098125688044 787.0
254.60894667825525 801.0
254.87690446177962 804.0
255.14485460697037 810.0
255.41279711334434 812.0
255.6807319804185 809.0
255.94865920770962 806.0
256.2165787947346 805.0
256.48449074101035 799.0
256.75239504605366 796.0
257.02029170938147 815.0
257.28818073051065 805.0
257.556062108958 819.0
257.8239358442404 789.0
258.0918019358748 808.0
258.35966038337796 801.0
258.6275111862668 817.0
258.8953543440582 800.0
259.163189856269 819.0
259.4310177224162 809.0
259.6988379420164 804.0
259.9666505145867 801.0
260.23445543964385 794.0
260.50225271670473 808.0
260.77004234528624 801.0
261.03782432490533 803.0
261.3055986550787 805.0
261.5733653353234 813.0
261.8411243651561 785.0
262.1088757440937 795.0
262.37661947165327 787.0
262.6443555473515 801.0
262.9120839707053 811.0
263.1798047412315 800.0
263.44751785844704 814.0
263.7152233218687 802.0
263.98292113101354 813.0
264.2506112853982 798.0
264.51829378453965 795.0
264.7859686279547 796.0
265.05363581516025 793.0
265.32129534567326 805.0
265.5889472190105 806.0
265.8565914346889 798.0
266.1242279922252 797.0
266.39185689113634 817.0
266.65947813093925 801.0
266.9270917111508 804.0
267.19469763128774 779.0
267.46229589086704 801.0
267.72988648940554 807.0
267.9974694264201 818.0
268.2650447014276 807.0
268.53261231394487 802.0
268.80017226348883 805.0
269.0677245495763 794.0
269.3352691717242 796.0
269.60280612944933 812.0
269.8703354222686 817.0
270.13785704969894 808.0
270.40537101125716 796.0
270.67287730646007 801.0
270.9403759348246 796.0
271.2078668958677 800.0
271.47535018910605 803.0
271.7428258140567 809.0
272.01029377023633 802.0
272.2777540571619 803.0
272.5452066743504 794.0
272.81265162131854 795.0
273.08008889758327 803.0
273.34751850266144 793.0
273.6149404360698 798.0
273.8823546973254 798.0
274.1497612859451 792.0
274.4171602014456 782.0
274.6845514433439 794.0
274.95193501115676 787.0
275.2193109044012 796.0
275.486679122594 806.0
275.7540396652521 788.0
276.02139253189216 789.0
276.2887377220313 804.0
276.55607523518626 796.0
276.82340507087395 793.0
277.09072722861123 804.0
277.3580417079149 785.0
277.62534850830195 793.0
277.8926476292892 801.0
278.1599390703934 788.0
278.4272228311316 811.0
278.69449891102056 821.0
278.96176730957717 803.0
279.22902802631836 792.0
279.4962810607609 779.0
279.76352641242164 795.0
280.0307640808177 798.0
280.29799406546556 801.0
280.5652163658824 791.0
280.8324309815849 787.0
281.09963791209003 798.0
281.3668371569146 802.0
281.6340287155756 805.0
281.9012125875897 821.0
282.168388772474 807.0
282.4355572697452 804.0
282.7027180789201 802.0
282.9698711995158 803.0
283.23701663104896 813.0
283.50415437303667 797.0
283.77128442499554 795.0
284.0384067864426 794.0
284.3055214568946 806.0
284.57262843586864 804.0
284.8397277228814 805.0
285.1068193174497 806.0
285.37390321909055 797.0
285.6409794273207 808.0
285.9080479416572 796.0
286.1751087616167 806.0
286.4421618867162 799.0
286.7092073164725 798.0
286.9762450504025 817.0
287.24327508802315 810.0
287.5102974288511 803.0
287.77731207240345 804.0
288.04431901819703 797.0
288.3113182657485 804.0
288.578309814575 798.0
288.84529366419326 790.0
289.1122698141201 809.0
289.37923826387254 804.0
289.6461990129674 808.0
289.91315206092133 804.0
290.18009740725154 827.0
290.44703505147464 819.0
290.7139649931077 802.0
290.98088723166734 788.0
291.24780176667065 811.0
291.5147085976344 799.0
291.78160772407557 801.0
292.04849914551085 795.0
292.3153828614572 806.0
292.58225887143146 801.0
292.8491271749505 798.0
293.1159877715313 817.0
293.3828406606906 806.0
293.6496858419453 796.0
293.9165233148123 803.0
294.1833530788084 801.0
294.4501751334505 798.0
294.71698947825547 795.0
294.9837961127402 803.0
295.2505950364216 814.0
295.5173862488164 808.0
295.78416974944156 805.0
296.050945537814 805.0
296.31771361345045 805.0
296.584473975868 791.0
296.8512266245832 801.0
297.11797155911313 802.0
297.38470877897464 813.0
297.6514382836846 787.0
297.9181600727598 786.0
298.18487414571723 808.0
298.4515805020736 795.0
298.71827914134593 791.0
298.9849700630511 796.0
299.2516532667058 795.0
299.518328751827 809.0
299.78499651793163 798.0
300.0516565645365 793.0
300.3183088911584 802.0
300.58495349731436 811.0
300.8515903825211 802.0
301.1182195462956 786.0
301.3848409881546 798.0
301.65145470761513 806.0
301.91806070419403 796.0
302.184658977408 803.0
302.4512495267741 799.0
302.7178323518091 803.0
302.9844074520298 804.0
303.2509748269532 792.0
303.5175344760962 792.0
303.78408639897555 797.0
304.0506305951082 808.0
304.31716706401096 791.0
304.58369580520065 794.0
304.8502168181943 790.0
305.1167301025086 812.0
305.3832356576606 825.0
305.649733483167 800.0
305.9162235785447 817.0
306.1827059433106 792.0
306.4491805769817 808.0
306.7156474790747 795.0
306.98210664910647 809.0
307.2485580865939 802.0
307.5150017910539 794.0
307.7814377620034 808.0
308.0478659989591 792.0
308.31428650143795 819.0
308.58069926895683 802.0
308.8471043010326 805.0
309.1135015971821 811.0
309.37989115692227 805.0
309.6462729797699 795.0
309.91264706524197 809.0
310.1790134128551 820.0
310.4453720221265 807.0
310.71172289257277 782.0
310.97806602371094 804.0
311.2444014150577 802.0
311.5107290661301 804.0
311.777048976445 806.0
312.04336114551904 806.0
312.30966557286945 812.0
312.5759622580128 805.0
312.8422512004661 817.0
313.1085323997461 799.0
313.3748058553698 801.0
313.641071566854 802.0
313.90732953371554 810.0
314.17357975547145 785.0
314.4398222316384 813.0
314.70605696173334 792.0
314.9722839452731 796.0
315.23850318177466 795.0
315.50471467075477 790.0
315.7709184117303 808.0
316.0371144042182 806.0
316.3033026477353 798.0
316.56948314179846 785.0
316.8356558859246 807.0
317.1018208796305 797.0
317.36797812243304 809.0
317.6341276138491 802.0
317.90026935339563 803.0
318.1664033405894 803.0
318.4325295749473 809.0
318.6986480559862 790.0
318.96475878322303 809.0
319.2308617561746 804.0
319.4969569743577 809.0
319.76304443728935 806.0
320.0291241444864 801.0
320.2951960954656 804.0
320.5612602897438 820.0
320.82731672683815 797.0
321.0933654062652 808.0
321.359406327542 797.0
321.6254394901853 801.0
321.891464893712 812.0
322.157482537639 805.0
322.4234924214832 801.0
322.68949454476143 798.0
322.95548890699064 791.0
323.2214755076875 809.0
323.487454346369 789.0
323.753425422552 793.0
324.01938873575347 790.0
324.2853442854901 803.0
324.55129207127885 800.0
324.8172320926366 811.0
325.08316434908016 804.0
325.34908884012646 812.0
325.61500556529234 810.0
325.8809145240947 794.0
326.14681571605024 797.0
326.4127091406761 806.0
326.6785947974889 813.0
326.9444726860058 799.0
327.2103428057433 795.0
327.47620515621855 797.0
327.74205973694836 797.0
328.00790654744947 812.0
328.2737455872389 813.0
328.5395768558335 798.0
328.80540035275004 802.0
329.0712160775054 798.0
329.33702402961654 808.0
329.6028242086002 793.0
329.86861661397353 812.0
330.13440124525306 803.0
330.4001781019559 801.0
330.66594718359863 800.0
330.9317084896984 807.0
331.19746201977205 799.0
331.46320777333636 803.0
331.7289457499082 811.0
331.9946759490044 805.0
332.2603983701419 805.0
332.5261130128375 816.0
332.79181987660826 809.0
333.05751896097087 806.0
333.3232102654422 817.0
333.58889378953916 807.0
333.85456953277856 805.0
334.1202374946774 804.0
334.38589767475247 806.0
334.6515500725206 805.0
334.9171946874987 800.0
335.18283151920355 811.0
335.4484605671522 802.0
335.7140818308614 803.0
335.97969530984807 802.0
336.245301003629 810.0
336.51089891172114 797.0
336.77648903364127 814.0
337.04207136890636 814.0
337.30764591703326 810.0
337.5732126775387 804.0
337.83877164993976 820.0
338.10432283375314 809.0
338.36986622849577 808.0
338.63540183368457 809.0
338.9009296488363 802.0
339.16644967346787 780.0
339.4319619070962 800.0
339.6974663492381 801.0
339.9629629994105 796.0
340.22845185713027 793.0
340.4939329219141 801.0
340.75940619327906 818.0
341.02487167074196 800.0
341.2903293538197 813.0
341.555779242029 805.0
341.821221334887 804.0
342.0866556319103 803.0
342.3520821326158 803.0
342.6175008365205 803.0
342.8829117431413 806.0
343.1483148519949 803.0
343.41371016259825 790.0
343.6790976744682 789.0
343.9444773871216 811.0
344.20984930007546 799.0
344.4752134128465 795.0
344.74056972495157 791.0
345.0059182359076 801.0
345.27125894523147 813.0
345.53659185244 798.0
345.80191695705014 788.0
346.0672342585787 796.0
346.3325437565426 797.0
346.5978454504585 800.0
346.8631393398436 806.0
347.1284254242145 824.0
347.3937037030882 811.0
347.6589741759816 814.0
347.92423684241146 792.0
348.1894917018946 810.0
348.4547387539481 810.0
348.71997799808867 806.0
348.9852094338332 804.0
349.2504330606986 798.0
349.51564887820166 795.0
349.7808568858593 796.0
350.0460570831885 805.0
350.31124946970584 809.0
350.57643404492853 797.0
350.84161080837316 797.0
351.1067797595568 791.0
351.3719408979961 798.0
351.63709422320824 802.0
351.90223973470984 805.0
352.16737743201776 807.0
352.43250731464894 809.0
352.69762938212034 794.0
352.9627436339487 801.0
353.2278500696509 798.0
353.49294868874387 808.0
353.7580394907444 801.0
354.02312247516943 798.0
354.28819764153576 796.0
354.55326498936034 811.0
354.81832451816 799.0
355.08337622745165 817.0
355.348420116752 804.0
355.613456185578 813.0
355.8784844334467 806.0
356.1435048598747 805.0
356.4085174643791 809.0
356.6735222464765 801.0
356.938519205684 818.0
357.2035083415184 808.0
357.46848965349653 805.0
357.73346314113536 804.0
357.9984288039516 811.0
358.2633866414622 800.0
358.528336653184 794.0
358.793278838634 805.0
359.05821319732894 803.0
359.3231397287857 784.0
359.5880584325211 794.0
359.8529693080521 824.0
360.1178723548955 802.0
360.3827675725683 816.0
360.64765496058726 806.0
360.9125345184692 807.0
361.1774062457311 801.0
361.44227014188965 813.0
361.707126206462 806.0
361.9719744389649 807.0
362.2368148389151 807.0
362.5016474058295 804.0
362.766472139225 804.0
363.0312890386186 805.0
363.296098103527 803.0
363.5608993334672 803.0
363.82569272795587 804.0
364.09047828651006 801.0
364.35525600864656 800.0
364.6200258938823 817.0
364.8847879417341 808.0
365.1495421517188 810.0
365.41428852335326 797.0
365.67902705615444 801.0
365.9437577496392 805.0
366.2084806033243 815.0
366.4731956167267 816.0
366.7379027893632 805.0
367.0026021207507 800.0
367.2672936104061 821.0
367.5319772578463 808.0
367.79665306258806 805.0
368.06132102414836 805.0
368.32598114204393 810.0
368.59063341579173 812.0
368.85527784490864 812.0
369.1199144289115 806.0
369.3845431673172 806.0
369.6491640596426 800.0
369.91377710540445 797.0
370.1783823041198 804.0
370.44297965530546 810.0
370.70756915847835 792.0
370.97215081315517 825.0
371.2367246188529 803.0
371.5012905750884 806.0
371.7658486813786 805.0
372.0303989372402 812.0
372.29494134219027 799.0
372.5594758957455 799.0
372.82400259742286 803.0
373.08852144673915 828.0
373.3530324432114 806.0
373.6175355863563 809.0
373.8820308756908 797.0
374.1465183107317 793.0
374.410997890996 811.0
374.6754696160004 806.0
374.93993348526186 811.0
375.2043894982973 826.0
375.4688376546235 809.0
375.7332779537573 801.0
375.9977103952157 793.0
376.26213497851546 806.0
376.52655170317354 800.0
376.7909605687067 803.0
377.05536157463183 803.0
377.3197547204658 798.0
377.5841400057256 793.0
377.84851742992794 808.0
378.11288699258984 808.0
378.37724869322795 801.0
378.64160253135935 807.0
378.90594850650075 805.0
379.1702866181692 796.0
379.4346168658814 821.0
379.69893924915425 803.0
379.9632537675047 809.0
380.2275604204495 801.0
380.49185920750574 806.0
380.75615012819 782.0
381.0204331820193 798.0
381.2847083685105 812.0
381.5489756871804 800.0
381.8132351375459 800.0
382.07748671912407 806.0
382.34173043143153 805.0
382.6059662739852 812.0
382.8701942463019 800.0
383.1344143478986 813.0
383.3986265782921 806.0
383.6628309369994 807.0
383.92702742353725 798.0
384.1912160374225 787.0
384.45539677817203 814.0
384.7195696453027 810.0
384.98373463833155 809.0
385.2478917567753 816.0
385.5120410001507 809.0
385.7761823679748 804.0
386.0403158597644 810.0
386.30444147503647 792.0
386.5685592133077 812.0
386.8326690740951 798.0
387.09677105691543 806.0
387.36086516128563 815.0
387.6249513867226 807.0
387.88902973274315 804.0
388.15310019886414 804.0
388.41716278460245 802.0
388.68121748947493 793.0
388.9452643129986 804.0
389.2093032546901 804.0
389.47333431406645 805.0
389.73735749064434 808.0
390.0013727839409 804.0
390.2653801934728 804.0
390.52937971875696 803.0
390.7933713593103 814.0
391.05735511464974 801.0
391.3213309842919 797.0
391.5852989677539 810.0
391.8492590645524 799.0
392.1132112742045 800.0
392.37715559622694 810.0
392.6410920301366 795.0
392.9050205754503 802.0
393.1689412316849 797.0
393.43285399835736 797.0
393.69675887498465 788.0
393.96065586108335 810.0
394.2245449561705 802.0
394.4884261597629 827.0
394.75229947137757 807.0
395.01616489053123 801.0
395.28002241674085 796.0
395.5438720495231 818.0
395.80771378839506 804.0
396.0715476328735 793.0
396.33537358247537 796.0
396.5991916367174 806.0
396.86300179511665 812.0
397.12680405718976 805.0
397.39059842245376 805.0
397.65438489042543 802.0
397.91816346062177 802.0
398.18193413255955 798.0
398.4456969057556 791.0
398.7094517797268 804.0
398.97319875399006 807.0
399.2369378280623 814.0
399.50066900146027 808.0
399.764392273701 806.0
400.02810764430114 808.0
400.2918151127777 816.0
400.55551467864757 801.0
400.81920634142756 805.0
401.08289010063453 799.0
401.34656595578537 796.0
401.6102339063969 799.0
401.8738939519861 805.0
402.1375460920697 804.0
402.4011903261647 793.0
402.6648266537879 794.0
402.92845507445617 811.0
403.1920755876863 811.0
403.4556881929953 800.0
403.71929288990003 806.0
403.98288967791734 796.0
404.246478556564 819.0
404.5100595253569 813.0
404.77363258381297 810.0
405.03719773144906 802.0
405.3007549677821 805.0
405.56430429232887 809.0
405.82784570460626 805.0
406.0913792041311 807.0
406.35490479042033 810.0
406.61842246299085 787.0
406.88193222135936 797.0
407.14543406504293 802.0
407.4089279935582 797.0
407.6724140064223 806.0
407.9358921031519 805.0
408.19936228326395 816.0
408.4628245462754 793.0
408.7262788917029 797.0
408.9897253190635 808.0
409.25316382787395 807.0
409.5165944176513 792.0
409.7800170879122 792.0
410.04343183817366 792.0
410.30683866795243 806.0
410.57023757676546 811.0
410.83362856412975 810.0
411.09701162956185 813.0
411.3603867725789 803.0
411.62375399269763 787.0
411.887113289435 801.0
412.1504646623078 796.0
412.4138081108329 806.0
412.6771436345273 818.0
412.94047123290767 810.0
413.20379090549096 802.0
413.46710265179405 801.0
413.7304064713339 800.0
413.9937023636272 792.0
414.25699032819097 814.0
414.52027036454194 805.0
414.78354247219704 801.0
415.0468066506732 823.0
415.31006289948726 819.0
415.5733112181561 826.0
415.83655160619645 850.0
416.0997840631253 847.0
416.3630085884595 829.0
416.62622518171594 806.0
416.8894338424115 811.0
417.152634570063 801.0
417.4158273641873 803.0
417.67901222430123 808.0
417.9421891499217 815.0
418.2053581405658 820.0
418.46851919575005 819.0
418.7316723149915 812.0
418.99481749780693 833.0
419.2579547437133 864.0
419.5210840522274 858.0
419.78420542286625 875.0
420.04731885514644 880.0
420.31042434858506 855.0
420.573521902699 826.0
420.83661151700494 809.0
421.0996931910199 807.0
421.3627669242608 807.0
421.6258327162443 790.0
421.88889056648736 798.0
422.1519404745069 795.0
422.41498243981977 824.0
422.6780164619429 821.0
422.9410425403929 810.0
423.2040606746869 796.0
423.46707086434174 801.0
423.7300731088742 808.0
423.9930674078012 794.0
424.25605376063965 797.0
424.5190321669063 815.0
424.782002626118 814.0
425.0449651377918 810.0
425.30791970144446 807.0
425.57086631659286 825.0
425.83380498275386 848.0
426.0967356994443 841.0
426.3596584661811 830.0
426.6225732824811 823.0
426.88548014786113 825.0
427.14837906183817 840.0
427.411270023929 819.0
427.6741530336505 813.0
427.9370280905195 813.0
428.199895194053 808.0
428.46275434376776 810.0
428.72560553918066 805.0
428.98844877980855 819.0
429.2512840651683 803.0
429.51411139477693 795.0
429.77693076815115 813.0
430.03974218480784 819.0
430.3025456442639 812.0
430.5653411460361 808.0
430.82812868964146 808.0
431.09090827459687 807.0
431.353679900419 801.0
431.61644356662487 798.0
431.87919927273134 803.0
432.1419470182551 811.0
432.40468680271334 810.0
432.66741862562276 820.0
432.93014248650013 842.0
433.1928583848624 826.0
433.45556632022647 817.0
433.7182662921092 813.0
433.9809583000275 813.0
434.24364234349815 813.0
434.506318422038 824.0
434.768986535164 805.0
435.031646682393 803.0
435.2942988632418 808.0
435.55694307722734 812.0
435.81957932386655 793.0
436.08220760267614 793.0
436.34482791317305 800.0
436.6074402548742 802.0
436.8700446272964 797.0
437.1326410299566 806.0
437.3952294623715 796.0
437.65780992405803 804.0
437.9203824145332 804.0
438.1829469333138 809.0
438.4455034799166 802.0
438.7080520538586 798.0
438.9705926546565 800.0
439.23312528182737 826.0
439.49564993488787 804.0
439.7581666133551 802.0
440.0206753167459 794.0
440.28317604457686 802.0
440.5456687963651 812.0
440.8081535716274 816.0
441.07063036988075 812.0
441.3330991906418 820.0
441.5955600334276 792.0
441.858012897755 809.0
442.12045778314075 803.0
442.3828946891018 814.0
442.6453236151551 800.0
442.9077445608174 799.0
443.17015752560553 803.0
443.4325625090365 799.0
443.69495951062703 790.0
443.95734852989415 819.0
444.21972956635454 792.0
444.4821026195253 795.0
444.74446768892307 800.0
445.00682477406485 803.0
445.2691738744674 806.0
445.5315149896478 811.0
445.79384811912274 799.0
446.05617326240906 802.0
446.31849041902376 805.0
446.58079958848356 801.0
446.8431007703055 795.0
447.10539396400634 804.0
447.367679169103 805.0
447.6299563851123 803.0
447.892225611551 789.0
448.15448684793625 799.0
448.4167400937847 803.0
448.67898534861325 805.0
448.9412226119389 802.0
449.2034518832783 799.0
449.46567316214856 808.0
449.72788644806633 808.0
449.99009174054856 803.0
450.2522890391122 807.0
450.514478343274 817.0
450.77665965255085 816.0
451.0388329664597 817.0
451.30099828451733 812.0
451.5631556062406 816.0
451.82530493114655 819.0
452.08744625875175 805.0
452.3495795885734 819.0
452.6117049201281 804.0
452.87382225293277 814.0
453.13593158650446 816.0
453.3980329203598 799.0
453.6601262540158 793.0
453.9222115869893 805.0
454.1842889187971 814.0
454.4463582489562 800.0
454.70841957698343 796.0
454.97047290239556 809.0
455.23251822470957 804.0
455.49455554344223 804.0
455.75658485811044 805.0
456.0186061682312 802.0
456.2806194733211 802.0
456.5426247728973 792.0
456.8046220664765 793.0
457.0666113535756 813.0
457.32859263371154 806.0
457.5905659064011 804.0
457.8525311711611 806.0
458.1144884275086 802.0
458.37643767496024 802.0
458.6383789130331 798.0
458.9003121412439 802.0
459.1622373591095 792.0
459.4241545661469 811.0
459.68606376187284 799.0
459.9479649458043 806.0
460.2098581174581 805.0
460.471743276351 811.0
460.733620422 794.0
460.9954895539219 808.0
461.2573506716337 805.0
461.51920377465206 798.0
461.78104886249406 819.0
462.0428859346764 790.0
462.304714990716 788.0
462.5665360301298 798.0
462.82834905243453 798.0
463.09015405714723 810.0
463.35195104378465 791.0
463.6137400118636 812.0
463.8755209609011 811.0
464.13729389041396 798.0
464.399058799919 800.0
464.6608156889332 803.0
464.92256455697327 820.0
465.18430540355615 804.0
465.4460382281988 797.0
465.707763030418 810.0
465.96947980973056 826.0
466.23118856565344 801.0
466.49288929770347 802.0
466.75458200539765 802.0
467.0162666882526 796.0
467.27794334578533 797.0
467.5396119775127 806.0
467.8012725829516 814.0
468.0629251616188 816.0
468.3245697130314 809.0
468.586206236706 785.0
468.8478347321596 800.0
469.109455198909 796.0
469.3710676364711 786.0
469.6326720443629 804.0
469.89426842210105 799.0
470.1558567692025 809.0
470.4174370851842 817.0
470.6790093695629 826.0
470.94057362185555 810.0
471.20212984157905 796.0
471.4636780282501 792.0
471.72521818138574 809.0
471.9867503005027 793.0
472.248274385118 796.0
472.5097904347484 805.0
472.7712984489108 791.0
473.03279842712203 795.0
473.29429036889906 805.0
473.55577427375863 799.0
473.8172501412177 816.0
474.07871797079315 813.0
474.34017776200176 818.0
474.6016295143605 808.0
474.8630732273861 805.0
475.1245089005955 794.0
475.3859365335057 804.0
475.64735612563334 811.0
475.9087676764954 819.0
476.1701711856088 793.0
476.4315666524903 812.0
476.6929540766569 813.0
476.95433345762535 799.0
477.2157047949125 788.0
477.47706808803537 801.0
477.7384233365106 799.0
477.9997705398553 809.0
478.26110969758616 802.0
478.52244080922014 803.0
478.78376387427414 801.0
479.04507889226494 797.0
479.3063858627094 798.0
479.5676847851245 804.0
479.828975659027 797.0
480.0902584839338 804.0
480.3515332593618 811.0
480.61279998482775 813.0
480.8740586598487 787.0
481.13530928394147 810.0
481.3965518566228 808.0
481.65778637740965 794.0
481.9190128458189 799.0
482.1802312613674 799.0
482.4414416235721 809.0
482.70264393194964 805.0
482.9638381860171 809.0
483.2250243852913 796.0
483.4862025292891 794.0
483.7473726175273 804.0
484.0085346495229 797.0
484.26968862479265 799.0
484.5308345428534 793.0
484.79197240322225 811.0
485.0531022054157 802.0
485.314223948951 824.0
485.57533763334476 798.0
485.8364432581139 798.0
486.0975408227754 812.0
486.35863032684597 795.0
486.61971176984247 794.0
486.880785151282 797.0
487.1418504706812 808.0
487.402907727557 806.0
487.66395692142635 800.0
487.92499805180597 796.0
488.18603111821284 807.0
488.44705612016384 802.0
488.7080730571757 800.0
488.9690819287655 801.0
489.2300827344499 808.0
489.49107547374587 794.0
489.75206014617027 794.0
490.01303675124 791.0
490.27400528847187 812.0
490.53496575738274 798.0
490.79591815748955 811.0
491.05686248830915 806.0
491.31779874935836 810.0
491.57872694015396 813.0
491.8396470602131 814.0
492.1005591090524 801.0
492.3614630861888 802.0
492.6223589911392 801.0
492.88324682342045 795.0
493.14412658254946 802.0
493.40499826804296 802.0
493.66586187941795 795.0
493.92671741619125 802.0
494.18756487787977 803.0
494.44840426400026 806.0
494.70923557406974 810.0
494.97005880760497 805.0
495.23087396412285 813.0
495.4916810431403 803.0
495.7524800441741 808.0
496.01327096674123 802.0
496.27405381035845 806.0
496.53482857454264 808.0
496.79559525881075 810.0
497.05635386267954 783.0
497.31710438566597 803.0
497.57784682728686 798.0
497.8385811870591 808.0
498.0993074644995 797.0
498.360025659125 804.0
498.6207357704524 808.0
498.88143779799873 794.0
499.14213174128065 804.0
499.40281759981514 796.0
499.6634953731191 798.0
499.92416506070924 805.0
500.1848266621026 794.0
500.445480176816 813.0
500.70612560436615 811.0
500.96676294427016 820.0
501.22739219604483 801.0
501.48801335920695 806.0
501.74862643327344 796.0
502.00923141776116 799.0
502.2698283121869 818.0
502.5304171160677 795.0
502.7909978289203 817.0
503.0515704502616 816.0
503.31213497960846 812.0
503.57269141647777 803.0
503.8332397603864 805.0
504.09378001085116 820.0
504.354312167389 805.0
504.6148362295168 819.0
504.8753521967513 803.0
505.1358600686094 802.0
505.3963598446082 817.0
505.6568515242642 807.0
505.9173351070945 802.0
506.17781059261597 796.0
506.4382779803454 802.0
506.69873726979966 806.0
506.95918846049574 806.0
507.2196315519502 828.0
507.4800665436803 806.0
507.74049343520267 822.0
508.00091222603425 806.0
508.261322915692 810.0
508.5217255036924 799.0
508.7821199895529 800.0
509.0425063727899 803.0
509.3028846529204 802.0
509.5632548294615 800.0
509.8236169019296 810.0
510.0839708698421 814.0
510.3443167327155 807.0
510.60465449006676 795.0
510.8649841414127 798.0
511.12530568627034 793.0
511.3856191241566 789.0
511.64592445458794 800.0
511.90622167708165 800.0
512.1665107911545 796.0
512.4267917963232 800.0
512.6870646921047 800.0
512.947329478016 807.0
513.2075861535739 808.0
513.467834718295 791.0
513.7280751716964 790.0
513.9883075132952 813.0
514.248531742608 801.0
514.5087478591515 808.0
514.7689558624429 800.0
515.0291557519989 815.0
515.2893475273365 816.0
515.5495311879723 811.0
515.8097067334235 793.0
516.0698741632067 812.0
516.3300334768389 827.0
516.5901846738369 806.0
516.8503277537177 821.0
517.1104627159981 808.0
517.3705895601947 805.0
517.630708285825 801.0
517.8908188924053 810.0
518.1509213794526 790.0
518.411015746484 812.0
518.6711019930159 807.0
518.9311801185657 810.0
519.19125012265 817.0
519.4513120047856 804.0
519.7113657644896 795.0
519.9714114012784 804.0
520.2314489146695 801.0
520.4914783041794 793.0
520.751499569325 812.0
521.0115127096234 810.0
521.271517724591 807.0
521.5315146137451 809.0
521.7915033766022 800.0
522.0514840126796 795.0
522.3114565214938 809.0
522.5714209025618 797.0
522.8313771554007 801.0
523.0913252795269 803.0
523.3512652744578 806.0
523.6111971397097 807.0
523.8711208747998 810.0
524.1310364792452 805.0
524.390943952562 796.0
524.6508432942679 805.0
524.9107345038794 797.0
525.1706175809132 804.0
525.4304925248866 821.0
525.690359335316 811.0
525.9502180117188 802.0
526.2100685536113 812.0
526.4699109605107 800.0
526.729745231934 812.0
526.9895713673975 810.0
527.2493893664187 795.0
527.5091992285141 818.0
527.7690009532007 806.0
528.0287945399953 804.0
528.2885799884149 794.0
528.5483572979764 815.0
528.8081264681963 806.0
529.0678874985917 795.0
529.3276403886796 797.0
529.5873851379768 803.0
529.8471217460001 798.0
530.1068502122662 802.0
530.3665705362923 789.0
530.6262827175951 802.0
530.8859867556915 814.0
531.1456826500984 801.0
531.4053704003326 803.0
531.6650500059111 809.0
531.9247214663504 806.0
532.1843847811678 802.0
532.4440399498801 802.0
532.7036869720038 805.0
532.9633258470562 794.0
533.222956574554 790.0
533.4825791540142 796.0
533.7421935849534 806.0
534.0017998668885 799.0
534.2613979993366 804.0
534.5209879818145 799.0
534.780569813839 797.0
535.0401434949268 811.0
535.2997090245951 796.0
535.5592664023607 802.0
535.8188156277402 808.0
536.0783567002508 802.0
536.3378896194092 799.0
536.5974143847321 797.0
536.8569309957369 799.0
537.1164394519398 804.0
537.3759397528582 794.0
537.6354318980087 796.0
537.8949158869082 799.0
538.1543917190737 795.0
538.4138593940218 813.0
538.6733189112697 815.0
538.932770270334 794.0
539.1922134707318 801.0
539.4516485119797 795.0
539.7110753935946 803.0
539.9704941150937 812.0
540.2299046759937 795.0
540.4893070758112 798.0
540.7487013140633 799.0
541.008087390267 796.0
541.2674653039389 794.0
541.526835054596 799.0
541.7861966417552 795.0
542.0455500649333 801.0
542.3048953236471 803.0
542.5642324174137 792.0
542.8235613457497 810.0
543.0828821081722 798.0
543.3421947041979 814.0
543.6014991333436 797.0
543.8607953951266 805.0
544.1200834890632 834.0
544.3793634146708 816.0
544.6386351714658 820.0
544.8978987589653 821.0
545.1571541766862 816.0
545.4164014241451 809.0
545.6756405008593 822.0
545.9348714063455 805.0
546.1940941401203 797.0
546.4533087017008 818.0
546.712515090604 814.0
546.9717133063466 790.0
547.2309033484453 802.0
547.4900852164174 804.0
547.7492589097793 802.0
548.0084244280482 820.0
548.2675817707409 809.0
548.526730937374 821.0
548.7858719274648 813.0
549.0450047405299 821.0
549.3041293760863 828.0
549.5632458336507 834.0
549.82235411274 825.0
550.0814542128714 807.0
550.3405461335612 822.0
550.5996298743269 807.0
550.8587054346848 797.0
551.117772814152 809.0
551.3768320122455 817.0
551.6358830284819 801.0
551.8949258623783 802.0
552.1539605134514 804.0
552.4129869812182 797.0
552.6720052651955 818.0
552.9310153649002 794.0
553.1900172798491 805.0
553.4490110095592 807.0
553.7079965535472 797.0
553.9669739113302 801.0
554.2259430824248 808.0
554.484904066348 796.0
554.7438568626167 798.0
555.0028014707476 802.0
555.261737890258 806.0
555.520666120664 815.0
555.7795861614834 824.0
556.0384980122324 826.0
556.2974016724281 808.0
556.5562971415874 809.0
556.8151844192269 810.0
557.0740635048638 828.0
557.3329343980148 813.0
557.5917970981968 818.0
557.8506516049267 797.0
558.1094979177213 799.0
558.3683360360976 805.0
558.6271659595724 802.0
558.8859876876625 798.0
559.1448012198848 801.0
559.4036065557561 815.0
559.6624036947936 805.0
559.9211926365136 809.0
560.1799733804337 810.0
560.43874592607 833.0
560.6975102729399 834.0
560.9562664205602 818.0
561.2150143684473 820.0
561.4737541161188 823.0
561.732485663091 817.0
561.9912090088809 810.0
562.2499241530056 815.0
562.5086310949818 823.0
562.7673298343262 796.0
563.026020370556 802.0
563.2847027031879 793.0
563.5433768317389 802.0
563.8020427557254 801.0
564.0607004746649 823.0
564.3193499880738 807.0
564.5779912954692 820.0
564.8366243963679 809.0
565.0952492902868 835.0
565.3538659767429 811.0
565.6124744552527 810.0
565.8710747253335 797.0
566.1296667865018 795.0
566.3882506382747 811.0
566.6468262801691 798.0
566.9053937117014 799.0
567.1639529323893 795.0
567.4225039417488 801.0
567.6810467392974 803.0
567.9395813245517 799.0
568.1981076970284 813.0
568.4566258562448 797.0
568.7151358017175 812.0
568.9736375329633 816.0
569.2321310494995 802.0
569.4906163508422 799.0
569.749093436509 794.0
570.0075623060163 800.0
570.2660229588813 811.0
570.5244753946206 804.0
570.7829196127512 809.0
571.0413556127901 804.0
571.2997833942537 794.0
571.5582029566596 791.0
571.8166142995238 800.0
572.075017422364 808.0
572.3334123246967 809.0
572.5917990060384 805.0
572.8501774659068 799.0
573.108547703818 808.0
573.3669097192892 812.0
573.6252635118373 822.0
573.8836090809789 821.0
574.1419464262314 813.0
574.400275547111 805.0
574.6585964431351 787.0
574.9169091138205 792.0
575.1752135586836 813.0
575.4335097772419 808.0
575.6917977690118 778.0
575.9500775335105 804.0
576.2083490702545 810.0
576.4666123787609 806.0
576.7248674585469 797.0
576.9831143091286 788.0
577.2413529300236 814.0
577.4995833207483 805.0
577.7578054808198 795.0
578.0160194097549 792.0
578.2742251070703 800.0
578.5324225722832 797.0
578.7906118049101 800.0
579.0487928044681 794.0
579.3069655704743 795.0
579.565130102445 803.0
579.8232863998975 808.0
580.0814344623485 811.0
580.339574289315 810.0
580.5977058803137 808.0
580.8558292348614 811.0
581.1139443524753 800.0
581.3720512326721 802.0
581.6301498749685 810.0
581.8882402788817 825.0
582.146322443928 807.0
582.4043963696251 804.0
582.6624620554893 810.0
582.9205195010375 796.0
583.1785687057866 800.0
583.4366096692537 795.0
583.6946423909554 788.0
583.9526668704085 801.0
584.2106831071303 808.0
584.4686911006373 791.0
584.7266908504463 798.0
584.9846823560746 801.0
585.2426656170385 800.0
585.5006406328554 797.0
585.7586074030418 818.0
586.0165659271148 809.0
586.2745162045912 817.0
586.5324582349878 805.0
586.7903920178214 805.0
587.0483175526091 801.0
587.3062348388676 797.0
587.5641438761138 792.0
587.8220446638645 794.0
588.0799372016369 806.0
588.3378214889474 810.0
588.5956975253132 818.0
588.8535653102509 823.0
589.1114248432776 820.0
589.3692761239103 801.0
589.6271191516653 800.0
589.88495392606 804.0
590.1427804466111 810.0
590.4005987128355 804.0
590.6584087242501 818.0
590.9162104803713 809.0
591.1740039807169 830.0
591.4317892248029 827.0
591.6895662121466 812.0
591.9473349422648 810.0
592.2050954146741 814.0
592.462847628892 795.0
592.7205915844347 818.0
592.9783272808194 807.0
593.236054717563 819.0
593.493773894182 810.0
593.7514848101939 800.0
594.009187465115 804.0
594.2668818584625 814.0
594.5245679897531 800.0
594.7822458585038 801.0
595.0399154642313 806.0
595.2975768064524 804.0
595.5552298846843 798.0
595.8128746984438 802.0
596.0705112472474 816.0
596.3281395306126 814.0
596.5857595480555 792.0
596.8433712990935 812.0
597.1009747832434 821.0
597.3585700000219 813.0
597.6161569489462 809.0
597.8737356295327 796.0
598.1313060412986 795.0
598.3888681837607 810.0
598.6464220564358 796.0
598.9039676588409 814.0
599.1615049904925 805.0
599.4190340509081 810.0
599.676554839604 811.0
599.9340673560972 810.0
600.1915715999048 794.0
600.4490675705435 801.0
600.7065552675302 807.0
600.9640346903817 807.0
601.221505838615 802.0
601.4789687117469 809.0
601.7364233092942 812.0
601.9938696307739 822.0
602.2513076757026 812.0
602.5087374435976 817.0
602.7661589339755 844.0
603.023572146353 865.0
603.2809770802475 890.0
603.5383737351752 858.0
603.7957621106534 840.0
604.053142206199 830.0
604.3105140213286 836.0
604.5678775555593 828.0
604.8252328084078 809.0
605.0825797793912 801.0
605.3399184680261 808.0
605.5972488738295 812.0
605.8545709963181 817.0
606.111884835009 822.0
606.3691903894193 817.0
606.6264876590651 807.0
606.883776643464 802.0
607.1410573421324 796.0
607.3983297545875 780.0
607.6555938803461 800.0
607.9128497189247 808.0
608.1700972698408 816.0
608.4273365326108 801.0
608.6845675067516 802.0
608.9417901917803 818.0
609.1990045872135 811.0
609.4562106925683 795.0
609.7134085073615 808.0
609.9705980311098 824.0
610.2277792633305 827.0
610.4849522035397 812.0
610.7421168512552 808.0
610.9992732059933 800.0
611.2564212672709 795.0
611.5135610346049 810.0
611.7706925075122 806.0
612.0278156855098 809.0
612.2849305681145 811.0
612.542037154843 796.0
612.7991354452124 808.0
613.0562254387393 807.0
613.3133071349409 811.0
613.5703805333337 801.0
613.8274456334349 813.0
614.0845024347612 803.0
614.3415509368294 812.0
614.5985911391567 814.0
614.8556230412595 808.0
615.1126466426551 820.0
615.36966194286 816.0
615.6266689413914 819.0
615.8836676377659 815.0
616.1406580315004 799.0
616.3976401221121 793.0
616.6546139091173 807.0
616.9115793920333 819.0
617.1685365703769 819.0
617.4254854436648 838.0
617.6824260114142 828.0
617.9393582731417 797.0
618.196282228364 808.0
618.4531978765983 800.0
618.7101052173614 794.0
618.9670042501702 795.0
619.2238949745413 806.0
619.4807773899919 808.0
619.7376514960388 813.0
619.9945172921986 813.0
620.2513747779885 794.0
620.508223952925 794.0
620.7650648165256 793.0
621.0218973683066 795.0
621.2787216077849 800.0
621.5355375344776 808.0
621.7923451479013 823.0
622.0491444475734 802.0
622.3059354330103 795.0
622.5627181037288 810.0
622.8194924592461 806.0
623.0762584990788 818.0
623.333016222744 792.0
623.5897656297584 803.0
623.8465067196389 811.0
624.1032394919024 805.0
624.3599639460657 804.0
624.6166800816459 803.0
624.8733878981594 801.0
625.1300873951237 803.0
625.3867785720552 816.0
625.6434614284708 803.0
625.9001359638876 798.0
626.1568021778221 811.0
626.4134600697917 793.0
626.6701096393127 800.0
626.9267508859024 801.0
627.1833838090776 801.0
627.4400084083547 802.0
627.6966246832512 803.0
627.9532326332837 807.0
628.2098322579691 801.0
628.4664235568243 796.0
628.723006529366 808.0
628.9795811751112 792.0
629.2361474935768 787.0
629.4927054842794 803.0
629.7492551467363 810.0
630.0057964804641 808.0
630.2623294849799 819.0
630.5188541598001 822.0
630.775370504442 816.0
631.0318785184223 822.0
631.2883782012578 809.0
631.5448695524658 805.0
631.8013525715625 800.0
632.0578272580652 820.0
632.3142936114906 803.0
632.5707516313557 799.0
632.8272013171775 811.0
633.0836426684723 797.0
633.3400756847575 808.0
633.5965003655499 799.0
633.8529167103661 801.0
634.1093247187234 799.0
634.3657243901381 791.0
634.6221157241276 797.0
634.8784987202085 793.0
635.1348733778977 801.0
635.3912396967121 812.0
635.6475976761684 803.0
635.9039473157839 792.0
636.1602886150749 811.0
636.4166215735588 809.0
636.6729461907521 804.0
636.9292624661718 803.0
637.1855703993349 808.0
637.4418699897578 805.0
637.6981612369581 808.0
637.9544441404521 796.0
638.2107186997567 799.0
638.4669849143892 808.0
638.7232427838659 804.0
638.979492307704 816.0
639.2357334854204 807.0
639.4919663165317 799.0
639.7481908005552 803.0
640.0044069370073 804.0
640.2606147254052 798.0
640.5168141652655 797.0
640.7730052561054 811.0
641.0291879974413 804.0
641.2853623887906 808.0
641.5415284296699 852.0
641.797686119596 833.0
642.0538354580859 847.0
642.3099764446565 823.0
642.5661090788245 809.0
642.8222333601069 803.0
643.0783492880205 799.0
643.3344568620822 809.0
643.5905560818089 796.0
643.8466469467173 793.0
644.1027294563247 807.0
644.3588036101473 804.0
644.6148694077026 801.0
644.8709268485071 796.0
645.1269759320778 810.0
645.3830166579316 803.0
645.6390490255851 810.0
645.8950730345556 806.0
646.1510886843597 795.0
646.4070959745143 794.0
646.6630949045363 804.0
646.9190854739425 800.0
647.17506768225 809.0
647.4310415289752 817.0
647.6870070136354 814.0
647.9429641357473 811.0
648.1989128948277 806.0
648.4548532903938 822.0
648.7107853219619 813.0
648.9667089890495 800.0
649.222624291173 799.0
649.4785312278494 802.0
649.7344297985958 804.0
649.9903200029287 799.0
650.2462018403652 812.0
650.502075310422 806.0
650.7579404126162 797.0
651.0137971464646 789.0
651.2696455114838 812.0
651.525485507191 805.0
651.7813171331029 805.0
652.0371403887364 802.0
652.2929552736086 803.0
652.5487617872358 804.0
652.8045599291355 806.0
653.0603496988242 802.0
653.3161310958188 797.0
653.5719041196362 803.0
653.8276687697933 813.0
654.0834250458071 792.0
654.3391729471941 786.0
654.5949124734717 785.0
654.8506436241562 786.0
655.1063663987647 800.0
655.3620807968144 811.0
655.6177868178215 799.0
655.8734844613035 789.0
656.129173726777 799.0
656.3848546137588 812.0
656.6405271217659 813.0
656.8961912503149 798.0
657.1518469989231 792.0
657.4074943671071 816.0
657.6631333543837 801.0
657.9187639602701 802.0
658.1743861842826 812.0
658.4300000259387 808.0
658.6856054847549 815.0
658.9412025602483 798.0
659.1967912519353 800.0
659.4523715593333 812.0
659.707943481959 799.0
659.9635070193291 822.0
660.2190621709606 797.0
660.4746089363705 791.0
660.7301473150753 817.0
660.9856773065924 797.0
661.2411989104381 817.0
661.4967121261298 795.0
661.7522169531838 803.0
662.0077133911174 809.0
662.2632014394475 806.0
662.5186810976904 797.0
662.7741523653638 812.0
663.029615241984 804.0
663.2850697270679 800.0
663.5405158201327 795.0
663.7959535206948 802.0
664.0513828282715 808.0
664.3068037423793 811.0
664.5622162625355 794.0
664.8176203882564 816.0
665.0730161190594 808.0
665.3284034544613 804.0
665.5837823939785 805.0
665.8391529371283 821.0
666.0945150834276 805.0
666.349868832393 805.0
666.6052141835415 790.0
666.8605511363899 807.0
667.1158796904554 822.0
667.3711998452544 824.0
667.626511600304 816.0
667.8818149551211 807.0
668.1371099092223 797.0
668.3923964621249 807.0
668.6476746133454 812.0
668.9029443624008 804.0
669.1582057088083 794.0
669.4134586520839 798.0
669.6687031917455 814.0
669.9239393273093 818.0
670.1791670582923 809.0
670.4343863842114 824.0
670.6895973045835 821.0
670.9447998189256 804.0
671.1999939267544 795.0
671.4551796275866 803.0
671.7103569209394 801.0
671.9655258063294 799.0
672.220686283274 808.0
672.475838351289 804.0
672.7309820098925 802.0
672.9861172586005 792.0
673.2412440969302 795.0
673.4963625243987 817.0
673.7514725405223 796.0
674.0065741448183 787.0
674.2616673368035 798.0
674.5167521159946 811.0
674.7718284819086 830.0
675.0268964340622 859.0
675.2819559719727 873.0
675.5370070951565 840.0
675.7920498031307 848.0
676.0470840954122 818.0
676.3021099715176 811.0
676.5571274309642 824.0
676.8121364732684 814.0
677.0671370979474 818.0
677.3221293045178 814.0
677.5771130924968 817.0
677.8320884614011 798.0
678.0870554107474 793.0
678.3420139400529 788.0
678.5969640488343 798.0
678.8519057366083 805.0
679.1068390028922 797.0
679.3617638472023 818.0
679.616680269056 812.0
679.8715882679699 816.0
680.1264878434607 809.0
680.3813789950458 809.0
680.6362617222414 807.0
680.8911360245651 808.0
681.146001901533 800.0
681.4008593526627 815.0
681.6557083774705 796.0
681.9105489754734 802.0
682.1653811461886 814.0
682.4202048891326 812.0
682.6750202038223 805.0
682.9298270897748 805.0
683.1846255465068 803.0
683.4394155735351 815.0
683.6941971703767 808.0
683.9489703365485 802.0
684.2037350715673 809.0
684.4584913749499 804.0
684.7132392462133 831.0
684.9679786848742 803.0
685.2227096904496 805.0
685.4774322624564 796.0
685.7321464004115 807.0
685.9868521038316 805.0
686.2415493722334 790.0
686.4962382051343 808.0
686.7509186020508 813.0
687.0055905624997 844.0
687.2602540859983 840.0
687.514909172063 859.0
687.7695558202109 841.0
688.0241940299587 816.0
688.2788238008236 821.0
688.5334451323221 823.0
688.7880580239712 812.0
689.042662475288 805.0
689.2972584857889 789.0
689.5518460549912 804.0
689.8064251824115 801.0
690.0609958675668 812.0
690.3155581099742 813.0
690.5701119091498 797.0
690.8246572646113 816.0
691.0791941758752 806.0
691.3337226424583 808.0
691.5882426638777 816.0
691.84275423965 801.0
692.0972573692924 822.0
692.3517520523214 803.0
692.6062382882542 810.0
692.8607160766074 817.0
693.1151854168979 832.0
693.3696463086428 833.0
693.6240987513587 833.0
693.8785427445628 827.0
694.1329782877717 827.0
694.3874053805022 813.0
694.6418240222713 816.0
694.8962342125958 807.0
695.1506359509929 810.0
695.405029236979 820.0
695.6594140700711 848.0
695.9137904497863 903.0
696.168158375641 973.0
696.4225178471527 1098.0
696.676868863838 1068.0
696.9312114252134 1044.0
697.1855455307963 928.0
697.4398711801031 857.0
697.6941883726512 839.0
697.9484971079568 823.0
698.2027973855375 816.0
698.4570892049098 818.0
698.7113725655903 802.0
698.9656474670965 816.0
699.2199139089445 823.0
699.4741718906519 812.0
699.7284214117353 815.0
699.9826624717113 814.0
700.2368950700971 799.0
700.4911192064093 803.0
700.7453348801653 818.0
700.9995420908814 809.0
701.2537408380745 803.0
701.5079311212619 794.0
701.7621129399598 802.0
702.016286293686 811.0
702.2704511819566 802.0
702.5246076042886 819.0
702.778755560199 837.0
703.0328950492045 850.0
703.2870260708224 854.0
703.5411486245691 843.0
703.7952627099618 817.0
704.0493683265172 813.0
704.3034654737519 816.0
704.5575541511835 802.0
704.8116343583279 798.0
705.0657060947029 802.0
705.3197693598249 801.0
705.5738241532106 813.0
705.8278704743772 825.0
706.0819083228414 869.0
706.3359376981203 937.0
706.5899585997306 1068.0
706.8439710271889 1039.0
707.0979749800126 1006.0
707.3519704577179 929.0
707.6059574598225 860.0
707.8599359858429 816.0
708.1139060352955 825.0
708.3678676076978 818.0
708.6218207025663 820.0
708.8757653194182 825.0
709.12970145777 814.0
709.3836291171389 815.0
709.6375482970416 811.0
709.8914589969946 821.0
710.1453612165157 819.0
710.3992549551208 810.0
710.6531402123275 802.0
710.9070169876522 807.0
711.1608852806118 796.0
711.4147450907236 807.0
711.6685964175037 797.0
711.9224392604699 800.0
712.1762736191384 806.0
712.4300994930262 819.0
712.6839168816504 833.0
712.9377257845274 806.0
713.1915262011746 815.0
713.4453181311087 801.0
713.6991015738463 808.0
713.9528765289045 823.0
714.2066429958 819.0
714.4604009740502 825.0
714.7141504631712 849.0
714.9678914626805 845.0
715.2216239720948 828.0
715.4753479909306 816.0
715.7290635187052 837.0
715.982770554935 806.0
716.2364690991376 812.0
716.4901591508293 816.0
716.743840709527 818.0
716.9975137747479 797.0
717.2511783460084 829.0
717.5048344228259 813.0
717.7584820047169 813.0
718.0121210911982 804.0
718.2657516817872 810.0
718.519373776 823.0
718.772987373354 805.0
719.026592473366 793.0
719.2801890755527 802.0
719.5337771794311 813.0
719.7873567845179 784.0
720.0409278903304 805.0
720.294490496385 808.0
720.5480446021987 828.0
720.8015902072887 835.0
721.0551273111711 820.0
721.3086559133636 809.0
721.5621760133826 816.0
721.815687610745 804.0
722.0691907049679 798.0
722.3226852955679 804.0
722.5761713820622 812.0
722.8296489639672 800.0
723.0831180408002 812.0
723.3365786120778 798.0
723.5900306773169 806.0
723.8434742360346 805.0
724.0969092877473 820.0
724.3503358319725 802.0
724.6037538682267 804.0
724.8571633960265 806.0
725.1105644148894 811.0
725.3639569243315 794.0
725.6173409238706 794.0
725.8707164130229 805.0
726.1240833913054 811.0
726.3774418582351 826.0
726.6307918133285 847.0
726.8841332561029 846.0
727.137466186075 897.0
727.3907906027619 879.0
727.6441065056802 862.0
727.8974138943464 851.0
728.1507127682783 823.0
728.4040031269918 815.0
728.6572849700045 805.0
728.9105582968331 806.0
729.1638231069941 807.0
729.4170794000048 801.0
729.6703271753817 791.0
729.923566432642 804.0
730.1767971713025 817.0
730.4300193908798 800.0
730.6832330908911 812.0
730.936438270853 833.0
731.1896349302828 820.0
731.442823068697 825.0
731.6960026856123 811.0
731.949173780546 812.0
732.2023363530145 812.0
732.4554904025351 813.0
732.7086359286245 808.0
732.9617729307997 800.0
733.2149014085775 811.0
733.4680213614745 822.0
733.7211327890079 816.0
733.9742356906943 797.0
734.2273300660511 807.0
734.4804159145946 797.0
734.7334932358416 828.0
734.9865620293094 836.0
735.2396222945147 838.0
735.4926740309744 833.0
735.7457172382054 830.0
735.9987519157243 821.0
736.2517780630484 813.0
736.504795679694 818.0
736.7578047651785 856.0
737.0108053190187 885.0
737.2637973407312 892.0
737.516780829833 921.0
737.769755785841 994.0
738.0227222082721 1097.0
738.2756800966428 1262.0
738.5286294504706 1178.0
738.781570269272 1154.0
739.0345025525638 1026.0
739.2874262998632 896.0
739.5403415106866 866.0
739.7932481845512 837.0
740.046146320974 838.0
740.2990359194714 839.0
740.5519169795606 816.0
740.8047895007583 824.0
741.0576534825816 820.0
741.3105089245472 816.0
741.563355826172 816.0
741.8161941869729 826.0
742.0690240064664 815.0
742.3218452841702 806.0
742.5746580196005 807.0
742.8274622122741 813.0
743.0802578617083 829.0
743.3330449674197 829.0
743.5858235289254 809.0
743.8385935457418 829.0
744.0913550173865 828.0
744.3441079433758 816.0
744.5968523232264 824.0
744.8495881564559 807.0
745.1023154425804 818.0
745.3550341811174 815.0
745.6077443715835 820.0
745.8604460134952 809.0
746.1131391063701 806.0
746.3658236497243 805.0
746.6184996430754 801.0
746.87116708594 812.0
747.1238259778346 817.0
747.3764763182764 816.0
747.6291181067822 820.0
747.8817513428692 834.0
748.1343760260539 826.0
748.3869921558529 809.0
748.6395997317837 837.0
748.8921987533628 846.0
749.1447892201071 843.0
749.3973711315336 874.0
749.6499444871589 978.0
749.9025092865003 1250.0
750.1550655290741 1612.0
750.4076132143978 1705.0
750.6601523419877 1652.0
750.912682911361 1635.0
751.1652049220347 1512.0
751.4177183735251 1465.0
751.6702232653497 1323.0
751.9227195970248 1258.0
752.1752073680677 1058.0
752.4276865779954 912.0
752.680157226324 866.0
752.9326193125712 852.0
753.1850728362533 842.0
753.4375177968876 820.0
753.6899541939908 821.0
753.9423820270795 812.0
754.194801295671 825.0
754.4472119992819 817.0
754.6996141374291 818.0
754.9520077096296 814.0
755.2043927154 811.0
755.4567691542577 811.0
755.7091370257187 810.0
755.9614963293008 805.0
756.2138470645202 816.0
756.4661892308942 814.0
756.7185228279395 792.0
756.9708478551728 792.0
757.2231643121112 796.0
757.4754721982714 814.0
757.7277715131704 811.0
757.9800622563251 810.0
758.2323444272521 805.0
758.4846180254688 792.0
758.7368830504913 800.0
758.9891395018373 827.0
759.2413873790232 812.0
759.4936266815657 803.0
759.7458574089821 808.0
759.9980795607888 813.0
760.2502931365033 822.0
760.502498135642 810.0
760.7546945577217 825.0
761.0068824022595 818.0
761.2590616687722 800.0
761.5112323567769 826.0
761.7633944657899 822.0
762.0155479953288 814.0
762.26769294491 848.0
762.5198293140501 866.0
762.7719571022666 989.0
763.024076309076 1293.0
763.2761869339953 1730.0
763.5282889765415 1807.0
763.780382436231 1691.0
764.032467312581 1564.0
764.2845436051083 1170.0
764.53661131333 1001.0
764.7886704367629 898.0
765.0407209749233 868.0
765.2927629273288 840.0
765.5447962934958 832.0
765.7968210729414 824.0
766.0488372651824 822.0
766.3008448697357 826.0
766.5528438861181 815.0
766.8048343138464 820.0
767.0568161524378 818.0
767.3087894014087 810.0
767.5607540602764 821.0
767.8127101285577 813.0
768.0646576057691 801.0
768.3165964914278 825.0
768.5685267850505 829.0
768.8204484861544 804.0
769.0723615942561 807.0
769.3242661088722 803.0
769.5761620295201 816.0
769.8280493557162 817.0
770.0799280869778 803.0
770.3317982228216 804.0
770.5836597627642 812.0
770.835512706323 823.0
771.0873570530143 826.0
771.3391928023555 824.0
771.591019953863 851.0
771.8428385070538 955.0
772.094648461445 1157.0
772.3464498165532 1234.0
772.5982425718955 1153.0
772.8500267269885 1132.0
773.1018022813494 1004.0
773.3535692344948 894.0
773.6053275859415 859.0
773.8570773352067 825.0
774.108818481807 821.0
774.3605510252594 822.0
774.6122749650807 825.0
774.8639903007878 827.0
775.1156970318975 808.0
775.3673951579267 797.0
775.6190846783925 803.0
775.8707655928115 808.0
776.1224379007004 820.0
776.3741016015766 808.0
776.6257566949563 804.0
776.8774031803571 808.0
777.1290410572955 812.0
777.3806703252881 808.0
777.6322909838522 818.0
777.8839030325043 824.0
778.1355064707618 820.0
778.3871012981411 825.0
778.6386875141592 802.0
778.890265118333 796.0
779.1418341101793 797.0
779.3933944892151 797.0
779.6449462549571 808.0
779.8964894069222 809.0
780.1480239446275 812.0
780.3995498675895 804.0
780.6510671753255 814.0
780.9025758673517 811.0
781.1540759431858 802.0
781.4055674023442 807.0
781.6570502443437 804.0
781.9085244687013 816.0
782.159990074934 810.0
782.4114470625585 805.0
782.6628954310918 808.0
782.9143351800503 806.0
783.1657663089516 820.0
783.4171888173119 795.0
783.6686027046486 815.0
783.9200079704783 809.0
784.1714046143178 803.0
784.4227926356843 808.0
784.6741720340941 817.0
784.9255428090647 810.0
785.1769049601126 805.0
785.4282584867548 793.0
785.6796033885082 795.0
785.9309396648893 807.0
786.1822673154155 809.0
786.4335863396033 816.0
786.6848967369698 798.0
786.9361985070317 803.0
787.1874916493058 812.0
787.4387761633094 800.0
787.6900520485588 799.0
787.9413193045713 805.0
788.1925779308636 796.0
788.4438279269523 814.0
788.6950692923548 803.0
788.9463020265875 822.0
789.1975261291677 825.0
789.448741599612 807.0
789.6999484374371 830.0
789.9511466421604 818.0
790.2023362132982 804.0
790.4535171503677 795.0
790.7046894528855 790.0
790.9558531203689 800.0
791.2070081523347 815.0
791.458154548299 809.0
791.7092923077797 813.0
791.9604214302931 808.0
792.2115419153562 799.0
792.462653762486 823.0
792.7137569711989 791.0
792.9648515410123 818.0
793.2159374714428 817.0
793.4670147620074 818.0
793.718083412223 823.0
793.9691434216061 837.0
794.220194789674 915.0
794.4712375159432 1099.0
794.722271599931 1169.0
794.9732970411541 1091.0
795.2243138391292 1125.0
795.4753219933733 981.0
795.7263215034031 894.0
795.9773123687357 849.0
796.2282945888878 834.0
796.4792681633767 818.0
796.7302330917187 800.0
796.9811893734307 808.0
797.23213700803 816.0
797.483075995033 814.0
797.7340063339569 817.0
797.9849280243186 800.0
798.2358410656345 818.0
798.4867454574222 817.0
798.7376411991978 805.0
798.9885282904788 828.0
799.2394067307818 825.0
799.4902765196234 831.0
799.741137656521 840.0
799.9919901409909 913.0
800.2428339725506 1097.0
800.4936691507165 1220.0
800.7444956750055 1176.0
800.9953135449347 1309.0
801.2461227600207 1398.0
801.4969233197808 1246.0
801.7477152237312 1168.0
801.9984984713894 1119.0
802.2492730622722 953.0
802.5000389958959 869.0
802.7507962717781 850.0
803.0015448894349 824.0
803.252284848384 813.0
803.5030161481417 823.0
803.7537387882248 832.0
804.0044527681507 818.0
804.2551580874358 802.0
804.5058547455972 820.0
804.7565427421519 810.0
805.0072220766161 826.0
805.2578927485075 817.0
805.5085547573423 806.0
805.7592081026379 814.0
806.009852783911 802.0
806.2604888006782 814.0
806.5111161524568 812.0
806.7617348387631 838.0
807.0123448591147 801.0
807.2629462130279 814.0
807.5135389000196 834.0
807.7641229196071 822.0
808.0146982713067 824.0
808.2652649546358 827.0
808.5158229691108 839.0
808.7663723142489 841.0
809.016912989567 854.0
809.2674449945815 857.0
809.5179683288098 877.0
809.7684829917686 1010.0
810.0189889829746 1325.0
810.269486301945 1428.0
810.5199749481961 1391.0
810.7704549212456 1668.0
811.0209262206095 2308.0
811.2713888458052 3686.0
811.5218427963496 3456.0
811.7722880717591 3188.0
812.022724671551 3164.0
812.2731525952421 2021.0
812.5235718423493 1376.0
812.7739824123893 1139.0
813.0243843048788 1018.0
813.2747775193352 938.0
813.5251620552749 885.0
813.7755379122152 869.0
814.0259050896724 869.0
814.276263587164 849.0
814.5266134042064 827.0
814.7769545403165 841.0
815.0272869950115 822.0
815.2776107678079 833.0
815.5279258582229 824.0
815.7782322657732 813.0
816.0285299899754 815.0
816.2788190303468 824.0
816.529099386404 832.0
816.7793710576641 825.0
817.0296340436439 822.0
817.2798883438601 845.0
817.5301339578298 830.0
817.7803708850694 822.0
818.0305991250964 819.0
818.2808186774273 814.0
818.531029541579 791.0
818.7812317170685 805.0
819.0314252034124 810.0
819.281610000128 810.0
819.5317861067317 811.0
819.7819535227408 806.0
820.0321122476719 810.0
820.2822622810417 813.0
820.5324036223675 810.0
820.7825362711658 806.0
821.0326602269538 813.0
821.2827754892483 799.0
821.5328820575656 825.0
821.7829799314234 809.0
822.033069110338 810.0
822.2831495938267 825.0
822.5332213814061 817.0
822.7832844725929 803.0
823.0333388669044 806.0
823.283384563857 810.0
823.533421562968 804.0
823.7834498637541 800.0
824.033469465732 815.0
824.2834803684189 814.0
824.5334825713311 813.0
824.7834760739862 827.0
825.0334608759005 813.0
825.2834369765912 806.0
825.5334043755751 814.0
825.7833630723688 866.0
826.0333130664897 956.0
826.2832543574541 1054.0
826.5331869447793 988.0
826.783110827982 1006.0
827.0330260065789 959.0
827.2829324800872 864.0
827.5328302480233 836.0
827.7827193099047 829.0
828.032599665248 824.0
828.2824713135695 812.0
828.532334254387 798.0
828.7821884872168 799.0
829.0320340115759 807.0
829.2818708269813 794.0
829.5316989329494 811.0
829.7815183289979 816.0
830.0313290146428 812.0
830.2811309894015 826.0
830.5309242527906 811.0
830.7807088043272 801.0
831.0304846435281 801.0
831.2802517699099 801.0
831.5300101829899 809.0
831.7797598822846 800.0
832.0295008673112 795.0
832.2792331375864 804.0
832.5289566926268 814.0
832.7786715319497 814.0
833.0283776550717 802.0
833.27807506151 787.0
833.5277637507811 804.0
833.7774437224018 798.0
834.0271149758895 794.0
834.2767775107606 798.0
834.526431326532 818.0
834.7760764227208 802.0
835.0257127988438 799.0
835.2753404544177 805.0
835.5249593889594 800.0
835.774569601986 801.0
836.0241710930143 809.0
836.2737638615607 805.0
836.5233479071428 796.0
836.7729232292768 789.0
837.0224898274802 796.0
837.2720477012693 808.0
837.5215968501614 803.0
837.7711372736733 804.0
838.0206689713215 794.0
838.2701919426232 812.0
838.5197061870952 804.0
838.7692117042545 803.0
839.0187084936177 816.0
839.2681965547017 815.0
839.5176758870236 836.0
839.7671464901001 841.0
840.0166083634483 852.0
840.2660615065847 940.0
840.5155059190262 1172.0
840.7649416002901 1137.0
841.0143685498927 1092.0
841.2637867673512 1144.0
841.5131962521828 1055.0
841.7625970039035 982.0
842.0119890220308 1255.0
842.2613723060813 1579.0
842.5107468555723 1385.0
842.76011267002 1411.0
843.0094697489418 1353.0
843.2588180918546 1075.0
843.5081576982747 910.0
843.7574885677194 880.0
844.0068106997054 819.0
844.25612409375 831.0
844.5054287493696 828.0
844.754724666081 817.0
845.0040118434015 824.0
845.2532902808475 820.0
845.5025599779364 805.0
845.7518209341847 806.0
846.0010731491091 810.0
846.2503166222269 807.0
846.4995513530547 808.0
846.7487773411094 811.0
846.9979945859081 814.0
847.2472030869674 787.0
847.4964028438043 794.0
847.7455938559353 807.0
847.994776122878 816.0
848.2439496441485 806.0
848.4931144192642 808.0
848.7422704477419 826.0
848.9914177290981 798.0
849.2405562628502 804.0
849.4896860485144 811.0
849.7388070856083 805.0
849.9879193736485 812.0
850.2370229121515 816.0
850.4861177006346 796.0
850.7352037386146 804.0
850.9842810256082 823.0
851.2333495611326 816.0
851.482409344704 858.0
851.7314603758401 987.0
851.9805026540571 1056.0
852.2295361788724 984.0
852.4785609498026 1007.0
852.7275769663643 996.0
852.9765842280748 890.0
853.2255827344507 823.0
853.4745724850093 822.0
853.7235534792667 817.0
853.9725257167406 816.0
854.2214891969475 809.0
854.4704439194039 810.0
854.7193898836274 803.0
854.9683270891342 791.0
855.2172555354416 795.0
855.4661752220665 793.0
855.7150861485252 800.0
855.9639883143353 804.0
856.212881719013 796.0
856.4617663620759 800.0
856.7106422430403 796.0
856.9595093614231 807.0
857.2083677167415 814.0
857.4572173085119 807.0
857.7060581362517 801.0
857.9548901994776 792.0
858.2037134977061 808.0
858.4525280304546 796.0
858.7013337972394 798.0
858.950130797578 788.0
859.1989190309868 799.0
859.4476984969828 779.0
859.696469195083 804.0
859.9452311248039 805.0
860.1939842856627 809.0
860.4427286771763 810.0
860.6914642988615 808.0
860.9401911502351 810.0
861.1889092308139 806.0
861.437618540115 800.0
861.686319077655 806.0
861.935010842951 809.0
862.1836938355198 795.0
862.432368054878 807.0
862.6810335005429 800.0
862.9296901720311 809.0
863.1783380688596 817.0
863.4269771905452 794.0
863.6756075366046 797.0
863.9242291065551 798.0
864.1728418999131 810.0
864.4214459161959 790.0
864.6700411549201 791.0
864.9186276156024 797.0
865.1672052977602 818.0
865.4157742009098 795.0
865.6643343245685 798.0
865.9128856682528 800.0
866.1614282314799 808.0
866.4099620137665 829.0
866.6584870146295 834.0
866.9070032335858 820.0
867.155510670152 832.0
867.4040093238455 820.0
867.6524991941827 814.0
867.9009802806806 810.0
868.1494525828563 810.0
868.3979161002262 794.0
868.6463708323078 806.0
868.8948167786174 820.0
869.1432539386718 798.0
869.3916823119887 808.0
869.6401018980839 801.0
869.8885126964751 799.0
870.1369147066789 799.0
870.3853079282118 802.0
870.6336923605911 805.0
870.8820680033335 803.0
871.1304348559562 798.0
871.3787929179755 807.0
871.6271421889087 800.0
871.8754826682726 809.0
872.1238143555837 789.0
872.3721372503595 795.0
872.6204513521162 805.0
872.8687566603713 790.0
873.1170531746413 797.0
873.365340894443 818.0
873.6136198192935 793.0
873.8618899487094 809.0
874.110151282208 792.0
874.3584038193057 817.0
874.6066475595196 808.0
874.8548825023668 817.0
875.1031086473636 802.0
875.3513259940273 792.0
875.5995345418747 801.0
875.8477342904224 812.0
876.0959252391877 804.0
876.3441073876871 800.0
876.5922807354377 796.0
876.8404452819562 805.0
877.0886010267599 794.0
877.3367479693651 819.0
877.5848861092887 812.0
877.8330154460481 805.0
878.0811359791594 809.0
878.3292477081402 808.0
878.5773506325071 804.0
878.8254447517768 806.0
879.0735300654665 803.0
879.3216065730924 792.0
879.5696742741723 804.0
879.8177331682225 807.0
880.0657832547598 798.0
880.3138245333014 812.0
880.5618570033639 812.0
880.8098806644645 804.0
881.0578955161196 807.0
881.3059015578464 803.0
881.5538987891618 797.0
881.8018872095822 806.0
882.0498668186252 793.0
882.297837615807 803.0
882.5457996006451 814.0
882.7937527726558 788.0
883.041697131356 806.0
883.2896326762632 792.0
883.5375594068934 801.0
883.7854773227642 800.0
884.0333864233922 798.0
884.2812867082938 804.0
884.5291781769868 801.0
884.7770608289871 795.0
885.0249346638125 795.0
885.2727996809792 795.0
885.5206558800041 820.0
885.7685032604046 819.0
886.0163418216969 799.0
886.2641715633982 794.0
886.5119924850256 789.0
886.7598045860955 789.0
887.007607866125 805.0
887.2554023246308 801.0
887.5031879611303 822.0
887.7509647751398 817.0
887.9987327661763 792.0
888.2464919337567 798.0
888.4942422773979 783.0
888.7419837966169 794.0
888.9897164909302 812.0
889.2374403598551 792.0
889.4851554029083 802.0
889.7328616196063 787.0
889.9805590094667 796.0
890.2282475720056 814.0
890.4759273067405 806.0
890.7235982131879 788.0
890.9712602908646 816.0
891.218913539288 797.0
891.4665579579743 787.0
891.7141935464408 790.0
891.9618203042044 797.0
892.2094382307815 796.0
892.4570473256895 787.0
892.7046475884449 808.0
892.9522390185649 812.0
893.1998216155661 798.0
893.4473953789653 814.0
893.6949603082797 801.0
893.9425164030258 785.0
894.1900636627211 801.0
894.4376020868815 796.0
894.6851316750246 801.0
894.9326524266672 807.0
895.1801643413257 795.0
895.4276674185177 810.0
895.6751616577593 799.0
895.922647058568 786.0
896.1701236204603 790.0
896.4175913429531 785.0
896.6650502255636 792.0
896.912500267808 793.0
897.159941469204 786.0
897.4073738292678 789.0
897.6547973475165 788.0
897.9022120234671 808.0
898.1496178566362 808.0
898.3970148465409 795.0
898.644402992698 802.0
898.8917822946241 802.0
899.1391527518367 784.0
899.386514363852 813.0
899.6338671301874 802.0
899.8812110503592 804.0
900.1285461238849 806.0
900.375872350281 792.0
900.6231897290643 800.0
900.8704982597519 787.0
901.1177979418604 802.0
901.3650887749071 794.0
901.6123707584086 795.0
901.8596438918815 804.0
902.106908174843 803.0
902.35416360681 789.0
902.6014101872993 794.0
902.8486479158278 802.0
903.095876791912 793.0
903.3430968150694 797.0
903.5903079848164 790.0
903.83751030067 798.0
904.0847037621473 800.0
904.3318883687646 819.0
904.5790641200394 816.0
904.826231015488 801.0
905.0733890546279 796.0
905.3205382369753 796.0
905.5676785620476 795.0
905.8148100293615 803.0
906.0619326384336 796.0
906.3090463887813 794.0
906.5561512799208 806.0
906.8032473113697 796.0
907.0503344826443 802.0
907.2974127932616 799.0
907.5444822427387 797.0
907.7915428305921 790.0
908.038594556339 797.0
908.2856374194963 796.0
908.5326714195803 802.0
908.7796965561088 808.0
909.0267128285976 806.0
909.2737202365645 810.0
909.520718779526 804.0
909.7677084569985 803.0
910.0146892684998 796.0
910.261661213546 790.0
910.5086242916544 802.0
910.7555785023416 810.0
911.0025238451248 801.0
911.2494603195206 823.0
911.4963879250456 820.0
911.7433066612174 909.0
911.9902165275522 1135.0
912.2371175235672 1079.0
912.4840096487795 994.0
912.7308929027052 1038.0
912.9777672848619 984.0
913.2246327947661 896.0
913.4714894319347 835.0
913.7183371958849 806.0
913.965176086133 813.0
914.2120061021965 804.0
914.4588272435916 810.0
914.7056395098358 793.0
914.9524429004457 801.0
915.1992374149379 802.0
915.4460230528298 799.0
915.6927998136375 806.0
915.9395676968788 798.0
916.1863267020701 785.0
916.4330768287281 791.0
916.67981807637 794.0
916.9265504445123 805.0
917.1732739326723 799.0
917.4199885403666 815.0
917.6666942671121 800.0
917.9133911124259 802.0
918.1600790758242 809.0
918.4067581568248 796.0
918.6534283549438 798.0
918.9000896696987 798.0
919.1467421006058 796.0
919.3933856471822 812.0
919.6400203089449 813.0
919.8866460854103 810.0
920.1332629760961 804.0
920.3798709805186 808.0
920.6264700981943 808.0
920.8730603286409 807.0
921.1196416713748 803.0
921.3662141259131 808.0
921.6127776917724 799.0
921.8593323684695 836.0
922.1058781555217 945.0
922.3524150524454 947.0
922.598943058758 885.0
922.8454621739758 879.0
923.0919723976159 885.0
923.3384737291954 857.0
923.5849661682307 821.0
923.8314497142393 808.0
924.0779243667373 798.0
924.3243901252423 791.0
924.5708469892709 786.0
924.8172949583395 803.0
925.0637340319656 804.0
925.3101642096658 804.0
925.5565854909571 797.0
925.8029978753563 805.0
926.04940136238 814.0
926.2957959515456 795.0
926.5421816423694 801.0
926.7885584343687 807.0
927.0349263270604 793.0
927.281285319961 793.0
927.5276354125876 798.0
927.7739766044568 800.0
928.020308895086 812.0
928.2666322839915 801.0
928.5129467706906 805.0
928.7592523547 809.0
929.0055490355364 807.0
929.2518368127171 804.0
929.4981156857584 804.0
929.7443856541778 796.0
929.9906467174917 799.0
930.2368988752169 800.0
930.4831421268707 802.0
930.7293764719695 793.0
930.9756019100306 800.0
931.2218184405708 811.0
931.4680260631065 792.0
931.7142247771553 812.0
931.9604145822334 802.0
932.2065954778582 797.0
932.4527674635461 797.0
932.6989305388141 820.0
932.9450847031794 795.0
933.1912299561584 785.0
933.4373662972685 797.0
933.6834937260257 806.0
933.929612241948 805.0
934.1757218445516 792.0
934.4218225333533 798.0
934.6679143078701 795.0
934.913997167619 803.0
935.1600711121167 799.0
935.4061361408803 817.0
935.6521922534262 801.0
935.8982394492718 799.0
936.1442777279336 806.0
936.3903070889288 794.0
936.636327531774 808.0
936.882339055986 812.0
937.128341661082 820.0
937.3743353465785 805.0
937.6203201119927 804.0
937.8662959568414 799.0
938.1122628806411 794.0
938.3582208829092 810.0
938.6041699631621 792.0
938.8501101209171 810.0
939.0960413556905 808.0
939.341963667 799.0
939.5878770543618 798.0
939.8337815172929 797.0
940.0796770553103 794.0
940.3255636679306 792.0
940.5714413546712 802.0
940.8173101150486 796.0
941.0631699485793 789.0
941.309020854781 785.0
941.5548628331699 789.0
941.8006958832632 795.0
942.0465200045778 797.0
942.2923351966301 802.0
942.5381414589376 804.0
942.7839387910167 807.0
943.0297271923846 805.0
943.275506662558 802.0
943.5212772010536 813.0
943.7670388073888 793.0
944.0127914810797 802.0
944.2585352216438 806.0
944.504270028598 789.0
944.7499959014584 802.0
944.9957128397427 801.0
945.2414208429674 797.0
945.4871199106495 794.0
945.7328100423057 807.0
945.978491237453 798.0
946.2241634956084 807.0
946.4698268162882 793.0
946.71548119901 794.0
946.9611266432901 789.0
947.2067631486459 794.0
947.4523907145939 782.0
947.6980093406509 791.0
947.943619026334 797.0
948.1892197711599 808.0
948.4348115746456 805.0
948.680394436308 804.0
948.9259683556636 792.0
949.17153333223 790.0
949.4170893655231 787.0
949.6626364550607 800.0
949.9081746003591 792.0
950.1537038009352 804.0
950.3992240563063 793.0
950.6447353659886 796.0
950.8902377294995 812.0
951.1357311463555 800.0
951.381215616074 799.0
951.6266911381715 813.0
951.8721577121647 801.0
952.1176153375708 798.0
952.3630640139064 801.0
952.6085037406887 787.0
952.8539345174344 803.0
953.09935634366 812.0
953.3447692188829 788.0
953.5901731426196 802.0
953.8355681143876 796.0
954.080954133703 803.0
954.326331200083 799.0
954.5716993130445 812.0
954.8170584721041 804.0
955.0624086767792 793.0
955.3077499265863 807.0
955.5530822210421 816.0
955.798405559664 795.0
956.0437199419682 801.0
956.2890253674723 809.0
956.5343218356925 817.0
956.7796093461461 803.0
957.02488789835 789.0
957.2701574918206 794.0
957.5154181260752 793.0
957.7606698006304 789.0
958.0059125150034 799.0
958.2511462687107 790.0
958.4963710612694 797.0
958.7415868921963 802.0
958.9867937610082 794.0
959.2319916672224 804.0
959.4771806103552 801.0
959.7223605899235 817.0
959.9675316054446 818.0
960.2126936564348 800.0
960.4578467424116 796.0
960.7029908628915 807.0
960.9481260173911 817.0
961.193252205428 802.0
961.4383694265184 797.0
961.6834776801796 790.0
961.9285769659282 794.0
962.1736672832812 798.0
962.4187486317555 801.0
962.6638210108677 810.0
962.908884420135 812.0
963.153938859074 799.0
963.3989843272019 809.0
963.6440208240352 793.0
963.889048349091 804.0
964.1340669018862 789.0
964.3790764819373 816.0
964.6240770887617 804.0
964.8690687218761 800.0
965.114051380797 798.0
965.3590250650417 865.0
965.6039897741268 910.0
965.8489455075695 832.0
966.0938922648864 832.0
966.3388300455941 838.0
966.5837588492103 828.0
966.8286786752509 841.0
967.0735895232334 834.0
967.3184913926743 816.0
967.5633842830911 796.0
967.808268194 800.0
968.0531431249179 809.0
968.2980090753622 801.0
968.5428660448491 812.0
968.7877140328961 791.0
969.0325530390197 803.0
969.2773830627367 790.0
969.5222041035643 804.0
969.7670161610189 805.0
970.0118192346179 795.0
970.2566133238779 797.0
970.5013984283155 801.0
970.746174547448 780.0
970.990941680792 782.0
971.2356998278649 803.0
971.480448988183 791.0
971.725189161263 799.0
971.9699203466223 800.0
972.2146425437775 808.0
972.4593557522456 797.0
972.7040599715434 812.0
972.9487552011876 800.0
973.1934414406954 781.0
973.4381186895833 807.0
973.6827869473685 803.0
973.9274462135677 794.0
974.1720964876979 792.0
974.4167377692759 789.0
974.6613700578182 794.0
974.9059933528424 808.0
975.1506076538647 819.0
975.3952129604023 800.0
975.6398092719721 791.0
975.8843965880908 797.0
976.1289749082755 811.0
976.3735442320426 806.0
976.6181045589096 804.0
976.862655888393 805.0
977.1071982200094 810.0
977.3517315532764 790.0
977.5962558877101 808.0
977.840771222828 813.0
978.0852775581467 822.0
978.3297748931827 812.0
978.5742632274536 801.0
978.8187425604756 809.0
979.063212891766 805.0
979.3076742208415 810.0
979.5521265472191 807.0
979.7965698704156 812.0
980.0410041899477 794.0
980.2854295053326 802.0
980.5298458160865 818.0
980.7742531217272 806.0
981.0186514217711 805.0
981.2630407157347 796.0
981.5074210031356 788.0
981.7517922834901 803.0
981.9961545563154 810.0
982.2405078211283 791.0
982.4848520774455 799.0
982.729187324784 796.0
982.9735135626606 802.0
983.2178307905924 800.0
983.4621390080961 804.0
983.7064382146882 786.0
983.9507284098863 802.0
984.1950095932067 807.0
984.4392817641666 786.0
984.6835449222825 787.0
984.9277990670716 809.0
985.1720441980509 813.0
985.4162803147366 792.0
985.6605074166464 801.0
985.9047255032964 817.0
986.1489345742042 817.0
986.3931346288863 810.0
986.6373256668593 796.0
986.8815076876406 798.0
987.1256806907464 791.0
987.3698446756944 802.0
987.613999642001 793.0
987.8581455891829 796.0
988.1022825167574 795.0
988.3464104242408 791.0
988.5905293111508 804.0
988.8346391770036 798.0
989.0787400213161 811.0
989.3228318436055 798.0
989.5669146433884 794.0
989.8109884201817 791.0
990.0550531735024 798.0
990.2991089028674 805.0
990.5431556077934 814.0
990.7871932877973 794.0
991.031221942396 789.0
991.2752415711062 791.0
991.5192521734452 795.0
991.7632537489297 800.0
992.0072462970761 788.0
992.251229817402 802.0
992.4952043094236 795.0
992.7391697726582 806.0
992.9831262066227 813.0
993.2270736108336 787.0
993.4710119848082 805.0
993.7149413280629 809.0
993.958861640115 789.0
994.2027729204812 791.0
994.4466751686781 807.0
994.6905683842231 801.0
994.9344525666326 807.0
995.1783277154237 797.0
995.4221938301132 809.0
995.6660509102181 794.0
995.9098989552552 791.0
996.1537379647411 790.0
996.3975679381932 808.0
996.6413888751279 797.0
996.8852007750622 793.0
997.1290036375133 816.0
997.3727974619973 797.0
997.6165822480319 799.0
997.8603579951333 796.0
998.104124702819 808.0
998.3478823706055 797.0
998.5916309980095 798.0
998.8353705845483 795.0
999.0791011297383 807.0
999.3228226330968 793.0
999.5665350941406 795.0
999.8102385123861 790.0
1000.0539328873509 807.0
1000.2976182185512 796.0
1000.5412945055043 800.0
1000.7849617477269 812.0
1001.0286199447357 804.0
1001.2722690960481 802.0
1001.5159092011804 799.0
1001.75954025965 801.0
1002.003162270973 796.0
1002.246775234667 801.0
1002.4903791502487 793.0
1002.7339740172346 794.0
1002.9775598351421 813.0
1003.2211366034876 807.0
1003.4647043217884 808.0
1003.7082629895611 786.0
1003.9518126063224 793.0
1004.1953531715895 794.0
1004.4388846848791 800.0
1004.6824071457083 804.0
1004.9259205535938 806.0
1005.1694249080521 807.0
1005.4129202086007 804.0
1005.6564064547559 793.0
1005.8998836460353 811.0
1006.1433517819551 817.0
1006.3868108620323 801.0
1006.6302608857841 798.0
1006.8737018527269 802.0
1007.1171337623779 797.0
1007.3605566142537 797.0
1007.6039704078715 809.0
1007.8473751427481 806.0
1008.0907708184001 802.0
1008.3341574343445 805.0
1008.5775349900982 796.0
1008.8209034851784 799.0
1009.0642629191013 788.0
1009.3076132913841 802.0
1009.5509546015439 801.0
1009.7942868490973 810.0
1010.0376100335611 814.0
1010.2809241544525 816.0
1010.5242292112879 808.0
1010.7675252035845 797.0
1011.010812130859 810.0
1011.2540899926286 796.0
1011.4973587884098 804.0
1011.7406185177194 812.0
1011.9838691800747 798.0
1012.2271107749921 795.0
1012.470343301989 806.0
1012.7135667605817 792.0
1012.9567811502875 795.0
1013.1999864706231 797.0
1013.4431827211052 803.0
1013.686369901251 800.0
1013.929548010577 792.0
1014.1727170486006 792.0
1014.4158770148383 797.0
1014.6590279088067 794.0
1014.9021697300233 803.0
1015.1453024780044 795.0
1015.3884261522674 800.0
1015.6315407523286 794.0
1015.8746462777051 811.0
1016.1177427279141 794.0
1016.3608301024719 811.0
1016.603908400896 801.0
1016.8469776227028 780.0
1017.0900377674091 801.0
1017.3330888345322 797.0
1017.5761308235883 799.0
1017.8191637340951 795.0
1018.0621875655689 805.0
1018.3052023175269 810.0
1018.5482079894858 800.0
1018.7912045809622 802.0
1019.0341920914735 806.0
1019.2771705205361 790.0
1019.5201398676672 816.0
1019.7631001323837 797.0
1020.006051314202 801.0
1020.2489934126395 790.0
1020.4919264272125 793.0
1020.7348503574386 794.0
1020.9777652028342 805.0
1021.2206709629161 805.0
1021.4635676372014 792.0
1021.7064552252067 800.0
1021.9493337264495 781.0
1022.1922031404459 797.0
1022.4350634667132 800.0
1022.6779147047681 804.0
1022.9207568541273 816.0
1023.1635899143083 802.0
1023.4064138848273 797.0
1023.6492287652015 791.0
1023.8920345549478 804.0
1024.134831253583 788.0
1024.377618860624 801.0
1024.6203973755871 783.0
1024.8631667979898 802.0
1025.1059271273493 805.0
1025.3486783631818 807.0
1025.5914205050044 814.0
1025.8341535523336 800.0
1026.076877504687 793.0
1026.3195923615808 789.0
1026.5622981225324 797.0
1026.8049947870584 789.0
1027.0476823546753 801.0
1027.2903608249007 812.0
1027.5330301972513 806.0
1027.7756904712435 812.0
1028.0183416463947 810.0
1028.260983722221 811.0
1028.5036166982402 807.0
1028.7462405739689 792.0
1028.9888553489234 801.0
1029.2314610226213 798.0
1029.474057594579 806.0
1029.7166450643138 796.0
1029.9592234313418 806.0
1030.2017926951808 809.0
1030.4443528553472 805.0
1030.6869039113576 800.0
1030.9294458627296 796.0
1031.1719787089794 797.0
1031.414502449624 797.0
1031.6570170841808 804.0
1031.8995226121658 796.0
1032.1420190330966 782.0
1032.3845063464896 808.0
1032.6269845518618 795.0
1032.8694536487305 795.0
1033.111913636612 793.0
1033.3543645150232 821.0
1033.596806283481 812.0
1033.8392389415026 795.0
1034.081662488605 813.0
1034.324076924304 797.0
1034.566482248118 794.0
1034.8088784595625 796.0
1035.0512655581551 793.0
1035.2936435434124 796.0
1035.5360124148515 794.0
1035.778372171989 797.0
1036.020722814342 797.0
1036.2630643414275 806.0
1036.5053967527615 801.0
1036.7477200478622 814.0
1036.9900342262456 801.0
1037.2323392874284 800.0
1037.4746352309282 798.0
1037.7169220562612 793.0
1037.9591997629448 800.0
1038.2014683504956 787.0
1038.4437278184303 798.0
1038.685978166266 796.0
1038.9282193935196 808.0
1039.170451499708 807.0
1039.4126744843477 819.0
1039.6548883469559 810.0
1039.8970930870496 802.0
1040.1392887041452 796.0
1040.3814751977598 797.0
1040.6236525674105 818.0
1040.8658208126137 802.0
1041.107979932887 791.0
1041.3501299277466 777.0
1041.5922707967095 796.0
1041.8344025392926 793.0
1042.0765251550129 796.0
1042.3186386433872 814.0
1042.5607430039322 799.0
1042.802838236165 801.0
1043.0449243396022 787.0
1043.2870013137613 799.0
1043.5290691581586 787.0
1043.7711278723107 794.0
1044.013177455735 794.0
1044.2552179079482 789.0
1044.4972492284676 804.0
1044.7392714168093 797.0
1044.9812844724902 803.0
1045.223288395028 814.0
1045.4652831839387 802.0
1045.70726883874 810.0
1045.949245358948 816.0
1046.1912127440798 797.0
1046.4331709936528 808.0
1046.675120107183 812.0
1046.9170600841878 812.0
1047.1589909241836 796.0
1047.400912626688 804.0
1047.6428251912175 784.0
1047.8847286172886 794.0
1048.1266229044188 796.0
1048.3685080521243 799.0
1048.6103840599228 790.0
1048.8522509273307 798.0
1049.0941086538646 799.0
1049.3359572390418 803.0
1049.577796682379 813.0
1049.819626983393 798.0
1050.061448141601 793.0
1050.3032601565194 795.0
1050.5450630276655 806.0
1050.7868567545556 812.0
1051.0286413367073 790.0
1051.270416773637 790.0
1051.5121830648616 791.0
1051.7539402098982 795.0
1051.9956882082631 806.0
1052.237427059474 804.0
1052.479156763047 792.0
1052.7208773184996 803.0
1052.9625887253483 803.0
1053.2042909831098 800.0
1053.4459840913016 808.0
1053.6876680494397 801.0
1053.929342857042 796.0
1054.1710085136244 798.0
1054.4126650187043 795.0
1054.6543123717986 793.0
1054.8959505724238 808.0
1055.1375796200969 802.0
1055.3791995143351 790.0
1055.620810254655 796.0
1055.8624118405735 807.0
1056.1040042716074 802.0
1056.3455875472737 799.0
1056.5871616670893 788.0
1056.8287266305706 808.0
1057.070282437235 797.0
1057.3118290865991 781.0
1057.5533665781802 809.0
1057.7948949114943 795.0
1058.0364140860593 810.0
1058.2779241013916 806.0
1058.5194249570077 806.0
1058.760916652425 798.0
1059.0023991871599 804.0
1059.24387256073 781.0
1059.4853367726514 794.0
1059.7267918224413 793.0
1059.968237709617 799.0
1060.2096744336943 792.0
1060.451101994191 793.0
1060.6925203906237 808.0
1060.933929622509 796.0
1061.1753296893642 799.0
1061.4167205907056 802.0
1061.6581023260508 803.0
1061.8994748949162 799.0
1062.1408382968189 788.0
1062.3821925312755 800.0
1062.6235375978026 803.0
1062.8648734959181 800.0
1063.1062002251376 802.0
1063.3475177849793 797.0
1063.588826174959 795.0
1063.830125394594 793.0
1064.0714154434013 806.0
1064.312696320897 816.0
1064.553968026599 796.0
1064.7952305600238 798.0
1065.036483920688 803.0
1065.2777281081087 800.0
1065.5189631218025 807.0
1065.7601889612868 791.0
1066.001405626078 794.0
1066.2426131156928 802.0
1066.4838114296492 805.0
1066.7250005674625 813.0
1066.9661805286507 800.0
1067.2073513127305 805.0
1067.4485129192178 799.0
1067.689665347631 804.0
1067.9308085974856 813.0
1068.1719426682996 810.0
1068.413067559589 792.0
1068.654183270871 804.0
1068.8952898016628 801.0
1069.1363871514804 806.0
1069.3774753198418 794.0
1069.618554306263 796.0
1069.8596241102612 806.0
1070.100684731353 793.0
1070.3417361690556 797.0
1070.582778422886 816.0
1070.8238114923604 817.0
1071.0648353769964 817.0
1071.3058500763104 805.0
1071.5468555898192 810.0
1071.7878519170404 806.0
1072.02883905749 784.0
1072.2698170106853 788.0
1072.5107857761434 795.0
1072.75174535338 799.0
1072.9926957419138 794.0
1073.23363694126 786.0
1073.4745689509368 802.0
1073.7154917704597 793.0
1073.9564053993467 800.0
1074.1973098371145 795.0
1074.4382050832794 797.0
1074.6790911373587 779.0
1074.9199679988692 798.0
1075.1608356673278 801.0
1075.4016941422512 802.0
1075.6425434231562 797.0
1075.8833835095604 796.0
1076.1242144009796 797.0
1076.3650360969316 809.0
1076.6058485969324 781.0
1076.8466519004996 787.0
1077.0874460071498 794.0
1077.3282309163997 794.0
1077.5690066277664 799.0
1077.8097731407665 806.0
1078.0505304549172 803.0
1078.2912785697354 805.0
1078.5320174847377 806.0
1078.772747199441 789.0
1079.0134677133622 798.0
1079.2541790260184 794.0
1079.4948811369263 797.0
1079.7355740456023 816.0
1079.9762577515642 813.0
1080.2169322543277 809.0
1080.4575975534112 797.0
1080.6982536483301 797.0
1080.9389005386022 794.0
1081.179538223744 811.0
1081.4201667032721 808.0
1081.6607859767041 787.0
1081.9013960435564 773.0
1082.1419969033457 796.0
1082.382588555589 793.0
1082.6231709998035 797.0
1082.863744235506 793.0
1083.104308262213 793.0
1083.3448630794412 794.0
1083.5854086867082 801.0
1083.8259450835303 796.0
1084.0664722694248 793.0
1084.306990243908 794.0
1084.5474990064974 807.0
1084.7879985567097 811.0
1085.0284888940612 805.0
1085.2689700180695 790.0
1085.509441928251 794.0
1085.749904624123 805.0
1085.990358105202 794.0
1086.2308023710048 798.0
1086.4712374210485 806.0
1086.71166325485 780.0
1086.9520798719261 796.0
1087.1924872717937 789.0
1087.4328854539694 788.0
1087.6732744179706 781.0
1087.9136541633134 776.0
1088.1540246895156 806.0
1088.3943859960934 801.0
1088.6347380825637 809.0
1088.8750809484436 802.0
1089.1154145932499 796.0
1089.3557390164995 793.0
1089.5960542177095 799.0
1089.836360196396 790.0
1090.0766569520767 787.0
1090.3169444842679 812.0
1090.557222792487 806.0
1090.7974918762502 794.0
1091.037751735075 796.0
1091.2780023684782 809.0
1091.518243775976 804.0
1091.7584759570861 808.0
1091.9986989113247 812.0
1092.2389126382093 789.0
1092.4791171372563 799.0
1092.7193124079827 801.0
1092.9594984499054 795.0
1093.1996752625412 804.0
1093.4398428454072 793.0
1093.68000119802 786.0
1093.9201503198965 800.0
1094.1602902105537 798.0
1094.4004208695083 786.0
1094.6405422962773 794.0
1094.8806544903778 804.0
1095.120757451326 792.0
1095.3608511786392 786.0
1095.6009356718341 804.0
1095.8410109304282 810.0
1096.0810769539376 802.0
1096.3211337418795 793.0
1096.5611812937707 798.0
1096.8012196091279 791.0
1097.0412486874682 798.0
1097.2812685283084 788.0
1097.5212791311658 796.0
1097.7612804955563 800.0
1098.0012726209975 801.0
1098.2412555070064 792.0
1098.4812291530989 776.0
1098.721193558793 791.0
1098.961148723605 808.0
1099.2010946470518 798.0
1099.4410313286503 809.0
1099.6809587679172 813.0
1099.92087696437 805.0
1100.1607859175251 792.0
1100.400685626899 790.0
1100.640576092009 809.0
1100.880457312372 797.0
1101.1203292875052 798.0
1101.3601920169247 814.0
1101.6000455001479 798.0
1101.8398897366915 801.0
1102.079724726072 801.0
1102.3195504678072 809.0
1102.559366961413 806.0
1102.7991742064069 798.0
1103.0389722023056 804.0
1103.2787609486254 794.0
1103.5185404448844 788.0
1103.7583106905984 809.0
1103.9980716852845 808.0
1104.23782342846 796.0
1104.4775659196412 800.0
1104.7172991583454 801.0
1104.9570231440887 814.0
1105.1967378763893 792.0
1105.436443354763 794.0
1105.6761395787273 805.0
1105.9158265477986 796.0
1106.1555042614937 808.0
1106.3951727193298 794.0
1106.6348319208234 794.0
1106.8744818654923 789.0
1107.1141225528525 802.0
1107.3537539824208 784.0
1107.5933761537144 796.0
1107.8329890662503 793.0
1108.072592719545 787.0
1108.3121871131157 808.0
1108.551772246479 805.0
1108.7913481191517 804.0
1109.030914730651 787.0
1109.2704720804938 786.0
1109.5100201681967 808.0
1109.7495589932764 793.0
1109.9890885552504 800.0
1110.2286088536348 804.0
1110.4681198879473 794.0
1110.707621657704 787.0
1110.9471141624224 795.0
1111.1865974016187 798.0
1111.4260713748101 795.0
1111.665536081514 785.0
1111.9049915212463 795.0
1112.1444376935244 798.0
1112.3838745978653 792.0
1112.6233022337854 795.0
1112.8627206008023 790.0
1113.102129698432 791.0
1113.3415295261918 804.0
1113.5809200835986 805.0
1113.820301370169 796.0
1114.0596733854206 797.0
1114.2990361288694 785.0
1114.5383896000326 796.0
1114.7777337984273 791.0
1115.0170687235698 802.0
1115.2563943749778 805.0
1115.4957107521673 803.0
1115.7350178546556 802.0
1115.9743156819598 790.0
1116.213604233596 796.0
1116.452883509082 784.0
1116.692153507934 799.0
1116.9314142296694 780.0
1117.1706656738045 788.0
1117.4099078398563 802.0
1117.6491407273422 803.0
1117.8883643357783 795.0
1118.1275786646822 799.0
1118.36678371357 807.0
1118.6059794819594 795.0
1118.8451659693665 787.0
1119.0843431753085 805.0
1119.3235110993026 805.0
1119.5626697408647 810.0
1119.8018190995128 795.0
1120.0409591747637 793.0
1120.2800899661331 796.0
1120.519211473139 782.0
1120.7583236952978 797.0
1120.9974266321262 813.0
1121.236520283142 794.0
1121.4756046478608 791.0
1121.7146797258001 802.0
1121.9537455164768 802.0
1122.192802019408 803.0
1122.4318492341101 793.0
1122.6708871601 818.0
1122.909915796895 805.0
1123.1489351440111 798.0
1123.3879452009662 804.0
1123.6269459672762 795.0
1123.865937442459 796.0
1124.1049196260308 782.0
1124.3438925175087 804.0
