shot=100_gas=Ar_height=50_RF=249.0W_massflow=1000_coils=0.0A_HR4000 spectrum
Wavelength [nm] // Intensity [u.a.] 
194.93414 797.0
195.2037815346219 787.0
195.47341553816543 781.0
195.74304201014752 795.0
196.012660950085 804.0
196.28227235749478 802.0
196.55187623189366 808.0
196.82147257279857 810.0
197.09106137972637 810.0
197.36064265219392 792.0
197.63021638971804 814.0
197.89978259181567 803.0
198.16934125800364 785.0
198.43889238779886 798.0
198.7084359807181 795.0
198.97797203627835 812.0
199.2475005539964 804.0
199.51702153338914 804.0
199.78653497397343 808.0
200.05604087526618 816.0
200.3255392367842 814.0
200.59503005804436 802.0
200.8645133385636 796.0
201.1339890778587 792.0
201.4034572754466 808.0
201.67291793084408 795.0
201.94237104356813 799.0
202.21181661313554 818.0
202.48125463906314 784.0
202.7506851208679 801.0
203.02010805806663 800.0
203.28952345017618 804.0
203.55893129671344 810.0
203.8283315971953 810.0
204.0977243511386 801.0
204.3671095580602 818.0
204.636487217477 799.0
204.90585732890585 789.0
205.17521989186366 797.0
205.44457490586717 816.0
205.7139223704334 812.0
205.98326228507918 803.0
206.2525946493213 812.0
206.5219194626767 817.0
206.79123672466224 811.0
207.06054643479476 809.0
207.32984859259116 797.0
207.59914319756828 798.0
207.86843024924303 809.0
208.13770974713225 802.0
208.40698169075276 803.0
208.6762460796215 802.0
208.94550291325532 802.0
209.2147521911711 812.0
209.48399391288567 799.0
209.75322807791594 799.0
210.02245468577874 804.0
210.29167373599094 811.0
210.56088522806942 803.0
210.83008916153108 808.0
211.09928553589276 798.0
211.3684743506713 803.0
211.63765560538363 811.0
211.9068292995466 800.0
212.175995432677 805.0
212.44515400429182 807.0
212.71430501390782 796.0
212.98344846104192 802.0
213.25258434521103 810.0
213.52171266593191 810.0
213.79083342272153 793.0
214.05994661509675 801.0
214.3290522425744 806.0
214.5981503046713 793.0
214.8672408009044 799.0
215.13632373079054 810.0
215.4053990938466 808.0
215.6744668895894 789.0
215.94352711753592 802.0
216.21257977720293 802.0
216.48162486810728 801.0
216.7506623897659 799.0
217.01969234169565 809.0
217.2887147234134 803.0
217.55772953443596 814.0
217.82673677428028 789.0
218.0957364424632 823.0
218.36472853850154 795.0
218.6337130619122 811.0
218.9026900122121 787.0
219.17165938891804 804.0
219.4406211915469 804.0
219.70957541961562 807.0
219.97852207264097 805.0
220.24746115013983 812.0
220.5163926516291 784.0
220.78531657662566 806.0
221.05423292464639 814.0
221.32314169520808 811.0
221.59204288782766 811.0
221.860936502022 810.0
222.12982253730797 807.0
222.39870099320237 803.0
222.66757186922214 815.0
222.93643516488416 805.0
223.20529087970525 804.0
223.47413901320226 791.0
223.74297956489212 797.0
224.01181253429166 804.0
224.28063792091777 806.0
224.5494557242873 817.0
224.8182659439171 810.0
225.08706857932413 822.0
225.35586363002508 804.0
225.62465109553705 803.0
225.89343097537673 805.0
226.16220326906105 820.0
226.43096797610687 816.0
226.69972509603105 816.0
226.9684746283505 797.0
227.237216572582 786.0
227.50595092824256 797.0
227.7746776948489 796.0
228.04339687191796 797.0
228.31210845896663 806.0
228.5808124555117 809.0
228.84950886107015 796.0
229.11819767515877 802.0
229.38687889729442 794.0
229.65555252699397 798.0
229.92421856377433 799.0
230.1928770071524 797.0
230.46152785664492 809.0
230.73017111176884 810.0
230.99880677204106 811.0
231.26743483697837 816.0
231.53605530609772 804.0
231.8046681789159 799.0
232.07327345494983 806.0
232.34187113371638 794.0
232.61046121473237 806.0
232.87904369751473 803.0
233.14761858158028 805.0
233.41618586644586 797.0
233.68474555162845 797.0
233.95329763664483 818.0
234.2218421210119 794.0
234.49037900424648 795.0
234.7589082858655 801.0
235.02742996538583 805.0
235.29594404232427 818.0
235.56445051619772 834.0
235.8329493865231 800.0
236.10144065281722 802.0
236.36992431459691 792.0
236.63840037137916 791.0
236.9068688226808 809.0
237.1753296680186 802.0
237.44378290690955 802.0
237.7122285388704 802.0
237.9806665634181 797.0
238.24909698006957 810.0
238.51751978834153 795.0
238.78593498775095 800.0
239.0543425778147 797.0
239.32274255804958 805.0
239.59113492797255 815.0
239.8595196871004 819.0
240.12789683495004 804.0
240.3962663710383 802.0
240.66462829488208 823.0
240.93298260599826 806.0
241.2013293039037 814.0
241.46966838811522 797.0
241.73799985814978 815.0
242.00632371352418 808.0
242.27463995375527 807.0
242.54294857835998 815.0
242.81124958685515 805.0
243.07954297875764 793.0
243.34782875358434 799.0
243.61610691085207 792.0
243.88437745007772 810.0
244.15264037077822 812.0
244.42089567247035 811.0
244.68914335467105 810.0
244.95738341689716 807.0
245.2256158586655 797.0
245.493840679493 795.0
245.76205787889654 808.0
246.03026745639292 808.0
246.29846941149904 798.0
246.5666637437318 812.0
246.834850452608 812.0
247.1030295376446 789.0
247.37120099835838 811.0
247.63936483426627 790.0
247.9075210448851 802.0
248.17566962973177 807.0
248.4438105883231 808.0
248.71194392017603 818.0
248.98006962480733 801.0
249.248187701734 800.0
249.51629815047275 794.0
249.78440097054056 800.0
250.05249616145431 806.0
250.32058372273076 810.0
250.5886636538869 799.0
250.85673595443953 795.0
251.12480062390551 815.0
251.39285766180177 800.0
251.6609070676451 805.0
251.92894884095242 807.0
252.19698298124058 823.0
252.46500948802645 814.0
252.73302836082692 790.0
253.00103959915882 792.0
253.26904320253902 801.0
253.53703917048443 798.0
253.80502750251188 810.0
254.07300819813827 802.0
254.34098125688044 805.0
254.60894667825525 799.0
254.87690446177962 789.0
255.14485460697037 806.0
255.41279711334434 808.0
255.6807319804185 805.0
255.94865920770962 808.0
256.2165787947346 786.0
256.48449074101035 796.0
256.75239504605366 808.0
257.02029170938147 809.0
257.28818073051065 801.0
257.556062108958 780.0
257.8239358442404 798.0
258.0918019358748 792.0
258.35966038337796 810.0
258.6275111862668 812.0
258.8953543440582 798.0
259.163189856269 811.0
259.4310177224162 792.0
259.6988379420164 797.0
259.9666505145867 806.0
260.23445543964385 809.0
260.50225271670473 820.0
260.77004234528624 800.0
261.03782432490533 804.0
261.3055986550787 803.0
261.5733653353234 807.0
261.8411243651561 788.0
262.1088757440937 797.0
262.37661947165327 795.0
262.6443555473515 803.0
262.9120839707053 808.0
263.1798047412315 809.0
263.44751785844704 810.0
263.7152233218687 816.0
263.98292113101354 797.0
264.2506112853982 798.0
264.51829378453965 801.0
264.7859686279547 803.0
265.05363581516025 802.0
265.32129534567326 799.0
265.5889472190105 793.0
265.8565914346889 807.0
266.1242279922252 797.0
266.39185689113634 818.0
266.65947813093925 797.0
266.9270917111508 804.0
267.19469763128774 812.0
267.46229589086704 804.0
267.72988648940554 799.0
267.9974694264201 803.0
268.2650447014276 804.0
268.53261231394487 805.0
268.80017226348883 805.0
269.0677245495763 803.0
269.3352691717242 790.0
269.60280612944933 784.0
269.8703354222686 809.0
270.13785704969894 796.0
270.40537101125716 811.0
270.67287730646007 804.0
270.9403759348246 813.0
271.2078668958677 789.0
271.47535018910605 821.0
271.7428258140567 802.0
272.01029377023633 823.0
272.2777540571619 805.0
272.5452066743504 815.0
272.81265162131854 824.0
273.08008889758327 810.0
273.34751850266144 815.0
273.6149404360698 806.0
273.8823546973254 800.0
274.1497612859451 809.0
274.4171602014456 799.0
274.6845514433439 791.0
274.95193501115676 794.0
275.2193109044012 790.0
275.486679122594 801.0
275.7540396652521 811.0
276.02139253189216 806.0
276.2887377220313 812.0
276.55607523518626 794.0
276.82340507087395 813.0
277.09072722861123 808.0
277.3580417079149 784.0
277.62534850830195 791.0
277.8926476292892 804.0
278.1599390703934 810.0
278.4272228311316 814.0
278.69449891102056 797.0
278.96176730957717 808.0
279.22902802631836 795.0
279.4962810607609 802.0
279.76352641242164 800.0
280.0307640808177 796.0
280.29799406546556 802.0
280.5652163658824 806.0
280.8324309815849 812.0
281.09963791209003 805.0
281.3668371569146 783.0
281.6340287155756 800.0
281.9012125875897 802.0
282.168388772474 794.0
282.4355572697452 794.0
282.7027180789201 797.0
282.9698711995158 791.0
283.23701663104896 791.0
283.50415437303667 798.0
283.77128442499554 807.0
284.0384067864426 803.0
284.3055214568946 798.0
284.57262843586864 804.0
284.8397277228814 808.0
285.1068193174497 816.0
285.37390321909055 821.0
285.6409794273207 814.0
285.9080479416572 798.0
286.1751087616167 800.0
286.4421618867162 813.0
286.7092073164725 809.0
286.9762450504025 808.0
287.24327508802315 798.0
287.5102974288511 803.0
287.77731207240345 795.0
288.04431901819703 807.0
288.3113182657485 809.0
288.578309814575 815.0
288.84529366419326 806.0
289.1122698141201 797.0
289.37923826387254 805.0
289.6461990129674 808.0
289.91315206092133 808.0
290.18009740725154 799.0
290.44703505147464 813.0
290.7139649931077 806.0
290.98088723166734 801.0
291.24780176667065 788.0
291.5147085976344 795.0
291.78160772407557 805.0
292.04849914551085 809.0
292.3153828614572 790.0
292.58225887143146 790.0
292.8491271749505 798.0
293.1159877715313 801.0
293.3828406606906 801.0
293.6496858419453 800.0
293.9165233148123 805.0
294.1833530788084 814.0
294.4501751334505 820.0
294.71698947825547 809.0
294.9837961127402 804.0
295.2505950364216 796.0
295.5173862488164 810.0
295.78416974944156 809.0
296.050945537814 809.0
296.31771361345045 802.0
296.584473975868 812.0
296.8512266245832 783.0
297.11797155911313 801.0
297.38470877897464 807.0
297.6514382836846 808.0
297.9181600727598 812.0
298.18487414571723 806.0
298.4515805020736 805.0
298.71827914134593 804.0
298.9849700630511 806.0
299.2516532667058 804.0
299.518328751827 813.0
299.78499651793163 812.0
300.0516565645365 792.0
300.3183088911584 804.0
300.58495349731436 810.0
300.8515903825211 797.0
301.1182195462956 797.0
301.3848409881546 798.0
301.65145470761513 801.0
301.91806070419403 795.0
302.184658977408 799.0
302.4512495267741 800.0
302.7178323518091 791.0
302.9844074520298 805.0
303.2509748269532 803.0
303.5175344760962 800.0
303.78408639897555 811.0
304.0506305951082 813.0
304.31716706401096 819.0
304.58369580520065 805.0
304.8502168181943 815.0
305.1167301025086 806.0
305.3832356576606 811.0
305.649733483167 801.0
305.9162235785447 807.0
306.1827059433106 809.0
306.4491805769817 808.0
306.7156474790747 806.0
306.98210664910647 792.0
307.2485580865939 805.0
307.5150017910539 808.0
307.7814377620034 794.0
308.0478659989591 809.0
308.31428650143795 813.0
308.58069926895683 809.0
308.8471043010326 809.0
309.1135015971821 802.0
309.37989115692227 806.0
309.6462729797699 802.0
309.91264706524197 809.0
310.1790134128551 809.0
310.4453720221265 818.0
310.71172289257277 808.0
310.97806602371094 799.0
311.2444014150577 786.0
311.5107290661301 811.0
311.777048976445 806.0
312.04336114551904 807.0
312.30966557286945 811.0
312.5759622580128 790.0
312.8422512004661 789.0
313.1085323997461 802.0
313.3748058553698 810.0
313.641071566854 805.0
313.90732953371554 809.0
314.17357975547145 806.0
314.4398222316384 808.0
314.70605696173334 804.0
314.9722839452731 800.0
315.23850318177466 808.0
315.50471467075477 811.0
315.7709184117303 810.0
316.0371144042182 812.0
316.3033026477353 797.0
316.56948314179846 789.0
316.8356558859246 795.0
317.1018208796305 809.0
317.36797812243304 818.0
317.6341276138491 794.0
317.90026935339563 800.0
318.1664033405894 814.0
318.4325295749473 813.0
318.6986480559862 807.0
318.96475878322303 804.0
319.2308617561746 800.0
319.4969569743577 795.0
319.76304443728935 811.0
320.0291241444864 801.0
320.2951960954656 803.0
320.5612602897438 810.0
320.82731672683815 808.0
321.0933654062652 809.0
321.359406327542 808.0
321.6254394901853 807.0
321.891464893712 804.0
322.157482537639 812.0
322.4234924214832 814.0
322.68949454476143 794.0
322.95548890699064 796.0
323.2214755076875 800.0
323.487454346369 797.0
323.753425422552 801.0
324.01938873575347 815.0
324.2853442854901 787.0
324.55129207127885 800.0
324.8172320926366 815.0
325.08316434908016 811.0
325.34908884012646 801.0
325.61500556529234 797.0
325.8809145240947 808.0
326.14681571605024 809.0
326.4127091406761 806.0
326.6785947974889 810.0
326.9444726860058 795.0
327.2103428057433 792.0
327.47620515621855 811.0
327.74205973694836 819.0
328.00790654744947 808.0
328.2737455872389 810.0
328.5395768558335 811.0
328.80540035275004 808.0
329.0712160775054 801.0
329.33702402961654 817.0
329.6028242086002 799.0
329.86861661397353 801.0
330.13440124525306 808.0
330.4001781019559 800.0
330.66594718359863 805.0
330.9317084896984 806.0
331.19746201977205 806.0
331.46320777333636 784.0
331.7289457499082 802.0
331.9946759490044 807.0
332.2603983701419 808.0
332.5261130128375 805.0
332.79181987660826 800.0
333.05751896097087 808.0
333.3232102654422 789.0
333.58889378953916 797.0
333.85456953277856 800.0
334.1202374946774 812.0
334.38589767475247 797.0
334.6515500725206 786.0
334.9171946874987 803.0
335.18283151920355 803.0
335.4484605671522 804.0
335.7140818308614 813.0
335.97969530984807 796.0
336.245301003629 790.0
336.51089891172114 815.0
336.77648903364127 818.0
337.04207136890636 794.0
337.30764591703326 814.0
337.5732126775387 817.0
337.83877164993976 802.0
338.10432283375314 801.0
338.36986622849577 805.0
338.63540183368457 818.0
338.9009296488363 809.0
339.16644967346787 810.0
339.4319619070962 801.0
339.6974663492381 800.0
339.9629629994105 806.0
340.22845185713027 794.0
340.4939329219141 810.0
340.75940619327906 800.0
341.02487167074196 797.0
341.2903293538197 803.0
341.555779242029 807.0
341.821221334887 807.0
342.0866556319103 811.0
342.3520821326158 812.0
342.6175008365205 798.0
342.8829117431413 810.0
343.1483148519949 810.0
343.41371016259825 816.0
343.6790976744682 806.0
343.9444773871216 795.0
344.20984930007546 792.0
344.4752134128465 809.0
344.74056972495157 813.0
345.0059182359076 809.0
345.27125894523147 809.0
345.53659185244 800.0
345.80191695705014 811.0
346.0672342585787 802.0
346.3325437565426 805.0
346.5978454504585 788.0
346.8631393398436 803.0
347.1284254242145 793.0
347.3937037030882 801.0
347.6589741759816 807.0
347.92423684241146 810.0
348.1894917018946 808.0
348.4547387539481 808.0
348.71997799808867 815.0
348.9852094338332 816.0
349.2504330606986 801.0
349.51564887820166 803.0
349.7808568858593 813.0
350.0460570831885 799.0
350.31124946970584 799.0
350.57643404492853 824.0
350.84161080837316 807.0
351.1067797595568 815.0
351.3719408979961 811.0
351.63709422320824 804.0
351.90223973470984 823.0
352.16737743201776 804.0
352.43250731464894 810.0
352.69762938212034 807.0
352.9627436339487 800.0
353.2278500696509 802.0
353.49294868874387 800.0
353.7580394907444 799.0
354.02312247516943 813.0
354.28819764153576 799.0
354.55326498936034 802.0
354.81832451816 809.0
355.08337622745165 798.0
355.348420116752 808.0
355.613456185578 799.0
355.8784844334467 808.0
356.1435048598747 802.0
356.4085174643791 796.0
356.6735222464765 799.0
356.938519205684 812.0
357.2035083415184 808.0
357.46848965349653 800.0
357.73346314113536 785.0
357.9984288039516 800.0
358.2633866414622 806.0
358.528336653184 793.0
358.793278838634 807.0
359.05821319732894 800.0
359.3231397287857 805.0
359.5880584325211 820.0
359.8529693080521 816.0
360.1178723548955 792.0
360.3827675725683 790.0
360.64765496058726 809.0
360.9125345184692 808.0
361.1774062457311 795.0
361.44227014188965 814.0
361.707126206462 821.0
361.9719744389649 814.0
362.2368148389151 810.0
362.5016474058295 796.0
362.766472139225 801.0
363.0312890386186 793.0
363.296098103527 792.0
363.5608993334672 811.0
363.82569272795587 803.0
364.09047828651006 805.0
364.35525600864656 810.0
364.6200258938823 799.0
364.8847879417341 805.0
365.1495421517188 795.0
365.41428852335326 822.0
365.67902705615444 807.0
365.9437577496392 808.0
366.2084806033243 797.0
366.4731956167267 802.0
366.7379027893632 812.0
367.0026021207507 812.0
367.2672936104061 805.0
367.5319772578463 799.0
367.79665306258806 801.0
368.06132102414836 805.0
368.32598114204393 795.0
368.59063341579173 816.0
368.85527784490864 806.0
369.1199144289115 813.0
369.3845431673172 802.0
369.6491640596426 805.0
369.91377710540445 796.0
370.1783823041198 812.0
370.44297965530546 809.0
370.70756915847835 798.0
370.97215081315517 813.0
371.2367246188529 811.0
371.5012905750884 816.0
371.7658486813786 797.0
372.0303989372402 803.0
372.29494134219027 793.0
372.5594758957455 808.0
372.82400259742286 796.0
373.08852144673915 791.0
373.3530324432114 805.0
373.6175355863563 804.0
373.8820308756908 800.0
374.1465183107317 789.0
374.410997890996 792.0
374.6754696160004 802.0
374.93993348526186 812.0
375.2043894982973 808.0
375.4688376546235 806.0
375.7332779537573 797.0
375.9977103952157 807.0
376.26213497851546 806.0
376.52655170317354 810.0
376.7909605687067 821.0
377.05536157463183 808.0
377.3197547204658 805.0
377.5841400057256 804.0
377.84851742992794 795.0
378.11288699258984 806.0
378.37724869322795 789.0
378.64160253135935 807.0
378.90594850650075 818.0
379.1702866181692 811.0
379.4346168658814 795.0
379.69893924915425 810.0
379.9632537675047 808.0
380.2275604204495 798.0
380.49185920750574 802.0
380.75615012819 801.0
381.0204331820193 801.0
381.2847083685105 814.0
381.5489756871804 800.0
381.8132351375459 797.0
382.07748671912407 786.0
382.34173043143153 810.0
382.6059662739852 796.0
382.8701942463019 801.0
383.1344143478986 804.0
383.3986265782921 820.0
383.6628309369994 808.0
383.92702742353725 815.0
384.1912160374225 818.0
384.45539677817203 800.0
384.7195696453027 796.0
384.98373463833155 807.0
385.2478917567753 801.0
385.5120410001507 793.0
385.7761823679748 814.0
386.0403158597644 808.0
386.30444147503647 795.0
386.5685592133077 798.0
386.8326690740951 813.0
387.09677105691543 808.0
387.36086516128563 807.0
387.6249513867226 821.0
387.88902973274315 810.0
388.15310019886414 816.0
388.41716278460245 787.0
388.68121748947493 812.0
388.9452643129986 815.0
389.2093032546901 793.0
389.47333431406645 814.0
389.73735749064434 811.0
390.0013727839409 813.0
390.2653801934728 826.0
390.52937971875696 826.0
390.7933713593103 806.0
391.05735511464974 806.0
391.3213309842919 800.0
391.5852989677539 800.0
391.8492590645524 803.0
392.1132112742045 818.0
392.37715559622694 806.0
392.6410920301366 795.0
392.9050205754503 792.0
393.1689412316849 805.0
393.43285399835736 806.0
393.69675887498465 816.0
393.96065586108335 801.0
394.2245449561705 805.0
394.4884261597629 816.0
394.75229947137757 820.0
395.01616489053123 796.0
395.28002241674085 807.0
395.5438720495231 813.0
395.80771378839506 799.0
396.0715476328735 796.0
396.33537358247537 806.0
396.5991916367174 820.0
396.86300179511665 798.0
397.12680405718976 799.0
397.39059842245376 827.0
397.65438489042543 795.0
397.91816346062177 816.0
398.18193413255955 807.0
398.4456969057556 814.0
398.7094517797268 811.0
398.97319875399006 815.0
399.2369378280623 807.0
399.50066900146027 799.0
399.764392273701 802.0
400.02810764430114 810.0
400.2918151127777 805.0
400.55551467864757 798.0
400.81920634142756 792.0
401.08289010063453 797.0
401.34656595578537 798.0
401.6102339063969 808.0
401.8738939519861 817.0
402.1375460920697 795.0
402.4011903261647 806.0
402.6648266537879 806.0
402.92845507445617 809.0
403.1920755876863 818.0
403.4556881929953 812.0
403.71929288990003 798.0
403.98288967791734 799.0
404.246478556564 798.0
404.5100595253569 803.0
404.77363258381297 809.0
405.03719773144906 820.0
405.3007549677821 816.0
405.56430429232887 807.0
405.82784570460626 811.0
406.0913792041311 802.0
406.35490479042033 794.0
406.61842246299085 814.0
406.88193222135936 801.0
407.14543406504293 793.0
407.4089279935582 803.0
407.6724140064223 793.0
407.9358921031519 779.0
408.19936228326395 800.0
408.4628245462754 815.0
408.7262788917029 808.0
408.9897253190635 805.0
409.25316382787395 800.0
409.5165944176513 807.0
409.7800170879122 803.0
410.04343183817366 824.0
410.30683866795243 811.0
410.57023757676546 810.0
410.83362856412975 789.0
411.09701162956185 797.0
411.3603867725789 796.0
411.62375399269763 790.0
411.887113289435 796.0
412.1504646623078 790.0
412.4138081108329 807.0
412.6771436345273 782.0
412.94047123290767 798.0
413.20379090549096 819.0
413.46710265179405 807.0
413.7304064713339 796.0
413.9937023636272 811.0
414.25699032819097 787.0
414.52027036454194 816.0
414.78354247219704 817.0
415.0468066506732 814.0
415.31006289948726 824.0
415.5733112181561 828.0
415.83655160619645 859.0
416.0997840631253 839.0
416.3630085884595 817.0
416.62622518171594 802.0
416.8894338424115 807.0
417.152634570063 793.0
417.4158273641873 809.0
417.67901222430123 804.0
417.9421891499217 802.0
418.2053581405658 809.0
418.46851919575005 811.0
418.7316723149915 812.0
418.99481749780693 832.0
419.2579547437133 833.0
419.5210840522274 846.0
419.78420542286625 877.0
420.04731885514644 861.0
420.31042434858506 839.0
420.573521902699 824.0
420.83661151700494 802.0
421.0996931910199 792.0
421.3627669242608 791.0
421.6258327162443 807.0
421.88889056648736 796.0
422.1519404745069 808.0
422.41498243981977 810.0
422.6780164619429 796.0
422.9410425403929 800.0
423.2040606746869 807.0
423.46707086434174 804.0
423.7300731088742 791.0
423.9930674078012 803.0
424.25605376063965 809.0
424.5190321669063 816.0
424.782002626118 796.0
425.0449651377918 822.0
425.30791970144446 830.0
425.57086631659286 828.0
425.83380498275386 839.0
426.0967356994443 846.0
426.3596584661811 824.0
426.6225732824811 823.0
426.88548014786113 841.0
427.14837906183817 835.0
427.411270023929 817.0
427.6741530336505 816.0
427.9370280905195 804.0
428.199895194053 818.0
428.46275434376776 812.0
428.72560553918066 798.0
428.98844877980855 800.0
429.2512840651683 795.0
429.51411139477693 804.0
429.77693076815115 824.0
430.03974218480784 810.0
430.3025456442639 805.0
430.5653411460361 822.0
430.82812868964146 805.0
431.09090827459687 788.0
431.353679900419 799.0
431.61644356662487 801.0
431.87919927273134 810.0
432.1419470182551 799.0
432.40468680271334 816.0
432.66741862562276 805.0
432.93014248650013 808.0
433.1928583848624 811.0
433.45556632022647 828.0
433.7182662921092 812.0
433.9809583000275 806.0
434.24364234349815 817.0
434.506318422038 800.0
434.768986535164 816.0
435.031646682393 810.0
435.2942988632418 806.0
435.55694307722734 808.0
435.81957932386655 803.0
436.08220760267614 812.0
436.34482791317305 807.0
436.6074402548742 804.0
436.8700446272964 801.0
437.1326410299566 799.0
437.3952294623715 811.0
437.65780992405803 810.0
437.9203824145332 804.0
438.1829469333138 799.0
438.4455034799166 809.0
438.7080520538586 788.0
438.9705926546565 808.0
439.23312528182737 804.0
439.49564993488787 810.0
439.7581666133551 804.0
440.0206753167459 803.0
440.28317604457686 801.0
440.5456687963651 794.0
440.8081535716274 808.0
441.07063036988075 810.0
441.3330991906418 803.0
441.5955600334276 810.0
441.858012897755 812.0
442.12045778314075 804.0
442.3828946891018 791.0
442.6453236151551 808.0
442.9077445608174 810.0
443.17015752560553 803.0
443.4325625090365 797.0
443.69495951062703 811.0
443.95734852989415 805.0
444.21972956635454 800.0
444.4821026195253 813.0
444.74446768892307 809.0
445.00682477406485 825.0
445.2691738744674 809.0
445.5315149896478 815.0
445.79384811912274 805.0
446.05617326240906 801.0
446.31849041902376 808.0
446.58079958848356 805.0
446.8431007703055 809.0
447.10539396400634 805.0
447.367679169103 824.0
447.6299563851123 796.0
447.892225611551 793.0
448.15448684793625 805.0
448.4167400937847 792.0
448.67898534861325 807.0
448.9412226119389 800.0
449.2034518832783 791.0
449.46567316214856 798.0
449.72788644806633 798.0
449.99009174054856 809.0
450.2522890391122 810.0
450.514478343274 806.0
450.77665965255085 811.0
451.0388329664597 806.0
451.30099828451733 818.0
451.5631556062406 781.0
451.82530493114655 807.0
452.08744625875175 806.0
452.3495795885734 803.0
452.6117049201281 819.0
452.87382225293277 809.0
453.13593158650446 801.0
453.3980329203598 803.0
453.6601262540158 828.0
453.9222115869893 801.0
454.1842889187971 818.0
454.4463582489562 809.0
454.70841957698343 781.0
454.97047290239556 812.0
455.23251822470957 823.0
455.49455554344223 804.0
455.75658485811044 799.0
456.0186061682312 794.0
456.2806194733211 788.0
456.5426247728973 791.0
456.8046220664765 794.0
457.0666113535756 798.0
457.32859263371154 807.0
457.5905659064011 808.0
457.8525311711611 810.0
458.1144884275086 801.0
458.37643767496024 818.0
458.6383789130331 814.0
458.9003121412439 815.0
459.1622373591095 810.0
459.4241545661469 788.0
459.68606376187284 794.0
459.9479649458043 802.0
460.2098581174581 806.0
460.471743276351 806.0
460.733620422 817.0
460.9954895539219 792.0
461.2573506716337 808.0
461.51920377465206 812.0
461.78104886249406 810.0
462.0428859346764 799.0
462.304714990716 805.0
462.5665360301298 809.0
462.82834905243453 803.0
463.09015405714723 799.0
463.35195104378465 813.0
463.6137400118636 808.0
463.8755209609011 796.0
464.13729389041396 817.0
464.399058799919 809.0
464.6608156889332 803.0
464.92256455697327 804.0
465.18430540355615 804.0
465.4460382281988 802.0
465.707763030418 816.0
465.96947980973056 811.0
466.23118856565344 801.0
466.49288929770347 803.0
466.75458200539765 801.0
467.0162666882526 800.0
467.27794334578533 809.0
467.5396119775127 825.0
467.8012725829516 804.0
468.0629251616188 802.0
468.3245697130314 807.0
468.586206236706 800.0
468.8478347321596 789.0
469.109455198909 805.0
469.3710676364711 811.0
469.6326720443629 806.0
469.89426842210105 805.0
470.1558567692025 833.0
470.4174370851842 812.0
470.6790093695629 799.0
470.94057362185555 809.0
471.20212984157905 807.0
471.4636780282501 808.0
471.72521818138574 804.0
471.9867503005027 797.0
472.248274385118 802.0
472.5097904347484 802.0
472.7712984489108 805.0
473.03279842712203 785.0
473.29429036889906 789.0
473.55577427375863 799.0
473.8172501412177 807.0
474.07871797079315 799.0
474.34017776200176 800.0
474.6016295143605 811.0
474.8630732273861 814.0
475.1245089005955 805.0
475.3859365335057 796.0
475.64735612563334 784.0
475.9087676764954 811.0
476.1701711856088 812.0
476.4315666524903 801.0
476.6929540766569 802.0
476.95433345762535 804.0
477.2157047949125 799.0
477.47706808803537 805.0
477.7384233365106 808.0
477.9997705398553 796.0
478.26110969758616 811.0
478.52244080922014 803.0
478.78376387427414 804.0
479.04507889226494 802.0
479.3063858627094 795.0
479.5676847851245 802.0
479.828975659027 796.0
480.0902584839338 804.0
480.3515332593618 805.0
480.61279998482775 801.0
480.8740586598487 797.0
481.13530928394147 795.0
481.3965518566228 802.0
481.65778637740965 806.0
481.9190128458189 817.0
482.1802312613674 821.0
482.4414416235721 816.0
482.70264393194964 804.0
482.9638381860171 794.0
483.2250243852913 806.0
483.4862025292891 800.0
483.7473726175273 809.0
484.0085346495229 814.0
484.26968862479265 814.0
484.5308345428534 798.0
484.79197240322225 795.0
485.0531022054157 812.0
485.314223948951 795.0
485.57533763334476 794.0
485.8364432581139 812.0
486.0975408227754 797.0
486.35863032684597 810.0
486.61971176984247 809.0
486.880785151282 809.0
487.1418504706812 804.0
487.402907727557 788.0
487.66395692142635 808.0
487.92499805180597 822.0
488.18603111821284 811.0
488.44705612016384 804.0
488.7080730571757 804.0
488.9690819287655 807.0
489.2300827344499 804.0
489.49107547374587 804.0
489.75206014617027 790.0
490.01303675124 787.0
490.27400528847187 782.0
490.53496575738274 802.0
490.79591815748955 814.0
491.05686248830915 802.0
491.31779874935836 806.0
491.57872694015396 807.0
491.8396470602131 798.0
492.1005591090524 798.0
492.3614630861888 803.0
492.6223589911392 809.0
492.88324682342045 794.0
493.14412658254946 804.0
493.40499826804296 797.0
493.66586187941795 815.0
493.92671741619125 800.0
494.18756487787977 797.0
494.44840426400026 804.0
494.70923557406974 814.0
494.97005880760497 805.0
495.23087396412285 792.0
495.4916810431403 813.0
495.7524800441741 794.0
496.01327096674123 795.0
496.27405381035845 798.0
496.53482857454264 810.0
496.79559525881075 800.0
497.05635386267954 813.0
497.31710438566597 816.0
497.57784682728686 796.0
497.8385811870591 809.0
498.0993074644995 806.0
498.360025659125 793.0
498.6207357704524 805.0
498.88143779799873 805.0
499.14213174128065 821.0
499.40281759981514 811.0
499.6634953731191 820.0
499.92416506070924 810.0
500.1848266621026 807.0
500.445480176816 794.0
500.70612560436615 817.0
500.96676294427016 825.0
501.22739219604483 802.0
501.48801335920695 805.0
501.74862643327344 801.0
502.00923141776116 816.0
502.2698283121869 800.0
502.5304171160677 821.0
502.7909978289203 807.0
503.0515704502616 801.0
503.31213497960846 807.0
503.57269141647777 799.0
503.8332397603864 814.0
504.09378001085116 810.0
504.354312167389 798.0
504.6148362295168 808.0
504.8753521967513 807.0
505.1358600686094 811.0
505.3963598446082 808.0
505.6568515242642 799.0
505.9173351070945 807.0
506.17781059261597 812.0
506.4382779803454 805.0
506.69873726979966 807.0
506.95918846049574 803.0
507.2196315519502 813.0
507.4800665436803 799.0
507.74049343520267 806.0
508.00091222603425 817.0
508.261322915692 802.0
508.5217255036924 816.0
508.7821199895529 801.0
509.0425063727899 803.0
509.3028846529204 801.0
509.5632548294615 820.0
509.8236169019296 794.0
510.0839708698421 806.0
510.3443167327155 830.0
510.60465449006676 804.0
510.8649841414127 802.0
511.12530568627034 809.0
511.3856191241566 817.0
511.64592445458794 804.0
511.90622167708165 819.0
512.1665107911545 826.0
512.4267917963232 803.0
512.6870646921047 808.0
512.947329478016 807.0
513.2075861535739 819.0
513.467834718295 801.0
513.7280751716964 804.0
513.9883075132952 801.0
514.248531742608 807.0
514.5087478591515 817.0
514.7689558624429 803.0
515.0291557519989 820.0
515.2893475273365 836.0
515.5495311879723 825.0
515.8097067334235 819.0
516.0698741632067 815.0
516.3300334768389 822.0
516.5901846738369 814.0
516.8503277537177 797.0
517.1104627159981 804.0
517.3705895601947 820.0
517.630708285825 808.0
517.8908188924053 809.0
518.1509213794526 821.0
518.411015746484 809.0
518.6711019930159 810.0
518.9311801185657 822.0
519.19125012265 806.0
519.4513120047856 806.0
519.7113657644896 808.0
519.9714114012784 816.0
520.2314489146695 803.0
520.4914783041794 800.0
520.751499569325 778.0
521.0115127096234 803.0
521.271517724591 804.0
521.5315146137451 804.0
521.7915033766022 805.0
522.0514840126796 814.0
522.3114565214938 800.0
522.5714209025618 806.0
522.8313771554007 808.0
523.0913252795269 809.0
523.3512652744578 793.0
523.6111971397097 802.0
523.8711208747998 797.0
524.1310364792452 802.0
524.390943952562 808.0
524.6508432942679 805.0
524.9107345038794 820.0
525.1706175809132 805.0
525.4304925248866 802.0
525.690359335316 808.0
525.9502180117188 799.0
526.2100685536113 810.0
526.4699109605107 810.0
526.729745231934 810.0
526.9895713673975 821.0
527.2493893664187 800.0
527.5091992285141 802.0
527.7690009532007 803.0
528.0287945399953 803.0
528.2885799884149 805.0
528.5483572979764 811.0
528.8081264681963 812.0
529.0678874985917 797.0
529.3276403886796 804.0
529.5873851379768 792.0
529.8471217460001 795.0
530.1068502122662 806.0
530.3665705362923 802.0
530.6262827175951 791.0
530.8859867556915 796.0
531.1456826500984 812.0
531.4053704003326 806.0
531.6650500059111 807.0
531.9247214663504 806.0
532.1843847811678 804.0
532.4440399498801 806.0
532.7036869720038 815.0
532.9633258470562 796.0
533.222956574554 808.0
533.4825791540142 808.0
533.7421935849534 802.0
534.0017998668885 807.0
534.2613979993366 817.0
534.5209879818145 789.0
534.780569813839 795.0
535.0401434949268 799.0
535.2997090245951 805.0
535.5592664023607 809.0
535.8188156277402 802.0
536.0783567002508 779.0
536.3378896194092 809.0
536.5974143847321 819.0
536.8569309957369 816.0
537.1164394519398 801.0
537.3759397528582 805.0
537.6354318980087 796.0
537.8949158869082 816.0
538.1543917190737 824.0
538.4138593940218 798.0
538.6733189112697 806.0
538.932770270334 795.0
539.1922134707318 809.0
539.4516485119797 814.0
539.7110753935946 811.0
539.9704941150937 815.0
540.2299046759937 814.0
540.4893070758112 816.0
540.7487013140633 819.0
541.008087390267 812.0
541.2674653039389 802.0
541.526835054596 798.0
541.7861966417552 801.0
542.0455500649333 810.0
542.3048953236471 801.0
542.5642324174137 813.0
542.8235613457497 798.0
543.0828821081722 807.0
543.3421947041979 805.0
543.6014991333436 807.0
543.8607953951266 814.0
544.1200834890632 805.0
544.3793634146708 817.0
544.6386351714658 818.0
544.8978987589653 812.0
545.1571541766862 816.0
545.4164014241451 802.0
545.6756405008593 803.0
545.9348714063455 798.0
546.1940941401203 815.0
546.4533087017008 802.0
546.712515090604 804.0
546.9717133063466 807.0
547.2309033484453 820.0
547.4900852164174 816.0
547.7492589097793 809.0
548.0084244280482 789.0
548.2675817707409 805.0
548.526730937374 799.0
548.7858719274648 817.0
549.0450047405299 805.0
549.3041293760863 819.0
549.5632458336507 817.0
549.82235411274 825.0
550.0814542128714 802.0
550.3405461335612 807.0
550.5996298743269 816.0
550.8587054346848 814.0
551.117772814152 804.0
551.3768320122455 795.0
551.6358830284819 803.0
551.8949258623783 805.0
552.1539605134514 796.0
552.4129869812182 798.0
552.6720052651955 806.0
552.9310153649002 808.0
553.1900172798491 805.0
553.4490110095592 806.0
553.7079965535472 807.0
553.9669739113302 798.0
554.2259430824248 813.0
554.484904066348 804.0
554.7438568626167 809.0
555.0028014707476 807.0
555.261737890258 829.0
555.520666120664 826.0
555.7795861614834 831.0
556.0384980122324 829.0
556.2974016724281 815.0
556.5562971415874 809.0
556.8151844192269 821.0
557.0740635048638 813.0
557.3329343980148 826.0
557.5917970981968 834.0
557.8506516049267 809.0
558.1094979177213 806.0
558.3683360360976 809.0
558.6271659595724 806.0
558.8859876876625 805.0
559.1448012198848 798.0
559.4036065557561 795.0
559.6624036947936 806.0
559.9211926365136 799.0
560.1799733804337 809.0
560.43874592607 820.0
560.6975102729399 833.0
560.9562664205602 820.0
561.2150143684473 805.0
561.4737541161188 814.0
561.732485663091 805.0
561.9912090088809 810.0
562.2499241530056 807.0
562.5086310949818 807.0
562.7673298343262 802.0
563.026020370556 794.0
563.2847027031879 814.0
563.5433768317389 817.0
563.8020427557254 809.0
564.0607004746649 813.0
564.3193499880738 809.0
564.5779912954692 817.0
564.8366243963679 802.0
565.0952492902868 819.0
565.3538659767429 807.0
565.6124744552527 807.0
565.8710747253335 810.0
566.1296667865018 796.0
566.3882506382747 812.0
566.6468262801691 802.0
566.9053937117014 793.0
567.1639529323893 799.0
567.4225039417488 789.0
567.6810467392974 808.0
567.9395813245517 826.0
568.1981076970284 815.0
568.4566258562448 806.0
568.7151358017175 800.0
568.9736375329633 812.0
569.2321310494995 815.0
569.4906163508422 810.0
569.749093436509 795.0
570.0075623060163 813.0
570.2660229588813 792.0
570.5244753946206 805.0
570.7829196127512 807.0
571.0413556127901 803.0
571.2997833942537 803.0
571.5582029566596 800.0
571.8166142995238 789.0
572.075017422364 803.0
572.3334123246967 813.0
572.5917990060384 815.0
572.8501774659068 804.0
573.108547703818 789.0
573.3669097192892 805.0
573.6252635118373 810.0
573.8836090809789 817.0
574.1419464262314 814.0
574.400275547111 811.0
574.6585964431351 806.0
574.9169091138205 817.0
575.1752135586836 812.0
575.4335097772419 818.0
575.6917977690118 817.0
575.9500775335105 807.0
576.2083490702545 786.0
576.4666123787609 810.0
576.7248674585469 812.0
576.9831143091286 804.0
577.2413529300236 823.0
577.4995833207483 813.0
577.7578054808198 813.0
578.0160194097549 800.0
578.2742251070703 794.0
578.5324225722832 793.0
578.7906118049101 812.0
579.0487928044681 816.0
579.3069655704743 810.0
579.565130102445 797.0
579.8232863998975 808.0
580.0814344623485 793.0
580.339574289315 805.0
580.5977058803137 798.0
580.8558292348614 801.0
581.1139443524753 803.0
581.3720512326721 812.0
581.6301498749685 800.0
581.8882402788817 805.0
582.146322443928 795.0
582.4043963696251 811.0
582.6624620554893 813.0
582.9205195010375 820.0
583.1785687057866 798.0
583.4366096692537 811.0
583.6946423909554 810.0
583.9526668704085 795.0
584.2106831071303 781.0
584.4686911006373 806.0
584.7266908504463 810.0
584.9846823560746 800.0
585.2426656170385 789.0
585.5006406328554 816.0
585.7586074030418 813.0
586.0165659271148 801.0
586.2745162045912 816.0
586.5324582349878 806.0
586.7903920178214 793.0
587.0483175526091 803.0
587.3062348388676 784.0
587.5641438761138 811.0
587.8220446638645 793.0
588.0799372016369 818.0
588.3378214889474 813.0
588.5956975253132 825.0
588.8535653102509 820.0
589.1114248432776 823.0
589.3692761239103 813.0
589.6271191516653 815.0
589.88495392606 812.0
590.1427804466111 806.0
590.4005987128355 804.0
590.6584087242501 808.0
590.9162104803713 810.0
591.1740039807169 826.0
591.4317892248029 811.0
591.6895662121466 813.0
591.9473349422648 808.0
592.2050954146741 813.0
592.462847628892 816.0
592.7205915844347 811.0
592.9783272808194 805.0
593.236054717563 790.0
593.493773894182 801.0
593.7514848101939 818.0
594.009187465115 802.0
594.2668818584625 827.0
594.5245679897531 816.0
594.7822458585038 814.0
595.0399154642313 805.0
595.2975768064524 804.0
595.5552298846843 802.0
595.8128746984438 793.0
596.0705112472474 805.0
596.3281395306126 816.0
596.5857595480555 798.0
596.8433712990935 810.0
597.1009747832434 803.0
597.3585700000219 811.0
597.6161569489462 810.0
597.8737356295327 803.0
598.1313060412986 797.0
598.3888681837607 799.0
598.6464220564358 789.0
598.9039676588409 809.0
599.1615049904925 832.0
599.4190340509081 812.0
599.676554839604 788.0
599.9340673560972 801.0
600.1915715999048 802.0
600.4490675705435 806.0
600.7065552675302 805.0
600.9640346903817 818.0
601.221505838615 825.0
601.4789687117469 807.0
601.7364233092942 812.0
601.9938696307739 805.0
602.2513076757026 806.0
602.5087374435976 821.0
602.7661589339755 835.0
603.023572146353 842.0
603.2809770802475 870.0
603.5383737351752 852.0
603.7957621106534 835.0
604.053142206199 821.0
604.3105140213286 844.0
604.5678775555593 832.0
604.8252328084078 810.0
605.0825797793912 807.0
605.3399184680261 820.0
605.5972488738295 806.0
605.8545709963181 834.0
606.111884835009 825.0
606.3691903894193 813.0
606.6264876590651 821.0
606.883776643464 808.0
607.1410573421324 812.0
607.3983297545875 832.0
607.6555938803461 823.0
607.9128497189247 803.0
608.1700972698408 797.0
608.4273365326108 817.0
608.6845675067516 809.0
608.9417901917803 809.0
609.1990045872135 796.0
609.4562106925683 813.0
609.7134085073615 788.0
609.9705980311098 821.0
610.2277792633305 808.0
610.4849522035397 817.0
610.7421168512552 808.0
610.9992732059933 812.0
611.2564212672709 813.0
611.5135610346049 825.0
611.7706925075122 808.0
612.0278156855098 801.0
612.2849305681145 794.0
612.542037154843 798.0
612.7991354452124 814.0
613.0562254387393 813.0
613.3133071349409 793.0
613.5703805333337 799.0
613.8274456334349 823.0
614.0845024347612 801.0
614.3415509368294 805.0
614.5985911391567 823.0
614.8556230412595 816.0
615.1126466426551 801.0
615.36966194286 809.0
615.6266689413914 805.0
615.8836676377659 807.0
616.1406580315004 798.0
616.3976401221121 819.0
616.6546139091173 816.0
616.9115793920333 814.0
617.1685365703769 816.0
617.4254854436648 808.0
617.6824260114142 797.0
617.9393582731417 809.0
618.196282228364 809.0
618.4531978765983 793.0
618.7101052173614 801.0
618.9670042501702 785.0
619.2238949745413 798.0
619.4807773899919 808.0
619.7376514960388 804.0
619.9945172921986 824.0
620.2513747779885 802.0
620.508223952925 802.0
620.7650648165256 806.0
621.0218973683066 799.0
621.2787216077849 821.0
621.5355375344776 808.0
621.7923451479013 807.0
622.0491444475734 792.0
622.3059354330103 799.0
622.5627181037288 798.0
622.8194924592461 816.0
623.0762584990788 796.0
623.333016222744 809.0
623.5897656297584 794.0
623.8465067196389 806.0
624.1032394919024 802.0
624.3599639460657 804.0
624.6166800816459 809.0
624.8733878981594 803.0
625.1300873951237 800.0
625.3867785720552 802.0
625.6434614284708 819.0
625.9001359638876 795.0
626.1568021778221 797.0
626.4134600697917 797.0
626.6701096393127 802.0
626.9267508859024 798.0
627.1833838090776 805.0
627.4400084083547 815.0
627.6966246832512 796.0
627.9532326332837 809.0
628.2098322579691 804.0
628.4664235568243 810.0
628.723006529366 805.0
628.9795811751112 805.0
629.2361474935768 797.0
629.4927054842794 813.0
629.7492551467363 808.0
630.0057964804641 814.0
630.2623294849799 804.0
630.5188541598001 799.0
630.775370504442 815.0
631.0318785184223 814.0
631.2883782012578 817.0
631.5448695524658 808.0
631.8013525715625 796.0
632.0578272580652 801.0
632.3142936114906 797.0
632.5707516313557 795.0
632.8272013171775 809.0
633.0836426684723 787.0
633.3400756847575 805.0
633.5965003655499 803.0
633.8529167103661 813.0
634.1093247187234 810.0
634.3657243901381 823.0
634.6221157241276 803.0
634.8784987202085 816.0
635.1348733778977 803.0
635.3912396967121 795.0
635.6475976761684 798.0
635.9039473157839 808.0
636.1602886150749 794.0
636.4166215735588 803.0
636.6729461907521 788.0
636.9292624661718 818.0
637.1855703993349 805.0
637.4418699897578 817.0
637.6981612369581 801.0
637.9544441404521 805.0
638.2107186997567 816.0
638.4669849143892 814.0
638.7232427838659 817.0
638.979492307704 817.0
639.2357334854204 799.0
639.4919663165317 804.0
639.7481908005552 814.0
640.0044069370073 804.0
640.2606147254052 812.0
640.5168141652655 795.0
640.7730052561054 806.0
641.0291879974413 821.0
641.2853623887906 821.0
641.5415284296699 830.0
641.797686119596 835.0
642.0538354580859 827.0
642.3099764446565 815.0
642.5661090788245 806.0
642.8222333601069 799.0
643.0783492880205 793.0
643.3344568620822 809.0
643.5905560818089 801.0
643.8466469467173 794.0
644.1027294563247 816.0
644.3588036101473 818.0
644.6148694077026 800.0
644.8709268485071 821.0
645.1269759320778 798.0
645.3830166579316 790.0
645.6390490255851 807.0
645.8950730345556 801.0
646.1510886843597 812.0
646.4070959745143 806.0
646.6630949045363 805.0
646.9190854739425 801.0
647.17506768225 808.0
647.4310415289752 816.0
647.6870070136354 812.0
647.9429641357473 818.0
648.1989128948277 807.0
648.4548532903938 804.0
648.7107853219619 797.0
648.9667089890495 795.0
649.222624291173 818.0
649.4785312278494 796.0
649.7344297985958 811.0
649.9903200029287 799.0
650.2462018403652 818.0
650.502075310422 818.0
650.7579404126162 794.0
651.0137971464646 798.0
651.2696455114838 798.0
651.525485507191 814.0
651.7813171331029 802.0
652.0371403887364 826.0
652.2929552736086 806.0
652.5487617872358 809.0
652.8045599291355 818.0
653.0603496988242 803.0
653.3161310958188 803.0
653.5719041196362 811.0
653.8276687697933 818.0
654.0834250458071 808.0
654.3391729471941 795.0
654.5949124734717 811.0
654.8506436241562 804.0
655.1063663987647 809.0
655.3620807968144 804.0
655.6177868178215 799.0
655.8734844613035 800.0
656.129173726777 801.0
656.3848546137588 804.0
656.6405271217659 805.0
656.8961912503149 804.0
657.1518469989231 802.0
657.4074943671071 819.0
657.6631333543837 817.0
657.9187639602701 810.0
658.1743861842826 812.0
658.4300000259387 801.0
658.6856054847549 806.0
658.9412025602483 807.0
659.1967912519353 816.0
659.4523715593333 805.0
659.707943481959 816.0
659.9635070193291 809.0
660.2190621709606 801.0
660.4746089363705 813.0
660.7301473150753 806.0
660.9856773065924 801.0
661.2411989104381 789.0
661.4967121261298 801.0
661.7522169531838 799.0
662.0077133911174 804.0
662.2632014394475 804.0
662.5186810976904 802.0
662.7741523653638 801.0
663.029615241984 812.0
663.2850697270679 811.0
663.5405158201327 816.0
663.7959535206948 807.0
664.0513828282715 806.0
664.3068037423793 794.0
664.5622162625355 796.0
664.8176203882564 794.0
665.0730161190594 799.0
665.3284034544613 808.0
665.5837823939785 823.0
665.8391529371283 819.0
666.0945150834276 808.0
666.349868832393 813.0
666.6052141835415 818.0
666.8605511363899 816.0
667.1158796904554 808.0
667.3711998452544 829.0
667.626511600304 821.0
667.8818149551211 813.0
668.1371099092223 797.0
668.3923964621249 806.0
668.6476746133454 797.0
668.9029443624008 827.0
669.1582057088083 806.0
669.4134586520839 792.0
669.6687031917455 798.0
669.9239393273093 812.0
670.1791670582923 803.0
670.4343863842114 812.0
670.6895973045835 810.0
670.9447998189256 812.0
671.1999939267544 795.0
671.4551796275866 815.0
671.7103569209394 804.0
671.9655258063294 800.0
672.220686283274 801.0
672.475838351289 798.0
672.7309820098925 787.0
672.9861172586005 806.0
673.2412440969302 800.0
673.4963625243987 812.0
673.7514725405223 812.0
674.0065741448183 805.0
674.2616673368035 805.0
674.5167521159946 824.0
674.7718284819086 829.0
675.0268964340622 847.0
675.2819559719727 860.0
675.5370070951565 845.0
675.7920498031307 844.0
676.0470840954122 839.0
676.3021099715176 826.0
676.5571274309642 812.0
676.8121364732684 804.0
677.0671370979474 800.0
677.3221293045178 805.0
677.5771130924968 800.0
677.8320884614011 808.0
678.0870554107474 804.0
678.3420139400529 790.0
678.5969640488343 809.0
678.8519057366083 811.0
679.1068390028922 806.0
679.3617638472023 802.0
679.616680269056 813.0
679.8715882679699 813.0
680.1264878434607 816.0
680.3813789950458 813.0
680.6362617222414 811.0
680.8911360245651 804.0
681.146001901533 802.0
681.4008593526627 819.0
681.6557083774705 807.0
681.9105489754734 814.0
682.1653811461886 796.0
682.4202048891326 807.0
682.6750202038223 795.0
682.9298270897748 800.0
683.1846255465068 800.0
683.4394155735351 807.0
683.6941971703767 812.0
683.9489703365485 816.0
684.2037350715673 793.0
684.4584913749499 794.0
684.7132392462133 802.0
684.9679786848742 806.0
685.2227096904496 816.0
685.4774322624564 802.0
685.7321464004115 801.0
685.9868521038316 796.0
686.2415493722334 811.0
686.4962382051343 816.0
686.7509186020508 848.0
687.0055905624997 859.0
687.2602540859983 853.0
687.514909172063 831.0
687.7695558202109 831.0
688.0241940299587 817.0
688.2788238008236 804.0
688.5334451323221 807.0
688.7880580239712 821.0
689.042662475288 807.0
689.2972584857889 801.0
689.5518460549912 802.0
689.8064251824115 805.0
690.0609958675668 814.0
690.3155581099742 818.0
690.5701119091498 795.0
690.8246572646113 822.0
691.0791941758752 807.0
691.3337226424583 802.0
691.5882426638777 797.0
691.84275423965 807.0
692.0972573692924 809.0
692.3517520523214 808.0
692.6062382882542 824.0
692.8607160766074 802.0
693.1151854168979 804.0
693.3696463086428 824.0
693.6240987513587 813.0
693.8785427445628 834.0
694.1329782877717 808.0
694.3874053805022 826.0
694.6418240222713 808.0
694.8962342125958 803.0
695.1506359509929 826.0
695.405029236979 819.0
695.6594140700711 836.0
695.9137904497863 881.0
696.168158375641 937.0
696.4225178471527 1065.0
696.676868863838 1027.0
696.9312114252134 986.0
697.1855455307963 885.0
697.4398711801031 854.0
697.6941883726512 833.0
697.9484971079568 826.0
698.2027973855375 808.0
698.4570892049098 805.0
698.7113725655903 821.0
698.9656474670965 798.0
699.2199139089445 819.0
699.4741718906519 818.0
699.7284214117353 820.0
699.9826624717113 808.0
700.2368950700971 807.0
700.4911192064093 800.0
700.7453348801653 814.0
700.9995420908814 806.0
701.2537408380745 809.0
701.5079311212619 805.0
701.7621129399598 812.0
702.016286293686 820.0
702.2704511819566 823.0
702.5246076042886 812.0
702.778755560199 830.0
703.0328950492045 837.0
703.2870260708224 838.0
703.5411486245691 834.0
703.7952627099618 812.0
704.0493683265172 821.0
704.3034654737519 813.0
704.5575541511835 810.0
704.8116343583279 798.0
705.0657060947029 789.0
705.3197693598249 810.0
705.5738241532106 802.0
705.8278704743772 824.0
706.0819083228414 857.0
706.3359376981203 911.0
706.5899585997306 990.0
706.8439710271889 993.0
707.0979749800126 969.0
707.3519704577179 905.0
707.6059574598225 848.0
707.8599359858429 846.0
708.1139060352955 824.0
708.3678676076978 818.0
708.6218207025663 820.0
708.8757653194182 811.0
709.12970145777 808.0
709.3836291171389 815.0
709.6375482970416 808.0
709.8914589969946 806.0
710.1453612165157 805.0
710.3992549551208 809.0
710.6531402123275 806.0
710.9070169876522 809.0
711.1608852806118 821.0
711.4147450907236 807.0
711.6685964175037 809.0
711.9224392604699 805.0
712.1762736191384 817.0
712.4300994930262 822.0
712.6839168816504 814.0
712.9377257845274 809.0
713.1915262011746 812.0
713.4453181311087 805.0
713.6991015738463 793.0
713.9528765289045 808.0
714.2066429958 825.0
714.4604009740502 829.0
714.7141504631712 830.0
714.9678914626805 832.0
715.2216239720948 836.0
715.4753479909306 821.0
715.7290635187052 811.0
715.982770554935 813.0
716.2364690991376 812.0
716.4901591508293 809.0
716.743840709527 806.0
716.9975137747479 798.0
717.2511783460084 799.0
717.5048344228259 813.0
717.7584820047169 807.0
718.0121210911982 788.0
718.2657516817872 807.0
718.519373776 819.0
718.772987373354 809.0
719.026592473366 801.0
719.2801890755527 803.0
719.5337771794311 810.0
719.7873567845179 807.0
720.0409278903304 809.0
720.294490496385 820.0
720.5480446021987 807.0
720.8015902072887 816.0
721.0551273111711 823.0
721.3086559133636 822.0
721.5621760133826 828.0
721.815687610745 828.0
722.0691907049679 806.0
722.3226852955679 806.0
722.5761713820622 814.0
722.8296489639672 800.0
723.0831180408002 813.0
723.3365786120778 820.0
723.5900306773169 806.0
723.8434742360346 822.0
724.0969092877473 795.0
724.3503358319725 805.0
724.6037538682267 804.0
724.8571633960265 808.0
725.1105644148894 816.0
725.3639569243315 813.0
725.6173409238706 807.0
725.8707164130229 816.0
726.1240833913054 804.0
726.3774418582351 821.0
726.6307918133285 817.0
726.8841332561029 842.0
727.137466186075 886.0
727.3907906027619 859.0
727.6441065056802 848.0
727.8974138943464 835.0
728.1507127682783 821.0
728.4040031269918 805.0
728.6572849700045 813.0
728.9105582968331 824.0
729.1638231069941 810.0
729.4170794000048 803.0
729.6703271753817 814.0
729.923566432642 815.0
730.1767971713025 810.0
730.4300193908798 802.0
730.6832330908911 817.0
730.936438270853 823.0
731.1896349302828 822.0
731.442823068697 818.0
731.6960026856123 819.0
731.949173780546 824.0
732.2023363530145 823.0
732.4554904025351 803.0
732.7086359286245 807.0
732.9617729307997 819.0
733.2149014085775 791.0
733.4680213614745 795.0
733.7211327890079 797.0
733.9742356906943 815.0
734.2273300660511 820.0
734.4804159145946 793.0
734.7334932358416 823.0
734.9865620293094 823.0
735.2396222945147 821.0
735.4926740309744 834.0
735.7457172382054 816.0
735.9987519157243 824.0
736.2517780630484 816.0
736.504795679694 807.0
736.7578047651785 839.0
737.0108053190187 869.0
737.2637973407312 888.0
737.516780829833 894.0
737.769755785841 946.0
738.0227222082721 1041.0
738.2756800966428 1190.0
738.5286294504706 1107.0
738.781570269272 1100.0
739.0345025525638 979.0
739.2874262998632 877.0
739.5403415106866 834.0
739.7932481845512 830.0
740.046146320974 832.0
740.2990359194714 817.0
740.5519169795606 811.0
740.8047895007583 811.0
741.0576534825816 806.0
741.3105089245472 805.0
741.563355826172 805.0
741.8161941869729 822.0
742.0690240064664 816.0
742.3218452841702 805.0
742.5746580196005 823.0
742.8274622122741 818.0
743.0802578617083 808.0
743.3330449674197 819.0
743.5858235289254 825.0
743.8385935457418 823.0
744.0913550173865 825.0
744.3441079433758 813.0
744.5968523232264 814.0
744.8495881564559 803.0
745.1023154425804 809.0
745.3550341811174 813.0
745.6077443715835 808.0
745.8604460134952 805.0
746.1131391063701 813.0
746.3658236497243 818.0
746.6184996430754 798.0
746.87116708594 814.0
747.1238259778346 819.0
747.3764763182764 828.0
747.6291181067822 819.0
747.8817513428692 824.0
748.1343760260539 823.0
748.3869921558529 832.0
748.6395997317837 835.0
748.8921987533628 840.0
749.1447892201071 838.0
749.3973711315336 868.0
749.6499444871589 963.0
749.9025092865003 1175.0
750.1550655290741 1503.0
750.4076132143978 1560.0
750.6601523419877 1504.0
750.912682911361 1476.0
751.1652049220347 1382.0
751.4177183735251 1376.0
751.6702232653497 1226.0
751.9227195970248 1170.0
752.1752073680677 986.0
752.4276865779954 908.0
752.680157226324 882.0
752.9326193125712 846.0
753.1850728362533 826.0
753.4375177968876 820.0
753.6899541939908 834.0
753.9423820270795 822.0
754.194801295671 816.0
754.4472119992819 803.0
754.6996141374291 817.0
754.9520077096296 804.0
755.2043927154 824.0
755.4567691542577 817.0
755.7091370257187 812.0
755.9614963293008 816.0
756.2138470645202 814.0
756.4661892308942 810.0
756.7185228279395 825.0
756.9708478551728 814.0
757.2231643121112 799.0
757.4754721982714 805.0
757.7277715131704 811.0
757.9800622563251 803.0
758.2323444272521 797.0
758.4846180254688 796.0
758.7368830504913 820.0
758.9891395018373 825.0
759.2413873790232 808.0
759.4936266815657 817.0
759.7458574089821 809.0
759.9980795607888 811.0
760.2502931365033 801.0
760.502498135642 833.0
760.7546945577217 821.0
761.0068824022595 827.0
761.2590616687722 824.0
761.5112323567769 835.0
761.7633944657899 825.0
762.0155479953288 833.0
762.26769294491 840.0
762.5198293140501 863.0
762.7719571022666 975.0
763.024076309076 1246.0
763.2761869339953 1707.0
763.5282889765415 1706.0
763.780382436231 1600.0
764.032467312581 1474.0
764.2845436051083 1108.0
764.53661131333 962.0
764.7886704367629 896.0
765.0407209749233 862.0
765.2927629273288 834.0
765.5447962934958 832.0
765.7968210729414 824.0
766.0488372651824 816.0
766.3008448697357 819.0
766.5528438861181 822.0
766.8048343138464 798.0
767.0568161524378 822.0
767.3087894014087 819.0
767.5607540602764 830.0
767.8127101285577 818.0
768.0646576057691 808.0
768.3165964914278 814.0
768.5685267850505 816.0
768.8204484861544 821.0
769.0723615942561 806.0
769.3242661088722 805.0
769.5761620295201 820.0
769.8280493557162 816.0
770.0799280869778 812.0
770.3317982228216 817.0
770.5836597627642 807.0
770.835512706323 814.0
771.0873570530143 808.0
771.3391928023555 816.0
771.591019953863 848.0
771.8428385070538 941.0
772.094648461445 1117.0
772.3464498165532 1191.0
772.5982425718955 1095.0
772.8500267269885 1095.0
773.1018022813494 965.0
773.3535692344948 859.0
773.6053275859415 840.0
773.8570773352067 834.0
774.108818481807 828.0
774.3605510252594 803.0
774.6122749650807 820.0
774.8639903007878 823.0
775.1156970318975 812.0
775.3673951579267 820.0
775.6190846783925 812.0
775.8707655928115 810.0
776.1224379007004 809.0
776.3741016015766 813.0
776.6257566949563 800.0
776.8774031803571 814.0
777.1290410572955 827.0
777.3806703252881 806.0
777.6322909838522 806.0
777.8839030325043 803.0
778.1355064707618 821.0
778.3871012981411 807.0
778.6386875141592 808.0
778.890265118333 807.0
779.1418341101793 818.0
779.3933944892151 824.0
779.6449462549571 812.0
779.8964894069222 820.0
780.1480239446275 805.0
780.3995498675895 804.0
780.6510671753255 804.0
780.9025758673517 808.0
781.1540759431858 814.0
781.4055674023442 801.0
781.6570502443437 806.0
781.9085244687013 805.0
782.159990074934 798.0
782.4114470625585 812.0
782.6628954310918 804.0
782.9143351800503 800.0
783.1657663089516 813.0
783.4171888173119 809.0
783.6686027046486 809.0
783.9200079704783 807.0
784.1714046143178 808.0
784.4227926356843 813.0
784.6741720340941 816.0
784.9255428090647 812.0
785.1769049601126 804.0
785.4282584867548 812.0
785.6796033885082 812.0
785.9309396648893 805.0
786.1822673154155 792.0
786.4335863396033 810.0
786.6848967369698 811.0
786.9361985070317 794.0
787.1874916493058 801.0
787.4387761633094 811.0
787.6900520485588 805.0
787.9413193045713 801.0
788.1925779308636 814.0
788.4438279269523 821.0
788.6950692923548 799.0
788.9463020265875 810.0
789.1975261291677 816.0
789.448741599612 823.0
789.6999484374371 811.0
789.9511466421604 798.0
790.2023362132982 806.0
790.4535171503677 808.0
790.7046894528855 810.0
790.9558531203689 798.0
791.2070081523347 801.0
791.458154548299 816.0
791.7092923077797 803.0
791.9604214302931 821.0
792.2115419153562 814.0
792.462653762486 806.0
792.7137569711989 812.0
792.9648515410123 814.0
793.2159374714428 808.0
793.4670147620074 806.0
793.718083412223 805.0
793.9691434216061 825.0
794.220194789674 905.0
794.4712375159432 1050.0
794.722271599931 1109.0
794.9732970411541 1047.0
795.2243138391292 1057.0
795.4753219933733 944.0
795.7263215034031 877.0
795.9773123687357 836.0
796.2282945888878 814.0
796.4792681633767 835.0
796.7302330917187 810.0
796.9811893734307 820.0
797.23213700803 817.0
797.483075995033 814.0
797.7340063339569 828.0
797.9849280243186 805.0
798.2358410656345 818.0
798.4867454574222 822.0
798.7376411991978 819.0
798.9885282904788 812.0
799.2394067307818 821.0
799.4902765196234 813.0
799.741137656521 843.0
799.9919901409909 894.0
800.2428339725506 1075.0
800.4936691507165 1152.0
800.7444956750055 1102.0
800.9953135449347 1230.0
801.2461227600207 1297.0
801.4969233197808 1144.0
801.7477152237312 1104.0
801.9984984713894 1052.0
802.2492730622722 936.0
802.5000389958959 875.0
802.7507962717781 843.0
803.0015448894349 834.0
803.252284848384 812.0
803.5030161481417 817.0
803.7537387882248 812.0
804.0044527681507 828.0
804.2551580874358 819.0
804.5058547455972 818.0
804.7565427421519 809.0
805.0072220766161 809.0
805.2578927485075 801.0
805.5085547573423 813.0
805.7592081026379 813.0
806.009852783911 826.0
806.2604888006782 809.0
806.5111161524568 810.0
806.7617348387631 801.0
807.0123448591147 804.0
807.2629462130279 803.0
807.5135389000196 817.0
807.7641229196071 820.0
808.0146982713067 825.0
808.2652649546358 834.0
808.5158229691108 852.0
808.7663723142489 826.0
809.016912989567 854.0
809.2674449945815 849.0
809.5179683288098 875.0
809.7684829917686 974.0
810.0189889829746 1223.0
810.269486301945 1341.0
810.5199749481961 1297.0
810.7704549212456 1550.0
811.0209262206095 2081.0
811.2713888458052 3512.0
811.5218427963496 3220.0
811.7722880717591 2978.0
812.022724671551 2886.0
812.2731525952421 1833.0
812.5235718423493 1309.0
812.7739824123893 1077.0
813.0243843048788 977.0
813.2747775193352 908.0
813.5251620552749 894.0
813.7755379122152 869.0
814.0259050896724 850.0
814.276263587164 814.0
814.5266134042064 828.0
814.7769545403165 832.0
815.0272869950115 830.0
815.2776107678079 842.0
815.5279258582229 832.0
815.7782322657732 829.0
816.0285299899754 805.0
816.2788190303468 831.0
816.529099386404 819.0
816.7793710576641 808.0
817.0296340436439 819.0
817.2798883438601 814.0
817.5301339578298 821.0
817.7803708850694 820.0
818.0305991250964 796.0
818.2808186774273 796.0
818.531029541579 810.0
818.7812317170685 811.0
819.0314252034124 809.0
819.281610000128 805.0
819.5317861067317 819.0
819.7819535227408 810.0
820.0321122476719 814.0
820.2822622810417 808.0
820.5324036223675 805.0
820.7825362711658 821.0
821.0326602269538 795.0
821.2827754892483 810.0
821.5328820575656 813.0
821.7829799314234 824.0
822.033069110338 808.0
822.2831495938267 808.0
822.5332213814061 789.0
822.7832844725929 794.0
823.0333388669044 813.0
823.283384563857 810.0
823.533421562968 803.0
823.7834498637541 804.0
824.033469465732 812.0
824.2834803684189 796.0
824.5334825713311 806.0
824.7834760739862 810.0
825.0334608759005 807.0
825.2834369765912 819.0
825.5334043755751 820.0
825.7833630723688 834.0
826.0333130664897 944.0
826.2832543574541 1019.0
826.5331869447793 973.0
826.783110827982 974.0
827.0330260065789 917.0
827.2829324800872 851.0
827.5328302480233 824.0
827.7827193099047 830.0
828.032599665248 821.0
828.2824713135695 798.0
828.532334254387 805.0
828.7821884872168 825.0
829.0320340115759 818.0
829.2818708269813 812.0
829.5316989329494 812.0
829.7815183289979 808.0
830.0313290146428 809.0
830.2811309894015 806.0
830.5309242527906 795.0
830.7807088043272 799.0
831.0304846435281 817.0
831.2802517699099 828.0
831.5300101829899 808.0
831.7797598822846 800.0
832.0295008673112 808.0
832.2792331375864 801.0
832.5289566926268 807.0
832.7786715319497 816.0
833.0283776550717 793.0
833.27807506151 789.0
833.5277637507811 803.0
833.7774437224018 808.0
834.0271149758895 813.0
834.2767775107606 805.0
834.526431326532 800.0
834.7760764227208 809.0
835.0257127988438 819.0
835.2753404544177 801.0
835.5249593889594 794.0
835.774569601986 806.0
836.0241710930143 797.0
836.2737638615607 811.0
836.5233479071428 807.0
836.7729232292768 806.0
837.0224898274802 799.0
837.2720477012693 805.0
837.5215968501614 814.0
837.7711372736733 804.0
838.0206689713215 809.0
838.2701919426232 805.0
838.5197061870952 810.0
838.7692117042545 822.0
839.0187084936177 809.0
839.2681965547017 820.0
839.5176758870236 816.0
839.7671464901001 814.0
840.0166083634483 854.0
840.2660615065847 915.0
840.5155059190262 1109.0
840.7649416002901 1110.0
841.0143685498927 1055.0
841.2637867673512 1079.0
841.5131962521828 996.0
841.7625970039035 944.0
842.0119890220308 1183.0
842.2613723060813 1455.0
842.5107468555723 1300.0
842.76011267002 1334.0
843.0094697489418 1241.0
843.2588180918546 1027.0
843.5081576982747 904.0
843.7574885677194 852.0
844.0068106997054 850.0
844.25612409375 823.0
844.5054287493696 807.0
844.754724666081 812.0
845.0040118434015 811.0
845.2532902808475 813.0
845.5025599779364 820.0
845.7518209341847 819.0
846.0010731491091 806.0
846.2503166222269 819.0
846.4995513530547 799.0
846.7487773411094 804.0
846.9979945859081 801.0
847.2472030869674 803.0
847.4964028438043 801.0
847.7455938559353 813.0
847.994776122878 814.0
848.2439496441485 806.0
848.4931144192642 804.0
848.7422704477419 785.0
848.9914177290981 802.0
849.2405562628502 803.0
849.4896860485144 812.0
849.7388070856083 794.0
849.9879193736485 797.0
850.2370229121515 810.0
850.4861177006346 814.0
850.7352037386146 814.0
850.9842810256082 802.0
851.2333495611326 805.0
851.482409344704 831.0
851.7314603758401 927.0
851.9805026540571 1006.0
852.2295361788724 952.0
852.4785609498026 975.0
852.7275769663643 938.0
852.9765842280748 850.0
853.2255827344507 810.0
853.4745724850093 822.0
853.7235534792667 817.0
853.9725257167406 806.0
854.2214891969475 814.0
854.4704439194039 785.0
854.7193898836274 820.0
854.9683270891342 811.0
855.2172555354416 796.0
855.4661752220665 814.0
855.7150861485252 813.0
855.9639883143353 802.0
856.212881719013 797.0
856.4617663620759 813.0
856.7106422430403 821.0
856.9595093614231 797.0
857.2083677167415 798.0
857.4572173085119 796.0
857.7060581362517 808.0
857.9548901994776 793.0
858.2037134977061 790.0
858.4525280304546 796.0
858.7013337972394 816.0
858.950130797578 792.0
859.1989190309868 794.0
859.4476984969828 804.0
859.696469195083 813.0
859.9452311248039 803.0
860.1939842856627 816.0
860.4427286771763 811.0
860.6914642988615 814.0
860.9401911502351 809.0
861.1889092308139 814.0
861.437618540115 804.0
861.686319077655 809.0
861.935010842951 808.0
862.1836938355198 812.0
862.432368054878 802.0
862.6810335005429 794.0
862.9296901720311 804.0
863.1783380688596 802.0
863.4269771905452 798.0
863.6756075366046 807.0
863.9242291065551 809.0
864.1728418999131 801.0
864.4214459161959 804.0
864.6700411549201 796.0
864.9186276156024 798.0
865.1672052977602 806.0
865.4157742009098 804.0
865.6643343245685 804.0
865.9128856682528 806.0
866.1614282314799 806.0
866.4099620137665 813.0
866.6584870146295 848.0
866.9070032335858 827.0
867.155510670152 833.0
867.4040093238455 819.0
867.6524991941827 817.0
867.9009802806806 813.0
868.1494525828563 818.0
868.3979161002262 804.0
868.6463708323078 782.0
868.8948167786174 795.0
869.1432539386718 812.0
869.3916823119887 798.0
869.6401018980839 800.0
869.8885126964751 806.0
870.1369147066789 806.0
870.3853079282118 819.0
870.6336923605911 804.0
870.8820680033335 813.0
871.1304348559562 804.0
871.3787929179755 797.0
871.6271421889087 790.0
871.8754826682726 805.0
872.1238143555837 805.0
872.3721372503595 796.0
872.6204513521162 798.0
872.8687566603713 792.0
873.1170531746413 786.0
873.365340894443 807.0
873.6136198192935 801.0
873.8618899487094 806.0
874.110151282208 801.0
874.3584038193057 817.0
874.6066475595196 820.0
874.8548825023668 792.0
875.1031086473636 788.0
875.3513259940273 795.0
875.5995345418747 798.0
875.8477342904224 800.0
876.0959252391877 795.0
876.3441073876871 807.0
876.5922807354377 810.0
876.8404452819562 803.0
877.0886010267599 809.0
877.3367479693651 789.0
877.5848861092887 790.0
877.8330154460481 788.0
878.0811359791594 798.0
878.3292477081402 800.0
878.5773506325071 811.0
878.8254447517768 793.0
879.0735300654665 798.0
879.3216065730924 789.0
879.5696742741723 802.0
879.8177331682225 786.0
880.0657832547598 791.0
880.3138245333014 805.0
880.5618570033639 796.0
880.8098806644645 804.0
881.0578955161196 795.0
881.3059015578464 793.0
881.5538987891618 789.0
881.8018872095822 795.0
882.0498668186252 802.0
882.297837615807 805.0
882.5457996006451 812.0
882.7937527726558 806.0
883.041697131356 819.0
883.2896326762632 801.0
883.5375594068934 794.0
883.7854773227642 806.0
884.0333864233922 813.0
884.2812867082938 802.0
884.5291781769868 810.0
884.7770608289871 810.0
885.0249346638125 802.0
885.2727996809792 807.0
885.5206558800041 793.0
885.7685032604046 804.0
886.0163418216969 790.0
886.2641715633982 806.0
886.5119924850256 797.0
886.7598045860955 812.0
887.007607866125 809.0
887.2554023246308 807.0
887.5031879611303 814.0
887.7509647751398 804.0
887.9987327661763 801.0
888.2464919337567 798.0
888.4942422773979 784.0
888.7419837966169 795.0
888.9897164909302 802.0
889.2374403598551 792.0
889.4851554029083 808.0
889.7328616196063 812.0
889.9805590094667 797.0
890.2282475720056 800.0
890.4759273067405 800.0
890.7235982131879 799.0
890.9712602908646 804.0
891.218913539288 790.0
891.4665579579743 786.0
891.7141935464408 800.0
891.9618203042044 786.0
892.2094382307815 809.0
892.4570473256895 796.0
892.7046475884449 790.0
892.9522390185649 785.0
893.1998216155661 797.0
893.4473953789653 802.0
893.6949603082797 793.0
893.9425164030258 796.0
894.1900636627211 811.0
894.4376020868815 801.0
894.6851316750246 807.0
894.9326524266672 804.0
895.1801643413257 810.0
895.4276674185177 792.0
895.6751616577593 801.0
895.922647058568 803.0
896.1701236204603 816.0
896.4175913429531 798.0
896.6650502255636 803.0
896.912500267808 799.0
897.159941469204 800.0
897.4073738292678 801.0
897.6547973475165 796.0
897.9022120234671 795.0
898.1496178566362 791.0
898.3970148465409 798.0
898.644402992698 799.0
898.8917822946241 796.0
899.1391527518367 795.0
899.386514363852 788.0
899.6338671301874 793.0
899.8812110503592 814.0
900.1285461238849 789.0
900.375872350281 798.0
900.6231897290643 794.0
900.8704982597519 795.0
901.1177979418604 797.0
901.3650887749071 805.0
901.6123707584086 787.0
901.8596438918815 790.0
902.106908174843 804.0
902.35416360681 787.0
902.6014101872993 801.0
902.8486479158278 806.0
903.095876791912 803.0
903.3430968150694 806.0
903.5903079848164 790.0
903.83751030067 796.0
904.0847037621473 814.0
904.3318883687646 802.0
904.5790641200394 797.0
904.826231015488 795.0
905.0733890546279 790.0
905.3205382369753 812.0
905.5676785620476 816.0
905.8148100293615 803.0
906.0619326384336 804.0
906.3090463887813 795.0
906.5561512799208 790.0
906.8032473113697 806.0
907.0503344826443 805.0
907.2974127932616 808.0
907.5444822427387 803.0
907.7915428305921 814.0
908.038594556339 796.0
908.2856374194963 816.0
908.5326714195803 807.0
908.7796965561088 801.0
909.0267128285976 806.0
909.2737202365645 800.0
909.520718779526 804.0
909.7677084569985 804.0
910.0146892684998 808.0
910.261661213546 807.0
910.5086242916544 804.0
910.7555785023416 800.0
911.0025238451248 823.0
911.2494603195206 824.0
911.4963879250456 838.0
911.7433066612174 883.0
911.9902165275522 1121.0
912.2371175235672 1054.0
912.4840096487795 987.0
912.7308929027052 1005.0
912.9777672848619 968.0
913.2246327947661 887.0
913.4714894319347 842.0
913.7183371958849 811.0
913.965176086133 811.0
914.2120061021965 801.0
914.4588272435916 805.0
914.7056395098358 798.0
914.9524429004457 814.0
915.1992374149379 795.0
915.4460230528298 813.0
915.6927998136375 804.0
915.9395676968788 796.0
916.1863267020701 800.0
916.4330768287281 802.0
916.67981807637 792.0
916.9265504445123 789.0
917.1732739326723 804.0
917.4199885403666 795.0
917.6666942671121 791.0
917.9133911124259 802.0
918.1600790758242 797.0
918.4067581568248 812.0
918.6534283549438 804.0
918.9000896696987 804.0
919.1467421006058 804.0
919.3933856471822 811.0
919.6400203089449 798.0
919.8866460854103 810.0
920.1332629760961 806.0
920.3798709805186 812.0
920.6264700981943 801.0
920.8730603286409 792.0
921.1196416713748 800.0
921.3662141259131 811.0
921.6127776917724 817.0
921.8593323684695 827.0
922.1058781555217 923.0
922.3524150524454 902.0
922.598943058758 874.0
922.8454621739758 859.0
923.0919723976159 865.0
923.3384737291954 836.0
923.5849661682307 818.0
923.8314497142393 817.0
924.0779243667373 806.0
924.3243901252423 802.0
924.5708469892709 810.0
924.8172949583395 804.0
925.0637340319656 793.0
925.3101642096658 806.0
925.5565854909571 800.0
925.8029978753563 813.0
926.04940136238 803.0
926.2957959515456 803.0
926.5421816423694 795.0
926.7885584343687 794.0
927.0349263270604 795.0
927.281285319961 798.0
927.5276354125876 797.0
927.7739766044568 802.0
928.020308895086 798.0
928.2666322839915 806.0
928.5129467706906 798.0
928.7592523547 800.0
929.0055490355364 789.0
929.2518368127171 795.0
929.4981156857584 810.0
929.7443856541778 807.0
929.9906467174917 805.0
930.2368988752169 798.0
930.4831421268707 800.0
930.7293764719695 807.0
930.9756019100306 801.0
931.2218184405708 807.0
931.4680260631065 803.0
931.7142247771553 798.0
931.9604145822334 807.0
932.2065954778582 808.0
932.4527674635461 797.0
932.6989305388141 795.0
932.9450847031794 804.0
933.1912299561584 788.0
933.4373662972685 785.0
933.6834937260257 789.0
933.929612241948 808.0
934.1757218445516 804.0
934.4218225333533 808.0
934.6679143078701 794.0
934.913997167619 795.0
935.1600711121167 813.0
935.4061361408803 796.0
935.6521922534262 814.0
935.8982394492718 816.0
936.1442777279336 810.0
936.3903070889288 792.0
936.636327531774 802.0
936.882339055986 793.0
937.128341661082 797.0
937.3743353465785 793.0
937.6203201119927 808.0
937.8662959568414 806.0
938.1122628806411 802.0
938.3582208829092 798.0
938.6041699631621 816.0
938.8501101209171 795.0
939.0960413556905 807.0
939.341963667 804.0
939.5878770543618 803.0
939.8337815172929 798.0
940.0796770553103 797.0
940.3255636679306 799.0
940.5714413546712 801.0
940.8173101150486 795.0
941.0631699485793 798.0
941.309020854781 790.0
941.5548628331699 801.0
941.8006958832632 795.0
942.0465200045778 803.0
942.2923351966301 801.0
942.5381414589376 807.0
942.7839387910167 795.0
943.0297271923846 804.0
943.275506662558 800.0
943.5212772010536 791.0
943.7670388073888 810.0
944.0127914810797 800.0
944.2585352216438 788.0
944.504270028598 796.0
944.7499959014584 798.0
944.9957128397427 806.0
945.2414208429674 797.0
945.4871199106495 798.0
945.7328100423057 795.0
945.978491237453 816.0
946.2241634956084 793.0
946.4698268162882 794.0
946.71548119901 799.0
946.9611266432901 798.0
947.2067631486459 810.0
947.4523907145939 807.0
947.6980093406509 811.0
947.943619026334 780.0
948.1892197711599 801.0
948.4348115746456 812.0
948.680394436308 808.0
948.9259683556636 816.0
949.17153333223 797.0
949.4170893655231 796.0
949.6626364550607 792.0
949.9081746003591 804.0
950.1537038009352 794.0
950.3992240563063 798.0
950.6447353659886 795.0
950.8902377294995 791.0
951.1357311463555 790.0
951.381215616074 805.0
951.6266911381715 812.0
951.8721577121647 788.0
952.1176153375708 805.0
952.3630640139064 803.0
952.6085037406887 794.0
952.8539345174344 799.0
953.09935634366 815.0
953.3447692188829 822.0
953.5901731426196 797.0
953.8355681143876 808.0
954.080954133703 799.0
954.326331200083 788.0
954.5716993130445 798.0
954.8170584721041 797.0
955.0624086767792 797.0
955.3077499265863 819.0
955.5530822210421 808.0
955.798405559664 788.0
956.0437199419682 804.0
956.2890253674723 790.0
956.5343218356925 787.0
956.7796093461461 808.0
957.02488789835 813.0
957.2701574918206 807.0
957.5154181260752 806.0
957.7606698006304 797.0
958.0059125150034 799.0
958.2511462687107 794.0
958.4963710612694 788.0
958.7415868921963 794.0
958.9867937610082 804.0
959.2319916672224 809.0
959.4771806103552 802.0
959.7223605899235 790.0
959.9675316054446 803.0
960.2126936564348 813.0
960.4578467424116 816.0
960.7029908628915 801.0
960.9481260173911 791.0
961.193252205428 785.0
961.4383694265184 813.0
961.6834776801796 808.0
961.9285769659282 811.0
962.1736672832812 802.0
962.4187486317555 801.0
962.6638210108677 803.0
962.908884420135 823.0
963.153938859074 788.0
963.3989843272019 788.0
963.6440208240352 802.0
963.889048349091 802.0
964.1340669018862 811.0
964.3790764819373 802.0
964.6240770887617 805.0
964.8690687218761 806.0
965.114051380797 824.0
965.3590250650417 865.0
965.6039897741268 887.0
965.8489455075695 845.0
966.0938922648864 833.0
966.3388300455941 837.0
966.5837588492103 819.0
966.8286786752509 833.0
967.0735895232334 808.0
967.3184913926743 811.0
967.5633842830911 796.0
967.808268194 814.0
968.0531431249179 812.0
968.2980090753622 795.0
968.5428660448491 801.0
968.7877140328961 803.0
969.0325530390197 789.0
969.2773830627367 806.0
969.5222041035643 802.0
969.7670161610189 795.0
970.0118192346179 792.0
970.2566133238779 787.0
970.5013984283155 786.0
970.746174547448 807.0
970.990941680792 797.0
971.2356998278649 790.0
971.480448988183 789.0
971.725189161263 804.0
971.9699203466223 800.0
972.2146425437775 799.0
972.4593557522456 814.0
972.7040599715434 810.0
972.9487552011876 800.0
973.1934414406954 807.0
973.4381186895833 811.0
973.6827869473685 809.0
973.9274462135677 801.0
974.1720964876979 812.0
974.4167377692759 816.0
974.6613700578182 799.0
974.9059933528424 802.0
975.1506076538647 807.0
975.3952129604023 797.0
975.6398092719721 795.0
975.8843965880908 800.0
976.1289749082755 804.0
976.3735442320426 810.0
976.6181045589096 794.0
976.862655888393 807.0
977.1071982200094 805.0
977.3517315532764 806.0
977.5962558877101 810.0
977.840771222828 797.0
978.0852775581467 816.0
978.3297748931827 812.0
978.5742632274536 802.0
978.8187425604756 804.0
979.063212891766 807.0
979.3076742208415 804.0
979.5521265472191 802.0
979.7965698704156 803.0
980.0410041899477 806.0
980.2854295053326 806.0
980.5298458160865 800.0
980.7742531217272 804.0
981.0186514217711 798.0
981.2630407157347 798.0
981.5074210031356 798.0
981.7517922834901 794.0
981.9961545563154 805.0
982.2405078211283 793.0
982.4848520774455 806.0
982.729187324784 794.0
982.9735135626606 780.0
983.2178307905924 794.0
983.4621390080961 796.0
983.7064382146882 806.0
983.9507284098863 793.0
984.1950095932067 795.0
984.4392817641666 804.0
984.6835449222825 797.0
984.9277990670716 797.0
985.1720441980509 798.0
985.4162803147366 814.0
985.6605074166464 807.0
985.9047255032964 795.0
986.1489345742042 800.0
986.3931346288863 802.0
986.6373256668593 798.0
986.8815076876406 804.0
987.1256806907464 796.0
987.3698446756944 804.0
987.613999642001 814.0
987.8581455891829 797.0
988.1022825167574 784.0
988.3464104242408 809.0
988.5905293111508 795.0
988.8346391770036 802.0
989.0787400213161 799.0
989.3228318436055 796.0
989.5669146433884 797.0
989.8109884201817 808.0
990.0550531735024 817.0
990.2991089028674 819.0
990.5431556077934 808.0
990.7871932877973 794.0
991.031221942396 788.0
991.2752415711062 805.0
991.5192521734452 805.0
991.7632537489297 796.0
992.0072462970761 801.0
992.251229817402 795.0
992.4952043094236 800.0
992.7391697726582 804.0
992.9831262066227 798.0
993.2270736108336 799.0
993.4710119848082 803.0
993.7149413280629 799.0
993.958861640115 796.0
994.2027729204812 802.0
994.4466751686781 796.0
994.6905683842231 801.0
994.9344525666326 789.0
995.1783277154237 798.0
995.4221938301132 791.0
995.6660509102181 806.0
995.9098989552552 788.0
996.1537379647411 804.0
996.3975679381932 803.0
996.6413888751279 816.0
996.8852007750622 810.0
997.1290036375133 810.0
997.3727974619973 809.0
997.6165822480319 807.0
997.8603579951333 798.0
998.104124702819 802.0
998.3478823706055 797.0
998.5916309980095 812.0
998.8353705845483 798.0
999.0791011297383 818.0
999.3228226330968 794.0
999.5665350941406 811.0
999.8102385123861 808.0
1000.0539328873509 794.0
1000.2976182185512 806.0
1000.5412945055043 800.0
1000.7849617477269 796.0
1001.0286199447357 794.0
1001.2722690960481 805.0
1001.5159092011804 799.0
1001.75954025965 799.0
1002.003162270973 794.0
1002.246775234667 819.0
1002.4903791502487 802.0
1002.7339740172346 786.0
1002.9775598351421 803.0
1003.2211366034876 811.0
1003.4647043217884 807.0
1003.7082629895611 809.0
1003.9518126063224 799.0
1004.1953531715895 804.0
1004.4388846848791 782.0
1004.6824071457083 803.0
1004.9259205535938 801.0
1005.1694249080521 804.0
1005.4129202086007 792.0
1005.6564064547559 810.0
1005.8998836460353 806.0
1006.1433517819551 801.0
1006.3868108620323 807.0
1006.6302608857841 813.0
1006.8737018527269 802.0
1007.1171337623779 797.0
1007.3605566142537 794.0
1007.6039704078715 798.0
1007.8473751427481 789.0
1008.0907708184001 788.0
1008.3341574343445 798.0
1008.5775349900982 798.0
1008.8209034851784 805.0
1009.0642629191013 810.0
1009.3076132913841 827.0
1009.5509546015439 800.0
1009.7942868490973 809.0
1010.0376100335611 804.0
1010.2809241544525 812.0
1010.5242292112879 807.0
1010.7675252035845 813.0
1011.010812130859 803.0
1011.2540899926286 803.0
1011.4973587884098 809.0
1011.7406185177194 795.0
1011.9838691800747 801.0
1012.2271107749921 806.0
1012.470343301989 799.0
1012.7135667605817 810.0
1012.9567811502875 802.0
1013.1999864706231 796.0
1013.4431827211052 798.0
1013.686369901251 818.0
1013.929548010577 802.0
1014.1727170486006 797.0
1014.4158770148383 792.0
1014.6590279088067 818.0
1014.9021697300233 809.0
1015.1453024780044 801.0
1015.3884261522674 789.0
1015.6315407523286 799.0
1015.8746462777051 807.0
1016.1177427279141 804.0
1016.3608301024719 798.0
1016.603908400896 817.0
1016.8469776227028 802.0
1017.0900377674091 810.0
1017.3330888345322 798.0
1017.5761308235883 794.0
1017.8191637340951 791.0
1018.0621875655689 796.0
1018.3052023175269 801.0
1018.5482079894858 805.0
1018.7912045809622 805.0
1019.0341920914735 796.0
1019.2771705205361 803.0
1019.5201398676672 811.0
1019.7631001323837 812.0
1020.006051314202 800.0
1020.2489934126395 806.0
1020.4919264272125 806.0
1020.7348503574386 801.0
1020.9777652028342 791.0
1021.2206709629161 810.0
1021.4635676372014 798.0
1021.7064552252067 792.0
1021.9493337264495 797.0
1022.1922031404459 802.0
1022.4350634667132 810.0
1022.6779147047681 800.0
1022.9207568541273 808.0
1023.1635899143083 799.0
1023.4064138848273 808.0
1023.6492287652015 802.0
1023.8920345549478 788.0
1024.134831253583 808.0
1024.377618860624 796.0
1024.6203973755871 805.0
1024.8631667979898 799.0
1025.1059271273493 792.0
1025.3486783631818 808.0
1025.5914205050044 811.0
1025.8341535523336 817.0
1026.076877504687 808.0
1026.3195923615808 806.0
1026.5622981225324 799.0
1026.8049947870584 806.0
1027.0476823546753 794.0
1027.2903608249007 802.0
1027.5330301972513 804.0
1027.7756904712435 792.0
1028.0183416463947 792.0
1028.260983722221 801.0
1028.5036166982402 802.0
1028.7462405739689 805.0
1028.9888553489234 805.0
1029.2314610226213 803.0
1029.474057594579 813.0
1029.7166450643138 792.0
1029.9592234313418 804.0
1030.2017926951808 798.0
1030.4443528553472 814.0
1030.6869039113576 798.0
1030.9294458627296 795.0
1031.1719787089794 788.0
1031.414502449624 803.0
1031.6570170841808 798.0
1031.8995226121658 797.0
1032.1420190330966 795.0
1032.3845063464896 799.0
1032.6269845518618 818.0
1032.8694536487305 800.0
1033.111913636612 796.0
1033.3543645150232 812.0
1033.596806283481 808.0
1033.8392389415026 790.0
1034.081662488605 798.0
1034.324076924304 813.0
1034.566482248118 794.0
1034.8088784595625 799.0
1035.0512655581551 795.0
1035.2936435434124 806.0
1035.5360124148515 808.0
1035.778372171989 801.0
1036.020722814342 811.0
1036.2630643414275 817.0
1036.5053967527615 796.0
1036.7477200478622 800.0
1036.9900342262456 809.0
1037.2323392874284 802.0
1037.4746352309282 797.0
1037.7169220562612 807.0
1037.9591997629448 816.0
1038.2014683504956 809.0
1038.4437278184303 803.0
1038.685978166266 785.0
1038.9282193935196 811.0
1039.170451499708 799.0
1039.4126744843477 803.0
1039.6548883469559 805.0
1039.8970930870496 810.0
1040.1392887041452 795.0
1040.3814751977598 812.0
1040.6236525674105 803.0
1040.8658208126137 804.0
1041.107979932887 786.0
1041.3501299277466 778.0
1041.5922707967095 796.0
1041.8344025392926 799.0
1042.0765251550129 794.0
1042.3186386433872 792.0
1042.5607430039322 799.0
1042.802838236165 785.0
1043.0449243396022 799.0
1043.2870013137613 792.0
1043.5290691581586 809.0
1043.7711278723107 817.0
1044.013177455735 808.0
1044.2552179079482 800.0
1044.4972492284676 810.0
1044.7392714168093 793.0
1044.9812844724902 812.0
1045.223288395028 809.0
1045.4652831839387 820.0
1045.70726883874 811.0
1045.949245358948 802.0
1046.1912127440798 800.0
1046.4331709936528 803.0
1046.675120107183 804.0
1046.9170600841878 810.0
1047.1589909241836 809.0
1047.400912626688 798.0
1047.6428251912175 808.0
1047.8847286172886 812.0
1048.1266229044188 791.0
1048.3685080521243 797.0
1048.6103840599228 802.0
1048.8522509273307 790.0
1049.0941086538646 816.0
1049.3359572390418 809.0
1049.577796682379 812.0
1049.819626983393 796.0
1050.061448141601 811.0
1050.3032601565194 795.0
1050.5450630276655 804.0
1050.7868567545556 797.0
1051.0286413367073 804.0
1051.270416773637 802.0
1051.5121830648616 805.0
1051.7539402098982 812.0
1051.9956882082631 811.0
1052.237427059474 808.0
1052.479156763047 803.0
1052.7208773184996 800.0
1052.9625887253483 793.0
1053.2042909831098 784.0
1053.4459840913016 811.0
1053.6876680494397 811.0
1053.929342857042 800.0
1054.1710085136244 799.0
1054.4126650187043 794.0
1054.6543123717986 795.0
1054.8959505724238 795.0
1055.1375796200969 789.0
1055.3791995143351 794.0
1055.620810254655 805.0
1055.8624118405735 816.0
1056.1040042716074 791.0
1056.3455875472737 799.0
1056.5871616670893 796.0
1056.8287266305706 797.0
1057.070282437235 810.0
1057.3118290865991 803.0
1057.5533665781802 813.0
1057.7948949114943 808.0
1058.0364140860593 800.0
1058.2779241013916 816.0
1058.5194249570077 813.0
1058.760916652425 805.0
1059.0023991871599 799.0
1059.24387256073 794.0
1059.4853367726514 810.0
1059.7267918224413 790.0
1059.968237709617 796.0
1060.2096744336943 790.0
1060.451101994191 793.0
1060.6925203906237 805.0
1060.933929622509 804.0
1061.1753296893642 804.0
1061.4167205907056 803.0
1061.6581023260508 805.0
1061.8994748949162 812.0
1062.1408382968189 800.0
1062.3821925312755 817.0
1062.6235375978026 795.0
1062.8648734959181 800.0
1063.1062002251376 808.0
1063.3475177849793 818.0
1063.588826174959 803.0
1063.830125394594 805.0
1064.0714154434013 794.0
1064.312696320897 788.0
1064.553968026599 802.0
1064.7952305600238 785.0
1065.036483920688 799.0
1065.2777281081087 798.0
1065.5189631218025 795.0
1065.7601889612868 805.0
1066.001405626078 803.0
1066.2426131156928 810.0
1066.4838114296492 806.0
1066.7250005674625 815.0
1066.9661805286507 810.0
1067.2073513127305 795.0
1067.4485129192178 804.0
1067.689665347631 800.0
1067.9308085974856 794.0
1068.1719426682996 795.0
1068.413067559589 796.0
1068.654183270871 795.0
1068.8952898016628 797.0
1069.1363871514804 804.0
1069.3774753198418 803.0
1069.618554306263 797.0
1069.8596241102612 800.0
1070.100684731353 803.0
1070.3417361690556 810.0
1070.582778422886 795.0
1070.8238114923604 799.0
1071.0648353769964 805.0
1071.3058500763104 804.0
1071.5468555898192 805.0
1071.7878519170404 790.0
1072.02883905749 794.0
1072.2698170106853 805.0
1072.5107857761434 803.0
1072.75174535338 792.0
1072.9926957419138 804.0
1073.23363694126 789.0
1073.4745689509368 793.0
1073.7154917704597 795.0
1073.9564053993467 795.0
1074.1973098371145 805.0
1074.4382050832794 808.0
1074.6790911373587 795.0
1074.9199679988692 792.0
1075.1608356673278 806.0
1075.4016941422512 794.0
1075.6425434231562 790.0
1075.8833835095604 796.0
1076.1242144009796 804.0
1076.3650360969316 789.0
1076.6058485969324 789.0
1076.8466519004996 801.0
1077.0874460071498 795.0
1077.3282309163997 796.0
1077.5690066277664 823.0
1077.8097731407665 807.0
1078.0505304549172 803.0
1078.2912785697354 789.0
1078.5320174847377 804.0
1078.772747199441 774.0
1079.0134677133622 791.0
1079.2541790260184 792.0
1079.4948811369263 803.0
1079.7355740456023 817.0
1079.9762577515642 798.0
1080.2169322543277 804.0
1080.4575975534112 795.0
1080.6982536483301 805.0
1080.9389005386022 811.0
1081.179538223744 805.0
1081.4201667032721 796.0
1081.6607859767041 802.0
1081.9013960435564 807.0
1082.1419969033457 787.0
1082.382588555589 799.0
1082.6231709998035 809.0
1082.863744235506 810.0
1083.104308262213 800.0
1083.3448630794412 814.0
1083.5854086867082 786.0
1083.8259450835303 785.0
1084.0664722694248 795.0
1084.306990243908 797.0
1084.5474990064974 800.0
1084.7879985567097 785.0
1085.0284888940612 800.0
1085.2689700180695 795.0
1085.509441928251 796.0
1085.749904624123 799.0
1085.990358105202 798.0
1086.2308023710048 797.0
1086.4712374210485 807.0
1086.71166325485 817.0
1086.9520798719261 808.0
1087.1924872717937 792.0
1087.4328854539694 805.0
1087.6732744179706 797.0
1087.9136541633134 794.0
1088.1540246895156 802.0
1088.3943859960934 814.0
1088.6347380825637 801.0
1088.8750809484436 804.0
1089.1154145932499 798.0
1089.3557390164995 791.0
1089.5960542177095 796.0
1089.836360196396 793.0
1090.0766569520767 796.0
1090.3169444842679 810.0
1090.557222792487 803.0
1090.7974918762502 806.0
1091.037751735075 802.0
1091.2780023684782 783.0
1091.518243775976 806.0
1091.7584759570861 799.0
1091.9986989113247 797.0
1092.2389126382093 796.0
1092.4791171372563 794.0
1092.7193124079827 796.0
1092.9594984499054 803.0
1093.1996752625412 801.0
1093.4398428454072 797.0
1093.68000119802 792.0
1093.9201503198965 794.0
1094.1602902105537 793.0
1094.4004208695083 802.0
1094.6405422962773 784.0
1094.8806544903778 803.0
1095.120757451326 802.0
1095.3608511786392 807.0
1095.6009356718341 805.0
1095.8410109304282 787.0
1096.0810769539376 794.0
1096.3211337418795 805.0
1096.5611812937707 799.0
1096.8012196091279 800.0
1097.0412486874682 785.0
1097.2812685283084 792.0
1097.5212791311658 795.0
1097.7612804955563 819.0
1098.0012726209975 803.0
1098.2412555070064 797.0
1098.4812291530989 798.0
1098.721193558793 805.0
1098.961148723605 806.0
1099.2010946470518 781.0
1099.4410313286503 778.0
1099.6809587679172 795.0
1099.92087696437 797.0
1100.1607859175251 810.0
1100.400685626899 796.0
1100.640576092009 791.0
1100.880457312372 798.0
1101.1203292875052 805.0
1101.3601920169247 801.0
1101.6000455001479 791.0
1101.8398897366915 795.0
1102.079724726072 793.0
1102.3195504678072 802.0
1102.559366961413 797.0
1102.7991742064069 803.0
1103.0389722023056 798.0
1103.2787609486254 818.0
1103.5185404448844 802.0
1103.7583106905984 803.0
1103.9980716852845 802.0
1104.23782342846 800.0
1104.4775659196412 795.0
1104.7172991583454 805.0
1104.9570231440887 810.0
1105.1967378763893 791.0
1105.436443354763 796.0
1105.6761395787273 798.0
1105.9158265477986 811.0
1106.1555042614937 802.0
1106.3951727193298 796.0
1106.6348319208234 802.0
1106.8744818654923 795.0
1107.1141225528525 780.0
1107.3537539824208 799.0
1107.5933761537144 798.0
1107.8329890662503 801.0
1108.072592719545 797.0
1108.3121871131157 816.0
1108.551772246479 793.0
1108.7913481191517 787.0
1109.030914730651 799.0
1109.2704720804938 809.0
1109.5100201681967 786.0
1109.7495589932764 796.0
1109.9890885552504 784.0
1110.2286088536348 791.0
1110.4681198879473 788.0
1110.707621657704 807.0
1110.9471141624224 789.0
1111.1865974016187 784.0
1111.4260713748101 801.0
1111.665536081514 807.0
1111.9049915212463 795.0
1112.1444376935244 804.0
1112.3838745978653 788.0
1112.6233022337854 788.0
1112.8627206008023 798.0
1113.102129698432 791.0
1113.3415295261918 809.0
1113.5809200835986 808.0
1113.820301370169 805.0
1114.0596733854206 796.0
1114.2990361288694 778.0
1114.5383896000326 793.0
1114.7777337984273 805.0
1115.0170687235698 790.0
1115.2563943749778 792.0
1115.4957107521673 814.0
1115.7350178546556 807.0
1115.9743156819598 806.0
1116.213604233596 809.0
1116.452883509082 800.0
1116.692153507934 801.0
1116.9314142296694 798.0
1117.1706656738045 788.0
1117.4099078398563 783.0
1117.6491407273422 795.0
1117.8883643357783 793.0
1118.1275786646822 802.0
1118.36678371357 801.0
1118.6059794819594 788.0
1118.8451659693665 797.0
1119.0843431753085 793.0
1119.3235110993026 802.0
1119.5626697408647 808.0
1119.8018190995128 803.0
1120.0409591747637 795.0
1120.2800899661331 792.0
1120.519211473139 797.0
1120.7583236952978 786.0
1120.9974266321262 791.0
1121.236520283142 799.0
1121.4756046478608 785.0
1121.7146797258001 797.0
1121.9537455164768 801.0
1122.192802019408 778.0
1122.4318492341101 790.0
1122.6708871601 814.0
1122.909915796895 799.0
1123.1489351440111 794.0
1123.3879452009662 795.0
1123.6269459672762 794.0
1123.865937442459 779.0
1124.1049196260308 795.0
1124.3438925175087 801.0
