shot=103_gas=Ar_height=90_RF=249.0W_massflow=1000_coils=0.0A_HR4000 spectrum
Wavelength [nm] // Intensity [u.a.] 
194.93414 787.0
195.2037815346219 806.0
195.47341553816543 779.0
195.74304201014752 805.0
196.012660950085 803.0
196.28227235749478 808.0
196.55187623189366 815.0
196.82147257279857 814.0
197.09106137972637 799.0
197.36064265219392 812.0
197.63021638971804 811.0
197.89978259181567 801.0
198.16934125800364 802.0
198.43889238779886 806.0
198.7084359807181 787.0
198.97797203627835 791.0
199.2475005539964 795.0
199.51702153338914 808.0
199.78653497397343 822.0
200.05604087526618 806.0
200.3255392367842 809.0
200.59503005804436 797.0
200.8645133385636 803.0
201.1339890778587 825.0
201.4034572754466 800.0
201.67291793084408 805.0
201.94237104356813 804.0
202.21181661313554 800.0
202.48125463906314 806.0
202.7506851208679 818.0
203.02010805806663 809.0
203.28952345017618 801.0
203.55893129671344 803.0
203.8283315971953 800.0
204.0977243511386 802.0
204.3671095580602 808.0
204.636487217477 800.0
204.90585732890585 800.0
205.17521989186366 802.0
205.44457490586717 813.0
205.7139223704334 824.0
205.98326228507918 802.0
206.2525946493213 795.0
206.5219194626767 806.0
206.79123672466224 805.0
207.06054643479476 797.0
207.32984859259116 807.0
207.59914319756828 795.0
207.86843024924303 796.0
208.13770974713225 801.0
208.40698169075276 805.0
208.6762460796215 799.0
208.94550291325532 805.0
209.2147521911711 801.0
209.48399391288567 809.0
209.75322807791594 798.0
210.02245468577874 792.0
210.29167373599094 802.0
210.56088522806942 808.0
210.83008916153108 812.0
211.09928553589276 807.0
211.3684743506713 809.0
211.63765560538363 811.0
211.9068292995466 782.0
212.175995432677 805.0
212.44515400429182 801.0
212.71430501390782 803.0
212.98344846104192 802.0
213.25258434521103 806.0
213.52171266593191 810.0
213.79083342272153 810.0
214.05994661509675 790.0
214.3290522425744 814.0
214.5981503046713 807.0
214.8672408009044 801.0
215.13632373079054 807.0
215.4053990938466 801.0
215.6744668895894 791.0
215.94352711753592 804.0
216.21257977720293 784.0
216.48162486810728 784.0
216.7506623897659 797.0
217.01969234169565 781.0
217.2887147234134 797.0
217.55772953443596 805.0
217.82673677428028 802.0
218.0957364424632 802.0
218.36472853850154 798.0
218.6337130619122 814.0
218.9026900122121 805.0
219.17165938891804 818.0
219.4406211915469 809.0
219.70957541961562 790.0
219.97852207264097 808.0
220.24746115013983 789.0
220.5163926516291 800.0
220.78531657662566 806.0
221.05423292464639 812.0
221.32314169520808 816.0
221.59204288782766 804.0
221.860936502022 806.0
222.12982253730797 806.0
222.39870099320237 811.0
222.66757186922214 800.0
222.93643516488416 801.0
223.20529087970525 811.0
223.47413901320226 809.0
223.74297956489212 806.0
224.01181253429166 809.0
224.28063792091777 806.0
224.5494557242873 808.0
224.8182659439171 795.0
225.08706857932413 814.0
225.35586363002508 812.0
225.62465109553705 806.0
225.89343097537673 802.0
226.16220326906105 808.0
226.43096797610687 803.0
226.69972509603105 814.0
226.9684746283505 824.0
227.237216572582 810.0
227.50595092824256 798.0
227.7746776948489 812.0
228.04339687191796 800.0
228.31210845896663 807.0
228.5808124555117 808.0
228.84950886107015 796.0
229.11819767515877 806.0
229.38687889729442 797.0
229.65555252699397 811.0
229.92421856377433 805.0
230.1928770071524 806.0
230.46152785664492 793.0
230.73017111176884 803.0
230.99880677204106 805.0
231.26743483697837 811.0
231.53605530609772 812.0
231.8046681789159 808.0
232.07327345494983 803.0
232.34187113371638 798.0
232.61046121473237 815.0
232.87904369751473 810.0
233.14761858158028 817.0
233.41618586644586 820.0
233.68474555162845 816.0
233.95329763664483 791.0
234.2218421210119 814.0
234.49037900424648 802.0
234.7589082858655 804.0
235.02742996538583 808.0
235.29594404232427 812.0
235.56445051619772 818.0
235.8329493865231 803.0
236.10144065281722 807.0
236.36992431459691 808.0
236.63840037137916 807.0
236.9068688226808 797.0
237.1753296680186 810.0
237.44378290690955 811.0
237.7122285388704 811.0
237.9806665634181 811.0
238.24909698006957 804.0
238.51751978834153 811.0
238.78593498775095 812.0
239.0543425778147 818.0
239.32274255804958 796.0
239.59113492797255 802.0
239.8595196871004 809.0
240.12789683495004 808.0
240.3962663710383 813.0
240.66462829488208 799.0
240.93298260599826 803.0
241.2013293039037 807.0
241.46966838811522 816.0
241.73799985814978 804.0
242.00632371352418 815.0
242.27463995375527 811.0
242.54294857835998 802.0
242.81124958685515 806.0
243.07954297875764 808.0
243.34782875358434 807.0
243.61610691085207 813.0
243.88437745007772 802.0
244.15264037077822 814.0
244.42089567247035 801.0
244.68914335467105 792.0
244.95738341689716 788.0
245.2256158586655 821.0
245.493840679493 803.0
245.76205787889654 808.0
246.03026745639292 816.0
246.29846941149904 804.0
246.5666637437318 803.0
246.834850452608 825.0
247.1030295376446 807.0
247.37120099835838 800.0
247.63936483426627 810.0
247.9075210448851 812.0
248.17566962973177 800.0
248.4438105883231 796.0
248.71194392017603 799.0
248.98006962480733 806.0
249.248187701734 810.0
249.51629815047275 791.0
249.78440097054056 798.0
250.05249616145431 807.0
250.32058372273076 809.0
250.5886636538869 811.0
250.85673595443953 802.0
251.12480062390551 797.0
251.39285766180177 810.0
251.6609070676451 822.0
251.92894884095242 820.0
252.19698298124058 805.0
252.46500948802645 810.0
252.73302836082692 807.0
253.00103959915882 804.0
253.26904320253902 814.0
253.53703917048443 809.0
253.80502750251188 796.0
254.07300819813827 804.0
254.34098125688044 799.0
254.60894667825525 804.0
254.87690446177962 805.0
255.14485460697037 809.0
255.41279711334434 800.0
255.6807319804185 804.0
255.94865920770962 799.0
256.2165787947346 805.0
256.48449074101035 813.0
256.75239504605366 802.0
257.02029170938147 794.0
257.28818073051065 804.0
257.556062108958 816.0
257.8239358442404 808.0
258.0918019358748 802.0
258.35966038337796 807.0
258.6275111862668 794.0
258.8953543440582 820.0
259.163189856269 799.0
259.4310177224162 805.0
259.6988379420164 817.0
259.9666505145867 814.0
260.23445543964385 801.0
260.50225271670473 794.0
260.77004234528624 804.0
261.03782432490533 809.0
261.3055986550787 797.0
261.5733653353234 800.0
261.8411243651561 816.0
262.1088757440937 817.0
262.37661947165327 815.0
262.6443555473515 803.0
262.9120839707053 806.0
263.1798047412315 812.0
263.44751785844704 797.0
263.7152233218687 805.0
263.98292113101354 808.0
264.2506112853982 796.0
264.51829378453965 805.0
264.7859686279547 817.0
265.05363581516025 827.0
265.32129534567326 811.0
265.5889472190105 821.0
265.8565914346889 815.0
266.1242279922252 803.0
266.39185689113634 799.0
266.65947813093925 788.0
266.9270917111508 810.0
267.19469763128774 807.0
267.46229589086704 796.0
267.72988648940554 810.0
267.9974694264201 810.0
268.2650447014276 797.0
268.53261231394487 803.0
268.80017226348883 803.0
269.0677245495763 797.0
269.3352691717242 807.0
269.60280612944933 809.0
269.8703354222686 802.0
270.13785704969894 812.0
270.40537101125716 807.0
270.67287730646007 802.0
270.9403759348246 805.0
271.2078668958677 818.0
271.47535018910605 819.0
271.7428258140567 799.0
272.01029377023633 819.0
272.2777540571619 799.0
272.5452066743504 806.0
272.81265162131854 803.0
273.08008889758327 801.0
273.34751850266144 812.0
273.6149404360698 816.0
273.8823546973254 803.0
274.1497612859451 808.0
274.4171602014456 804.0
274.6845514433439 811.0
274.95193501115676 801.0
275.2193109044012 819.0
275.486679122594 802.0
275.7540396652521 805.0
276.02139253189216 805.0
276.2887377220313 802.0
276.55607523518626 812.0
276.82340507087395 806.0
277.09072722861123 821.0
277.3580417079149 816.0
277.62534850830195 816.0
277.8926476292892 802.0
278.1599390703934 811.0
278.4272228311316 804.0
278.69449891102056 805.0
278.96176730957717 807.0
279.22902802631836 796.0
279.4962810607609 790.0
279.76352641242164 806.0
280.0307640808177 794.0
280.29799406546556 802.0
280.5652163658824 782.0
280.8324309815849 802.0
281.09963791209003 798.0
281.3668371569146 802.0
281.6340287155756 804.0
281.9012125875897 807.0
282.168388772474 802.0
282.4355572697452 799.0
282.7027180789201 794.0
282.9698711995158 788.0
283.23701663104896 802.0
283.50415437303667 792.0
283.77128442499554 796.0
284.0384067864426 798.0
284.3055214568946 801.0
284.57262843586864 812.0
284.8397277228814 809.0
285.1068193174497 812.0
285.37390321909055 809.0
285.6409794273207 822.0
285.9080479416572 810.0
286.1751087616167 810.0
286.4421618867162 804.0
286.7092073164725 810.0
286.9762450504025 814.0
287.24327508802315 801.0
287.5102974288511 797.0
287.77731207240345 799.0
288.04431901819703 790.0
288.3113182657485 807.0
288.578309814575 815.0
288.84529366419326 793.0
289.1122698141201 813.0
289.37923826387254 801.0
289.6461990129674 813.0
289.91315206092133 796.0
290.18009740725154 813.0
290.44703505147464 810.0
290.7139649931077 812.0
290.98088723166734 799.0
291.24780176667065 808.0
291.5147085976344 804.0
291.78160772407557 811.0
292.04849914551085 793.0
292.3153828614572 795.0
292.58225887143146 805.0
292.8491271749505 811.0
293.1159877715313 807.0
293.3828406606906 815.0
293.6496858419453 808.0
293.9165233148123 799.0
294.1833530788084 808.0
294.4501751334505 823.0
294.71698947825547 802.0
294.9837961127402 815.0
295.2505950364216 816.0
295.5173862488164 805.0
295.78416974944156 799.0
296.050945537814 790.0
296.31771361345045 801.0
296.584473975868 819.0
296.8512266245832 818.0
297.11797155911313 809.0
297.38470877897464 796.0
297.6514382836846 803.0
297.9181600727598 795.0
298.18487414571723 813.0
298.4515805020736 803.0
298.71827914134593 786.0
298.9849700630511 799.0
299.2516532667058 799.0
299.518328751827 799.0
299.78499651793163 797.0
300.0516565645365 811.0
300.3183088911584 827.0
300.58495349731436 811.0
300.8515903825211 793.0
301.1182195462956 779.0
301.3848409881546 819.0
301.65145470761513 805.0
301.91806070419403 805.0
302.184658977408 804.0
302.4512495267741 803.0
302.7178323518091 799.0
302.9844074520298 806.0
303.2509748269532 800.0
303.5175344760962 795.0
303.78408639897555 800.0
304.0506305951082 794.0
304.31716706401096 795.0
304.58369580520065 797.0
304.8502168181943 796.0
305.1167301025086 808.0
305.3832356576606 806.0
305.649733483167 808.0
305.9162235785447 817.0
306.1827059433106 805.0
306.4491805769817 798.0
306.7156474790747 801.0
306.98210664910647 799.0
307.2485580865939 794.0
307.5150017910539 803.0
307.7814377620034 802.0
308.0478659989591 806.0
308.31428650143795 810.0
308.58069926895683 794.0
308.8471043010326 814.0
309.1135015971821 805.0
309.37989115692227 821.0
309.6462729797699 812.0
309.91264706524197 794.0
310.1790134128551 776.0
310.4453720221265 811.0
310.71172289257277 802.0
310.97806602371094 805.0
311.2444014150577 811.0
311.5107290661301 810.0
311.777048976445 794.0
312.04336114551904 802.0
312.30966557286945 790.0
312.5759622580128 799.0
312.8422512004661 795.0
313.1085323997461 814.0
313.3748058553698 809.0
313.641071566854 802.0
313.90732953371554 795.0
314.17357975547145 803.0
314.4398222316384 806.0
314.70605696173334 805.0
314.9722839452731 803.0
315.23850318177466 817.0
315.50471467075477 811.0
315.7709184117303 797.0
316.0371144042182 803.0
316.3033026477353 795.0
316.56948314179846 808.0
316.8356558859246 811.0
317.1018208796305 806.0
317.36797812243304 802.0
317.6341276138491 808.0
317.90026935339563 806.0
318.1664033405894 808.0
318.4325295749473 806.0
318.6986480559862 822.0
318.96475878322303 795.0
319.2308617561746 800.0
319.4969569743577 807.0
319.76304443728935 807.0
320.0291241444864 807.0
320.2951960954656 806.0
320.5612602897438 805.0
320.82731672683815 798.0
321.0933654062652 794.0
321.359406327542 795.0
321.6254394901853 802.0
321.891464893712 812.0
322.157482537639 799.0
322.4234924214832 799.0
322.68949454476143 798.0
322.95548890699064 792.0
323.2214755076875 822.0
323.487454346369 805.0
323.753425422552 816.0
324.01938873575347 816.0
324.2853442854901 804.0
324.55129207127885 825.0
324.8172320926366 811.0
325.08316434908016 816.0
325.34908884012646 816.0
325.61500556529234 804.0
325.8809145240947 803.0
326.14681571605024 799.0
326.4127091406761 797.0
326.6785947974889 796.0
326.9444726860058 803.0
327.2103428057433 789.0
327.47620515621855 809.0
327.74205973694836 803.0
328.00790654744947 809.0
328.2737455872389 808.0
328.5395768558335 805.0
328.80540035275004 808.0
329.0712160775054 804.0
329.33702402961654 796.0
329.6028242086002 800.0
329.86861661397353 818.0
330.13440124525306 810.0
330.4001781019559 806.0
330.66594718359863 789.0
330.9317084896984 816.0
331.19746201977205 798.0
331.46320777333636 801.0
331.7289457499082 808.0
331.9946759490044 813.0
332.2603983701419 807.0
332.5261130128375 802.0
332.79181987660826 820.0
333.05751896097087 811.0
333.3232102654422 802.0
333.58889378953916 796.0
333.85456953277856 812.0
334.1202374946774 810.0
334.38589767475247 805.0
334.6515500725206 815.0
334.9171946874987 803.0
335.18283151920355 800.0
335.4484605671522 791.0
335.7140818308614 790.0
335.97969530984807 803.0
336.245301003629 810.0
336.51089891172114 815.0
336.77648903364127 810.0
337.04207136890636 797.0
337.30764591703326 801.0
337.5732126775387 819.0
337.83877164993976 799.0
338.10432283375314 803.0
338.36986622849577 795.0
338.63540183368457 800.0
338.9009296488363 807.0
339.16644967346787 805.0
339.4319619070962 804.0
339.6974663492381 804.0
339.9629629994105 810.0
340.22845185713027 803.0
340.4939329219141 812.0
340.75940619327906 814.0
341.02487167074196 804.0
341.2903293538197 806.0
341.555779242029 814.0
341.821221334887 811.0
342.0866556319103 802.0
342.3520821326158 818.0
342.6175008365205 791.0
342.8829117431413 802.0
343.1483148519949 804.0
343.41371016259825 802.0
343.6790976744682 802.0
343.9444773871216 814.0
344.20984930007546 804.0
344.4752134128465 803.0
344.74056972495157 808.0
345.0059182359076 810.0
345.27125894523147 803.0
345.53659185244 808.0
345.80191695705014 790.0
346.0672342585787 794.0
346.3325437565426 808.0
346.5978454504585 791.0
346.8631393398436 813.0
347.1284254242145 816.0
347.3937037030882 804.0
347.6589741759816 795.0
347.92423684241146 806.0
348.1894917018946 814.0
348.4547387539481 819.0
348.71997799808867 798.0
348.9852094338332 808.0
349.2504330606986 807.0
349.51564887820166 820.0
349.7808568858593 808.0
350.0460570831885 811.0
350.31124946970584 799.0
350.57643404492853 800.0
350.84161080837316 812.0
351.1067797595568 806.0
351.3719408979961 813.0
351.63709422320824 817.0
351.90223973470984 800.0
352.16737743201776 793.0
352.43250731464894 797.0
352.69762938212034 799.0
352.9627436339487 807.0
353.2278500696509 798.0
353.49294868874387 810.0
353.7580394907444 810.0
354.02312247516943 805.0
354.28819764153576 778.0
354.55326498936034 800.0
354.81832451816 804.0
355.08337622745165 801.0
355.348420116752 792.0
355.613456185578 814.0
355.8784844334467 819.0
356.1435048598747 818.0
356.4085174643791 810.0
356.6735222464765 804.0
356.938519205684 805.0
357.2035083415184 800.0
357.46848965349653 804.0
357.73346314113536 798.0
357.9984288039516 795.0
358.2633866414622 823.0
358.528336653184 808.0
358.793278838634 806.0
359.05821319732894 807.0
359.3231397287857 816.0
359.5880584325211 811.0
359.8529693080521 807.0
360.1178723548955 794.0
360.3827675725683 805.0
360.64765496058726 803.0
360.9125345184692 808.0
361.1774062457311 810.0
361.44227014188965 797.0
361.707126206462 804.0
361.9719744389649 800.0
362.2368148389151 796.0
362.5016474058295 812.0
362.766472139225 816.0
363.0312890386186 815.0
363.296098103527 810.0
363.5608993334672 805.0
363.82569272795587 807.0
364.09047828651006 810.0
364.35525600864656 814.0
364.6200258938823 821.0
364.8847879417341 814.0
365.1495421517188 795.0
365.41428852335326 818.0
365.67902705615444 815.0
365.9437577496392 810.0
366.2084806033243 794.0
366.4731956167267 812.0
366.7379027893632 810.0
367.0026021207507 806.0
367.2672936104061 808.0
367.5319772578463 802.0
367.79665306258806 802.0
368.06132102414836 807.0
368.32598114204393 804.0
368.59063341579173 795.0
368.85527784490864 800.0
369.1199144289115 799.0
369.3845431673172 805.0
369.6491640596426 806.0
369.91377710540445 803.0
370.1783823041198 801.0
370.44297965530546 804.0
370.70756915847835 804.0
370.97215081315517 796.0
371.2367246188529 807.0
371.5012905750884 806.0
371.7658486813786 809.0
372.0303989372402 806.0
372.29494134219027 798.0
372.5594758957455 815.0
372.82400259742286 805.0
373.08852144673915 812.0
373.3530324432114 804.0
373.6175355863563 804.0
373.8820308756908 785.0
374.1465183107317 805.0
374.410997890996 804.0
374.6754696160004 805.0
374.93993348526186 806.0
375.2043894982973 799.0
375.4688376546235 793.0
375.7332779537573 797.0
375.9977103952157 814.0
376.26213497851546 806.0
376.52655170317354 821.0
376.7909605687067 809.0
377.05536157463183 812.0
377.3197547204658 789.0
377.5841400057256 802.0
377.84851742992794 810.0
378.11288699258984 816.0
378.37724869322795 820.0
378.64160253135935 810.0
378.90594850650075 802.0
379.1702866181692 798.0
379.4346168658814 811.0
379.69893924915425 811.0
379.9632537675047 816.0
380.2275604204495 805.0
380.49185920750574 802.0
380.75615012819 816.0
381.0204331820193 819.0
381.2847083685105 804.0
381.5489756871804 799.0
381.8132351375459 819.0
382.07748671912407 809.0
382.34173043143153 815.0
382.6059662739852 824.0
382.8701942463019 819.0
383.1344143478986 809.0
383.3986265782921 807.0
383.6628309369994 808.0
383.92702742353725 821.0
384.1912160374225 813.0
384.45539677817203 811.0
384.7195696453027 810.0
384.98373463833155 809.0
385.2478917567753 805.0
385.5120410001507 807.0
385.7761823679748 812.0
386.0403158597644 809.0
386.30444147503647 802.0
386.5685592133077 813.0
386.8326690740951 797.0
387.09677105691543 793.0
387.36086516128563 808.0
387.6249513867226 806.0
387.88902973274315 813.0
388.15310019886414 791.0
388.41716278460245 804.0
388.68121748947493 808.0
388.9452643129986 804.0
389.2093032546901 808.0
389.47333431406645 813.0
389.73735749064434 815.0
390.0013727839409 817.0
390.2653801934728 820.0
390.52937971875696 823.0
390.7933713593103 803.0
391.05735511464974 811.0
391.3213309842919 809.0
391.5852989677539 801.0
391.8492590645524 802.0
392.1132112742045 793.0
392.37715559622694 801.0
392.6410920301366 805.0
392.9050205754503 827.0
393.1689412316849 784.0
393.43285399835736 813.0
393.69675887498465 805.0
393.96065586108335 803.0
394.2245449561705 813.0
394.4884261597629 810.0
394.75229947137757 823.0
395.01616489053123 812.0
395.28002241674085 825.0
395.5438720495231 806.0
395.80771378839506 818.0
396.0715476328735 809.0
396.33537358247537 797.0
396.5991916367174 803.0
396.86300179511665 784.0
397.12680405718976 804.0
397.39059842245376 803.0
397.65438489042543 801.0
397.91816346062177 804.0
398.18193413255955 813.0
398.4456969057556 813.0
398.7094517797268 807.0
398.97319875399006 808.0
399.2369378280623 816.0
399.50066900146027 797.0
399.764392273701 802.0
400.02810764430114 815.0
400.2918151127777 807.0
400.55551467864757 813.0
400.81920634142756 808.0
401.08289010063453 807.0
401.34656595578537 800.0
401.6102339063969 791.0
401.8738939519861 807.0
402.1375460920697 813.0
402.4011903261647 810.0
402.6648266537879 800.0
402.92845507445617 811.0
403.1920755876863 793.0
403.4556881929953 796.0
403.71929288990003 809.0
403.98288967791734 806.0
404.246478556564 812.0
404.5100595253569 816.0
404.77363258381297 820.0
405.03719773144906 804.0
405.3007549677821 798.0
405.56430429232887 795.0
405.82784570460626 788.0
406.0913792041311 799.0
406.35490479042033 795.0
406.61842246299085 798.0
406.88193222135936 794.0
407.14543406504293 797.0
407.4089279935582 799.0
407.6724140064223 803.0
407.9358921031519 812.0
408.19936228326395 808.0
408.4628245462754 802.0
408.7262788917029 811.0
408.9897253190635 799.0
409.25316382787395 798.0
409.5165944176513 806.0
409.7800170879122 798.0
410.04343183817366 804.0
410.30683866795243 808.0
410.57023757676546 818.0
410.83362856412975 809.0
411.09701162956185 815.0
411.3603867725789 806.0
411.62375399269763 803.0
411.887113289435 796.0
412.1504646623078 805.0
412.4138081108329 812.0
412.6771436345273 803.0
412.94047123290767 813.0
413.20379090549096 816.0
413.46710265179405 810.0
413.7304064713339 810.0
413.9937023636272 817.0
414.25699032819097 805.0
414.52027036454194 810.0
414.78354247219704 796.0
415.0468066506732 813.0
415.31006289948726 820.0
415.5733112181561 825.0
415.83655160619645 843.0
416.0997840631253 850.0
416.3630085884595 814.0
416.62622518171594 817.0
416.8894338424115 817.0
417.152634570063 790.0
417.4158273641873 794.0
417.67901222430123 811.0
417.9421891499217 810.0
418.2053581405658 809.0
418.46851919575005 833.0
418.7316723149915 827.0
418.99481749780693 826.0
419.2579547437133 837.0
419.5210840522274 844.0
419.78420542286625 875.0
420.04731885514644 880.0
420.31042434858506 832.0
420.573521902699 830.0
420.83661151700494 815.0
421.0996931910199 810.0
421.3627669242608 804.0
421.6258327162443 814.0
421.88889056648736 804.0
422.1519404745069 799.0
422.41498243981977 794.0
422.6780164619429 792.0
422.9410425403929 813.0
423.2040606746869 812.0
423.46707086434174 807.0
423.7300731088742 798.0
423.9930674078012 795.0
424.25605376063965 803.0
424.5190321669063 790.0
424.782002626118 809.0
425.0449651377918 816.0
425.30791970144446 809.0
425.57086631659286 826.0
425.83380498275386 832.0
426.0967356994443 830.0
426.3596584661811 823.0
426.6225732824811 828.0
426.88548014786113 823.0
427.14837906183817 817.0
427.411270023929 809.0
427.6741530336505 801.0
427.9370280905195 798.0
428.199895194053 794.0
428.46275434376776 807.0
428.72560553918066 803.0
428.98844877980855 802.0
429.2512840651683 808.0
429.51411139477693 797.0
429.77693076815115 827.0
430.03974218480784 819.0
430.3025456442639 824.0
430.5653411460361 793.0
430.82812868964146 808.0
431.09090827459687 798.0
431.353679900419 819.0
431.61644356662487 796.0
431.87919927273134 808.0
432.1419470182551 796.0
432.40468680271334 809.0
432.66741862562276 823.0
432.93014248650013 812.0
433.1928583848624 804.0
433.45556632022647 833.0
433.7182662921092 816.0
433.9809583000275 812.0
434.24364234349815 814.0
434.506318422038 795.0
434.768986535164 804.0
435.031646682393 803.0
435.2942988632418 812.0
435.55694307722734 799.0
435.81957932386655 809.0
436.08220760267614 805.0
436.34482791317305 799.0
436.6074402548742 801.0
436.8700446272964 804.0
437.1326410299566 794.0
437.3952294623715 794.0
437.65780992405803 803.0
437.9203824145332 803.0
438.1829469333138 784.0
438.4455034799166 812.0
438.7080520538586 815.0
438.9705926546565 796.0
439.23312528182737 793.0
439.49564993488787 816.0
439.7581666133551 791.0
440.0206753167459 814.0
440.28317604457686 789.0
440.5456687963651 792.0
440.8081535716274 798.0
441.07063036988075 798.0
441.3330991906418 788.0
441.5955600334276 803.0
441.858012897755 803.0
442.12045778314075 795.0
442.3828946891018 804.0
442.6453236151551 789.0
442.9077445608174 798.0
443.17015752560553 803.0
443.4325625090365 807.0
443.69495951062703 801.0
443.95734852989415 796.0
444.21972956635454 818.0
444.4821026195253 803.0
444.74446768892307 805.0
445.00682477406485 807.0
445.2691738744674 805.0
445.5315149896478 809.0
445.79384811912274 798.0
446.05617326240906 803.0
446.31849041902376 803.0
446.58079958848356 801.0
446.8431007703055 812.0
447.10539396400634 804.0
447.367679169103 808.0
447.6299563851123 808.0
447.892225611551 800.0
448.15448684793625 803.0
448.4167400937847 810.0
448.67898534861325 810.0
448.9412226119389 804.0
449.2034518832783 792.0
449.46567316214856 790.0
449.72788644806633 801.0
449.99009174054856 813.0
450.2522890391122 810.0
450.514478343274 815.0
450.77665965255085 815.0
451.0388329664597 809.0
451.30099828451733 804.0
451.5631556062406 806.0
451.82530493114655 808.0
452.08744625875175 795.0
452.3495795885734 797.0
452.6117049201281 809.0
452.87382225293277 805.0
453.13593158650446 798.0
453.3980329203598 802.0
453.6601262540158 807.0
453.9222115869893 813.0
454.1842889187971 803.0
454.4463582489562 809.0
454.70841957698343 800.0
454.97047290239556 791.0
455.23251822470957 793.0
455.49455554344223 793.0
455.75658485811044 798.0
456.0186061682312 798.0
456.2806194733211 814.0
456.5426247728973 807.0
456.8046220664765 794.0
457.0666113535756 806.0
457.32859263371154 786.0
457.5905659064011 801.0
457.8525311711611 800.0
458.1144884275086 811.0
458.37643767496024 813.0
458.6383789130331 814.0
458.9003121412439 805.0
459.1622373591095 798.0
459.4241545661469 789.0
459.68606376187284 811.0
459.9479649458043 799.0
460.2098581174581 802.0
460.471743276351 799.0
460.733620422 821.0
460.9954895539219 792.0
461.2573506716337 806.0
461.51920377465206 810.0
461.78104886249406 811.0
462.0428859346764 816.0
462.304714990716 805.0
462.5665360301298 804.0
462.82834905243453 808.0
463.09015405714723 809.0
463.35195104378465 807.0
463.6137400118636 795.0
463.8755209609011 797.0
464.13729389041396 802.0
464.399058799919 814.0
464.6608156889332 808.0
464.92256455697327 804.0
465.18430540355615 809.0
465.4460382281988 810.0
465.707763030418 801.0
465.96947980973056 813.0
466.23118856565344 805.0
466.49288929770347 807.0
466.75458200539765 812.0
467.0162666882526 810.0
467.27794334578533 803.0
467.5396119775127 815.0
467.8012725829516 809.0
468.0629251616188 808.0
468.3245697130314 799.0
468.586206236706 800.0
468.8478347321596 817.0
469.109455198909 808.0
469.3710676364711 804.0
469.6326720443629 798.0
469.89426842210105 806.0
470.1558567692025 812.0
470.4174370851842 797.0
470.6790093695629 798.0
470.94057362185555 807.0
471.20212984157905 804.0
471.4636780282501 804.0
471.72521818138574 806.0
471.9867503005027 792.0
472.248274385118 803.0
472.5097904347484 798.0
472.7712984489108 798.0
473.03279842712203 804.0
473.29429036889906 798.0
473.55577427375863 796.0
473.8172501412177 810.0
474.07871797079315 807.0
474.34017776200176 801.0
474.6016295143605 804.0
474.8630732273861 797.0
475.1245089005955 796.0
475.3859365335057 812.0
475.64735612563334 797.0
475.9087676764954 794.0
476.1701711856088 809.0
476.4315666524903 812.0
476.6929540766569 791.0
476.95433345762535 796.0
477.2157047949125 805.0
477.47706808803537 810.0
477.7384233365106 806.0
477.9997705398553 811.0
478.26110969758616 804.0
478.52244080922014 802.0
478.78376387427414 805.0
479.04507889226494 803.0
479.3063858627094 818.0
479.5676847851245 804.0
479.828975659027 812.0
480.0902584839338 805.0
480.3515332593618 813.0
480.61279998482775 797.0
480.8740586598487 808.0
481.13530928394147 813.0
481.3965518566228 804.0
481.65778637740965 804.0
481.9190128458189 797.0
482.1802312613674 796.0
482.4414416235721 816.0
482.70264393194964 799.0
482.9638381860171 786.0
483.2250243852913 801.0
483.4862025292891 813.0
483.7473726175273 806.0
484.0085346495229 807.0
484.26968862479265 807.0
484.5308345428534 796.0
484.79197240322225 793.0
485.0531022054157 804.0
485.314223948951 790.0
485.57533763334476 793.0
485.8364432581139 799.0
486.0975408227754 808.0
486.35863032684597 803.0
486.61971176984247 791.0
486.880785151282 805.0
487.1418504706812 801.0
487.402907727557 810.0
487.66395692142635 802.0
487.92499805180597 805.0
488.18603111821284 805.0
488.44705612016384 811.0
488.7080730571757 799.0
488.9690819287655 800.0
489.2300827344499 804.0
489.49107547374587 796.0
489.75206014617027 812.0
490.01303675124 811.0
490.27400528847187 819.0
490.53496575738274 808.0
490.79591815748955 807.0
491.05686248830915 816.0
491.31779874935836 803.0
491.57872694015396 804.0
491.8396470602131 808.0
492.1005591090524 802.0
492.3614630861888 811.0
492.6223589911392 809.0
492.88324682342045 798.0
493.14412658254946 811.0
493.40499826804296 802.0
493.66586187941795 787.0
493.92671741619125 807.0
494.18756487787977 797.0
494.44840426400026 806.0
494.70923557406974 800.0
494.97005880760497 800.0
495.23087396412285 800.0
495.4916810431403 810.0
495.7524800441741 797.0
496.01327096674123 806.0
496.27405381035845 812.0
496.53482857454264 807.0
496.79559525881075 775.0
497.05635386267954 793.0
497.31710438566597 812.0
497.57784682728686 810.0
497.8385811870591 809.0
498.0993074644995 805.0
498.360025659125 792.0
498.6207357704524 811.0
498.88143779799873 812.0
499.14213174128065 808.0
499.40281759981514 801.0
499.6634953731191 801.0
499.92416506070924 803.0
500.1848266621026 804.0
500.445480176816 807.0
500.70612560436615 798.0
500.96676294427016 825.0
501.22739219604483 808.0
501.48801335920695 798.0
501.74862643327344 815.0
502.00923141776116 793.0
502.2698283121869 809.0
502.5304171160677 803.0
502.7909978289203 793.0
503.0515704502616 803.0
503.31213497960846 819.0
503.57269141647777 814.0
503.8332397603864 795.0
504.09378001085116 802.0
504.354312167389 806.0
504.6148362295168 807.0
504.8753521967513 800.0
505.1358600686094 797.0
505.3963598446082 815.0
505.6568515242642 815.0
505.9173351070945 821.0
506.17781059261597 830.0
506.4382779803454 813.0
506.69873726979966 816.0
506.95918846049574 800.0
507.2196315519502 809.0
507.4800665436803 809.0
507.74049343520267 811.0
508.00091222603425 810.0
508.261322915692 815.0
508.5217255036924 808.0
508.7821199895529 798.0
509.0425063727899 802.0
509.3028846529204 796.0
509.5632548294615 809.0
509.8236169019296 785.0
510.0839708698421 800.0
510.3443167327155 784.0
510.60465449006676 811.0
510.8649841414127 808.0
511.12530568627034 802.0
511.3856191241566 817.0
511.64592445458794 799.0
511.90622167708165 794.0
512.1665107911545 810.0
512.4267917963232 804.0
512.6870646921047 802.0
512.947329478016 796.0
513.2075861535739 800.0
513.467834718295 794.0
513.7280751716964 801.0
513.9883075132952 811.0
514.248531742608 811.0
514.5087478591515 817.0
514.7689558624429 811.0
515.0291557519989 813.0
515.2893475273365 799.0
515.5495311879723 810.0
515.8097067334235 796.0
516.0698741632067 817.0
516.3300334768389 812.0
516.5901846738369 789.0
516.8503277537177 813.0
517.1104627159981 822.0
517.3705895601947 818.0
517.630708285825 816.0
517.8908188924053 816.0
518.1509213794526 820.0
518.411015746484 803.0
518.6711019930159 824.0
518.9311801185657 828.0
519.19125012265 813.0
519.4513120047856 808.0
519.7113657644896 814.0
519.9714114012784 811.0
520.2314489146695 801.0
520.4914783041794 793.0
520.751499569325 803.0
521.0115127096234 813.0
521.271517724591 800.0
521.5315146137451 820.0
521.7915033766022 793.0
522.0514840126796 820.0
522.3114565214938 822.0
522.5714209025618 817.0
522.8313771554007 810.0
523.0913252795269 808.0
523.3512652744578 806.0
523.6111971397097 812.0
523.8711208747998 804.0
524.1310364792452 810.0
524.390943952562 808.0
524.6508432942679 809.0
524.9107345038794 791.0
525.1706175809132 806.0
525.4304925248866 822.0
525.690359335316 810.0
525.9502180117188 810.0
526.2100685536113 816.0
526.4699109605107 805.0
526.729745231934 819.0
526.9895713673975 803.0
527.2493893664187 801.0
527.5091992285141 812.0
527.7690009532007 798.0
528.0287945399953 810.0
528.2885799884149 801.0
528.5483572979764 809.0
528.8081264681963 807.0
529.0678874985917 812.0
529.3276403886796 813.0
529.5873851379768 826.0
529.8471217460001 805.0
530.1068502122662 803.0
530.3665705362923 813.0
530.6262827175951 832.0
530.8859867556915 821.0
531.1456826500984 820.0
531.4053704003326 814.0
531.6650500059111 808.0
531.9247214663504 801.0
532.1843847811678 795.0
532.4440399498801 802.0
532.7036869720038 822.0
532.9633258470562 812.0
533.222956574554 811.0
533.4825791540142 806.0
533.7421935849534 787.0
534.0017998668885 815.0
534.2613979993366 808.0
534.5209879818145 794.0
534.780569813839 811.0
535.0401434949268 809.0
535.2997090245951 806.0
535.5592664023607 800.0
535.8188156277402 808.0
536.0783567002508 822.0
536.3378896194092 798.0
536.5974143847321 795.0
536.8569309957369 806.0
537.1164394519398 805.0
537.3759397528582 805.0
537.6354318980087 806.0
537.8949158869082 823.0
538.1543917190737 806.0
538.4138593940218 818.0
538.6733189112697 801.0
538.932770270334 810.0
539.1922134707318 813.0
539.4516485119797 814.0
539.7110753935946 803.0
539.9704941150937 824.0
540.2299046759937 807.0
540.4893070758112 821.0
540.7487013140633 816.0
541.008087390267 817.0
541.2674653039389 823.0
541.526835054596 814.0
541.7861966417552 805.0
542.0455500649333 809.0
542.3048953236471 812.0
542.5642324174137 817.0
542.8235613457497 808.0
543.0828821081722 802.0
543.3421947041979 816.0
543.6014991333436 806.0
543.8607953951266 816.0
544.1200834890632 818.0
544.3793634146708 815.0
544.6386351714658 824.0
544.8978987589653 820.0
545.1571541766862 820.0
545.4164014241451 803.0
545.6756405008593 814.0
545.9348714063455 812.0
546.1940941401203 801.0
546.4533087017008 810.0
546.712515090604 805.0
546.9717133063466 817.0
547.2309033484453 804.0
547.4900852164174 813.0
547.7492589097793 820.0
548.0084244280482 810.0
548.2675817707409 807.0
548.526730937374 806.0
548.7858719274648 814.0
549.0450047405299 807.0
549.3041293760863 820.0
549.5632458336507 834.0
549.82235411274 829.0
550.0814542128714 814.0
550.3405461335612 806.0
550.5996298743269 799.0
550.8587054346848 806.0
551.117772814152 806.0
551.3768320122455 825.0
551.6358830284819 805.0
551.8949258623783 798.0
552.1539605134514 806.0
552.4129869812182 802.0
552.6720052651955 811.0
552.9310153649002 801.0
553.1900172798491 803.0
553.4490110095592 790.0
553.7079965535472 799.0
553.9669739113302 791.0
554.2259430824248 798.0
554.484904066348 802.0
554.7438568626167 803.0
555.0028014707476 819.0
555.261737890258 811.0
555.520666120664 810.0
555.7795861614834 837.0
556.0384980122324 834.0
556.2974016724281 824.0
556.5562971415874 810.0
556.8151844192269 801.0
557.0740635048638 801.0
557.3329343980148 826.0
557.5917970981968 809.0
557.8506516049267 815.0
558.1094979177213 809.0
558.3683360360976 800.0
558.6271659595724 803.0
558.8859876876625 812.0
559.1448012198848 820.0
559.4036065557561 806.0
559.6624036947936 803.0
559.9211926365136 813.0
560.1799733804337 822.0
560.43874592607 814.0
560.6975102729399 829.0
560.9562664205602 833.0
561.2150143684473 815.0
561.4737541161188 812.0
561.732485663091 811.0
561.9912090088809 804.0
562.2499241530056 810.0
562.5086310949818 807.0
562.7673298343262 802.0
563.026020370556 808.0
563.2847027031879 799.0
563.5433768317389 802.0
563.8020427557254 815.0
564.0607004746649 816.0
564.3193499880738 808.0
564.5779912954692 816.0
564.8366243963679 817.0
565.0952492902868 814.0
565.3538659767429 810.0
565.6124744552527 808.0
565.8710747253335 804.0
566.1296667865018 800.0
566.3882506382747 810.0
566.6468262801691 812.0
566.9053937117014 796.0
567.1639529323893 800.0
567.4225039417488 812.0
567.6810467392974 795.0
567.9395813245517 807.0
568.1981076970284 815.0
568.4566258562448 807.0
568.7151358017175 795.0
568.9736375329633 814.0
569.2321310494995 796.0
569.4906163508422 802.0
569.749093436509 797.0
570.0075623060163 816.0
570.2660229588813 813.0
570.5244753946206 801.0
570.7829196127512 795.0
571.0413556127901 794.0
571.2997833942537 811.0
571.5582029566596 800.0
571.8166142995238 801.0
572.075017422364 807.0
572.3334123246967 807.0
572.5917990060384 820.0
572.8501774659068 798.0
573.108547703818 800.0
573.3669097192892 810.0
573.6252635118373 818.0
573.8836090809789 812.0
574.1419464262314 811.0
574.400275547111 819.0
574.6585964431351 810.0
574.9169091138205 803.0
575.1752135586836 804.0
575.4335097772419 798.0
575.6917977690118 802.0
575.9500775335105 805.0
576.2083490702545 803.0
576.4666123787609 802.0
576.7248674585469 822.0
576.9831143091286 820.0
577.2413529300236 821.0
577.4995833207483 799.0
577.7578054808198 801.0
578.0160194097549 795.0
578.2742251070703 802.0
578.5324225722832 810.0
578.7906118049101 810.0
579.0487928044681 799.0
579.3069655704743 805.0
579.565130102445 817.0
579.8232863998975 797.0
580.0814344623485 820.0
580.339574289315 818.0
580.5977058803137 795.0
580.8558292348614 817.0
581.1139443524753 799.0
581.3720512326721 816.0
581.6301498749685 807.0
581.8882402788817 799.0
582.146322443928 808.0
582.4043963696251 801.0
582.6624620554893 802.0
582.9205195010375 811.0
583.1785687057866 810.0
583.4366096692537 813.0
583.6946423909554 812.0
583.9526668704085 805.0
584.2106831071303 813.0
584.4686911006373 806.0
584.7266908504463 815.0
584.9846823560746 821.0
585.2426656170385 818.0
585.5006406328554 825.0
585.7586074030418 796.0
586.0165659271148 787.0
586.2745162045912 804.0
586.5324582349878 812.0
586.7903920178214 815.0
587.0483175526091 812.0
587.3062348388676 809.0
587.5641438761138 806.0
587.8220446638645 815.0
588.0799372016369 825.0
588.3378214889474 812.0
588.5956975253132 828.0
588.8535653102509 821.0
589.1114248432776 819.0
589.3692761239103 812.0
589.6271191516653 801.0
589.88495392606 805.0
590.1427804466111 803.0
590.4005987128355 806.0
590.6584087242501 805.0
590.9162104803713 800.0
591.1740039807169 836.0
591.4317892248029 830.0
591.6895662121466 815.0
591.9473349422648 806.0
592.2050954146741 821.0
592.462847628892 815.0
592.7205915844347 813.0
592.9783272808194 822.0
593.236054717563 811.0
593.493773894182 816.0
593.7514848101939 817.0
594.009187465115 818.0
594.2668818584625 797.0
594.5245679897531 817.0
594.7822458585038 810.0
595.0399154642313 813.0
595.2975768064524 802.0
595.5552298846843 812.0
595.8128746984438 805.0
596.0705112472474 814.0
596.3281395306126 804.0
596.5857595480555 799.0
596.8433712990935 804.0
597.1009747832434 814.0
597.3585700000219 822.0
597.6161569489462 810.0
597.8737356295327 800.0
598.1313060412986 806.0
598.3888681837607 812.0
598.6464220564358 816.0
598.9039676588409 808.0
599.1615049904925 798.0
599.4190340509081 809.0
599.676554839604 812.0
599.9340673560972 805.0
600.1915715999048 797.0
600.4490675705435 819.0
600.7065552675302 814.0
600.9640346903817 810.0
601.221505838615 814.0
601.4789687117469 819.0
601.7364233092942 806.0
601.9938696307739 810.0
602.2513076757026 813.0
602.5087374435976 821.0
602.7661589339755 820.0
603.023572146353 848.0
603.2809770802475 863.0
603.5383737351752 850.0
603.7957621106534 839.0
604.053142206199 838.0
604.3105140213286 843.0
604.5678775555593 840.0
604.8252328084078 812.0
605.0825797793912 823.0
605.3399184680261 826.0
605.5972488738295 812.0
605.8545709963181 827.0
606.111884835009 808.0
606.3691903894193 819.0
606.6264876590651 807.0
606.883776643464 802.0
607.1410573421324 801.0
607.3983297545875 801.0
607.6555938803461 814.0
607.9128497189247 817.0
608.1700972698408 809.0
608.4273365326108 792.0
608.6845675067516 794.0
608.9417901917803 803.0
609.1990045872135 820.0
609.4562106925683 818.0
609.7134085073615 812.0
609.9705980311098 818.0
610.2277792633305 807.0
610.4849522035397 822.0
610.7421168512552 815.0
610.9992732059933 809.0
611.2564212672709 795.0
611.5135610346049 804.0
611.7706925075122 810.0
612.0278156855098 806.0
612.2849305681145 801.0
612.542037154843 813.0
612.7991354452124 809.0
613.0562254387393 807.0
613.3133071349409 803.0
613.5703805333337 803.0
613.8274456334349 801.0
614.0845024347612 816.0
614.3415509368294 804.0
614.5985911391567 810.0
614.8556230412595 827.0
615.1126466426551 825.0
615.36966194286 798.0
615.6266689413914 801.0
615.8836676377659 808.0
616.1406580315004 819.0
616.3976401221121 817.0
616.6546139091173 807.0
616.9115793920333 826.0
617.1685365703769 815.0
617.4254854436648 828.0
617.6824260114142 817.0
617.9393582731417 823.0
618.196282228364 809.0
618.4531978765983 806.0
618.7101052173614 800.0
618.9670042501702 801.0
619.2238949745413 796.0
619.4807773899919 801.0
619.7376514960388 803.0
619.9945172921986 822.0
620.2513747779885 806.0
620.508223952925 800.0
620.7650648165256 811.0
621.0218973683066 805.0
621.2787216077849 798.0
621.5355375344776 832.0
621.7923451479013 808.0
622.0491444475734 794.0
622.3059354330103 807.0
622.5627181037288 801.0
622.8194924592461 794.0
623.0762584990788 801.0
623.333016222744 792.0
623.5897656297584 800.0
623.8465067196389 786.0
624.1032394919024 806.0
624.3599639460657 802.0
624.6166800816459 794.0
624.8733878981594 800.0
625.1300873951237 798.0
625.3867785720552 805.0
625.6434614284708 800.0
625.9001359638876 809.0
626.1568021778221 811.0
626.4134600697917 816.0
626.6701096393127 803.0
626.9267508859024 814.0
627.1833838090776 806.0
627.4400084083547 798.0
627.6966246832512 797.0
627.9532326332837 817.0
628.2098322579691 810.0
628.4664235568243 807.0
628.723006529366 809.0
628.9795811751112 804.0
629.2361474935768 804.0
629.4927054842794 811.0
629.7492551467363 801.0
630.0057964804641 810.0
630.2623294849799 825.0
630.5188541598001 822.0
630.775370504442 823.0
631.0318785184223 806.0
631.2883782012578 811.0
631.5448695524658 801.0
631.8013525715625 805.0
632.0578272580652 792.0
632.3142936114906 802.0
632.5707516313557 798.0
632.8272013171775 800.0
633.0836426684723 814.0
633.3400756847575 808.0
633.5965003655499 801.0
633.8529167103661 794.0
634.1093247187234 813.0
634.3657243901381 798.0
634.6221157241276 788.0
634.8784987202085 799.0
635.1348733778977 801.0
635.3912396967121 802.0
635.6475976761684 806.0
635.9039473157839 825.0
636.1602886150749 791.0
636.4166215735588 812.0
636.6729461907521 813.0
636.9292624661718 798.0
637.1855703993349 800.0
637.4418699897578 804.0
637.6981612369581 809.0
637.9544441404521 807.0
638.2107186997567 811.0
638.4669849143892 818.0
638.7232427838659 795.0
638.979492307704 801.0
639.2357334854204 813.0
639.4919663165317 819.0
639.7481908005552 814.0
640.0044069370073 806.0
640.2606147254052 821.0
640.5168141652655 806.0
640.7730052561054 811.0
641.0291879974413 817.0
641.2853623887906 817.0
641.5415284296699 830.0
641.797686119596 831.0
642.0538354580859 821.0
642.3099764446565 814.0
642.5661090788245 805.0
642.8222333601069 817.0
643.0783492880205 820.0
643.3344568620822 804.0
643.5905560818089 812.0
643.8466469467173 800.0
644.1027294563247 809.0
644.3588036101473 812.0
644.6148694077026 805.0
644.8709268485071 819.0
645.1269759320778 812.0
645.3830166579316 804.0
645.6390490255851 804.0
645.8950730345556 787.0
646.1510886843597 814.0
646.4070959745143 800.0
646.6630949045363 796.0
646.9190854739425 804.0
647.17506768225 810.0
647.4310415289752 797.0
647.6870070136354 811.0
647.9429641357473 803.0
648.1989128948277 805.0
648.4548532903938 797.0
648.7107853219619 813.0
648.9667089890495 810.0
649.222624291173 805.0
649.4785312278494 810.0
649.7344297985958 792.0
649.9903200029287 800.0
650.2462018403652 812.0
650.502075310422 797.0
650.7579404126162 808.0
651.0137971464646 818.0
651.2696455114838 817.0
651.525485507191 800.0
651.7813171331029 809.0
652.0371403887364 799.0
652.2929552736086 801.0
652.5487617872358 803.0
652.8045599291355 798.0
653.0603496988242 812.0
653.3161310958188 802.0
653.5719041196362 802.0
653.8276687697933 786.0
654.0834250458071 813.0
654.3391729471941 804.0
654.5949124734717 813.0
654.8506436241562 805.0
655.1063663987647 802.0
655.3620807968144 805.0
655.6177868178215 815.0
655.8734844613035 822.0
656.129173726777 811.0
656.3848546137588 816.0
656.6405271217659 806.0
656.8961912503149 804.0
657.1518469989231 808.0
657.4074943671071 804.0
657.6631333543837 798.0
657.9187639602701 792.0
658.1743861842826 805.0
658.4300000259387 811.0
658.6856054847549 806.0
658.9412025602483 803.0
659.1967912519353 810.0
659.4523715593333 805.0
659.707943481959 811.0
659.9635070193291 817.0
660.2190621709606 820.0
660.4746089363705 801.0
660.7301473150753 809.0
660.9856773065924 798.0
661.2411989104381 812.0
661.4967121261298 805.0
661.7522169531838 802.0
662.0077133911174 803.0
662.2632014394475 787.0
662.5186810976904 807.0
662.7741523653638 817.0
663.029615241984 805.0
663.2850697270679 791.0
663.5405158201327 809.0
663.7959535206948 808.0
664.0513828282715 792.0
664.3068037423793 810.0
664.5622162625355 805.0
664.8176203882564 812.0
665.0730161190594 821.0
665.3284034544613 816.0
665.5837823939785 796.0
665.8391529371283 812.0
666.0945150834276 800.0
666.349868832393 827.0
666.6052141835415 816.0
666.8605511363899 821.0
667.1158796904554 824.0
667.3711998452544 822.0
667.626511600304 802.0
667.8818149551211 832.0
668.1371099092223 812.0
668.3923964621249 802.0
668.6476746133454 796.0
668.9029443624008 779.0
669.1582057088083 797.0
669.4134586520839 816.0
669.6687031917455 813.0
669.9239393273093 816.0
670.1791670582923 800.0
670.4343863842114 806.0
670.6895973045835 814.0
670.9447998189256 812.0
671.1999939267544 818.0
671.4551796275866 800.0
671.7103569209394 812.0
671.9655258063294 816.0
672.220686283274 819.0
672.475838351289 799.0
672.7309820098925 812.0
672.9861172586005 801.0
673.2412440969302 805.0
673.4963625243987 810.0
673.7514725405223 797.0
674.0065741448183 806.0
674.2616673368035 809.0
674.5167521159946 815.0
674.7718284819086 828.0
675.0268964340622 834.0
675.2819559719727 861.0
675.5370070951565 848.0
675.7920498031307 843.0
676.0470840954122 814.0
676.3021099715176 818.0
676.5571274309642 810.0
676.8121364732684 826.0
677.0671370979474 816.0
677.3221293045178 806.0
677.5771130924968 794.0
677.8320884614011 806.0
678.0870554107474 812.0
678.3420139400529 801.0
678.5969640488343 800.0
678.8519057366083 805.0
679.1068390028922 794.0
679.3617638472023 809.0
679.616680269056 813.0
679.8715882679699 812.0
680.1264878434607 800.0
680.3813789950458 817.0
680.6362617222414 806.0
680.8911360245651 794.0
681.146001901533 810.0
681.4008593526627 809.0
681.6557083774705 811.0
681.9105489754734 820.0
682.1653811461886 809.0
682.4202048891326 806.0
682.6750202038223 815.0
682.9298270897748 805.0
683.1846255465068 808.0
683.4394155735351 815.0
683.6941971703767 796.0
683.9489703365485 805.0
684.2037350715673 797.0
684.4584913749499 805.0
684.7132392462133 807.0
684.9679786848742 808.0
685.2227096904496 814.0
685.4774322624564 813.0
685.7321464004115 808.0
685.9868521038316 807.0
686.2415493722334 817.0
686.4962382051343 833.0
686.7509186020508 825.0
687.0055905624997 856.0
687.2602540859983 855.0
687.514909172063 850.0
687.7695558202109 842.0
688.0241940299587 824.0
688.2788238008236 824.0
688.5334451323221 810.0
688.7880580239712 823.0
689.042662475288 831.0
689.2972584857889 823.0
689.5518460549912 818.0
689.8064251824115 804.0
690.0609958675668 793.0
690.3155581099742 806.0
690.5701119091498 793.0
690.8246572646113 800.0
691.0791941758752 805.0
691.3337226424583 807.0
691.5882426638777 812.0
691.84275423965 804.0
692.0972573692924 795.0
692.3517520523214 803.0
692.6062382882542 813.0
692.8607160766074 804.0
693.1151854168979 825.0
693.3696463086428 826.0
693.6240987513587 833.0
693.8785427445628 827.0
694.1329782877717 820.0
694.3874053805022 810.0
694.6418240222713 821.0
694.8962342125958 822.0
695.1506359509929 823.0
695.405029236979 829.0
695.6594140700711 841.0
695.9137904497863 883.0
696.168158375641 946.0
696.4225178471527 1051.0
696.676868863838 1032.0
696.9312114252134 1001.0
697.1855455307963 931.0
697.4398711801031 857.0
697.6941883726512 829.0
697.9484971079568 825.0
698.2027973855375 821.0
698.4570892049098 812.0
698.7113725655903 811.0
698.9656474670965 804.0
699.2199139089445 810.0
699.4741718906519 807.0
699.7284214117353 812.0
699.9826624717113 808.0
700.2368950700971 819.0
700.4911192064093 799.0
700.7453348801653 802.0
700.9995420908814 804.0
701.2537408380745 809.0
701.5079311212619 808.0
701.7621129399598 809.0
702.016286293686 821.0
702.2704511819566 817.0
702.5246076042886 833.0
702.778755560199 853.0
703.0328950492045 847.0
703.2870260708224 852.0
703.5411486245691 830.0
703.7952627099618 824.0
704.0493683265172 806.0
704.3034654737519 808.0
704.5575541511835 800.0
704.8116343583279 809.0
705.0657060947029 799.0
705.3197693598249 819.0
705.5738241532106 820.0
705.8278704743772 826.0
706.0819083228414 854.0
706.3359376981203 930.0
706.5899585997306 1021.0
706.8439710271889 1016.0
707.0979749800126 987.0
707.3519704577179 909.0
707.6059574598225 849.0
707.8599359858429 822.0
708.1139060352955 833.0
708.3678676076978 828.0
708.6218207025663 812.0
708.8757653194182 812.0
709.12970145777 808.0
709.3836291171389 800.0
709.6375482970416 818.0
709.8914589969946 803.0
710.1453612165157 813.0
710.3992549551208 827.0
710.6531402123275 809.0
710.9070169876522 822.0
711.1608852806118 821.0
711.4147450907236 811.0
711.6685964175037 807.0
711.9224392604699 823.0
712.1762736191384 815.0
712.4300994930262 809.0
712.6839168816504 816.0
712.9377257845274 817.0
713.1915262011746 806.0
713.4453181311087 799.0
713.6991015738463 812.0
713.9528765289045 801.0
714.2066429958 840.0
714.4604009740502 829.0
714.7141504631712 832.0
714.9678914626805 828.0
715.2216239720948 817.0
715.4753479909306 813.0
715.7290635187052 816.0
715.982770554935 818.0
716.2364690991376 816.0
716.4901591508293 811.0
716.743840709527 805.0
716.9975137747479 830.0
717.2511783460084 811.0
717.5048344228259 817.0
717.7584820047169 797.0
718.0121210911982 819.0
718.2657516817872 793.0
718.519373776 801.0
718.772987373354 815.0
719.026592473366 820.0
719.2801890755527 805.0
719.5337771794311 799.0
719.7873567845179 802.0
720.0409278903304 816.0
720.294490496385 829.0
720.5480446021987 811.0
720.8015902072887 841.0
721.0551273111711 822.0
721.3086559133636 828.0
721.5621760133826 816.0
721.815687610745 817.0
722.0691907049679 814.0
722.3226852955679 809.0
722.5761713820622 793.0
722.8296489639672 809.0
723.0831180408002 813.0
723.3365786120778 821.0
723.5900306773169 805.0
723.8434742360346 812.0
724.0969092877473 808.0
724.3503358319725 805.0
724.6037538682267 789.0
724.8571633960265 807.0
725.1105644148894 804.0
725.3639569243315 818.0
725.6173409238706 816.0
725.8707164130229 805.0
726.1240833913054 809.0
726.3774418582351 809.0
726.6307918133285 836.0
726.8841332561029 845.0
727.137466186075 889.0
727.3907906027619 888.0
727.6441065056802 850.0
727.8974138943464 842.0
728.1507127682783 833.0
728.4040031269918 827.0
728.6572849700045 819.0
728.9105582968331 808.0
729.1638231069941 812.0
729.4170794000048 803.0
729.6703271753817 802.0
729.923566432642 800.0
730.1767971713025 814.0
730.4300193908798 815.0
730.6832330908911 795.0
730.936438270853 823.0
731.1896349302828 815.0
731.442823068697 823.0
731.6960026856123 809.0
731.949173780546 817.0
732.2023363530145 814.0
732.4554904025351 800.0
732.7086359286245 805.0
732.9617729307997 812.0
733.2149014085775 798.0
733.4680213614745 804.0
733.7211327890079 799.0
733.9742356906943 826.0
734.2273300660511 820.0
734.4804159145946 816.0
734.7334932358416 817.0
734.9865620293094 832.0
735.2396222945147 837.0
735.4926740309744 818.0
735.7457172382054 839.0
735.9987519157243 824.0
736.2517780630484 810.0
736.504795679694 829.0
736.7578047651785 848.0
737.0108053190187 873.0
737.2637973407312 893.0
737.516780829833 908.0
737.769755785841 963.0
738.0227222082721 1066.0
738.2756800966428 1206.0
738.5286294504706 1111.0
738.781570269272 1095.0
739.0345025525638 977.0
739.2874262998632 875.0
739.5403415106866 845.0
739.7932481845512 820.0
740.046146320974 820.0
740.2990359194714 816.0
740.5519169795606 804.0
740.8047895007583 812.0
741.0576534825816 820.0
741.3105089245472 827.0
741.563355826172 817.0
741.8161941869729 834.0
742.0690240064664 817.0
742.3218452841702 814.0
742.5746580196005 817.0
742.8274622122741 805.0
743.0802578617083 825.0
743.3330449674197 843.0
743.5858235289254 830.0
743.8385935457418 817.0
744.0913550173865 822.0
744.3441079433758 808.0
744.5968523232264 813.0
744.8495881564559 792.0
745.1023154425804 816.0
745.3550341811174 814.0
745.6077443715835 800.0
745.8604460134952 821.0
746.1131391063701 809.0
746.3658236497243 801.0
746.6184996430754 809.0
746.87116708594 819.0
747.1238259778346 820.0
747.3764763182764 806.0
747.6291181067822 828.0
747.8817513428692 834.0
748.1343760260539 819.0
748.3869921558529 822.0
748.6395997317837 829.0
748.8921987533628 821.0
749.1447892201071 834.0
749.3973711315336 868.0
749.6499444871589 967.0
749.9025092865003 1200.0
750.1550655290741 1559.0
750.4076132143978 1594.0
750.6601523419877 1534.0
750.912682911361 1483.0
751.1652049220347 1423.0
751.4177183735251 1386.0
751.6702232653497 1261.0
751.9227195970248 1191.0
752.1752073680677 1010.0
752.4276865779954 910.0
752.680157226324 876.0
752.9326193125712 854.0
753.1850728362533 841.0
753.4375177968876 826.0
753.6899541939908 822.0
753.9423820270795 830.0
754.194801295671 823.0
754.4472119992819 823.0
754.6996141374291 814.0
754.9520077096296 813.0
755.2043927154 804.0
755.4567691542577 815.0
755.7091370257187 820.0
755.9614963293008 824.0
756.2138470645202 820.0
756.4661892308942 808.0
756.7185228279395 817.0
756.9708478551728 801.0
757.2231643121112 803.0
757.4754721982714 799.0
757.7277715131704 822.0
757.9800622563251 817.0
758.2323444272521 814.0
758.4846180254688 813.0
758.7368830504913 806.0
758.9891395018373 839.0
759.2413873790232 824.0
759.4936266815657 819.0
759.7458574089821 816.0
759.9980795607888 813.0
760.2502931365033 809.0
760.502498135642 812.0
760.7546945577217 813.0
761.0068824022595 820.0
761.2590616687722 819.0
761.5112323567769 818.0
761.7633944657899 830.0
762.0155479953288 837.0
762.26769294491 849.0
762.5198293140501 873.0
762.7719571022666 980.0
763.024076309076 1275.0
763.2761869339953 1725.0
763.5282889765415 1745.0
763.780382436231 1637.0
764.032467312581 1500.0
764.2845436051083 1137.0
764.53661131333 976.0
764.7886704367629 898.0
765.0407209749233 856.0
765.2927629273288 849.0
765.5447962934958 832.0
765.7968210729414 840.0
766.0488372651824 823.0
766.3008448697357 839.0
766.5528438861181 824.0
766.8048343138464 823.0
767.0568161524378 834.0
767.3087894014087 825.0
767.5607540602764 816.0
767.8127101285577 817.0
768.0646576057691 809.0
768.3165964914278 816.0
768.5685267850505 811.0
768.8204484861544 798.0
769.0723615942561 814.0
769.3242661088722 824.0
769.5761620295201 817.0
769.8280493557162 813.0
770.0799280869778 817.0
770.3317982228216 808.0
770.5836597627642 810.0
770.835512706323 818.0
771.0873570530143 821.0
771.3391928023555 801.0
771.591019953863 842.0
771.8428385070538 944.0
772.094648461445 1134.0
772.3464498165532 1203.0
772.5982425718955 1127.0
772.8500267269885 1110.0
773.1018022813494 977.0
773.3535692344948 884.0
773.6053275859415 843.0
773.8570773352067 829.0
774.108818481807 814.0
774.3605510252594 835.0
774.6122749650807 807.0
774.8639903007878 811.0
775.1156970318975 813.0
775.3673951579267 817.0
775.6190846783925 816.0
775.8707655928115 809.0
776.1224379007004 813.0
776.3741016015766 804.0
776.6257566949563 814.0
776.8774031803571 808.0
777.1290410572955 807.0
777.3806703252881 809.0
777.6322909838522 822.0
777.8839030325043 804.0
778.1355064707618 811.0
778.3871012981411 804.0
778.6386875141592 812.0
778.890265118333 807.0
779.1418341101793 809.0
779.3933944892151 802.0
779.6449462549571 802.0
779.8964894069222 808.0
780.1480239446275 811.0
780.3995498675895 804.0
780.6510671753255 811.0
780.9025758673517 814.0
781.1540759431858 813.0
781.4055674023442 811.0
781.6570502443437 799.0
781.9085244687013 807.0
782.159990074934 817.0
782.4114470625585 795.0
782.6628954310918 797.0
782.9143351800503 807.0
783.1657663089516 812.0
783.4171888173119 801.0
783.6686027046486 800.0
783.9200079704783 804.0
784.1714046143178 810.0
784.4227926356843 801.0
784.6741720340941 812.0
784.9255428090647 808.0
785.1769049601126 814.0
785.4282584867548 809.0
785.6796033885082 817.0
785.9309396648893 799.0
786.1822673154155 817.0
786.4335863396033 818.0
786.6848967369698 804.0
786.9361985070317 811.0
787.1874916493058 797.0
787.4387761633094 807.0
787.6900520485588 807.0
787.9413193045713 809.0
788.1925779308636 795.0
788.4438279269523 821.0
788.6950692923548 816.0
788.9463020265875 834.0
789.1975261291677 820.0
789.448741599612 812.0
789.6999484374371 804.0
789.9511466421604 817.0
790.2023362132982 808.0
790.4535171503677 808.0
790.7046894528855 798.0
790.9558531203689 826.0
791.2070081523347 814.0
791.458154548299 797.0
791.7092923077797 812.0
791.9604214302931 794.0
792.2115419153562 814.0
792.462653762486 810.0
792.7137569711989 812.0
792.9648515410123 829.0
793.2159374714428 824.0
793.4670147620074 812.0
793.718083412223 817.0
793.9691434216061 832.0
794.220194789674 905.0
794.4712375159432 1065.0
794.722271599931 1146.0
794.9732970411541 1087.0
795.2243138391292 1080.0
795.4753219933733 961.0
795.7263215034031 868.0
795.9773123687357 846.0
796.2282945888878 827.0
796.4792681633767 810.0
796.7302330917187 822.0
796.9811893734307 814.0
797.23213700803 809.0
797.483075995033 832.0
797.7340063339569 812.0
797.9849280243186 805.0
798.2358410656345 809.0
798.4867454574222 823.0
798.7376411991978 812.0
798.9885282904788 817.0
799.2394067307818 817.0
799.4902765196234 818.0
799.741137656521 837.0
799.9919901409909 897.0
800.2428339725506 1091.0
800.4936691507165 1179.0
800.7444956750055 1131.0
800.9953135449347 1238.0
801.2461227600207 1330.0
801.4969233197808 1191.0
801.7477152237312 1120.0
801.9984984713894 1062.0
802.2492730622722 936.0
802.5000389958959 872.0
802.7507962717781 816.0
803.0015448894349 818.0
803.252284848384 833.0
803.5030161481417 832.0
803.7537387882248 830.0
804.0044527681507 804.0
804.2551580874358 812.0
804.5058547455972 813.0
804.7565427421519 804.0
805.0072220766161 812.0
805.2578927485075 819.0
805.5085547573423 814.0
805.7592081026379 807.0
806.009852783911 816.0
806.2604888006782 830.0
806.5111161524568 824.0
806.7617348387631 821.0
807.0123448591147 808.0
807.2629462130279 823.0
807.5135389000196 809.0
807.7641229196071 820.0
808.0146982713067 832.0
808.2652649546358 825.0
808.5158229691108 841.0
808.7663723142489 849.0
809.016912989567 865.0
809.2674449945815 863.0
809.5179683288098 904.0
809.7684829917686 992.0
810.0189889829746 1244.0
810.269486301945 1381.0
810.5199749481961 1344.0
810.7704549212456 1579.0
811.0209262206095 2188.0
811.2713888458052 3640.0
811.5218427963496 3316.0
811.7722880717591 3100.0
812.022724671551 2954.0
812.2731525952421 1830.0
812.5235718423493 1307.0
812.7739824123893 1092.0
813.0243843048788 995.0
813.2747775193352 925.0
813.5251620552749 880.0
813.7755379122152 861.0
814.0259050896724 862.0
814.276263587164 850.0
814.5266134042064 854.0
814.7769545403165 844.0
815.0272869950115 826.0
815.2776107678079 827.0
815.5279258582229 827.0
815.7782322657732 817.0
816.0285299899754 826.0
816.2788190303468 823.0
816.529099386404 832.0
816.7793710576641 807.0
817.0296340436439 811.0
817.2798883438601 817.0
817.5301339578298 801.0
817.7803708850694 822.0
818.0305991250964 814.0
818.2808186774273 811.0
818.531029541579 812.0
818.7812317170685 804.0
819.0314252034124 815.0
819.281610000128 815.0
819.5317861067317 803.0
819.7819535227408 821.0
820.0321122476719 809.0
820.2822622810417 807.0
820.5324036223675 807.0
820.7825362711658 806.0
821.0326602269538 806.0
821.2827754892483 801.0
821.5328820575656 795.0
821.7829799314234 821.0
822.033069110338 805.0
822.2831495938267 811.0
822.5332213814061 800.0
822.7832844725929 800.0
823.0333388669044 801.0
823.283384563857 810.0
823.533421562968 829.0
823.7834498637541 822.0
824.033469465732 816.0
824.2834803684189 817.0
824.5334825713311 814.0
824.7834760739862 804.0
825.0334608759005 800.0
825.2834369765912 793.0
825.5334043755751 826.0
825.7833630723688 851.0
826.0333130664897 956.0
826.2832543574541 1043.0
826.5331869447793 970.0
826.783110827982 986.0
827.0330260065789 942.0
827.2829324800872 871.0
827.5328302480233 827.0
827.7827193099047 825.0
828.032599665248 818.0
828.2824713135695 817.0
828.532334254387 801.0
828.7821884872168 808.0
829.0320340115759 810.0
829.2818708269813 812.0
829.5316989329494 800.0
829.7815183289979 805.0
830.0313290146428 797.0
830.2811309894015 809.0
830.5309242527906 803.0
830.7807088043272 795.0
831.0304846435281 804.0
831.2802517699099 810.0
831.5300101829899 813.0
831.7797598822846 811.0
832.0295008673112 806.0
832.2792331375864 805.0
832.5289566926268 804.0
832.7786715319497 787.0
833.0283776550717 793.0
833.27807506151 801.0
833.5277637507811 801.0
833.7774437224018 812.0
834.0271149758895 806.0
834.2767775107606 808.0
834.526431326532 810.0
834.7760764227208 803.0
835.0257127988438 806.0
835.2753404544177 812.0
835.5249593889594 820.0
835.774569601986 806.0
836.0241710930143 793.0
836.2737638615607 815.0
836.5233479071428 803.0
836.7729232292768 810.0
837.0224898274802 800.0
837.2720477012693 795.0
837.5215968501614 812.0
837.7711372736733 810.0
838.0206689713215 812.0
838.2701919426232 807.0
838.5197061870952 808.0
838.7692117042545 814.0
839.0187084936177 831.0
839.2681965547017 836.0
839.5176758870236 813.0
839.7671464901001 835.0
840.0166083634483 860.0
840.2660615065847 937.0
840.5155059190262 1127.0
840.7649416002901 1132.0
841.0143685498927 1077.0
841.2637867673512 1103.0
841.5131962521828 1002.0
841.7625970039035 983.0
842.0119890220308 1214.0
842.2613723060813 1548.0
842.5107468555723 1329.0
842.76011267002 1364.0
843.0094697489418 1284.0
843.2588180918546 1028.0
843.5081576982747 903.0
843.7574885677194 852.0
844.0068106997054 853.0
844.25612409375 839.0
844.5054287493696 811.0
844.754724666081 824.0
845.0040118434015 827.0
845.2532902808475 813.0
845.5025599779364 808.0
845.7518209341847 808.0
846.0010731491091 805.0
846.2503166222269 806.0
846.4995513530547 802.0
846.7487773411094 810.0
846.9979945859081 789.0
847.2472030869674 808.0
847.4964028438043 796.0
847.7455938559353 806.0
847.994776122878 807.0
848.2439496441485 794.0
848.4931144192642 806.0
848.7422704477419 805.0
848.9914177290981 806.0
849.2405562628502 813.0
849.4896860485144 812.0
849.7388070856083 808.0
849.9879193736485 799.0
850.2370229121515 794.0
850.4861177006346 807.0
850.7352037386146 822.0
850.9842810256082 810.0
851.2333495611326 827.0
851.482409344704 849.0
851.7314603758401 949.0
851.9805026540571 1018.0
852.2295361788724 963.0
852.4785609498026 998.0
852.7275769663643 943.0
852.9765842280748 854.0
853.2255827344507 832.0
853.4745724850093 809.0
853.7235534792667 808.0
853.9725257167406 815.0
854.2214891969475 800.0
854.4704439194039 816.0
854.7193898836274 804.0
854.9683270891342 800.0
855.2172555354416 805.0
855.4661752220665 807.0
855.7150861485252 790.0
855.9639883143353 800.0
856.212881719013 804.0
856.4617663620759 804.0
856.7106422430403 817.0
856.9595093614231 804.0
857.2083677167415 803.0
857.4572173085119 812.0
857.7060581362517 792.0
857.9548901994776 797.0
858.2037134977061 802.0
858.4525280304546 807.0
858.7013337972394 806.0
858.950130797578 805.0
859.1989190309868 805.0
859.4476984969828 790.0
859.696469195083 802.0
859.9452311248039 792.0
860.1939842856627 797.0
860.4427286771763 802.0
860.6914642988615 800.0
860.9401911502351 806.0
861.1889092308139 798.0
861.437618540115 786.0
861.686319077655 815.0
861.935010842951 796.0
862.1836938355198 796.0
862.432368054878 792.0
862.6810335005429 805.0
862.9296901720311 811.0
863.1783380688596 803.0
863.4269771905452 797.0
863.6756075366046 801.0
863.9242291065551 797.0
864.1728418999131 798.0
864.4214459161959 801.0
864.6700411549201 789.0
864.9186276156024 808.0
865.1672052977602 810.0
865.4157742009098 808.0
865.6643343245685 804.0
865.9128856682528 795.0
866.1614282314799 802.0
866.4099620137665 822.0
866.6584870146295 832.0
866.9070032335858 826.0
867.155510670152 819.0
867.4040093238455 821.0
867.6524991941827 813.0
867.9009802806806 818.0
868.1494525828563 818.0
868.3979161002262 809.0
868.6463708323078 804.0
868.8948167786174 809.0
869.1432539386718 769.0
869.3916823119887 784.0
869.6401018980839 798.0
869.8885126964751 791.0
870.1369147066789 810.0
870.3853079282118 799.0
870.6336923605911 801.0
870.8820680033335 809.0
871.1304348559562 811.0
871.3787929179755 801.0
871.6271421889087 817.0
871.8754826682726 796.0
872.1238143555837 813.0
872.3721372503595 801.0
872.6204513521162 812.0
872.8687566603713 800.0
873.1170531746413 780.0
873.365340894443 787.0
873.6136198192935 791.0
873.8618899487094 809.0
874.110151282208 808.0
874.3584038193057 797.0
874.6066475595196 798.0
874.8548825023668 792.0
875.1031086473636 804.0
875.3513259940273 812.0
875.5995345418747 809.0
875.8477342904224 806.0
876.0959252391877 801.0
876.3441073876871 807.0
876.5922807354377 812.0
876.8404452819562 798.0
877.0886010267599 799.0
877.3367479693651 804.0
877.5848861092887 804.0
877.8330154460481 809.0
878.0811359791594 806.0
878.3292477081402 795.0
878.5773506325071 807.0
878.8254447517768 796.0
879.0735300654665 795.0
879.3216065730924 789.0
879.5696742741723 776.0
879.8177331682225 788.0
880.0657832547598 817.0
880.3138245333014 800.0
880.5618570033639 804.0
880.8098806644645 793.0
881.0578955161196 804.0
881.3059015578464 787.0
881.5538987891618 786.0
881.8018872095822 800.0
882.0498668186252 796.0
882.297837615807 791.0
882.5457996006451 788.0
882.7937527726558 795.0
883.041697131356 812.0
883.2896326762632 810.0
883.5375594068934 808.0
883.7854773227642 789.0
884.0333864233922 798.0
884.2812867082938 811.0
884.5291781769868 806.0
884.7770608289871 803.0
885.0249346638125 810.0
885.2727996809792 805.0
885.5206558800041 796.0
885.7685032604046 807.0
886.0163418216969 799.0
886.2641715633982 797.0
886.5119924850256 792.0
886.7598045860955 804.0
887.007607866125 806.0
887.2554023246308 795.0
887.5031879611303 794.0
887.7509647751398 804.0
887.9987327661763 807.0
888.2464919337567 803.0
888.4942422773979 797.0
888.7419837966169 796.0
888.9897164909302 793.0
889.2374403598551 806.0
889.4851554029083 799.0
889.7328616196063 794.0
889.9805590094667 798.0
890.2282475720056 788.0
890.4759273067405 797.0
890.7235982131879 800.0
890.9712602908646 805.0
891.218913539288 801.0
891.4665579579743 795.0
891.7141935464408 799.0
891.9618203042044 805.0
892.2094382307815 791.0
892.4570473256895 806.0
892.7046475884449 798.0
892.9522390185649 809.0
893.1998216155661 790.0
893.4473953789653 800.0
893.6949603082797 796.0
893.9425164030258 794.0
894.1900636627211 788.0
894.4376020868815 800.0
894.6851316750246 800.0
894.9326524266672 793.0
895.1801643413257 782.0
895.4276674185177 797.0
895.6751616577593 800.0
895.922647058568 808.0
896.1701236204603 802.0
896.4175913429531 816.0
896.6650502255636 798.0
896.912500267808 793.0
897.159941469204 808.0
897.4073738292678 796.0
897.6547973475165 795.0
897.9022120234671 803.0
898.1496178566362 792.0
898.3970148465409 787.0
898.644402992698 795.0
898.8917822946241 802.0
899.1391527518367 800.0
899.386514363852 803.0
899.6338671301874 798.0
899.8812110503592 793.0
900.1285461238849 789.0
900.375872350281 805.0
900.6231897290643 801.0
900.8704982597519 791.0
901.1177979418604 802.0
901.3650887749071 799.0
901.6123707584086 793.0
901.8596438918815 803.0
902.106908174843 801.0
902.35416360681 810.0
902.6014101872993 798.0
902.8486479158278 796.0
903.095876791912 797.0
903.3430968150694 802.0
903.5903079848164 806.0
903.83751030067 800.0
904.0847037621473 799.0
904.3318883687646 801.0
904.5790641200394 805.0
904.826231015488 796.0
905.0733890546279 812.0
905.3205382369753 805.0
905.5676785620476 803.0
905.8148100293615 803.0
906.0619326384336 816.0
906.3090463887813 810.0
906.5561512799208 792.0
906.8032473113697 796.0
907.0503344826443 796.0
907.2974127932616 804.0
907.5444822427387 808.0
907.7915428305921 796.0
908.038594556339 810.0
908.2856374194963 805.0
908.5326714195803 805.0
908.7796965561088 798.0
909.0267128285976 796.0
909.2737202365645 802.0
909.520718779526 798.0
909.7677084569985 807.0
910.0146892684998 810.0
910.261661213546 819.0
910.5086242916544 806.0
910.7555785023416 819.0
911.0025238451248 803.0
911.2494603195206 830.0
911.4963879250456 838.0
911.7433066612174 892.0
911.9902165275522 1164.0
912.2371175235672 1049.0
912.4840096487795 984.0
912.7308929027052 1003.0
912.9777672848619 979.0
913.2246327947661 879.0
913.4714894319347 832.0
913.7183371958849 834.0
913.965176086133 818.0
914.2120061021965 817.0
914.4588272435916 824.0
914.7056395098358 804.0
914.9524429004457 816.0
915.1992374149379 804.0
915.4460230528298 811.0
915.6927998136375 805.0
915.9395676968788 806.0
916.1863267020701 811.0
916.4330768287281 805.0
916.67981807637 796.0
916.9265504445123 806.0
917.1732739326723 807.0
917.4199885403666 782.0
917.6666942671121 792.0
917.9133911124259 792.0
918.1600790758242 806.0
918.4067581568248 800.0
918.6534283549438 805.0
918.9000896696987 792.0
919.1467421006058 807.0
919.3933856471822 793.0
919.6400203089449 800.0
919.8866460854103 794.0
920.1332629760961 792.0
920.3798709805186 799.0
920.6264700981943 804.0
920.8730603286409 806.0
921.1196416713748 809.0
921.3662141259131 805.0
921.6127776917724 810.0
921.8593323684695 818.0
922.1058781555217 929.0
922.3524150524454 931.0
922.598943058758 869.0
922.8454621739758 873.0
923.0919723976159 872.0
923.3384737291954 833.0
923.5849661682307 819.0
923.8314497142393 788.0
924.0779243667373 796.0
924.3243901252423 801.0
924.5708469892709 810.0
924.8172949583395 801.0
925.0637340319656 811.0
925.3101642096658 802.0
925.5565854909571 810.0
925.8029978753563 794.0
926.04940136238 815.0
926.2957959515456 817.0
926.5421816423694 788.0
926.7885584343687 800.0
927.0349263270604 796.0
927.281285319961 803.0
927.5276354125876 801.0
927.7739766044568 792.0
928.020308895086 803.0
928.2666322839915 799.0
928.5129467706906 818.0
928.7592523547 804.0
929.0055490355364 796.0
929.2518368127171 793.0
929.4981156857584 798.0
929.7443856541778 806.0
929.9906467174917 788.0
930.2368988752169 790.0
930.4831421268707 807.0
930.7293764719695 788.0
930.9756019100306 809.0
931.2218184405708 801.0
931.4680260631065 805.0
931.7142247771553 810.0
931.9604145822334 816.0
932.2065954778582 802.0
932.4527674635461 806.0
932.6989305388141 798.0
932.9450847031794 802.0
933.1912299561584 803.0
933.4373662972685 806.0
933.6834937260257 801.0
933.929612241948 804.0
934.1757218445516 807.0
934.4218225333533 793.0
934.6679143078701 802.0
934.913997167619 816.0
935.1600711121167 798.0
935.4061361408803 812.0
935.6521922534262 805.0
935.8982394492718 810.0
936.1442777279336 798.0
936.3903070889288 817.0
936.636327531774 786.0
936.882339055986 805.0
937.128341661082 812.0
937.3743353465785 803.0
937.6203201119927 795.0
937.8662959568414 798.0
938.1122628806411 802.0
938.3582208829092 796.0
938.6041699631621 795.0
938.8501101209171 793.0
939.0960413556905 800.0
939.341963667 809.0
939.5878770543618 796.0
939.8337815172929 808.0
940.0796770553103 801.0
940.3255636679306 794.0
940.5714413546712 809.0
940.8173101150486 805.0
941.0631699485793 799.0
941.309020854781 801.0
941.5548628331699 802.0
941.8006958832632 806.0
942.0465200045778 820.0
942.2923351966301 804.0
942.5381414589376 798.0
942.7839387910167 818.0
943.0297271923846 800.0
943.275506662558 808.0
943.5212772010536 785.0
943.7670388073888 794.0
944.0127914810797 800.0
944.2585352216438 798.0
944.504270028598 801.0
944.7499959014584 810.0
944.9957128397427 812.0
945.2414208429674 809.0
945.4871199106495 802.0
945.7328100423057 798.0
945.978491237453 799.0
946.2241634956084 802.0
946.4698268162882 804.0
946.71548119901 794.0
946.9611266432901 790.0
947.2067631486459 802.0
947.4523907145939 810.0
947.6980093406509 796.0
947.943619026334 816.0
948.1892197711599 794.0
948.4348115746456 804.0
948.680394436308 787.0
948.9259683556636 810.0
949.17153333223 806.0
949.4170893655231 814.0
949.6626364550607 803.0
949.9081746003591 800.0
950.1537038009352 788.0
950.3992240563063 797.0
950.6447353659886 801.0
950.8902377294995 798.0
951.1357311463555 810.0
951.381215616074 798.0
951.6266911381715 805.0
951.8721577121647 817.0
952.1176153375708 812.0
952.3630640139064 801.0
952.6085037406887 799.0
952.8539345174344 799.0
953.09935634366 784.0
953.3447692188829 786.0
953.5901731426196 793.0
953.8355681143876 804.0
954.080954133703 803.0
954.326331200083 784.0
954.5716993130445 823.0
954.8170584721041 801.0
955.0624086767792 820.0
955.3077499265863 804.0
955.5530822210421 793.0
955.798405559664 801.0
956.0437199419682 785.0
956.2890253674723 797.0
956.5343218356925 804.0
956.7796093461461 799.0
957.02488789835 807.0
957.2701574918206 811.0
957.5154181260752 799.0
957.7606698006304 801.0
958.0059125150034 810.0
958.2511462687107 808.0
958.4963710612694 811.0
958.7415868921963 813.0
958.9867937610082 827.0
959.2319916672224 804.0
959.4771806103552 806.0
959.7223605899235 804.0
959.9675316054446 790.0
960.2126936564348 792.0
960.4578467424116 789.0
960.7029908628915 805.0
960.9481260173911 804.0
961.193252205428 806.0
961.4383694265184 796.0
961.6834776801796 801.0
961.9285769659282 803.0
962.1736672832812 792.0
962.4187486317555 798.0
962.6638210108677 792.0
962.908884420135 804.0
963.153938859074 803.0
963.3989843272019 809.0
963.6440208240352 789.0
963.889048349091 801.0
964.1340669018862 818.0
964.3790764819373 809.0
964.6240770887617 805.0
964.8690687218761 813.0
965.114051380797 816.0
965.3590250650417 870.0
965.6039897741268 894.0
965.8489455075695 829.0
966.0938922648864 835.0
966.3388300455941 813.0
966.5837588492103 823.0
966.8286786752509 824.0
967.0735895232334 816.0
967.3184913926743 802.0
967.5633842830911 810.0
967.808268194 803.0
968.0531431249179 804.0
968.2980090753622 793.0
968.5428660448491 805.0
968.7877140328961 809.0
969.0325530390197 803.0
969.2773830627367 798.0
969.5222041035643 788.0
969.7670161610189 808.0
970.0118192346179 812.0
970.2566133238779 806.0
970.5013984283155 803.0
970.746174547448 800.0
970.990941680792 801.0
971.2356998278649 804.0
971.480448988183 801.0
971.725189161263 806.0
971.9699203466223 789.0
972.2146425437775 787.0
972.4593557522456 797.0
972.7040599715434 805.0
972.9487552011876 802.0
973.1934414406954 798.0
973.4381186895833 803.0
973.6827869473685 805.0
973.9274462135677 805.0
974.1720964876979 798.0
974.4167377692759 795.0
974.6613700578182 827.0
974.9059933528424 801.0
975.1506076538647 785.0
975.3952129604023 800.0
975.6398092719721 796.0
975.8843965880908 804.0
976.1289749082755 794.0
976.3735442320426 804.0
976.6181045589096 804.0
976.862655888393 795.0
977.1071982200094 801.0
977.3517315532764 797.0
977.5962558877101 801.0
977.840771222828 802.0
978.0852775581467 809.0
978.3297748931827 796.0
978.5742632274536 794.0
978.8187425604756 809.0
979.063212891766 815.0
979.3076742208415 807.0
979.5521265472191 820.0
979.7965698704156 811.0
980.0410041899477 804.0
980.2854295053326 801.0
980.5298458160865 794.0
980.7742531217272 800.0
981.0186514217711 810.0
981.2630407157347 813.0
981.5074210031356 798.0
981.7517922834901 807.0
981.9961545563154 804.0
982.2405078211283 803.0
982.4848520774455 812.0
982.729187324784 804.0
982.9735135626606 796.0
983.2178307905924 805.0
983.4621390080961 811.0
983.7064382146882 810.0
983.9507284098863 809.0
984.1950095932067 810.0
984.4392817641666 793.0
984.6835449222825 798.0
984.9277990670716 811.0
985.1720441980509 790.0
985.4162803147366 816.0
985.6605074166464 818.0
985.9047255032964 802.0
986.1489345742042 804.0
986.3931346288863 805.0
986.6373256668593 798.0
986.8815076876406 800.0
987.1256806907464 811.0
987.3698446756944 817.0
987.613999642001 804.0
987.8581455891829 792.0
988.1022825167574 787.0
988.3464104242408 805.0
988.5905293111508 810.0
988.8346391770036 825.0
989.0787400213161 804.0
989.3228318436055 798.0
989.5669146433884 798.0
989.8109884201817 810.0
990.0550531735024 799.0
990.2991089028674 806.0
990.5431556077934 808.0
990.7871932877973 796.0
991.031221942396 810.0
991.2752415711062 797.0
991.5192521734452 802.0
991.7632537489297 799.0
992.0072462970761 805.0
992.251229817402 804.0
992.4952043094236 802.0
992.7391697726582 806.0
992.9831262066227 804.0
993.2270736108336 799.0
993.4710119848082 796.0
993.7149413280629 801.0
993.958861640115 801.0
994.2027729204812 795.0
994.4466751686781 796.0
994.6905683842231 792.0
994.9344525666326 810.0
995.1783277154237 812.0
995.4221938301132 793.0
995.6660509102181 804.0
995.9098989552552 806.0
996.1537379647411 813.0
996.3975679381932 801.0
996.6413888751279 800.0
996.8852007750622 797.0
997.1290036375133 797.0
997.3727974619973 800.0
997.6165822480319 796.0
997.8603579951333 801.0
998.104124702819 796.0
998.3478823706055 810.0
998.5916309980095 794.0
998.8353705845483 810.0
999.0791011297383 797.0
999.3228226330968 792.0
999.5665350941406 796.0
999.8102385123861 813.0
1000.0539328873509 811.0
1000.2976182185512 806.0
1000.5412945055043 786.0
1000.7849617477269 802.0
1001.0286199447357 802.0
1001.2722690960481 798.0
1001.5159092011804 798.0
1001.75954025965 805.0
1002.003162270973 802.0
1002.246775234667 798.0
1002.4903791502487 816.0
1002.7339740172346 805.0
1002.9775598351421 812.0
1003.2211366034876 796.0
1003.4647043217884 787.0
1003.7082629895611 793.0
1003.9518126063224 788.0
1004.1953531715895 799.0
1004.4388846848791 803.0
1004.6824071457083 797.0
1004.9259205535938 800.0
1005.1694249080521 809.0
1005.4129202086007 804.0
1005.6564064547559 804.0
1005.8998836460353 801.0
1006.1433517819551 807.0
1006.3868108620323 814.0
1006.6302608857841 817.0
1006.8737018527269 807.0
1007.1171337623779 803.0
1007.3605566142537 799.0
1007.6039704078715 810.0
1007.8473751427481 804.0
1008.0907708184001 804.0
1008.3341574343445 806.0
1008.5775349900982 808.0
1008.8209034851784 793.0
1009.0642629191013 798.0
1009.3076132913841 798.0
1009.5509546015439 791.0
1009.7942868490973 795.0
1010.0376100335611 796.0
1010.2809241544525 802.0
1010.5242292112879 808.0
1010.7675252035845 810.0
1011.010812130859 803.0
1011.2540899926286 798.0
1011.4973587884098 797.0
1011.7406185177194 796.0
1011.9838691800747 800.0
1012.2271107749921 799.0
1012.470343301989 800.0
1012.7135667605817 802.0
1012.9567811502875 798.0
1013.1999864706231 812.0
1013.4431827211052 802.0
1013.686369901251 801.0
1013.929548010577 789.0
1014.1727170486006 785.0
1014.4158770148383 797.0
1014.6590279088067 783.0
1014.9021697300233 802.0
1015.1453024780044 789.0
1015.3884261522674 796.0
1015.6315407523286 805.0
1015.8746462777051 798.0
1016.1177427279141 793.0
1016.3608301024719 788.0
1016.603908400896 796.0
1016.8469776227028 797.0
1017.0900377674091 807.0
1017.3330888345322 790.0
1017.5761308235883 794.0
1017.8191637340951 799.0
1018.0621875655689 810.0
1018.3052023175269 802.0
1018.5482079894858 801.0
1018.7912045809622 792.0
1019.0341920914735 809.0
1019.2771705205361 817.0
1019.5201398676672 811.0
1019.7631001323837 804.0
1020.006051314202 804.0
1020.2489934126395 794.0
1020.4919264272125 790.0
1020.7348503574386 802.0
1020.9777652028342 803.0
1021.2206709629161 796.0
1021.4635676372014 805.0
1021.7064552252067 819.0
1021.9493337264495 809.0
1022.1922031404459 807.0
1022.4350634667132 803.0
1022.6779147047681 800.0
1022.9207568541273 803.0
1023.1635899143083 801.0
1023.4064138848273 802.0
1023.6492287652015 800.0
1023.8920345549478 806.0
1024.134831253583 805.0
1024.377618860624 812.0
1024.6203973755871 802.0
1024.8631667979898 801.0
1025.1059271273493 801.0
1025.3486783631818 803.0
1025.5914205050044 805.0
1025.8341535523336 801.0
1026.076877504687 795.0
1026.3195923615808 801.0
1026.5622981225324 802.0
1026.8049947870584 791.0
1027.0476823546753 788.0
1027.2903608249007 804.0
1027.5330301972513 802.0
1027.7756904712435 797.0
1028.0183416463947 817.0
1028.260983722221 801.0
1028.5036166982402 801.0
1028.7462405739689 810.0
1028.9888553489234 810.0
1029.2314610226213 802.0
1029.474057594579 795.0
1029.7166450643138 803.0
1029.9592234313418 802.0
1030.2017926951808 812.0
1030.4443528553472 789.0
1030.6869039113576 788.0
1030.9294458627296 805.0
1031.1719787089794 809.0
1031.414502449624 803.0
1031.6570170841808 808.0
1031.8995226121658 807.0
1032.1420190330966 797.0
1032.3845063464896 804.0
1032.6269845518618 814.0
1032.8694536487305 812.0
1033.111913636612 813.0
1033.3543645150232 795.0
1033.596806283481 800.0
1033.8392389415026 798.0
1034.081662488605 798.0
1034.324076924304 792.0
1034.566482248118 819.0
1034.8088784595625 807.0
1035.0512655581551 789.0
1035.2936435434124 798.0
1035.5360124148515 791.0
1035.778372171989 791.0
1036.020722814342 796.0
1036.2630643414275 814.0
1036.5053967527615 809.0
1036.7477200478622 804.0
1036.9900342262456 798.0
1037.2323392874284 804.0
1037.4746352309282 810.0
1037.7169220562612 812.0
1037.9591997629448 796.0
1038.2014683504956 794.0
1038.4437278184303 797.0
1038.685978166266 811.0
1038.9282193935196 804.0
1039.170451499708 801.0
1039.4126744843477 808.0
1039.6548883469559 809.0
1039.8970930870496 792.0
1040.1392887041452 812.0
1040.3814751977598 807.0
1040.6236525674105 821.0
1040.8658208126137 810.0
1041.107979932887 819.0
1041.3501299277466 805.0
1041.5922707967095 802.0
1041.8344025392926 812.0
1042.0765251550129 789.0
1042.3186386433872 799.0
1042.5607430039322 796.0
1042.802838236165 813.0
1043.0449243396022 804.0
1043.2870013137613 806.0
1043.5290691581586 806.0
1043.7711278723107 795.0
1044.013177455735 804.0
1044.2552179079482 800.0
1044.4972492284676 804.0
1044.7392714168093 795.0
1044.9812844724902 808.0
1045.223288395028 804.0
1045.4652831839387 798.0
1045.70726883874 808.0
1045.949245358948 796.0
1046.1912127440798 798.0
1046.4331709936528 781.0
1046.675120107183 811.0
1046.9170600841878 814.0
1047.1589909241836 800.0
1047.400912626688 793.0
1047.6428251912175 800.0
1047.8847286172886 808.0
1048.1266229044188 793.0
1048.3685080521243 785.0
1048.6103840599228 797.0
1048.8522509273307 805.0
1049.0941086538646 808.0
1049.3359572390418 805.0
1049.577796682379 806.0
1049.819626983393 804.0
1050.061448141601 813.0
1050.3032601565194 793.0
1050.5450630276655 802.0
1050.7868567545556 808.0
1051.0286413367073 797.0
1051.270416773637 792.0
1051.5121830648616 793.0
1051.7539402098982 796.0
1051.9956882082631 801.0
1052.237427059474 801.0
1052.479156763047 789.0
1052.7208773184996 818.0
1052.9625887253483 804.0
1053.2042909831098 798.0
1053.4459840913016 817.0
1053.6876680494397 797.0
1053.929342857042 782.0
1054.1710085136244 807.0
1054.4126650187043 796.0
1054.6543123717986 801.0
1054.8959505724238 804.0
1055.1375796200969 799.0
1055.3791995143351 801.0
1055.620810254655 800.0
1055.8624118405735 809.0
1056.1040042716074 798.0
1056.3455875472737 819.0
1056.5871616670893 797.0
1056.8287266305706 801.0
1057.070282437235 809.0
1057.3118290865991 801.0
1057.5533665781802 795.0
1057.7948949114943 790.0
1058.0364140860593 805.0
1058.2779241013916 799.0
1058.5194249570077 791.0
1058.760916652425 796.0
1059.0023991871599 795.0
1059.24387256073 797.0
1059.4853367726514 793.0
1059.7267918224413 793.0
1059.968237709617 792.0
1060.2096744336943 795.0
1060.451101994191 801.0
1060.6925203906237 811.0
1060.933929622509 802.0
1061.1753296893642 804.0
1061.4167205907056 804.0
1061.6581023260508 809.0
1061.8994748949162 787.0
1062.1408382968189 799.0
1062.3821925312755 798.0
1062.6235375978026 803.0
1062.8648734959181 794.0
1063.1062002251376 801.0
1063.3475177849793 794.0
1063.588826174959 805.0
1063.830125394594 802.0
1064.0714154434013 798.0
1064.312696320897 796.0
1064.553968026599 812.0
1064.7952305600238 810.0
1065.036483920688 798.0
1065.2777281081087 808.0
1065.5189631218025 807.0
1065.7601889612868 795.0
1066.001405626078 788.0
1066.2426131156928 820.0
1066.4838114296492 800.0
1066.7250005674625 801.0
1066.9661805286507 799.0
1067.2073513127305 814.0
1067.4485129192178 803.0
1067.689665347631 793.0
1067.9308085974856 805.0
1068.1719426682996 796.0
1068.413067559589 809.0
1068.654183270871 792.0
1068.8952898016628 793.0
1069.1363871514804 798.0
1069.3774753198418 795.0
1069.618554306263 798.0
1069.8596241102612 802.0
1070.100684731353 801.0
1070.3417361690556 804.0
1070.582778422886 801.0
1070.8238114923604 798.0
1071.0648353769964 815.0
1071.3058500763104 811.0
1071.5468555898192 810.0
1071.7878519170404 801.0
1072.02883905749 800.0
1072.2698170106853 808.0
1072.5107857761434 808.0
1072.75174535338 796.0
1072.9926957419138 796.0
1073.23363694126 804.0
1073.4745689509368 794.0
1073.7154917704597 785.0
1073.9564053993467 796.0
1074.1973098371145 802.0
1074.4382050832794 792.0
1074.6790911373587 797.0
1074.9199679988692 805.0
1075.1608356673278 816.0
1075.4016941422512 798.0
1075.6425434231562 800.0
1075.8833835095604 806.0
1076.1242144009796 800.0
1076.3650360969316 807.0
1076.6058485969324 806.0
1076.8466519004996 801.0
1077.0874460071498 798.0
1077.3282309163997 790.0
1077.5690066277664 803.0
1077.8097731407665 803.0
1078.0505304549172 807.0
1078.2912785697354 796.0
1078.5320174847377 790.0
1078.772747199441 804.0
1079.0134677133622 804.0
1079.2541790260184 806.0
1079.4948811369263 806.0
1079.7355740456023 794.0
1079.9762577515642 797.0
1080.2169322543277 807.0
1080.4575975534112 794.0
1080.6982536483301 818.0
1080.9389005386022 791.0
1081.179538223744 793.0
1081.4201667032721 800.0
1081.6607859767041 800.0
1081.9013960435564 801.0
1082.1419969033457 797.0
1082.382588555589 806.0
1082.6231709998035 810.0
1082.863744235506 814.0
1083.104308262213 802.0
1083.3448630794412 795.0
1083.5854086867082 787.0
1083.8259450835303 817.0
1084.0664722694248 793.0
1084.306990243908 804.0
1084.5474990064974 813.0
1084.7879985567097 804.0
1085.0284888940612 800.0
1085.2689700180695 803.0
1085.509441928251 796.0
1085.749904624123 796.0
1085.990358105202 792.0
1086.2308023710048 810.0
1086.4712374210485 796.0
1086.71166325485 793.0
1086.9520798719261 805.0
1087.1924872717937 797.0
1087.4328854539694 804.0
1087.6732744179706 795.0
1087.9136541633134 806.0
1088.1540246895156 791.0
1088.3943859960934 800.0
1088.6347380825637 798.0
1088.8750809484436 800.0
1089.1154145932499 801.0
1089.3557390164995 790.0
1089.5960542177095 807.0
1089.836360196396 790.0
1090.0766569520767 811.0
1090.3169444842679 809.0
1090.557222792487 820.0
1090.7974918762502 800.0
1091.037751735075 793.0
1091.2780023684782 800.0
1091.518243775976 794.0
1091.7584759570861 797.0
1091.9986989113247 791.0
1092.2389126382093 799.0
1092.4791171372563 796.0
1092.7193124079827 813.0
1092.9594984499054 818.0
1093.1996752625412 810.0
1093.4398428454072 801.0
1093.68000119802 806.0
1093.9201503198965 796.0
1094.1602902105537 798.0
1094.4004208695083 804.0
1094.6405422962773 801.0
1094.8806544903778 812.0
1095.120757451326 810.0
1095.3608511786392 810.0
1095.6009356718341 792.0
1095.8410109304282 791.0
1096.0810769539376 794.0
1096.3211337418795 788.0
1096.5611812937707 797.0
1096.8012196091279 797.0
1097.0412486874682 794.0
1097.2812685283084 786.0
1097.5212791311658 784.0
1097.7612804955563 782.0
1098.0012726209975 798.0
1098.2412555070064 793.0
1098.4812291530989 790.0
1098.721193558793 796.0
1098.961148723605 806.0
1099.2010946470518 811.0
1099.4410313286503 794.0
1099.6809587679172 813.0
1099.92087696437 805.0
1100.1607859175251 789.0
1100.400685626899 787.0
1100.640576092009 800.0
1100.880457312372 794.0
1101.1203292875052 803.0
1101.3601920169247 803.0
1101.6000455001479 805.0
1101.8398897366915 807.0
1102.079724726072 804.0
1102.3195504678072 804.0
1102.559366961413 791.0
1102.7991742064069 814.0
1103.0389722023056 794.0
1103.2787609486254 794.0
1103.5185404448844 795.0
1103.7583106905984 799.0
1103.9980716852845 792.0
1104.23782342846 803.0
1104.4775659196412 812.0
1104.7172991583454 798.0
1104.9570231440887 799.0
1105.1967378763893 794.0
1105.436443354763 804.0
1105.6761395787273 790.0
1105.9158265477986 810.0
1106.1555042614937 791.0
1106.3951727193298 788.0
1106.6348319208234 784.0
1106.8744818654923 793.0
1107.1141225528525 796.0
1107.3537539824208 788.0
1107.5933761537144 798.0
1107.8329890662503 799.0
1108.072592719545 784.0
1108.3121871131157 786.0
1108.551772246479 823.0
1108.7913481191517 796.0
1109.030914730651 794.0
1109.2704720804938 797.0
1109.5100201681967 780.0
1109.7495589932764 782.0
1109.9890885552504 789.0
1110.2286088536348 788.0
1110.4681198879473 805.0
1110.707621657704 808.0
1110.9471141624224 795.0
1111.1865974016187 806.0
1111.4260713748101 793.0
1111.665536081514 802.0
1111.9049915212463 794.0
1112.1444376935244 800.0
1112.3838745978653 812.0
1112.6233022337854 801.0
1112.8627206008023 809.0
1113.102129698432 803.0
1113.3415295261918 799.0
1113.5809200835986 781.0
1113.820301370169 799.0
1114.0596733854206 797.0
1114.2990361288694 794.0
1114.5383896000326 810.0
1114.7777337984273 808.0
1115.0170687235698 797.0
1115.2563943749778 783.0
1115.4957107521673 791.0
1115.7350178546556 797.0
1115.9743156819598 801.0
1116.213604233596 799.0
1116.452883509082 795.0
1116.692153507934 798.0
1116.9314142296694 805.0
1117.1706656738045 795.0
1117.4099078398563 802.0
1117.6491407273422 791.0
1117.8883643357783 809.0
1118.1275786646822 797.0
1118.36678371357 800.0
1118.6059794819594 799.0
1118.8451659693665 814.0
1119.0843431753085 800.0
1119.3235110993026 806.0
1119.5626697408647 802.0
1119.8018190995128 802.0
1120.0409591747637 810.0
1120.2800899661331 788.0
1120.519211473139 790.0
1120.7583236952978 795.0
1120.9974266321262 797.0
1121.236520283142 803.0
1121.4756046478608 788.0
1121.7146797258001 793.0
1121.9537455164768 796.0
1122.192802019408 791.0
1122.4318492341101 815.0
1122.6708871601 802.0
1122.909915796895 797.0
1123.1489351440111 801.0
1123.3879452009662 795.0
1123.6269459672762 795.0
1123.865937442459 799.0
1124.1049196260308 793.0
1124.3438925175087 791.0
