shot=62_gas=Ne_height=110_RF=249.1W_massflow=8000_coils=80.1A_HR4000 spectrum
Wavelength [nm] // Intensity [u.a.] 
194.93414 776.0
195.2037815346219 758.0
195.47341553816543 761.0
195.74304201014752 775.0
196.012660950085 777.0
196.28227235749478 782.0
196.55187623189366 796.0
196.82147257279857 773.0
197.09106137972637 781.0
197.36064265219392 792.0
197.63021638971804 785.0
197.89978259181567 784.0
198.16934125800364 781.0
198.43889238779886 782.0
198.7084359807181 780.0
198.97797203627835 797.0
199.2475005539964 804.0
199.51702153338914 773.0
199.78653497397343 788.0
200.05604087526618 781.0
200.3255392367842 792.0
200.59503005804436 786.0
200.8645133385636 802.0
201.1339890778587 779.0
201.4034572754466 793.0
201.67291793084408 792.0
201.94237104356813 780.0
202.21181661313554 789.0
202.48125463906314 782.0
202.7506851208679 795.0
203.02010805806663 794.0
203.28952345017618 784.0
203.55893129671344 792.0
203.8283315971953 777.0
204.0977243511386 778.0
204.3671095580602 783.0
204.636487217477 787.0
204.90585732890585 793.0
205.17521989186366 795.0
205.44457490586717 785.0
205.7139223704334 798.0
205.98326228507918 802.0
206.2525946493213 781.0
206.5219194626767 785.0
206.79123672466224 773.0
207.06054643479476 797.0
207.32984859259116 774.0
207.59914319756828 763.0
207.86843024924303 803.0
208.13770974713225 785.0
208.40698169075276 789.0
208.6762460796215 773.0
208.94550291325532 789.0
209.2147521911711 800.0
209.48399391288567 801.0
209.75322807791594 769.0
210.02245468577874 779.0
210.29167373599094 787.0
210.56088522806942 769.0
210.83008916153108 794.0
211.09928553589276 789.0
211.3684743506713 785.0
211.63765560538363 776.0
211.9068292995466 786.0
212.175995432677 787.0
212.44515400429182 792.0
212.71430501390782 801.0
212.98344846104192 799.0
213.25258434521103 802.0
213.52171266593191 782.0
213.79083342272153 779.0
214.05994661509675 792.0
214.3290522425744 788.0
214.5981503046713 795.0
214.8672408009044 785.0
215.13632373079054 787.0
215.4053990938466 791.0
215.6744668895894 789.0
215.94352711753592 760.0
216.21257977720293 780.0
216.48162486810728 798.0
216.7506623897659 777.0
217.01969234169565 772.0
217.2887147234134 786.0
217.55772953443596 784.0
217.82673677428028 775.0
218.0957364424632 799.0
218.36472853850154 787.0
218.6337130619122 767.0
218.9026900122121 777.0
219.17165938891804 775.0
219.4406211915469 796.0
219.70957541961562 777.0
219.97852207264097 791.0
220.24746115013983 797.0
220.5163926516291 794.0
220.78531657662566 799.0
221.05423292464639 801.0
221.32314169520808 780.0
221.59204288782766 788.0
221.860936502022 795.0
222.12982253730797 784.0
222.39870099320237 782.0
222.66757186922214 775.0
222.93643516488416 785.0
223.20529087970525 799.0
223.47413901320226 772.0
223.74297956489212 796.0
224.01181253429166 802.0
224.28063792091777 797.0
224.5494557242873 784.0
224.8182659439171 787.0
225.08706857932413 805.0
225.35586363002508 779.0
225.62465109553705 788.0
225.89343097537673 786.0
226.16220326906105 782.0
226.43096797610687 780.0
226.69972509603105 775.0
226.9684746283505 783.0
227.237216572582 780.0
227.50595092824256 794.0
227.7746776948489 778.0
228.04339687191796 795.0
228.31210845896663 773.0
228.5808124555117 807.0
228.84950886107015 787.0
229.11819767515877 801.0
229.38687889729442 789.0
229.65555252699397 791.0
229.92421856377433 792.0
230.1928770071524 782.0
230.46152785664492 786.0
230.73017111176884 800.0
230.99880677204106 790.0
231.26743483697837 777.0
231.53605530609772 788.0
231.8046681789159 792.0
232.07327345494983 802.0
232.34187113371638 785.0
232.61046121473237 774.0
232.87904369751473 774.0
233.14761858158028 779.0
233.41618586644586 782.0
233.68474555162845 808.0
233.95329763664483 795.0
234.2218421210119 786.0
234.49037900424648 786.0
234.7589082858655 770.0
235.02742996538583 773.0
235.29594404232427 788.0
235.56445051619772 786.0
235.8329493865231 792.0
236.10144065281722 794.0
236.36992431459691 781.0
236.63840037137916 781.0
236.9068688226808 798.0
237.1753296680186 784.0
237.44378290690955 780.0
237.7122285388704 793.0
237.9806665634181 791.0
238.24909698006957 795.0
238.51751978834153 791.0
238.78593498775095 799.0
239.0543425778147 784.0
239.32274255804958 785.0
239.59113492797255 789.0
239.8595196871004 773.0
240.12789683495004 790.0
240.3962663710383 776.0
240.66462829488208 785.0
240.93298260599826 789.0
241.2013293039037 783.0
241.46966838811522 797.0
241.73799985814978 791.0
242.00632371352418 791.0
242.27463995375527 776.0
242.54294857835998 787.0
242.81124958685515 789.0
243.07954297875764 777.0
243.34782875358434 792.0
243.61610691085207 775.0
243.88437745007772 791.0
244.15264037077822 797.0
244.42089567247035 770.0
244.68914335467105 795.0
244.95738341689716 793.0
245.2256158586655 790.0
245.493840679493 781.0
245.76205787889654 783.0
246.03026745639292 793.0
246.29846941149904 782.0
246.5666637437318 784.0
246.834850452608 792.0
247.1030295376446 789.0
247.37120099835838 790.0
247.63936483426627 784.0
247.9075210448851 779.0
248.17566962973177 795.0
248.4438105883231 782.0
248.71194392017603 777.0
248.98006962480733 785.0
249.248187701734 790.0
249.51629815047275 786.0
249.78440097054056 787.0
250.05249616145431 774.0
250.32058372273076 790.0
250.5886636538869 780.0
250.85673595443953 798.0
251.12480062390551 797.0
251.39285766180177 781.0
251.6609070676451 792.0
251.92894884095242 802.0
252.19698298124058 797.0
252.46500948802645 784.0
252.73302836082692 784.0
253.00103959915882 791.0
253.26904320253902 778.0
253.53703917048443 776.0
253.80502750251188 799.0
254.07300819813827 779.0
254.34098125688044 788.0
254.60894667825525 800.0
254.87690446177962 784.0
255.14485460697037 798.0
255.41279711334434 780.0
255.6807319804185 772.0
255.94865920770962 808.0
256.2165787947346 813.0
256.48449074101035 791.0
256.75239504605366 783.0
257.02029170938147 772.0
257.28818073051065 780.0
257.556062108958 792.0
257.8239358442404 788.0
258.0918019358748 794.0
258.35966038337796 791.0
258.6275111862668 797.0
258.8953543440582 796.0
259.163189856269 794.0
259.4310177224162 792.0
259.6988379420164 799.0
259.9666505145867 793.0
260.23445543964385 801.0
260.50225271670473 809.0
260.77004234528624 786.0
261.03782432490533 800.0
261.3055986550787 780.0
261.5733653353234 781.0
261.8411243651561 778.0
262.1088757440937 781.0
262.37661947165327 783.0
262.6443555473515 785.0
262.9120839707053 788.0
263.1798047412315 793.0
263.44751785844704 787.0
263.7152233218687 783.0
263.98292113101354 797.0
264.2506112853982 794.0
264.51829378453965 782.0
264.7859686279547 781.0
265.05363581516025 788.0
265.32129534567326 769.0
265.5889472190105 790.0
265.8565914346889 794.0
266.1242279922252 794.0
266.39185689113634 791.0
266.65947813093925 791.0
266.9270917111508 795.0
267.19469763128774 793.0
267.46229589086704 781.0
267.72988648940554 779.0
267.9974694264201 785.0
268.2650447014276 790.0
268.53261231394487 798.0
268.80017226348883 796.0
269.0677245495763 762.0
269.3352691717242 786.0
269.60280612944933 782.0
269.8703354222686 772.0
270.13785704969894 792.0
270.40537101125716 774.0
270.67287730646007 778.0
270.9403759348246 794.0
271.2078668958677 790.0
271.47535018910605 768.0
271.7428258140567 781.0
272.01029377023633 782.0
272.2777540571619 779.0
272.5452066743504 782.0
272.81265162131854 790.0
273.08008889758327 792.0
273.34751850266144 793.0
273.6149404360698 777.0
273.8823546973254 778.0
274.1497612859451 779.0
274.4171602014456 794.0
274.6845514433439 786.0
274.95193501115676 790.0
275.2193109044012 789.0
275.486679122594 765.0
275.7540396652521 779.0
276.02139253189216 800.0
276.2887377220313 793.0
276.55607523518626 785.0
276.82340507087395 775.0
277.09072722861123 780.0
277.3580417079149 791.0
277.62534850830195 787.0
277.8926476292892 795.0
278.1599390703934 796.0
278.4272228311316 787.0
278.69449891102056 784.0
278.96176730957717 772.0
279.22902802631836 780.0
279.4962810607609 773.0
279.76352641242164 785.0
280.0307640808177 790.0
280.29799406546556 774.0
280.5652163658824 776.0
280.8324309815849 802.0
281.09963791209003 782.0
281.3668371569146 792.0
281.6340287155756 782.0
281.9012125875897 784.0
282.168388772474 802.0
282.4355572697452 789.0
282.7027180789201 776.0
282.9698711995158 794.0
283.23701663104896 780.0
283.50415437303667 779.0
283.77128442499554 782.0
284.0384067864426 778.0
284.3055214568946 792.0
284.57262843586864 788.0
284.8397277228814 781.0
285.1068193174497 773.0
285.37390321909055 790.0
285.6409794273207 788.0
285.9080479416572 798.0
286.1751087616167 789.0
286.4421618867162 779.0
286.7092073164725 778.0
286.9762450504025 803.0
287.24327508802315 785.0
287.5102974288511 782.0
287.77731207240345 774.0
288.04431901819703 785.0
288.3113182657485 770.0
288.578309814575 785.0
288.84529366419326 783.0
289.1122698141201 779.0
289.37923826387254 787.0
289.6461990129674 787.0
289.91315206092133 778.0
290.18009740725154 806.0
290.44703505147464 786.0
290.7139649931077 773.0
290.98088723166734 781.0
291.24780176667065 790.0
291.5147085976344 782.0
291.78160772407557 785.0
292.04849914551085 791.0
292.3153828614572 779.0
292.58225887143146 790.0
292.8491271749505 779.0
293.1159877715313 777.0
293.3828406606906 785.0
293.6496858419453 798.0
293.9165233148123 780.0
294.1833530788084 778.0
294.4501751334505 789.0
294.71698947825547 790.0
294.9837961127402 793.0
295.2505950364216 779.0
295.5173862488164 776.0
295.78416974944156 788.0
296.050945537814 782.0
296.31771361345045 784.0
296.584473975868 777.0
296.8512266245832 785.0
297.11797155911313 786.0
297.38470877897464 794.0
297.6514382836846 798.0
297.9181600727598 781.0
298.18487414571723 794.0
298.4515805020736 787.0
298.71827914134593 792.0
298.9849700630511 772.0
299.2516532667058 788.0
299.518328751827 787.0
299.78499651793163 785.0
300.0516565645365 783.0
300.3183088911584 781.0
300.58495349731436 780.0
300.8515903825211 782.0
301.1182195462956 790.0
301.3848409881546 785.0
301.65145470761513 782.0
301.91806070419403 777.0
302.184658977408 782.0
302.4512495267741 770.0
302.7178323518091 782.0
302.9844074520298 789.0
303.2509748269532 773.0
303.5175344760962 781.0
303.78408639897555 791.0
304.0506305951082 778.0
304.31716706401096 783.0
304.58369580520065 781.0
304.8502168181943 785.0
305.1167301025086 783.0
305.3832356576606 792.0
305.649733483167 796.0
305.9162235785447 792.0
306.1827059433106 780.0
306.4491805769817 789.0
306.7156474790747 786.0
306.98210664910647 780.0
307.2485580865939 780.0
307.5150017910539 782.0
307.7814377620034 790.0
308.0478659989591 789.0
308.31428650143795 793.0
308.58069926895683 775.0
308.8471043010326 787.0
309.1135015971821 809.0
309.37989115692227 800.0
309.6462729797699 777.0
309.91264706524197 781.0
310.1790134128551 783.0
310.4453720221265 776.0
310.71172289257277 792.0
310.97806602371094 787.0
311.2444014150577 802.0
311.5107290661301 800.0
311.777048976445 789.0
312.04336114551904 788.0
312.30966557286945 780.0
312.5759622580128 788.0
312.8422512004661 782.0
313.1085323997461 780.0
313.3748058553698 777.0
313.641071566854 788.0
313.90732953371554 789.0
314.17357975547145 779.0
314.4398222316384 787.0
314.70605696173334 787.0
314.9722839452731 791.0
315.23850318177466 799.0
315.50471467075477 776.0
315.7709184117303 769.0
316.0371144042182 782.0
316.3033026477353 781.0
316.56948314179846 785.0
316.8356558859246 781.0
317.1018208796305 784.0
317.36797812243304 789.0
317.6341276138491 789.0
317.90026935339563 801.0
318.1664033405894 775.0
318.4325295749473 777.0
318.6986480559862 777.0
318.96475878322303 794.0
319.2308617561746 794.0
319.4969569743577 789.0
319.76304443728935 786.0
320.0291241444864 780.0
320.2951960954656 770.0
320.5612602897438 793.0
320.82731672683815 794.0
321.0933654062652 787.0
321.359406327542 781.0
321.6254394901853 780.0
321.891464893712 784.0
322.157482537639 780.0
322.4234924214832 791.0
322.68949454476143 786.0
322.95548890699064 783.0
323.2214755076875 779.0
323.487454346369 785.0
323.753425422552 794.0
324.01938873575347 786.0
324.2853442854901 778.0
324.55129207127885 782.0
324.8172320926366 779.0
325.08316434908016 765.0
325.34908884012646 779.0
325.61500556529234 789.0
325.8809145240947 795.0
326.14681571605024 794.0
326.4127091406761 781.0
326.6785947974889 766.0
326.9444726860058 764.0
327.2103428057433 806.0
327.47620515621855 782.0
327.74205973694836 773.0
328.00790654744947 774.0
328.2737455872389 791.0
328.5395768558335 807.0
328.80540035275004 803.0
329.0712160775054 788.0
329.33702402961654 785.0
329.6028242086002 782.0
329.86861661397353 784.0
330.13440124525306 777.0
330.4001781019559 779.0
330.66594718359863 792.0
330.9317084896984 787.0
331.19746201977205 783.0
331.46320777333636 780.0
331.7289457499082 795.0
331.9946759490044 786.0
332.2603983701419 790.0
332.5261130128375 791.0
332.79181987660826 796.0
333.05751896097087 788.0
333.3232102654422 781.0
333.58889378953916 781.0
333.85456953277856 798.0
334.1202374946774 792.0
334.38589767475247 793.0
334.6515500725206 781.0
334.9171946874987 788.0
335.18283151920355 799.0
335.4484605671522 785.0
335.7140818308614 797.0
335.97969530984807 792.0
336.245301003629 790.0
336.51089891172114 795.0
336.77648903364127 786.0
337.04207136890636 790.0
337.30764591703326 787.0
337.5732126775387 792.0
337.83877164993976 785.0
338.10432283375314 781.0
338.36986622849577 792.0
338.63540183368457 789.0
338.9009296488363 787.0
339.16644967346787 789.0
339.4319619070962 780.0
339.6974663492381 773.0
339.9629629994105 784.0
340.22845185713027 788.0
340.4939329219141 798.0
340.75940619327906 806.0
341.02487167074196 781.0
341.2903293538197 782.0
341.555779242029 788.0
341.821221334887 794.0
342.0866556319103 791.0
342.3520821326158 768.0
342.6175008365205 797.0
342.8829117431413 798.0
343.1483148519949 791.0
343.41371016259825 783.0
343.6790976744682 787.0
343.9444773871216 786.0
344.20984930007546 785.0
344.4752134128465 777.0
344.74056972495157 791.0
345.0059182359076 781.0
345.27125894523147 800.0
345.53659185244 796.0
345.80191695705014 804.0
346.0672342585787 771.0
346.3325437565426 782.0
346.5978454504585 795.0
346.8631393398436 789.0
347.1284254242145 790.0
347.3937037030882 797.0
347.6589741759816 776.0
347.92423684241146 784.0
348.1894917018946 774.0
348.4547387539481 781.0
348.71997799808867 795.0
348.9852094338332 798.0
349.2504330606986 797.0
349.51564887820166 797.0
349.7808568858593 790.0
350.0460570831885 806.0
350.31124946970584 797.0
350.57643404492853 802.0
350.84161080837316 790.0
351.1067797595568 786.0
351.3719408979961 795.0
351.63709422320824 805.0
351.90223973470984 805.0
352.16737743201776 803.0
352.43250731464894 799.0
352.69762938212034 794.0
352.9627436339487 776.0
353.2278500696509 782.0
353.49294868874387 788.0
353.7580394907444 796.0
354.02312247516943 791.0
354.28819764153576 802.0
354.55326498936034 798.0
354.81832451816 782.0
355.08337622745165 790.0
355.348420116752 787.0
355.613456185578 800.0
355.8784844334467 786.0
356.1435048598747 778.0
356.4085174643791 788.0
356.6735222464765 784.0
356.938519205684 790.0
357.2035083415184 790.0
357.46848965349653 791.0
357.73346314113536 802.0
357.9984288039516 796.0
358.2633866414622 793.0
358.528336653184 796.0
358.793278838634 794.0
359.05821319732894 780.0
359.3231397287857 801.0
359.5880584325211 781.0
359.8529693080521 790.0
360.1178723548955 782.0
360.3827675725683 798.0
360.64765496058726 790.0
360.9125345184692 785.0
361.1774062457311 779.0
361.44227014188965 760.0
361.707126206462 790.0
361.9719744389649 786.0
362.2368148389151 794.0
362.5016474058295 779.0
362.766472139225 786.0
363.0312890386186 794.0
363.296098103527 792.0
363.5608993334672 806.0
363.82569272795587 773.0
364.09047828651006 788.0
364.35525600864656 792.0
364.6200258938823 795.0
364.8847879417341 786.0
365.1495421517188 786.0
365.41428852335326 792.0
365.67902705615444 785.0
365.9437577496392 787.0
366.2084806033243 788.0
366.4731956167267 790.0
366.7379027893632 785.0
367.0026021207507 779.0
367.2672936104061 791.0
367.5319772578463 799.0
367.79665306258806 799.0
368.06132102414836 782.0
368.32598114204393 790.0
368.59063341579173 785.0
368.85527784490864 772.0
369.1199144289115 795.0
369.3845431673172 792.0
369.6491640596426 793.0
369.91377710540445 789.0
370.1783823041198 781.0
370.44297965530546 790.0
370.70756915847835 797.0
370.97215081315517 794.0
371.2367246188529 783.0
371.5012905750884 797.0
371.7658486813786 793.0
372.0303989372402 785.0
372.29494134219027 798.0
372.5594758957455 791.0
372.82400259742286 794.0
373.08852144673915 786.0
373.3530324432114 803.0
373.6175355863563 796.0
373.8820308756908 794.0
374.1465183107317 788.0
374.410997890996 795.0
374.6754696160004 796.0
374.93993348526186 798.0
375.2043894982973 784.0
375.4688376546235 788.0
375.7332779537573 794.0
375.9977103952157 788.0
376.26213497851546 787.0
376.52655170317354 780.0
376.7909605687067 787.0
377.05536157463183 776.0
377.3197547204658 787.0
377.5841400057256 784.0
377.84851742992794 794.0
378.11288699258984 785.0
378.37724869322795 783.0
378.64160253135935 776.0
378.90594850650075 789.0
379.1702866181692 777.0
379.4346168658814 787.0
379.69893924915425 784.0
379.9632537675047 803.0
380.2275604204495 790.0
380.49185920750574 802.0
380.75615012819 776.0
381.0204331820193 788.0
381.2847083685105 774.0
381.5489756871804 783.0
381.8132351375459 780.0
382.07748671912407 790.0
382.34173043143153 802.0
382.6059662739852 789.0
382.8701942463019 791.0
383.1344143478986 792.0
383.3986265782921 787.0
383.6628309369994 790.0
383.92702742353725 784.0
384.1912160374225 791.0
384.45539677817203 800.0
384.7195696453027 787.0
384.98373463833155 804.0
385.2478917567753 788.0
385.5120410001507 796.0
385.7761823679748 772.0
386.0403158597644 782.0
386.30444147503647 770.0
386.5685592133077 780.0
386.8326690740951 791.0
387.09677105691543 776.0
387.36086516128563 795.0
387.6249513867226 795.0
387.88902973274315 779.0
388.15310019886414 795.0
388.41716278460245 790.0
388.68121748947493 794.0
388.9452643129986 794.0
389.2093032546901 785.0
389.47333431406645 780.0
389.73735749064434 786.0
390.0013727839409 796.0
390.2653801934728 781.0
390.52937971875696 795.0
390.7933713593103 795.0
391.05735511464974 783.0
391.3213309842919 784.0
391.5852989677539 783.0
391.8492590645524 792.0
392.1132112742045 778.0
392.37715559622694 784.0
392.6410920301366 787.0
392.9050205754503 783.0
393.1689412316849 786.0
393.43285399835736 790.0
393.69675887498465 775.0
393.96065586108335 793.0
394.2245449561705 788.0
394.4884261597629 784.0
394.75229947137757 805.0
395.01616489053123 790.0
395.28002241674085 787.0
395.5438720495231 796.0
395.80771378839506 794.0
396.0715476328735 782.0
396.33537358247537 779.0
396.5991916367174 787.0
396.86300179511665 785.0
397.12680405718976 787.0
397.39059842245376 777.0
397.65438489042543 771.0
397.91816346062177 783.0
398.18193413255955 779.0
398.4456969057556 784.0
398.7094517797268 786.0
398.97319875399006 794.0
399.2369378280623 790.0
399.50066900146027 790.0
399.764392273701 777.0
400.02810764430114 802.0
400.2918151127777 787.0
400.55551467864757 784.0
400.81920634142756 797.0
401.08289010063453 798.0
401.34656595578537 797.0
401.6102339063969 784.0
401.8738939519861 808.0
402.1375460920697 775.0
402.4011903261647 783.0
402.6648266537879 788.0
402.92845507445617 810.0
403.1920755876863 789.0
403.4556881929953 784.0
403.71929288990003 785.0
403.98288967791734 780.0
404.246478556564 783.0
404.5100595253569 774.0
404.77363258381297 796.0
405.03719773144906 777.0
405.3007549677821 788.0
405.56430429232887 791.0
405.82784570460626 786.0
406.0913792041311 795.0
406.35490479042033 778.0
406.61842246299085 779.0
406.88193222135936 786.0
407.14543406504293 802.0
407.4089279935582 793.0
407.6724140064223 787.0
407.9358921031519 789.0
408.19936228326395 788.0
408.4628245462754 773.0
408.7262788917029 788.0
408.9897253190635 789.0
409.25316382787395 793.0
409.5165944176513 788.0
409.7800170879122 800.0
410.04343183817366 803.0
410.30683866795243 806.0
410.57023757676546 781.0
410.83362856412975 786.0
411.09701162956185 780.0
411.3603867725789 797.0
411.62375399269763 783.0
411.887113289435 798.0
412.1504646623078 800.0
412.4138081108329 785.0
412.6771436345273 771.0
412.94047123290767 782.0
413.20379090549096 784.0
413.46710265179405 777.0
413.7304064713339 779.0
413.9937023636272 786.0
414.25699032819097 765.0
414.52027036454194 784.0
414.78354247219704 773.0
415.0468066506732 785.0
415.31006289948726 793.0
415.5733112181561 795.0
415.83655160619645 794.0
416.0997840631253 783.0
416.3630085884595 780.0
416.62622518171594 784.0
416.8894338424115 785.0
417.152634570063 810.0
417.4158273641873 783.0
417.67901222430123 793.0
417.9421891499217 780.0
418.2053581405658 792.0
418.46851919575005 779.0
418.7316723149915 802.0
418.99481749780693 795.0
419.2579547437133 780.0
419.5210840522274 801.0
419.78420542286625 793.0
420.04731885514644 788.0
420.31042434858506 790.0
420.573521902699 789.0
420.83661151700494 778.0
421.0996931910199 809.0
421.3627669242608 781.0
421.6258327162443 790.0
421.88889056648736 797.0
422.1519404745069 785.0
422.41498243981977 781.0
422.6780164619429 787.0
422.9410425403929 795.0
423.2040606746869 778.0
423.46707086434174 795.0
423.7300731088742 796.0
423.9930674078012 773.0
424.25605376063965 770.0
424.5190321669063 760.0
424.782002626118 801.0
425.0449651377918 783.0
425.30791970144446 798.0
425.57086631659286 784.0
425.83380498275386 784.0
426.0967356994443 797.0
426.3596584661811 771.0
426.6225732824811 787.0
426.88548014786113 785.0
427.14837906183817 788.0
427.411270023929 780.0
427.6741530336505 785.0
427.9370280905195 782.0
428.199895194053 792.0
428.46275434376776 776.0
428.72560553918066 785.0
428.98844877980855 790.0
429.2512840651683 779.0
429.51411139477693 785.0
429.77693076815115 788.0
430.03974218480784 774.0
430.3025456442639 781.0
430.5653411460361 791.0
430.82812868964146 785.0
431.09090827459687 783.0
431.353679900419 792.0
431.61644356662487 777.0
431.87919927273134 780.0
432.1419470182551 801.0
432.40468680271334 796.0
432.66741862562276 792.0
432.93014248650013 787.0
433.1928583848624 803.0
433.45556632022647 803.0
433.7182662921092 778.0
433.9809583000275 798.0
434.24364234349815 786.0
434.506318422038 773.0
434.768986535164 776.0
435.031646682393 791.0
435.2942988632418 792.0
435.55694307722734 783.0
435.81957932386655 789.0
436.08220760267614 790.0
436.34482791317305 793.0
436.6074402548742 784.0
436.8700446272964 775.0
437.1326410299566 787.0
437.3952294623715 782.0
437.65780992405803 789.0
437.9203824145332 799.0
438.1829469333138 809.0
438.4455034799166 774.0
438.7080520538586 782.0
438.9705926546565 787.0
439.23312528182737 786.0
439.49564993488787 781.0
439.7581666133551 784.0
440.0206753167459 774.0
440.28317604457686 762.0
440.5456687963651 775.0
440.8081535716274 782.0
441.07063036988075 789.0
441.3330991906418 787.0
441.5955600334276 795.0
441.858012897755 786.0
442.12045778314075 773.0
442.3828946891018 779.0
442.6453236151551 773.0
442.9077445608174 778.0
443.17015752560553 774.0
443.4325625090365 788.0
443.69495951062703 785.0
443.95734852989415 796.0
444.21972956635454 781.0
444.4821026195253 785.0
444.74446768892307 784.0
445.00682477406485 786.0
445.2691738744674 791.0
445.5315149896478 798.0
445.79384811912274 792.0
446.05617326240906 781.0
446.31849041902376 791.0
446.58079958848356 778.0
446.8431007703055 783.0
447.10539396400634 789.0
447.367679169103 775.0
447.6299563851123 791.0
447.892225611551 798.0
448.15448684793625 778.0
448.4167400937847 794.0
448.67898534861325 782.0
448.9412226119389 782.0
449.2034518832783 785.0
449.46567316214856 799.0
449.72788644806633 803.0
449.99009174054856 785.0
450.2522890391122 783.0
450.514478343274 790.0
450.77665965255085 785.0
451.0388329664597 795.0
451.30099828451733 776.0
451.5631556062406 784.0
451.82530493114655 790.0
452.08744625875175 790.0
452.3495795885734 788.0
452.6117049201281 782.0
452.87382225293277 784.0
453.13593158650446 779.0
453.3980329203598 774.0
453.6601262540158 784.0
453.9222115869893 771.0
454.1842889187971 790.0
454.4463582489562 783.0
454.70841957698343 774.0
454.97047290239556 780.0
455.23251822470957 781.0
455.49455554344223 783.0
455.75658485811044 784.0
456.0186061682312 776.0
456.2806194733211 784.0
456.5426247728973 781.0
456.8046220664765 793.0
457.0666113535756 781.0
457.32859263371154 782.0
457.5905659064011 774.0
457.8525311711611 784.0
458.1144884275086 773.0
458.37643767496024 771.0
458.6383789130331 780.0
458.9003121412439 781.0
459.1622373591095 794.0
459.4241545661469 796.0
459.68606376187284 798.0
459.9479649458043 786.0
460.2098581174581 780.0
460.471743276351 781.0
460.733620422 775.0
460.9954895539219 772.0
461.2573506716337 774.0
461.51920377465206 790.0
461.78104886249406 795.0
462.0428859346764 768.0
462.304714990716 783.0
462.5665360301298 793.0
462.82834905243453 799.0
463.09015405714723 784.0
463.35195104378465 784.0
463.6137400118636 791.0
463.8755209609011 776.0
464.13729389041396 769.0
464.399058799919 783.0
464.6608156889332 784.0
464.92256455697327 773.0
465.18430540355615 777.0
465.4460382281988 800.0
465.707763030418 784.0
465.96947980973056 791.0
466.23118856565344 769.0
466.49288929770347 773.0
466.75458200539765 774.0
467.0162666882526 790.0
467.27794334578533 778.0
467.5396119775127 786.0
467.8012725829516 796.0
468.0629251616188 802.0
468.3245697130314 793.0
468.586206236706 782.0
468.8478347321596 789.0
469.109455198909 799.0
469.3710676364711 782.0
469.6326720443629 785.0
469.89426842210105 795.0
470.1558567692025 785.0
470.4174370851842 789.0
470.6790093695629 781.0
470.94057362185555 796.0
471.20212984157905 795.0
471.4636780282501 776.0
471.72521818138574 789.0
471.9867503005027 791.0
472.248274385118 784.0
472.5097904347484 774.0
472.7712984489108 783.0
473.03279842712203 785.0
473.29429036889906 783.0
473.55577427375863 786.0
473.8172501412177 774.0
474.07871797079315 768.0
474.34017776200176 779.0
474.6016295143605 801.0
474.8630732273861 788.0
475.1245089005955 791.0
475.3859365335057 790.0
475.64735612563334 779.0
475.9087676764954 786.0
476.1701711856088 788.0
476.4315666524903 784.0
476.6929540766569 774.0
476.95433345762535 776.0
477.2157047949125 784.0
477.47706808803537 786.0
477.7384233365106 789.0
477.9997705398553 778.0
478.26110969758616 783.0
478.52244080922014 780.0
478.78376387427414 765.0
479.04507889226494 789.0
479.3063858627094 786.0
479.5676847851245 794.0
479.828975659027 777.0
480.0902584839338 792.0
480.3515332593618 788.0
480.61279998482775 790.0
480.8740586598487 781.0
481.13530928394147 783.0
481.3965518566228 779.0
481.65778637740965 805.0
481.9190128458189 780.0
482.1802312613674 791.0
482.4414416235721 794.0
482.70264393194964 794.0
482.9638381860171 770.0
483.2250243852913 787.0
483.4862025292891 777.0
483.7473726175273 792.0
484.0085346495229 784.0
484.26968862479265 777.0
484.5308345428534 784.0
484.79197240322225 783.0
485.0531022054157 778.0
485.314223948951 787.0
485.57533763334476 777.0
485.8364432581139 796.0
486.0975408227754 788.0
486.35863032684597 796.0
486.61971176984247 803.0
486.880785151282 807.0
487.1418504706812 782.0
487.402907727557 768.0
487.66395692142635 782.0
487.92499805180597 794.0
488.18603111821284 794.0
488.44705612016384 784.0
488.7080730571757 796.0
488.9690819287655 786.0
489.2300827344499 779.0
489.49107547374587 783.0
489.75206014617027 788.0
490.01303675124 776.0
490.27400528847187 790.0
490.53496575738274 793.0
490.79591815748955 780.0
491.05686248830915 789.0
491.31779874935836 795.0
491.57872694015396 786.0
491.8396470602131 783.0
492.1005591090524 793.0
492.3614630861888 793.0
492.6223589911392 796.0
492.88324682342045 785.0
493.14412658254946 775.0
493.40499826804296 799.0
493.66586187941795 780.0
493.92671741619125 780.0
494.18756487787977 801.0
494.44840426400026 776.0
494.70923557406974 770.0
494.97005880760497 780.0
495.23087396412285 796.0
495.4916810431403 779.0
495.7524800441741 785.0
496.01327096674123 781.0
496.27405381035845 777.0
496.53482857454264 765.0
496.79559525881075 785.0
497.05635386267954 773.0
497.31710438566597 774.0
497.57784682728686 779.0
497.8385811870591 776.0
498.0993074644995 785.0
498.360025659125 785.0
498.6207357704524 789.0
498.88143779799873 784.0
499.14213174128065 778.0
499.40281759981514 789.0
499.6634953731191 788.0
499.92416506070924 788.0
500.1848266621026 781.0
500.445480176816 793.0
500.70612560436615 793.0
500.96676294427016 786.0
501.22739219604483 789.0
501.48801335920695 773.0
501.74862643327344 769.0
502.00923141776116 795.0
502.2698283121869 785.0
502.5304171160677 775.0
502.7909978289203 792.0
503.0515704502616 787.0
503.31213497960846 804.0
503.57269141647777 785.0
503.8332397603864 784.0
504.09378001085116 801.0
504.354312167389 784.0
504.6148362295168 787.0
504.8753521967513 801.0
505.1358600686094 778.0
505.3963598446082 787.0
505.6568515242642 814.0
505.9173351070945 782.0
506.17781059261597 784.0
506.4382779803454 797.0
506.69873726979966 795.0
506.95918846049574 795.0
507.2196315519502 779.0
507.4800665436803 786.0
507.74049343520267 793.0
508.00091222603425 793.0
508.261322915692 778.0
508.5217255036924 786.0
508.7821199895529 806.0
509.0425063727899 799.0
509.3028846529204 798.0
509.5632548294615 791.0
509.8236169019296 785.0
510.0839708698421 794.0
510.3443167327155 788.0
510.60465449006676 778.0
510.8649841414127 790.0
511.12530568627034 783.0
511.3856191241566 785.0
511.64592445458794 775.0
511.90622167708165 795.0
512.1665107911545 797.0
512.4267917963232 780.0
512.6870646921047 772.0
512.947329478016 790.0
513.2075861535739 783.0
513.467834718295 794.0
513.7280751716964 786.0
513.9883075132952 788.0
514.248531742608 788.0
514.5087478591515 793.0
514.7689558624429 786.0
515.0291557519989 788.0
515.2893475273365 789.0
515.5495311879723 797.0
515.8097067334235 783.0
516.0698741632067 784.0
516.3300334768389 797.0
516.5901846738369 785.0
516.8503277537177 783.0
517.1104627159981 772.0
517.3705895601947 787.0
517.630708285825 793.0
517.8908188924053 784.0
518.1509213794526 788.0
518.411015746484 803.0
518.6711019930159 793.0
518.9311801185657 791.0
519.19125012265 778.0
519.4513120047856 802.0
519.7113657644896 794.0
519.9714114012784 781.0
520.2314489146695 787.0
520.4914783041794 797.0
520.751499569325 784.0
521.0115127096234 773.0
521.271517724591 801.0
521.5315146137451 802.0
521.7915033766022 785.0
522.0514840126796 784.0
522.3114565214938 791.0
522.5714209025618 794.0
522.8313771554007 792.0
523.0913252795269 803.0
523.3512652744578 792.0
523.6111971397097 783.0
523.8711208747998 796.0
524.1310364792452 798.0
524.390943952562 793.0
524.6508432942679 786.0
524.9107345038794 774.0
525.1706175809132 792.0
525.4304925248866 802.0
525.690359335316 789.0
525.9502180117188 792.0
526.2100685536113 784.0
526.4699109605107 793.0
526.729745231934 782.0
526.9895713673975 774.0
527.2493893664187 792.0
527.5091992285141 802.0
527.7690009532007 789.0
528.0287945399953 789.0
528.2885799884149 778.0
528.5483572979764 792.0
528.8081264681963 780.0
529.0678874985917 786.0
529.3276403886796 784.0
529.5873851379768 780.0
529.8471217460001 796.0
530.1068502122662 781.0
530.3665705362923 812.0
530.6262827175951 786.0
530.8859867556915 777.0
531.1456826500984 800.0
531.4053704003326 799.0
531.6650500059111 780.0
531.9247214663504 775.0
532.1843847811678 784.0
532.4440399498801 780.0
532.7036869720038 784.0
532.9633258470562 797.0
533.222956574554 786.0
533.4825791540142 795.0
533.7421935849534 801.0
534.0017998668885 798.0
534.2613979993366 794.0
534.5209879818145 775.0
534.780569813839 782.0
535.0401434949268 793.0
535.2997090245951 796.0
535.5592664023607 789.0
535.8188156277402 788.0
536.0783567002508 781.0
536.3378896194092 778.0
536.5974143847321 782.0
536.8569309957369 784.0
537.1164394519398 793.0
537.3759397528582 788.0
537.6354318980087 778.0
537.8949158869082 798.0
538.1543917190737 794.0
538.4138593940218 784.0
538.6733189112697 769.0
538.932770270334 798.0
539.1922134707318 797.0
539.4516485119797 790.0
539.7110753935946 794.0
539.9704941150937 800.0
540.2299046759937 791.0
540.4893070758112 811.0
540.7487013140633 784.0
541.008087390267 770.0
541.2674653039389 794.0
541.526835054596 796.0
541.7861966417552 777.0
542.0455500649333 781.0
542.3048953236471 779.0
542.5642324174137 763.0
542.8235613457497 797.0
543.0828821081722 780.0
543.3421947041979 783.0
543.6014991333436 798.0
543.8607953951266 789.0
544.1200834890632 778.0
544.3793634146708 781.0
544.6386351714658 778.0
544.8978987589653 780.0
545.1571541766862 802.0
545.4164014241451 779.0
545.6756405008593 782.0
545.9348714063455 780.0
546.1940941401203 771.0
546.4533087017008 779.0
546.712515090604 780.0
546.9717133063466 776.0
547.2309033484453 801.0
547.4900852164174 795.0
547.7492589097793 803.0
548.0084244280482 795.0
548.2675817707409 779.0
548.526730937374 781.0
548.7858719274648 788.0
549.0450047405299 792.0
549.3041293760863 789.0
549.5632458336507 782.0
549.82235411274 781.0
550.0814542128714 796.0
550.3405461335612 782.0
550.5996298743269 793.0
550.8587054346848 791.0
551.117772814152 771.0
551.3768320122455 790.0
551.6358830284819 783.0
551.8949258623783 787.0
552.1539605134514 785.0
552.4129869812182 787.0
552.6720052651955 792.0
552.9310153649002 777.0
553.1900172798491 785.0
553.4490110095592 788.0
553.7079965535472 781.0
553.9669739113302 804.0
554.2259430824248 778.0
554.484904066348 782.0
554.7438568626167 772.0
555.0028014707476 788.0
555.261737890258 789.0
555.520666120664 788.0
555.7795861614834 802.0
556.0384980122324 792.0
556.2974016724281 777.0
556.5562971415874 791.0
556.8151844192269 775.0
557.0740635048638 792.0
557.3329343980148 786.0
557.5917970981968 791.0
557.8506516049267 784.0
558.1094979177213 795.0
558.3683360360976 796.0
558.6271659595724 791.0
558.8859876876625 790.0
559.1448012198848 792.0
559.4036065557561 790.0
559.6624036947936 776.0
559.9211926365136 797.0
560.1799733804337 782.0
560.43874592607 787.0
560.6975102729399 803.0
560.9562664205602 783.0
561.2150143684473 787.0
561.4737541161188 781.0
561.732485663091 787.0
561.9912090088809 809.0
562.2499241530056 796.0
562.5086310949818 780.0
562.7673298343262 787.0
563.026020370556 789.0
563.2847027031879 788.0
563.5433768317389 797.0
563.8020427557254 791.0
564.0607004746649 780.0
564.3193499880738 787.0
564.5779912954692 791.0
564.8366243963679 791.0
565.0952492902868 805.0
565.3538659767429 792.0
565.6124744552527 792.0
565.8710747253335 780.0
566.1296667865018 792.0
566.3882506382747 800.0
566.6468262801691 795.0
566.9053937117014 788.0
567.1639529323893 796.0
567.4225039417488 790.0
567.6810467392974 786.0
567.9395813245517 786.0
568.1981076970284 783.0
568.4566258562448 780.0
568.7151358017175 782.0
568.9736375329633 780.0
569.2321310494995 793.0
569.4906163508422 784.0
569.749093436509 791.0
570.0075623060163 792.0
570.2660229588813 784.0
570.5244753946206 779.0
570.7829196127512 789.0
571.0413556127901 770.0
571.2997833942537 778.0
571.5582029566596 789.0
571.8166142995238 798.0
572.075017422364 795.0
572.3334123246967 769.0
572.5917990060384 799.0
572.8501774659068 782.0
573.108547703818 774.0
573.3669097192892 785.0
573.6252635118373 789.0
573.8836090809789 789.0
574.1419464262314 779.0
574.400275547111 786.0
574.6585964431351 784.0
574.9169091138205 777.0
575.1752135586836 790.0
575.4335097772419 786.0
575.6917977690118 784.0
575.9500775335105 789.0
576.2083490702545 785.0
576.4666123787609 805.0
576.7248674585469 800.0
576.9831143091286 787.0
577.2413529300236 790.0
577.4995833207483 792.0
577.7578054808198 775.0
578.0160194097549 788.0
578.2742251070703 783.0
578.5324225722832 787.0
578.7906118049101 785.0
579.0487928044681 786.0
579.3069655704743 778.0
579.565130102445 782.0
579.8232863998975 778.0
580.0814344623485 788.0
580.339574289315 774.0
580.5977058803137 779.0
580.8558292348614 782.0
581.1139443524753 790.0
581.3720512326721 793.0
581.6301498749685 786.0
581.8882402788817 802.0
582.146322443928 787.0
582.4043963696251 784.0
582.6624620554893 792.0
582.9205195010375 789.0
583.1785687057866 782.0
583.4366096692537 806.0
583.6946423909554 797.0
583.9526668704085 812.0
584.2106831071303 825.0
584.4686911006373 891.0
584.7266908504463 922.0
584.9846823560746 1008.0
585.2426656170385 1198.0
585.5006406328554 1120.0
585.7586074030418 1041.0
586.0165659271148 908.0
586.2745162045912 847.0
586.5324582349878 808.0
586.7903920178214 805.0
587.0483175526091 800.0
587.3062348388676 797.0
587.5641438761138 812.0
587.8220446638645 802.0
588.0799372016369 828.0
588.3378214889474 826.0
588.5956975253132 811.0
588.8535653102509 798.0
589.1114248432776 797.0
589.3692761239103 779.0
589.6271191516653 807.0
589.88495392606 804.0
590.1427804466111 787.0
590.4005987128355 787.0
590.6584087242501 795.0
590.9162104803713 775.0
591.1740039807169 801.0
591.4317892248029 785.0
591.6895662121466 788.0
591.9473349422648 796.0
592.2050954146741 788.0
592.462847628892 805.0
592.7205915844347 805.0
592.9783272808194 791.0
593.236054717563 790.0
593.493773894182 786.0
593.7514848101939 807.0
594.009187465115 823.0
594.2668818584625 838.0
594.5245679897531 855.0
594.7822458585038 847.0
595.0399154642313 833.0
595.2975768064524 799.0
595.5552298846843 779.0
595.8128746984438 802.0
596.0705112472474 793.0
596.3281395306126 788.0
596.5857595480555 793.0
596.8433712990935 807.0
597.1009747832434 786.0
597.3585700000219 795.0
597.6161569489462 794.0
597.8737356295327 797.0
598.1313060412986 796.0
598.3888681837607 800.0
598.6464220564358 766.0
598.9039676588409 780.0
599.1615049904925 771.0
599.4190340509081 779.0
599.676554839604 786.0
599.9340673560972 789.0
600.1915715999048 788.0
600.4490675705435 805.0
600.7065552675302 798.0
600.9640346903817 777.0
601.221505838615 781.0
601.4789687117469 770.0
601.7364233092942 786.0
601.9938696307739 790.0
602.2513076757026 799.0
602.5087374435976 773.0
602.7661589339755 789.0
603.023572146353 818.0
603.2809770802475 803.0
603.5383737351752 798.0
603.7957621106534 787.0
604.053142206199 802.0
604.3105140213286 788.0
604.5678775555593 789.0
604.8252328084078 770.0
605.0825797793912 787.0
605.3399184680261 778.0
605.5972488738295 796.0
605.8545709963181 782.0
606.111884835009 789.0
606.3691903894193 811.0
606.6264876590651 793.0
606.883776643464 800.0
607.1410573421324 808.0
607.3983297545875 846.0
607.6555938803461 837.0
607.9128497189247 830.0
608.1700972698408 817.0
608.4273365326108 796.0
608.6845675067516 811.0
608.9417901917803 840.0
609.1990045872135 838.0
609.4562106925683 865.0
609.7134085073615 882.0
609.9705980311098 879.0
610.2277792633305 841.0
610.4849522035397 803.0
610.7421168512552 794.0
610.9992732059933 796.0
611.2564212672709 779.0
611.5135610346049 779.0
611.7706925075122 785.0
612.0278156855098 801.0
612.2849305681145 797.0
612.542037154843 790.0
612.7991354452124 787.0
613.0562254387393 796.0
613.3133071349409 817.0
613.5703805333337 848.0
613.8274456334349 872.0
614.0845024347612 913.0
614.3415509368294 986.0
614.5985911391567 957.0
614.8556230412595 926.0
615.1126466426551 853.0
615.36966194286 823.0
615.6266689413914 817.0
615.8836676377659 806.0
616.1406580315004 820.0
616.3976401221121 816.0
616.6546139091173 827.0
616.9115793920333 808.0
617.1685365703769 801.0
617.4254854436648 782.0
617.6824260114142 788.0
617.9393582731417 794.0
618.196282228364 794.0
618.4531978765983 801.0
618.7101052173614 779.0
618.9670042501702 794.0
619.2238949745413 784.0
619.4807773899919 783.0
619.7376514960388 788.0
619.9945172921986 804.0
620.2513747779885 805.0
620.508223952925 782.0
620.7650648165256 792.0
621.0218973683066 804.0
621.2787216077849 804.0
621.5355375344776 798.0
621.7923451479013 810.0
622.0491444475734 810.0
622.3059354330103 812.0
622.5627181037288 788.0
622.8194924592461 785.0
623.0762584990788 802.0
623.333016222744 788.0
623.5897656297584 786.0
623.8465067196389 791.0
624.1032394919024 764.0
624.3599639460657 792.0
624.6166800816459 780.0
624.8733878981594 793.0
625.1300873951237 779.0
625.3867785720552 781.0
625.6434614284708 806.0
625.9001359638876 809.0
626.1568021778221 813.0
626.4134600697917 851.0
626.6701096393127 872.0
626.9267508859024 850.0
627.1833838090776 837.0
627.4400084083547 816.0
627.6966246832512 803.0
627.9532326332837 794.0
628.2098322579691 794.0
628.4664235568243 792.0
628.723006529366 790.0
628.9795811751112 792.0
629.2361474935768 805.0
629.4927054842794 798.0
629.7492551467363 794.0
630.0057964804641 777.0
630.2623294849799 816.0
630.5188541598001 806.0
630.775370504442 821.0
631.0318785184223 814.0
631.2883782012578 814.0
631.5448695524658 795.0
631.8013525715625 785.0
632.0578272580652 784.0
632.3142936114906 799.0
632.5707516313557 807.0
632.8272013171775 832.0
633.0836426684723 826.0
633.3400756847575 869.0
633.5965003655499 873.0
633.8529167103661 867.0
634.1093247187234 824.0
634.3657243901381 805.0
634.6221157241276 794.0
634.8784987202085 791.0
635.1348733778977 785.0
635.3912396967121 796.0
635.6475976761684 781.0
635.9039473157839 782.0
636.1602886150749 773.0
636.4166215735588 799.0
636.6729461907521 795.0
636.9292624661718 799.0
637.1855703993349 800.0
637.4418699897578 813.0
637.6981612369581 833.0
637.9544441404521 833.0
638.2107186997567 866.0
638.4669849143892 884.0
638.7232427838659 879.0
638.979492307704 866.0
639.2357334854204 928.0
639.4919663165317 1037.0
639.7481908005552 1123.0
640.0044069370073 1306.0
640.2606147254052 1545.0
640.5168141652655 1492.0
640.7730052561054 1373.0
641.0291879974413 1064.0
641.2853623887906 909.0
641.5415284296699 861.0
641.797686119596 826.0
642.0538354580859 825.0
642.3099764446565 803.0
642.5661090788245 812.0
642.8222333601069 803.0
643.0783492880205 792.0
643.3344568620822 789.0
643.5905560818089 781.0
643.8466469467173 789.0
644.1027294563247 797.0
644.3588036101473 788.0
644.6148694077026 785.0
644.8709268485071 774.0
645.1269759320778 795.0
645.3830166579316 796.0
645.6390490255851 784.0
645.8950730345556 791.0
646.1510886843597 797.0
646.4070959745143 784.0
646.6630949045363 788.0
646.9190854739425 791.0
647.17506768225 788.0
647.4310415289752 788.0
647.6870070136354 796.0
647.9429641357473 794.0
648.1989128948277 790.0
648.4548532903938 781.0
648.7107853219619 802.0
648.9667089890495 784.0
649.222624291173 784.0
649.4785312278494 794.0
649.7344297985958 809.0
649.9903200029287 848.0
650.2462018403652 858.0
650.502075310422 904.0
650.7579404126162 942.0
651.0137971464646 946.0
651.2696455114838 893.0
651.525485507191 839.0
651.7813171331029 806.0
652.0371403887364 798.0
652.2929552736086 800.0
652.5487617872358 790.0
652.8045599291355 795.0
653.0603496988242 816.0
653.3161310958188 804.0
653.5719041196362 825.0
653.8276687697933 810.0
654.0834250458071 800.0
654.3391729471941 779.0
654.5949124734717 795.0
654.8506436241562 794.0
655.1063663987647 787.0
655.3620807968144 781.0
655.6177868178215 783.0
655.8734844613035 777.0
656.129173726777 787.0
656.3848546137588 810.0
656.6405271217659 804.0
656.8961912503149 798.0
657.1518469989231 799.0
657.4074943671071 794.0
657.6631333543837 782.0
657.9187639602701 781.0
658.1743861842826 786.0
658.4300000259387 815.0
658.6856054847549 794.0
658.9412025602483 809.0
659.1967912519353 806.0
659.4523715593333 807.0
659.707943481959 825.0
659.9635070193291 858.0
660.2190621709606 850.0
660.4746089363705 838.0
660.7301473150753 808.0
660.9856773065924 801.0
661.2411989104381 789.0
661.4967121261298 782.0
661.7522169531838 798.0
662.0077133911174 803.0
662.2632014394475 784.0
662.5186810976904 773.0
662.7741523653638 784.0
663.029615241984 791.0
663.2850697270679 792.0
663.5405158201327 798.0
663.7959535206948 781.0
664.0513828282715 778.0
664.3068037423793 764.0
664.5622162625355 785.0
664.8176203882564 781.0
665.0730161190594 787.0
665.3284034544613 780.0
665.5837823939785 788.0
665.8391529371283 788.0
666.0945150834276 797.0
666.349868832393 804.0
666.6052141835415 796.0
666.8605511363899 795.0
667.1158796904554 799.0
667.3711998452544 829.0
667.626511600304 833.0
667.8818149551211 860.0
668.1371099092223 866.0
668.3923964621249 840.0
668.6476746133454 806.0
668.9029443624008 780.0
669.1582057088083 786.0
669.4134586520839 786.0
669.6687031917455 780.0
669.9239393273093 764.0
670.1791670582923 793.0
670.4343863842114 790.0
670.6895973045835 788.0
670.9447998189256 810.0
671.1999939267544 828.0
671.4551796275866 812.0
671.7103569209394 845.0
671.9655258063294 835.0
672.220686283274 839.0
672.475838351289 824.0
672.7309820098925 787.0
672.9861172586005 788.0
673.2412440969302 797.0
673.4963625243987 788.0
673.7514725405223 801.0
674.0065741448183 772.0
674.2616673368035 788.0
674.5167521159946 789.0
674.7718284819086 777.0
675.0268964340622 794.0
675.2819559719727 787.0
675.5370070951565 804.0
675.7920498031307 785.0
676.0470840954122 792.0
676.3021099715176 789.0
676.5571274309642 790.0
676.8121364732684 785.0
677.0671370979474 783.0
677.3221293045178 795.0
677.5771130924968 796.0
677.8320884614011 795.0
678.0870554107474 793.0
678.3420139400529 789.0
678.5969640488343 801.0
678.8519057366083 785.0
679.1068390028922 785.0
679.3617638472023 785.0
679.616680269056 789.0
679.8715882679699 788.0
680.1264878434607 776.0
680.3813789950458 775.0
680.6362617222414 795.0
680.8911360245651 791.0
681.146001901533 793.0
681.4008593526627 787.0
681.6557083774705 783.0
681.9105489754734 774.0
682.1653811461886 786.0
682.4202048891326 790.0
682.6750202038223 798.0
682.9298270897748 786.0
683.1846255465068 785.0
683.4394155735351 788.0
683.6941971703767 789.0
683.9489703365485 780.0
684.2037350715673 805.0
684.4584913749499 796.0
684.7132392462133 782.0
684.9679786848742 792.0
685.2227096904496 785.0
685.4774322624564 798.0
685.7321464004115 776.0
685.9868521038316 778.0
686.2415493722334 789.0
686.4962382051343 789.0
686.7509186020508 796.0
687.0055905624997 784.0
687.2602540859983 791.0
687.514909172063 781.0
687.7695558202109 776.0
688.0241940299587 800.0
688.2788238008236 786.0
688.5334451323221 791.0
688.7880580239712 790.0
689.042662475288 788.0
689.2972584857889 798.0
689.5518460549912 780.0
689.8064251824115 784.0
690.0609958675668 801.0
690.3155581099742 788.0
690.5701119091498 798.0
690.8246572646113 786.0
691.0791941758752 789.0
691.3337226424583 786.0
691.5882426638777 777.0
691.84275423965 789.0
692.0972573692924 817.0
692.3517520523214 830.0
692.6062382882542 847.0
692.8607160766074 883.0
693.1151854168979 888.0
693.3696463086428 872.0
693.6240987513587 845.0
693.8785427445628 814.0
694.1329782877717 798.0
694.3874053805022 781.0
694.6418240222713 794.0
694.8962342125958 791.0
695.1506359509929 784.0
695.405029236979 771.0
695.6594140700711 790.0
695.9137904497863 783.0
696.168158375641 787.0
696.4225178471527 778.0
696.676868863838 784.0
696.9312114252134 788.0
697.1855455307963 785.0
697.4398711801031 791.0
697.6941883726512 792.0
697.9484971079568 787.0
698.2027973855375 794.0
698.4570892049098 785.0
698.7113725655903 805.0
698.9656474670965 782.0
699.2199139089445 792.0
699.4741718906519 784.0
699.7284214117353 775.0
699.9826624717113 785.0
700.2368950700971 798.0
700.4911192064093 775.0
700.7453348801653 782.0
700.9995420908814 798.0
701.2537408380745 792.0
701.5079311212619 791.0
701.7621129399598 791.0
702.016286293686 791.0
702.2704511819566 814.0
702.5246076042886 819.0
702.778755560199 851.0
703.0328950492045 902.0
703.2870260708224 892.0
703.5411486245691 898.0
703.7952627099618 896.0
704.0493683265172 824.0
704.3034654737519 792.0
704.5575541511835 790.0
704.8116343583279 792.0
705.0657060947029 766.0
705.3197693598249 786.0
705.5738241532106 788.0
705.8278704743772 795.0
706.0819083228414 788.0
706.3359376981203 790.0
706.5899585997306 784.0
706.8439710271889 791.0
707.0979749800126 802.0
707.3519704577179 787.0
707.6059574598225 798.0
707.8599359858429 783.0
708.1139060352955 787.0
708.3678676076978 784.0
708.6218207025663 790.0
708.8757653194182 779.0
709.12970145777 797.0
709.3836291171389 774.0
709.6375482970416 793.0
709.8914589969946 788.0
710.1453612165157 785.0
710.3992549551208 781.0
710.6531402123275 782.0
710.9070169876522 793.0
711.1608852806118 776.0
711.4147450907236 801.0
711.6685964175037 785.0
711.9224392604699 772.0
712.1762736191384 784.0
712.4300994930262 784.0
712.6839168816504 801.0
712.9377257845274 800.0
713.1915262011746 801.0
713.4453181311087 783.0
713.6991015738463 793.0
713.9528765289045 778.0
714.2066429958 788.0
714.4604009740502 774.0
714.7141504631712 778.0
714.9678914626805 791.0
715.2216239720948 791.0
715.4753479909306 783.0
715.7290635187052 784.0
715.982770554935 790.0
716.2364690991376 786.0
716.4901591508293 770.0
716.743840709527 798.0
716.9975137747479 788.0
717.2511783460084 806.0
717.5048344228259 793.0
717.7584820047169 800.0
718.0121210911982 796.0
718.2657516817872 796.0
718.519373776 796.0
718.772987373354 797.0
719.026592473366 792.0
719.2801890755527 789.0
719.5337771794311 782.0
719.7873567845179 783.0
720.0409278903304 778.0
720.294490496385 789.0
720.5480446021987 774.0
720.8015902072887 786.0
721.0551273111711 782.0
721.3086559133636 790.0
721.5621760133826 781.0
721.815687610745 792.0
722.0691907049679 794.0
722.3226852955679 780.0
722.5761713820622 798.0
722.8296489639672 782.0
723.0831180408002 790.0
723.3365786120778 782.0
723.5900306773169 790.0
723.8434742360346 802.0
724.0969092877473 812.0
724.3503358319725 836.0
724.6037538682267 839.0
724.8571633960265 833.0
725.1105644148894 827.0
725.3639569243315 793.0
725.6173409238706 787.0
725.8707164130229 787.0
726.1240833913054 777.0
726.3774418582351 788.0
726.6307918133285 774.0
726.8841332561029 784.0
727.137466186075 797.0
727.3907906027619 797.0
727.6441065056802 782.0
727.8974138943464 786.0
728.1507127682783 781.0
728.4040031269918 788.0
728.6572849700045 788.0
728.9105582968331 785.0
729.1638231069941 784.0
729.4170794000048 782.0
729.6703271753817 784.0
729.923566432642 787.0
730.1767971713025 787.0
730.4300193908798 786.0
730.6832330908911 802.0
730.936438270853 789.0
731.1896349302828 788.0
731.442823068697 781.0
731.6960026856123 806.0
731.949173780546 784.0
732.2023363530145 786.0
732.4554904025351 787.0
732.7086359286245 793.0
732.9617729307997 796.0
733.2149014085775 785.0
733.4680213614745 790.0
733.7211327890079 784.0
733.9742356906943 778.0
734.2273300660511 791.0
734.4804159145946 804.0
734.7334932358416 795.0
734.9865620293094 808.0
735.2396222945147 799.0
735.4926740309744 784.0
735.7457172382054 789.0
735.9987519157243 797.0
736.2517780630484 779.0
736.504795679694 786.0
736.7578047651785 795.0
737.0108053190187 792.0
737.2637973407312 787.0
737.516780829833 795.0
737.769755785841 791.0
738.0227222082721 786.0
738.2756800966428 781.0
738.5286294504706 785.0
738.781570269272 793.0
739.0345025525638 800.0
739.2874262998632 796.0
739.5403415106866 771.0
739.7932481845512 783.0
740.046146320974 788.0
740.2990359194714 797.0
740.5519169795606 799.0
740.8047895007583 794.0
741.0576534825816 791.0
741.3105089245472 797.0
741.563355826172 791.0
741.8161941869729 781.0
742.0690240064664 788.0
742.3218452841702 780.0
742.5746580196005 781.0
742.8274622122741 780.0
743.0802578617083 788.0
743.3330449674197 789.0
743.5858235289254 796.0
743.8385935457418 804.0
744.0913550173865 795.0
744.3441079433758 797.0
744.5968523232264 788.0
744.8495881564559 801.0
745.1023154425804 785.0
745.3550341811174 782.0
745.6077443715835 793.0
745.8604460134952 796.0
746.1131391063701 801.0
746.3658236497243 807.0
746.6184996430754 794.0
746.87116708594 799.0
747.1238259778346 788.0
747.3764763182764 787.0
747.6291181067822 790.0
747.8817513428692 806.0
748.1343760260539 798.0
748.3869921558529 795.0
748.6395997317837 782.0
748.8921987533628 801.0
749.1447892201071 800.0
749.3973711315336 797.0
749.6499444871589 792.0
749.9025092865003 802.0
750.1550655290741 795.0
750.4076132143978 793.0
750.6601523419877 789.0
750.912682911361 780.0
751.1652049220347 781.0
751.4177183735251 783.0
751.6702232653497 792.0
751.9227195970248 798.0
752.1752073680677 802.0
752.4276865779954 788.0
752.680157226324 790.0
752.9326193125712 789.0
753.1850728362533 785.0
753.4375177968876 785.0
753.6899541939908 778.0
753.9423820270795 787.0
754.194801295671 794.0
754.4472119992819 791.0
754.6996141374291 796.0
754.9520077096296 788.0
755.2043927154 793.0
755.4567691542577 802.0
755.7091370257187 797.0
755.9614963293008 791.0
756.2138470645202 786.0
756.4661892308942 781.0
756.7185228279395 786.0
756.9708478551728 793.0
757.2231643121112 781.0
757.4754721982714 776.0
757.7277715131704 786.0
757.9800622563251 782.0
758.2323444272521 776.0
758.4846180254688 782.0
758.7368830504913 791.0
758.9891395018373 793.0
759.2413873790232 799.0
759.4936266815657 793.0
759.7458574089821 783.0
759.9980795607888 794.0
760.2502931365033 783.0
760.502498135642 783.0
760.7546945577217 781.0
761.0068824022595 794.0
761.2590616687722 803.0
761.5112323567769 808.0
761.7633944657899 797.0
762.0155479953288 785.0
762.26769294491 800.0
762.5198293140501 786.0
762.7719571022666 786.0
763.024076309076 799.0
763.2761869339953 806.0
763.5282889765415 792.0
763.780382436231 806.0
764.032467312581 788.0
764.2845436051083 793.0
764.53661131333 779.0
764.7886704367629 788.0
765.0407209749233 802.0
765.2927629273288 799.0
765.5447962934958 779.0
765.7968210729414 787.0
766.0488372651824 791.0
766.3008448697357 781.0
766.5528438861181 790.0
766.8048343138464 782.0
767.0568161524378 788.0
767.3087894014087 772.0
767.5607540602764 793.0
767.8127101285577 780.0
768.0646576057691 806.0
768.3165964914278 791.0
768.5685267850505 796.0
768.8204484861544 789.0
769.0723615942561 790.0
769.3242661088722 789.0
769.5761620295201 790.0
769.8280493557162 788.0
770.0799280869778 798.0
770.3317982228216 796.0
770.5836597627642 790.0
770.835512706323 780.0
771.0873570530143 790.0
771.3391928023555 797.0
771.591019953863 790.0
771.8428385070538 784.0
772.094648461445 792.0
772.3464498165532 780.0
772.5982425718955 781.0
772.8500267269885 781.0
773.1018022813494 789.0
773.3535692344948 788.0
773.6053275859415 796.0
773.8570773352067 788.0
774.108818481807 773.0
774.3605510252594 785.0
774.6122749650807 782.0
774.8639903007878 802.0
775.1156970318975 795.0
775.3673951579267 784.0
775.6190846783925 792.0
775.8707655928115 790.0
776.1224379007004 798.0
776.3741016015766 801.0
776.6257566949563 813.0
776.8774031803571 791.0
777.1290410572955 804.0
777.3806703252881 802.0
777.6322909838522 801.0
777.8839030325043 797.0
778.1355064707618 791.0
778.3871012981411 790.0
778.6386875141592 776.0
778.890265118333 797.0
779.1418341101793 790.0
779.3933944892151 793.0
779.6449462549571 779.0
779.8964894069222 788.0
780.1480239446275 776.0
780.3995498675895 780.0
780.6510671753255 801.0
780.9025758673517 786.0
781.1540759431858 790.0
781.4055674023442 778.0
781.6570502443437 791.0
781.9085244687013 790.0
782.159990074934 808.0
782.4114470625585 794.0
782.6628954310918 781.0
782.9143351800503 777.0
783.1657663089516 788.0
783.4171888173119 795.0
783.6686027046486 779.0
783.9200079704783 792.0
784.1714046143178 791.0
784.4227926356843 785.0
784.6741720340941 790.0
784.9255428090647 785.0
785.1769049601126 789.0
785.4282584867548 795.0
785.6796033885082 788.0
785.9309396648893 789.0
786.1822673154155 796.0
786.4335863396033 808.0
786.6848967369698 801.0
786.9361985070317 776.0
787.1874916493058 781.0
787.4387761633094 780.0
787.6900520485588 779.0
787.9413193045713 787.0
788.1925779308636 788.0
788.4438279269523 768.0
788.6950692923548 791.0
788.9463020265875 793.0
789.1975261291677 785.0
789.448741599612 793.0
789.6999484374371 787.0
789.9511466421604 793.0
790.2023362132982 792.0
790.4535171503677 784.0
790.7046894528855 804.0
790.9558531203689 785.0
791.2070081523347 789.0
791.458154548299 784.0
791.7092923077797 780.0
791.9604214302931 789.0
792.2115419153562 792.0
792.462653762486 772.0
792.7137569711989 781.0
792.9648515410123 788.0
793.2159374714428 787.0
793.4670147620074 782.0
793.718083412223 792.0
793.9691434216061 799.0
794.220194789674 801.0
794.4712375159432 782.0
794.722271599931 797.0
794.9732970411541 794.0
795.2243138391292 790.0
795.4753219933733 785.0
795.7263215034031 782.0
795.9773123687357 794.0
796.2282945888878 785.0
796.4792681633767 783.0
796.7302330917187 790.0
796.9811893734307 796.0
797.23213700803 786.0
797.483075995033 789.0
797.7340063339569 784.0
797.9849280243186 789.0
798.2358410656345 794.0
798.4867454574222 788.0
798.7376411991978 784.0
798.9885282904788 790.0
799.2394067307818 792.0
799.4902765196234 799.0
799.741137656521 778.0
799.9919901409909 790.0
800.2428339725506 784.0
800.4936691507165 776.0
800.7444956750055 777.0
800.9953135449347 799.0
801.2461227600207 780.0
801.4969233197808 789.0
801.7477152237312 786.0
801.9984984713894 793.0
802.2492730622722 793.0
802.5000389958959 792.0
802.7507962717781 784.0
803.0015448894349 784.0
803.252284848384 789.0
803.5030161481417 793.0
803.7537387882248 788.0
804.0044527681507 778.0
804.2551580874358 776.0
804.5058547455972 762.0
804.7565427421519 805.0
805.0072220766161 793.0
805.2578927485075 800.0
805.5085547573423 790.0
805.7592081026379 786.0
806.009852783911 784.0
806.2604888006782 799.0
806.5111161524568 801.0
806.7617348387631 786.0
807.0123448591147 784.0
807.2629462130279 788.0
807.5135389000196 794.0
807.7641229196071 795.0
808.0146982713067 782.0
808.2652649546358 801.0
808.5158229691108 785.0
808.7663723142489 801.0
809.016912989567 795.0
809.2674449945815 798.0
809.5179683288098 777.0
809.7684829917686 794.0
810.0189889829746 789.0
810.269486301945 785.0
810.5199749481961 774.0
810.7704549212456 787.0
811.0209262206095 793.0
811.2713888458052 788.0
811.5218427963496 785.0
811.7722880717591 781.0
812.022724671551 788.0
812.2731525952421 786.0
812.5235718423493 779.0
812.7739824123893 780.0
813.0243843048788 781.0
813.2747775193352 791.0
813.5251620552749 796.0
813.7755379122152 785.0
814.0259050896724 783.0
814.276263587164 802.0
814.5266134042064 787.0
814.7769545403165 775.0
815.0272869950115 790.0
815.2776107678079 785.0
815.5279258582229 785.0
815.7782322657732 783.0
816.0285299899754 775.0
816.2788190303468 781.0
816.529099386404 794.0
816.7793710576641 786.0
817.0296340436439 775.0
817.2798883438601 784.0
817.5301339578298 791.0
817.7803708850694 780.0
818.0305991250964 783.0
818.2808186774273 794.0
818.531029541579 803.0
818.7812317170685 786.0
819.0314252034124 792.0
819.281610000128 786.0
819.5317861067317 784.0
819.7819535227408 784.0
820.0321122476719 786.0
820.2822622810417 775.0
820.5324036223675 784.0
820.7825362711658 800.0
821.0326602269538 772.0
821.2827754892483 780.0
821.5328820575656 788.0
821.7829799314234 794.0
822.033069110338 785.0
822.2831495938267 796.0
822.5332213814061 775.0
822.7832844725929 792.0
823.0333388669044 787.0
823.283384563857 781.0
823.533421562968 784.0
823.7834498637541 784.0
824.033469465732 787.0
824.2834803684189 786.0
824.5334825713311 777.0
824.7834760739862 796.0
825.0334608759005 787.0
825.2834369765912 777.0
825.5334043755751 773.0
825.7833630723688 777.0
826.0333130664897 783.0
826.2832543574541 773.0
826.5331869447793 787.0
826.783110827982 783.0
827.0330260065789 791.0
827.2829324800872 794.0
827.5328302480233 785.0
827.7827193099047 797.0
828.032599665248 784.0
828.2824713135695 783.0
828.532334254387 778.0
828.7821884872168 785.0
829.0320340115759 788.0
829.2818708269813 781.0
829.5316989329494 780.0
829.7815183289979 781.0
830.0313290146428 793.0
830.2811309894015 797.0
830.5309242527906 783.0
830.7807088043272 780.0
831.0304846435281 788.0
831.2802517699099 798.0
831.5300101829899 795.0
831.7797598822846 776.0
832.0295008673112 782.0
832.2792331375864 792.0
832.5289566926268 790.0
832.7786715319497 787.0
833.0283776550717 787.0
833.27807506151 791.0
833.5277637507811 784.0
833.7774437224018 770.0
834.0271149758895 794.0
834.2767775107606 790.0
834.526431326532 780.0
834.7760764227208 789.0
835.0257127988438 784.0
835.2753404544177 791.0
835.5249593889594 777.0
835.774569601986 758.0
836.0241710930143 784.0
836.2737638615607 780.0
836.5233479071428 786.0
836.7729232292768 782.0
837.0224898274802 796.0
837.2720477012693 794.0
837.5215968501614 804.0
837.7711372736733 788.0
838.0206689713215 776.0
838.2701919426232 788.0
838.5197061870952 776.0
838.7692117042545 774.0
839.0187084936177 787.0
839.2681965547017 774.0
839.5176758870236 787.0
839.7671464901001 794.0
840.0166083634483 797.0
840.2660615065847 807.0
840.5155059190262 786.0
840.7649416002901 791.0
841.0143685498927 793.0
841.2637867673512 797.0
841.5131962521828 779.0
841.7625970039035 784.0
842.0119890220308 787.0
842.2613723060813 792.0
842.5107468555723 792.0
842.76011267002 798.0
843.0094697489418 790.0
843.2588180918546 805.0
843.5081576982747 785.0
843.7574885677194 791.0
844.0068106997054 785.0
844.25612409375 768.0
844.5054287493696 784.0
844.754724666081 781.0
845.0040118434015 797.0
845.2532902808475 779.0
845.5025599779364 782.0
845.7518209341847 774.0
846.0010731491091 794.0
846.2503166222269 772.0
846.4995513530547 780.0
846.7487773411094 789.0
846.9979945859081 788.0
847.2472030869674 778.0
847.4964028438043 785.0
847.7455938559353 798.0
847.994776122878 778.0
848.2439496441485 779.0
848.4931144192642 777.0
848.7422704477419 779.0
848.9914177290981 785.0
849.2405562628502 781.0
849.4896860485144 782.0
849.7388070856083 786.0
849.9879193736485 788.0
850.2370229121515 787.0
850.4861177006346 782.0
850.7352037386146 785.0
850.9842810256082 777.0
851.2333495611326 776.0
851.482409344704 768.0
851.7314603758401 776.0
851.9805026540571 786.0
852.2295361788724 771.0
852.4785609498026 787.0
852.7275769663643 790.0
852.9765842280748 771.0
853.2255827344507 777.0
853.4745724850093 778.0
853.7235534792667 792.0
853.9725257167406 777.0
854.2214891969475 801.0
854.4704439194039 772.0
854.7193898836274 783.0
854.9683270891342 771.0
855.2172555354416 790.0
855.4661752220665 784.0
855.7150861485252 776.0
855.9639883143353 778.0
856.212881719013 798.0
856.4617663620759 793.0
856.7106422430403 793.0
856.9595093614231 774.0
857.2083677167415 796.0
857.4572173085119 779.0
857.7060581362517 784.0
857.9548901994776 790.0
858.2037134977061 781.0
858.4525280304546 787.0
858.7013337972394 776.0
858.950130797578 772.0
859.1989190309868 779.0
859.4476984969828 772.0
859.696469195083 779.0
859.9452311248039 778.0
860.1939842856627 782.0
860.4427286771763 793.0
860.6914642988615 769.0
860.9401911502351 771.0
861.1889092308139 778.0
861.437618540115 785.0
861.686319077655 789.0
861.935010842951 797.0
862.1836938355198 784.0
862.432368054878 781.0
862.6810335005429 784.0
862.9296901720311 772.0
863.1783380688596 770.0
863.4269771905452 783.0
863.6756075366046 774.0
863.9242291065551 788.0
864.1728418999131 774.0
864.4214459161959 775.0
864.6700411549201 774.0
864.9186276156024 790.0
865.1672052977602 775.0
865.4157742009098 775.0
865.6643343245685 781.0
865.9128856682528 792.0
866.1614282314799 787.0
866.4099620137665 790.0
866.6584870146295 769.0
866.9070032335858 774.0
867.155510670152 775.0
867.4040093238455 801.0
867.6524991941827 791.0
867.9009802806806 783.0
868.1494525828563 787.0
868.3979161002262 787.0
868.6463708323078 787.0
868.8948167786174 779.0
869.1432539386718 781.0
869.3916823119887 774.0
869.6401018980839 777.0
869.8885126964751 773.0
870.1369147066789 780.0
870.3853079282118 781.0
870.6336923605911 777.0
870.8820680033335 778.0
871.1304348559562 789.0
871.3787929179755 774.0
871.6271421889087 780.0
871.8754826682726 770.0
872.1238143555837 774.0
872.3721372503595 772.0
872.6204513521162 794.0
872.8687566603713 770.0
873.1170531746413 782.0
873.365340894443 774.0
873.6136198192935 774.0
873.8618899487094 779.0
874.110151282208 780.0
874.3584038193057 778.0
874.6066475595196 774.0
874.8548825023668 786.0
875.1031086473636 772.0
875.3513259940273 789.0
875.5995345418747 780.0
875.8477342904224 783.0
876.0959252391877 775.0
876.3441073876871 774.0
876.5922807354377 788.0
876.8404452819562 787.0
877.0886010267599 787.0
877.3367479693651 773.0
877.5848861092887 788.0
877.8330154460481 788.0
878.0811359791594 800.0
878.3292477081402 792.0
878.5773506325071 779.0
878.8254447517768 778.0
879.0735300654665 795.0
879.3216065730924 776.0
879.5696742741723 784.0
879.8177331682225 788.0
880.0657832547598 771.0
880.3138245333014 770.0
880.5618570033639 780.0
880.8098806644645 770.0
881.0578955161196 787.0
881.3059015578464 781.0
881.5538987891618 786.0
881.8018872095822 778.0
882.0498668186252 776.0
882.297837615807 788.0
882.5457996006451 781.0
882.7937527726558 790.0
883.041697131356 781.0
883.2896326762632 781.0
883.5375594068934 778.0
883.7854773227642 770.0
884.0333864233922 781.0
884.2812867082938 768.0
884.5291781769868 784.0
884.7770608289871 794.0
885.0249346638125 790.0
885.2727996809792 781.0
885.5206558800041 782.0
885.7685032604046 786.0
886.0163418216969 784.0
886.2641715633982 780.0
886.5119924850256 784.0
886.7598045860955 786.0
887.007607866125 776.0
887.2554023246308 776.0
887.5031879611303 782.0
887.7509647751398 791.0
887.9987327661763 782.0
888.2464919337567 788.0
888.4942422773979 794.0
888.7419837966169 783.0
888.9897164909302 787.0
889.2374403598551 786.0
889.4851554029083 785.0
889.7328616196063 794.0
889.9805590094667 770.0
890.2282475720056 796.0
890.4759273067405 791.0
890.7235982131879 787.0
890.9712602908646 784.0
891.218913539288 784.0
891.4665579579743 771.0
891.7141935464408 779.0
891.9618203042044 789.0
892.2094382307815 773.0
892.4570473256895 777.0
892.7046475884449 771.0
892.9522390185649 778.0
893.1998216155661 778.0
893.4473953789653 780.0
893.6949603082797 777.0
893.9425164030258 778.0
894.1900636627211 778.0
894.4376020868815 769.0
894.6851316750246 807.0
894.9326524266672 787.0
895.1801643413257 793.0
895.4276674185177 783.0
895.6751616577593 762.0
895.922647058568 778.0
896.1701236204603 772.0
896.4175913429531 785.0
896.6650502255636 793.0
896.912500267808 776.0
897.159941469204 788.0
897.4073738292678 783.0
897.6547973475165 791.0
897.9022120234671 781.0
898.1496178566362 779.0
898.3970148465409 780.0
898.644402992698 764.0
898.8917822946241 768.0
899.1391527518367 773.0
899.386514363852 783.0
899.6338671301874 793.0
899.8812110503592 783.0
900.1285461238849 772.0
900.375872350281 786.0
900.6231897290643 789.0
900.8704982597519 780.0
901.1177979418604 777.0
901.3650887749071 787.0
901.6123707584086 768.0
901.8596438918815 776.0
902.106908174843 778.0
902.35416360681 771.0
902.6014101872993 779.0
902.8486479158278 782.0
903.095876791912 774.0
903.3430968150694 773.0
903.5903079848164 786.0
903.83751030067 793.0
904.0847037621473 784.0
904.3318883687646 782.0
904.5790641200394 783.0
904.826231015488 773.0
905.0733890546279 770.0
905.3205382369753 768.0
905.5676785620476 794.0
905.8148100293615 789.0
906.0619326384336 789.0
906.3090463887813 780.0
906.5561512799208 774.0
906.8032473113697 772.0
907.0503344826443 781.0
907.2974127932616 773.0
907.5444822427387 777.0
907.7915428305921 781.0
908.038594556339 781.0
908.2856374194963 781.0
908.5326714195803 788.0
908.7796965561088 778.0
909.0267128285976 767.0
909.2737202365645 772.0
909.520718779526 778.0
909.7677084569985 782.0
910.0146892684998 776.0
910.261661213546 780.0
910.5086242916544 787.0
910.7555785023416 790.0
911.0025238451248 776.0
911.2494603195206 787.0
911.4963879250456 776.0
911.7433066612174 775.0
911.9902165275522 783.0
912.2371175235672 787.0
912.4840096487795 787.0
912.7308929027052 775.0
912.9777672848619 772.0
913.2246327947661 774.0
913.4714894319347 774.0
913.7183371958849 778.0
913.965176086133 791.0
914.2120061021965 778.0
914.4588272435916 772.0
914.7056395098358 778.0
914.9524429004457 774.0
915.1992374149379 784.0
915.4460230528298 777.0
915.6927998136375 787.0
915.9395676968788 780.0
916.1863267020701 765.0
916.4330768287281 776.0
916.67981807637 793.0
916.9265504445123 788.0
917.1732739326723 794.0
917.4199885403666 762.0
917.6666942671121 789.0
917.9133911124259 784.0
918.1600790758242 771.0
918.4067581568248 793.0
918.6534283549438 784.0
918.9000896696987 775.0
919.1467421006058 779.0
919.3933856471822 779.0
919.6400203089449 797.0
919.8866460854103 785.0
920.1332629760961 789.0
920.3798709805186 779.0
920.6264700981943 779.0
920.8730603286409 781.0
921.1196416713748 786.0
921.3662141259131 778.0
921.6127776917724 788.0
921.8593323684695 796.0
922.1058781555217 771.0
922.3524150524454 781.0
922.598943058758 782.0
922.8454621739758 788.0
923.0919723976159 789.0
923.3384737291954 789.0
923.5849661682307 777.0
923.8314497142393 774.0
924.0779243667373 795.0
924.3243901252423 772.0
924.5708469892709 792.0
924.8172949583395 775.0
925.0637340319656 774.0
925.3101642096658 777.0
925.5565854909571 785.0
925.8029978753563 775.0
926.04940136238 782.0
926.2957959515456 783.0
926.5421816423694 773.0
926.7885584343687 790.0
927.0349263270604 778.0
927.281285319961 772.0
927.5276354125876 790.0
927.7739766044568 773.0
928.020308895086 782.0
928.2666322839915 791.0
928.5129467706906 780.0
928.7592523547 775.0
929.0055490355364 775.0
929.2518368127171 768.0
929.4981156857584 796.0
929.7443856541778 785.0
929.9906467174917 782.0
930.2368988752169 773.0
930.4831421268707 795.0
930.7293764719695 785.0
930.9756019100306 783.0
931.2218184405708 780.0
931.4680260631065 772.0
931.7142247771553 778.0
931.9604145822334 765.0
932.2065954778582 774.0
932.4527674635461 788.0
932.6989305388141 787.0
932.9450847031794 781.0
933.1912299561584 780.0
933.4373662972685 765.0
933.6834937260257 779.0
933.929612241948 779.0
934.1757218445516 788.0
934.4218225333533 785.0
934.6679143078701 784.0
934.913997167619 787.0
935.1600711121167 786.0
935.4061361408803 788.0
935.6521922534262 794.0
935.8982394492718 773.0
936.1442777279336 798.0
936.3903070889288 787.0
936.636327531774 772.0
936.882339055986 801.0
937.128341661082 772.0
937.3743353465785 775.0
937.6203201119927 780.0
937.8662959568414 771.0
938.1122628806411 773.0
938.3582208829092 776.0
938.6041699631621 771.0
938.8501101209171 773.0
939.0960413556905 771.0
939.341963667 803.0
939.5878770543618 787.0
939.8337815172929 786.0
940.0796770553103 773.0
940.3255636679306 782.0
940.5714413546712 772.0
940.8173101150486 784.0
941.0631699485793 786.0
941.309020854781 795.0
941.5548628331699 802.0
941.8006958832632 774.0
942.0465200045778 778.0
942.2923351966301 773.0
942.5381414589376 785.0
942.7839387910167 790.0
943.0297271923846 765.0
943.275506662558 784.0
943.5212772010536 795.0
943.7670388073888 788.0
944.0127914810797 792.0
944.2585352216438 788.0
944.504270028598 770.0
944.7499959014584 776.0
944.9957128397427 794.0
945.2414208429674 798.0
945.4871199106495 789.0
945.7328100423057 784.0
945.978491237453 783.0
946.2241634956084 789.0
946.4698268162882 782.0
946.71548119901 788.0
946.9611266432901 782.0
947.2067631486459 790.0
947.4523907145939 789.0
947.6980093406509 800.0
947.943619026334 791.0
948.1892197711599 788.0
948.4348115746456 788.0
948.680394436308 785.0
948.9259683556636 787.0
949.17153333223 780.0
949.4170893655231 792.0
949.6626364550607 781.0
949.9081746003591 785.0
950.1537038009352 774.0
950.3992240563063 785.0
950.6447353659886 789.0
950.8902377294995 779.0
951.1357311463555 761.0
951.381215616074 778.0
951.6266911381715 769.0
951.8721577121647 778.0
952.1176153375708 796.0
952.3630640139064 780.0
952.6085037406887 793.0
952.8539345174344 786.0
953.09935634366 781.0
953.3447692188829 785.0
953.5901731426196 788.0
953.8355681143876 768.0
954.080954133703 786.0
954.326331200083 789.0
954.5716993130445 799.0
954.8170584721041 794.0
955.0624086767792 783.0
955.3077499265863 772.0
955.5530822210421 779.0
955.798405559664 778.0
956.0437199419682 789.0
956.2890253674723 777.0
956.5343218356925 780.0
956.7796093461461 785.0
957.02488789835 785.0
957.2701574918206 780.0
957.5154181260752 765.0
957.7606698006304 791.0
958.0059125150034 795.0
958.2511462687107 789.0
958.4963710612694 780.0
958.7415868921963 793.0
958.9867937610082 775.0
959.2319916672224 794.0
959.4771806103552 769.0
959.7223605899235 788.0
959.9675316054446 788.0
960.2126936564348 793.0
960.4578467424116 788.0
960.7029908628915 774.0
960.9481260173911 786.0
961.193252205428 790.0
961.4383694265184 794.0
961.6834776801796 772.0
961.9285769659282 779.0
962.1736672832812 778.0
962.4187486317555 781.0
962.6638210108677 768.0
962.908884420135 796.0
963.153938859074 779.0
963.3989843272019 780.0
963.6440208240352 784.0
963.889048349091 773.0
964.1340669018862 785.0
964.3790764819373 775.0
964.6240770887617 785.0
964.8690687218761 787.0
965.114051380797 788.0
965.3590250650417 777.0
965.6039897741268 798.0
965.8489455075695 782.0
966.0938922648864 787.0
966.3388300455941 783.0
966.5837588492103 783.0
966.8286786752509 785.0
967.0735895232334 775.0
967.3184913926743 786.0
967.5633842830911 793.0
967.808268194 795.0
968.0531431249179 798.0
968.2980090753622 789.0
968.5428660448491 790.0
968.7877140328961 778.0
969.0325530390197 784.0
969.2773830627367 769.0
969.5222041035643 784.0
969.7670161610189 777.0
970.0118192346179 787.0
970.2566133238779 782.0
970.5013984283155 777.0
970.746174547448 765.0
970.990941680792 790.0
971.2356998278649 784.0
971.480448988183 792.0
971.725189161263 791.0
971.9699203466223 786.0
972.2146425437775 786.0
972.4593557522456 785.0
972.7040599715434 790.0
972.9487552011876 790.0
973.1934414406954 793.0
973.4381186895833 785.0
973.6827869473685 803.0
973.9274462135677 789.0
974.1720964876979 790.0
974.4167377692759 787.0
974.6613700578182 773.0
974.9059933528424 791.0
975.1506076538647 792.0
975.3952129604023 777.0
975.6398092719721 781.0
975.8843965880908 793.0
976.1289749082755 806.0
976.3735442320426 778.0
976.6181045589096 788.0
976.862655888393 777.0
977.1071982200094 780.0
977.3517315532764 788.0
977.5962558877101 783.0
977.840771222828 791.0
978.0852775581467 778.0
978.3297748931827 780.0
978.5742632274536 770.0
978.8187425604756 787.0
979.063212891766 780.0
979.3076742208415 785.0
979.5521265472191 798.0
979.7965698704156 786.0
980.0410041899477 793.0
980.2854295053326 783.0
980.5298458160865 786.0
980.7742531217272 778.0
981.0186514217711 782.0
981.2630407157347 782.0
981.5074210031356 784.0
981.7517922834901 792.0
981.9961545563154 794.0
982.2405078211283 795.0
982.4848520774455 789.0
982.729187324784 779.0
982.9735135626606 782.0
983.2178307905924 796.0
983.4621390080961 784.0
983.7064382146882 779.0
983.9507284098863 772.0
984.1950095932067 780.0
984.4392817641666 769.0
984.6835449222825 777.0
984.9277990670716 778.0
985.1720441980509 789.0
985.4162803147366 789.0
985.6605074166464 783.0
985.9047255032964 785.0
986.1489345742042 783.0
986.3931346288863 778.0
986.6373256668593 782.0
986.8815076876406 790.0
987.1256806907464 785.0
987.3698446756944 788.0
987.613999642001 793.0
987.8581455891829 780.0
988.1022825167574 780.0
988.3464104242408 785.0
988.5905293111508 794.0
988.8346391770036 799.0
989.0787400213161 776.0
989.3228318436055 774.0
989.5669146433884 788.0
989.8109884201817 780.0
990.0550531735024 779.0
990.2991089028674 787.0
990.5431556077934 786.0
990.7871932877973 788.0
991.031221942396 785.0
991.2752415711062 775.0
991.5192521734452 781.0
991.7632537489297 778.0
992.0072462970761 789.0
992.251229817402 790.0
992.4952043094236 786.0
992.7391697726582 786.0
992.9831262066227 789.0
993.2270736108336 796.0
993.4710119848082 784.0
993.7149413280629 780.0
993.958861640115 782.0
994.2027729204812 798.0
994.4466751686781 790.0
994.6905683842231 784.0
994.9344525666326 781.0
995.1783277154237 783.0
995.4221938301132 772.0
995.6660509102181 773.0
995.9098989552552 792.0
996.1537379647411 774.0
996.3975679381932 766.0
996.6413888751279 777.0
996.8852007750622 790.0
997.1290036375133 789.0
997.3727974619973 792.0
997.6165822480319 783.0
997.8603579951333 780.0
998.104124702819 777.0
998.3478823706055 781.0
998.5916309980095 786.0
998.8353705845483 784.0
999.0791011297383 786.0
999.3228226330968 790.0
999.5665350941406 785.0
999.8102385123861 789.0
1000.0539328873509 803.0
1000.2976182185512 792.0
1000.5412945055043 786.0
1000.7849617477269 791.0
1001.0286199447357 790.0
1001.2722690960481 793.0
1001.5159092011804 783.0
1001.75954025965 795.0
1002.003162270973 799.0
1002.246775234667 792.0
1002.4903791502487 779.0
1002.7339740172346 787.0
1002.9775598351421 799.0
1003.2211366034876 792.0
1003.4647043217884 775.0
1003.7082629895611 774.0
1003.9518126063224 780.0
1004.1953531715895 780.0
1004.4388846848791 776.0
1004.6824071457083 789.0
1004.9259205535938 786.0
1005.1694249080521 787.0
1005.4129202086007 771.0
1005.6564064547559 789.0
1005.8998836460353 782.0
1006.1433517819551 784.0
1006.3868108620323 787.0
1006.6302608857841 795.0
1006.8737018527269 786.0
1007.1171337623779 798.0
1007.3605566142537 794.0
1007.6039704078715 781.0
1007.8473751427481 779.0
1008.0907708184001 781.0
1008.3341574343445 780.0
1008.5775349900982 786.0
1008.8209034851784 783.0
1009.0642629191013 777.0
1009.3076132913841 788.0
1009.5509546015439 782.0
1009.7942868490973 774.0
1010.0376100335611 795.0
1010.2809241544525 795.0
1010.5242292112879 786.0
1010.7675252035845 791.0
1011.010812130859 785.0
1011.2540899926286 802.0
1011.4973587884098 774.0
1011.7406185177194 776.0
1011.9838691800747 781.0
1012.2271107749921 780.0
1012.470343301989 789.0
1012.7135667605817 787.0
1012.9567811502875 779.0
1013.1999864706231 780.0
1013.4431827211052 782.0
1013.686369901251 788.0
1013.929548010577 790.0
1014.1727170486006 789.0
1014.4158770148383 787.0
1014.6590279088067 770.0
1014.9021697300233 798.0
1015.1453024780044 780.0
1015.3884261522674 795.0
1015.6315407523286 784.0
1015.8746462777051 774.0
1016.1177427279141 791.0
1016.3608301024719 786.0
1016.603908400896 779.0
1016.8469776227028 777.0
1017.0900377674091 794.0
1017.3330888345322 789.0
1017.5761308235883 781.0
1017.8191637340951 785.0
1018.0621875655689 795.0
1018.3052023175269 788.0
1018.5482079894858 785.0
1018.7912045809622 780.0
1019.0341920914735 791.0
1019.2771705205361 774.0
1019.5201398676672 785.0
1019.7631001323837 784.0
1020.006051314202 785.0
1020.2489934126395 781.0
1020.4919264272125 793.0
1020.7348503574386 786.0
1020.9777652028342 790.0
1021.2206709629161 774.0
1021.4635676372014 793.0
1021.7064552252067 801.0
1021.9493337264495 802.0
1022.1922031404459 781.0
1022.4350634667132 785.0
1022.6779147047681 779.0
1022.9207568541273 785.0
1023.1635899143083 785.0
1023.4064138848273 773.0
1023.6492287652015 794.0
1023.8920345549478 800.0
1024.134831253583 792.0
1024.377618860624 786.0
1024.6203973755871 783.0
1024.8631667979898 788.0
1025.1059271273493 781.0
1025.3486783631818 799.0
1025.5914205050044 788.0
1025.8341535523336 778.0
1026.076877504687 795.0
1026.3195923615808 794.0
1026.5622981225324 800.0
1026.8049947870584 795.0
1027.0476823546753 770.0
1027.2903608249007 781.0
1027.5330301972513 789.0
1027.7756904712435 790.0
1028.0183416463947 798.0
1028.260983722221 790.0
1028.5036166982402 785.0
1028.7462405739689 800.0
1028.9888553489234 790.0
1029.2314610226213 776.0
1029.474057594579 773.0
1029.7166450643138 780.0
1029.9592234313418 780.0
1030.2017926951808 765.0
1030.4443528553472 791.0
1030.6869039113576 772.0
1030.9294458627296 789.0
1031.1719787089794 795.0
1031.414502449624 800.0
1031.6570170841808 794.0
1031.8995226121658 796.0
1032.1420190330966 782.0
1032.3845063464896 777.0
1032.6269845518618 762.0
1032.8694536487305 788.0
1033.111913636612 771.0
1033.3543645150232 794.0
1033.596806283481 792.0
1033.8392389415026 762.0
1034.081662488605 787.0
1034.324076924304 778.0
1034.566482248118 785.0
1034.8088784595625 784.0
1035.0512655581551 783.0
1035.2936435434124 793.0
1035.5360124148515 778.0
1035.778372171989 790.0
1036.020722814342 783.0
1036.2630643414275 788.0
1036.5053967527615 788.0
1036.7477200478622 800.0
1036.9900342262456 790.0
1037.2323392874284 787.0
1037.4746352309282 787.0
1037.7169220562612 797.0
1037.9591997629448 792.0
1038.2014683504956 787.0
1038.4437278184303 784.0
1038.685978166266 778.0
1038.9282193935196 792.0
1039.170451499708 787.0
1039.4126744843477 771.0
1039.6548883469559 792.0
1039.8970930870496 789.0
1040.1392887041452 776.0
1040.3814751977598 785.0
1040.6236525674105 782.0
1040.8658208126137 780.0
1041.107979932887 779.0
1041.3501299277466 778.0
1041.5922707967095 790.0
1041.8344025392926 779.0
1042.0765251550129 798.0
1042.3186386433872 787.0
1042.5607430039322 781.0
1042.802838236165 794.0
1043.0449243396022 790.0
1043.2870013137613 780.0
1043.5290691581586 798.0
1043.7711278723107 778.0
1044.013177455735 776.0
1044.2552179079482 785.0
1044.4972492284676 785.0
1044.7392714168093 788.0
1044.9812844724902 797.0
1045.223288395028 795.0
1045.4652831839387 766.0
1045.70726883874 784.0
1045.949245358948 783.0
1046.1912127440798 784.0
1046.4331709936528 768.0
1046.675120107183 783.0
1046.9170600841878 783.0
1047.1589909241836 785.0
1047.400912626688 788.0
1047.6428251912175 775.0
1047.8847286172886 783.0
1048.1266229044188 792.0
1048.3685080521243 787.0
1048.6103840599228 772.0
1048.8522509273307 784.0
1049.0941086538646 796.0
1049.3359572390418 790.0
1049.577796682379 779.0
1049.819626983393 780.0
1050.061448141601 770.0
1050.3032601565194 770.0
1050.5450630276655 789.0
1050.7868567545556 790.0
1051.0286413367073 785.0
1051.270416773637 795.0
1051.5121830648616 782.0
1051.7539402098982 785.0
1051.9956882082631 793.0
1052.237427059474 786.0
1052.479156763047 771.0
1052.7208773184996 782.0
1052.9625887253483 795.0
1053.2042909831098 788.0
1053.4459840913016 785.0
1053.6876680494397 782.0
1053.929342857042 792.0
1054.1710085136244 775.0
1054.4126650187043 784.0
1054.6543123717986 788.0
1054.8959505724238 793.0
1055.1375796200969 790.0
1055.3791995143351 792.0
1055.620810254655 772.0
1055.8624118405735 783.0
1056.1040042716074 796.0
1056.3455875472737 780.0
1056.5871616670893 796.0
1056.8287266305706 779.0
1057.070282437235 776.0
1057.3118290865991 785.0
1057.5533665781802 779.0
1057.7948949114943 779.0
1058.0364140860593 773.0
1058.2779241013916 776.0
1058.5194249570077 792.0
1058.760916652425 787.0
1059.0023991871599 778.0
1059.24387256073 769.0
1059.4853367726514 777.0
1059.7267918224413 791.0
1059.968237709617 798.0
1060.2096744336943 798.0
1060.451101994191 780.0
1060.6925203906237 805.0
1060.933929622509 795.0
1061.1753296893642 781.0
1061.4167205907056 786.0
1061.6581023260508 792.0
1061.8994748949162 788.0
1062.1408382968189 788.0
1062.3821925312755 785.0
1062.6235375978026 792.0
1062.8648734959181 786.0
1063.1062002251376 777.0
1063.3475177849793 780.0
1063.588826174959 792.0
1063.830125394594 799.0
1064.0714154434013 795.0
1064.312696320897 783.0
1064.553968026599 793.0
1064.7952305600238 792.0
1065.036483920688 784.0
1065.2777281081087 784.0
1065.5189631218025 785.0
1065.7601889612868 781.0
1066.001405626078 769.0
1066.2426131156928 777.0
1066.4838114296492 779.0
1066.7250005674625 787.0
1066.9661805286507 789.0
1067.2073513127305 801.0
1067.4485129192178 787.0
1067.689665347631 793.0
1067.9308085974856 776.0
1068.1719426682996 776.0
1068.413067559589 780.0
1068.654183270871 778.0
1068.8952898016628 780.0
1069.1363871514804 774.0
1069.3774753198418 771.0
1069.618554306263 780.0
1069.8596241102612 784.0
1070.100684731353 785.0
1070.3417361690556 791.0
1070.582778422886 786.0
1070.8238114923604 785.0
1071.0648353769964 784.0
1071.3058500763104 771.0
1071.5468555898192 790.0
1071.7878519170404 791.0
1072.02883905749 775.0
1072.2698170106853 765.0
1072.5107857761434 770.0
1072.75174535338 792.0
1072.9926957419138 784.0
1073.23363694126 777.0
1073.4745689509368 778.0
1073.7154917704597 776.0
1073.9564053993467 782.0
1074.1973098371145 782.0
1074.4382050832794 795.0
1074.6790911373587 789.0
1074.9199679988692 794.0
1075.1608356673278 778.0
1075.4016941422512 783.0
1075.6425434231562 802.0
1075.8833835095604 787.0
1076.1242144009796 786.0
1076.3650360969316 797.0
1076.6058485969324 772.0
1076.8466519004996 778.0
1077.0874460071498 783.0
1077.3282309163997 792.0
1077.5690066277664 782.0
1077.8097731407665 780.0
1078.0505304549172 784.0
1078.2912785697354 781.0
1078.5320174847377 779.0
1078.772747199441 782.0
1079.0134677133622 777.0
1079.2541790260184 791.0
1079.4948811369263 810.0
1079.7355740456023 794.0
1079.9762577515642 797.0
1080.2169322543277 795.0
1080.4575975534112 790.0
1080.6982536483301 785.0
1080.9389005386022 794.0
1081.179538223744 779.0
1081.4201667032721 794.0
1081.6607859767041 784.0
1081.9013960435564 781.0
1082.1419969033457 789.0
1082.382588555589 772.0
1082.6231709998035 784.0
1082.863744235506 785.0
1083.104308262213 797.0
1083.3448630794412 799.0
1083.5854086867082 767.0
1083.8259450835303 774.0
1084.0664722694248 784.0
1084.306990243908 791.0
1084.5474990064974 790.0
1084.7879985567097 776.0
1085.0284888940612 782.0
1085.2689700180695 780.0
1085.509441928251 793.0
1085.749904624123 776.0
1085.990358105202 781.0
1086.2308023710048 781.0
1086.4712374210485 798.0
1086.71166325485 771.0
1086.9520798719261 777.0
1087.1924872717937 793.0
1087.4328854539694 784.0
1087.6732744179706 788.0
1087.9136541633134 782.0
1088.1540246895156 777.0
1088.3943859960934 781.0
1088.6347380825637 770.0
1088.8750809484436 780.0
1089.1154145932499 788.0
1089.3557390164995 794.0
1089.5960542177095 795.0
1089.836360196396 786.0
1090.0766569520767 787.0
1090.3169444842679 766.0
1090.557222792487 766.0
1090.7974918762502 784.0
1091.037751735075 792.0
1091.2780023684782 803.0
1091.518243775976 792.0
1091.7584759570861 775.0
1091.9986989113247 780.0
1092.2389126382093 755.0
1092.4791171372563 781.0
1092.7193124079827 784.0
1092.9594984499054 772.0
1093.1996752625412 791.0
1093.4398428454072 784.0
1093.68000119802 787.0
1093.9201503198965 794.0
1094.1602902105537 785.0
1094.4004208695083 788.0
1094.6405422962773 795.0
1094.8806544903778 786.0
1095.120757451326 788.0
1095.3608511786392 781.0
1095.6009356718341 785.0
1095.8410109304282 785.0
1096.0810769539376 792.0
1096.3211337418795 789.0
1096.5611812937707 784.0
1096.8012196091279 786.0
1097.0412486874682 782.0
1097.2812685283084 784.0
1097.5212791311658 790.0
1097.7612804955563 791.0
1098.0012726209975 770.0
1098.2412555070064 798.0
1098.4812291530989 777.0
1098.721193558793 778.0
1098.961148723605 774.0
1099.2010946470518 775.0
1099.4410313286503 780.0
1099.6809587679172 782.0
1099.92087696437 782.0
1100.1607859175251 776.0
1100.400685626899 787.0
1100.640576092009 785.0
1100.880457312372 798.0
1101.1203292875052 774.0
1101.3601920169247 776.0
1101.6000455001479 784.0
1101.8398897366915 775.0
1102.079724726072 771.0
1102.3195504678072 794.0
1102.559366961413 794.0
1102.7991742064069 780.0
1103.0389722023056 784.0
1103.2787609486254 778.0
1103.5185404448844 788.0
1103.7583106905984 787.0
1103.9980716852845 778.0
1104.23782342846 788.0
1104.4775659196412 773.0
1104.7172991583454 789.0
1104.9570231440887 790.0
1105.1967378763893 788.0
1105.436443354763 794.0
1105.6761395787273 787.0
1105.9158265477986 781.0
1106.1555042614937 783.0
1106.3951727193298 779.0
1106.6348319208234 773.0
1106.8744818654923 798.0
1107.1141225528525 775.0
1107.3537539824208 790.0
1107.5933761537144 775.0
1107.8329890662503 784.0
1108.072592719545 778.0
1108.3121871131157 782.0
1108.551772246479 778.0
1108.7913481191517 787.0
1109.030914730651 789.0
1109.2704720804938 787.0
1109.5100201681967 772.0
1109.7495589932764 764.0
1109.9890885552504 794.0
1110.2286088536348 775.0
1110.4681198879473 779.0
1110.707621657704 786.0
1110.9471141624224 784.0
1111.1865974016187 800.0
1111.4260713748101 782.0
1111.665536081514 761.0
1111.9049915212463 774.0
1112.1444376935244 780.0
1112.3838745978653 778.0
1112.6233022337854 790.0
1112.8627206008023 776.0
1113.102129698432 780.0
1113.3415295261918 783.0
1113.5809200835986 778.0
1113.820301370169 773.0
1114.0596733854206 767.0
1114.2990361288694 786.0
1114.5383896000326 794.0
1114.7777337984273 781.0
1115.0170687235698 772.0
1115.2563943749778 776.0
1115.4957107521673 795.0
1115.7350178546556 766.0
1115.9743156819598 779.0
1116.213604233596 780.0
1116.452883509082 794.0
1116.692153507934 791.0
1116.9314142296694 775.0
1117.1706656738045 777.0
1117.4099078398563 784.0
1117.6491407273422 775.0
1117.8883643357783 785.0
1118.1275786646822 779.0
1118.36678371357 772.0
1118.6059794819594 779.0
1118.8451659693665 779.0
1119.0843431753085 775.0
1119.3235110993026 771.0
1119.5626697408647 774.0
1119.8018190995128 776.0
1120.0409591747637 784.0
1120.2800899661331 782.0
1120.519211473139 768.0
1120.7583236952978 761.0
1120.9974266321262 782.0
1121.236520283142 779.0
1121.4756046478608 786.0
1121.7146797258001 788.0
1121.9537455164768 785.0
1122.192802019408 764.0
1122.4318492341101 786.0
1122.6708871601 788.0
1122.909915796895 793.0
1123.1489351440111 794.0
1123.3879452009662 786.0
1123.6269459672762 781.0
1123.865937442459 797.0
1124.1049196260308 779.0
1124.3438925175087 761.0
