shot=120_gas=Ar_height=90_RF=216.2W_massflow=1000_coils=50.0A_HR4000 spectrum
Wavelength [nm] // Intensity [u.a.] 
194.93414 812.0
195.2037815346219 765.0
195.47341553816543 786.0
195.74304201014752 794.0
196.012660950085 803.0
196.28227235749478 808.0
196.55187623189366 792.0
196.82147257279857 802.0
197.09106137972637 807.0
197.36064265219392 806.0
197.63021638971804 823.0
197.89978259181567 818.0
198.16934125800364 805.0
198.43889238779886 807.0
198.7084359807181 797.0
198.97797203627835 804.0
199.2475005539964 809.0
199.51702153338914 807.0
199.78653497397343 803.0
200.05604087526618 801.0
200.3255392367842 809.0
200.59503005804436 815.0
200.8645133385636 802.0
201.1339890778587 829.0
201.4034572754466 821.0
201.67291793084408 809.0
201.94237104356813 811.0
202.21181661313554 814.0
202.48125463906314 809.0
202.7506851208679 816.0
203.02010805806663 808.0
203.28952345017618 810.0
203.55893129671344 813.0
203.8283315971953 798.0
204.0977243511386 796.0
204.3671095580602 803.0
204.636487217477 806.0
204.90585732890585 800.0
205.17521989186366 795.0
205.44457490586717 803.0
205.7139223704334 814.0
205.98326228507918 800.0
206.2525946493213 798.0
206.5219194626767 800.0
206.79123672466224 820.0
207.06054643479476 819.0
207.32984859259116 816.0
207.59914319756828 818.0
207.86843024924303 821.0
208.13770974713225 810.0
208.40698169075276 802.0
208.6762460796215 807.0
208.94550291325532 801.0
209.2147521911711 797.0
209.48399391288567 814.0
209.75322807791594 817.0
210.02245468577874 804.0
210.29167373599094 803.0
210.56088522806942 812.0
210.83008916153108 816.0
211.09928553589276 814.0
211.3684743506713 793.0
211.63765560538363 802.0
211.9068292995466 811.0
212.175995432677 811.0
212.44515400429182 805.0
212.71430501390782 816.0
212.98344846104192 814.0
213.25258434521103 812.0
213.52171266593191 815.0
213.79083342272153 807.0
214.05994661509675 818.0
214.3290522425744 812.0
214.5981503046713 809.0
214.8672408009044 805.0
215.13632373079054 805.0
215.4053990938466 811.0
215.6744668895894 814.0
215.94352711753592 825.0
216.21257977720293 829.0
216.48162486810728 800.0
216.7506623897659 795.0
217.01969234169565 807.0
217.2887147234134 805.0
217.55772953443596 805.0
217.82673677428028 811.0
218.0957364424632 808.0
218.36472853850154 809.0
218.6337130619122 812.0
218.9026900122121 800.0
219.17165938891804 812.0
219.4406211915469 801.0
219.70957541961562 798.0
219.97852207264097 804.0
220.24746115013983 793.0
220.5163926516291 806.0
220.78531657662566 805.0
221.05423292464639 807.0
221.32314169520808 818.0
221.59204288782766 824.0
221.860936502022 807.0
222.12982253730797 794.0
222.39870099320237 810.0
222.66757186922214 816.0
222.93643516488416 812.0
223.20529087970525 816.0
223.47413901320226 806.0
223.74297956489212 791.0
224.01181253429166 800.0
224.28063792091777 811.0
224.5494557242873 816.0
224.8182659439171 807.0
225.08706857932413 819.0
225.35586363002508 808.0
225.62465109553705 805.0
225.89343097537673 807.0
226.16220326906105 806.0
226.43096797610687 823.0
226.69972509603105 814.0
226.9684746283505 808.0
227.237216572582 791.0
227.50595092824256 808.0
227.7746776948489 823.0
228.04339687191796 814.0
228.31210845896663 815.0
228.5808124555117 812.0
228.84950886107015 798.0
229.11819767515877 818.0
229.38687889729442 807.0
229.65555252699397 814.0
229.92421856377433 811.0
230.1928770071524 801.0
230.46152785664492 791.0
230.73017111176884 806.0
230.99880677204106 808.0
231.26743483697837 814.0
231.53605530609772 824.0
231.8046681789159 807.0
232.07327345494983 803.0
232.34187113371638 811.0
232.61046121473237 796.0
232.87904369751473 803.0
233.14761858158028 808.0
233.41618586644586 806.0
233.68474555162845 814.0
233.95329763664483 817.0
234.2218421210119 805.0
234.49037900424648 813.0
234.7589082858655 807.0
235.02742996538583 802.0
235.29594404232427 797.0
235.56445051619772 804.0
235.8329493865231 812.0
236.10144065281722 818.0
236.36992431459691 805.0
236.63840037137916 794.0
236.9068688226808 810.0
237.1753296680186 812.0
237.44378290690955 807.0
237.7122285388704 800.0
237.9806665634181 793.0
238.24909698006957 812.0
238.51751978834153 799.0
238.78593498775095 809.0
239.0543425778147 829.0
239.32274255804958 808.0
239.59113492797255 805.0
239.8595196871004 802.0
240.12789683495004 795.0
240.3962663710383 806.0
240.66462829488208 806.0
240.93298260599826 809.0
241.2013293039037 808.0
241.46966838811522 801.0
241.73799985814978 808.0
242.00632371352418 806.0
242.27463995375527 816.0
242.54294857835998 824.0
242.81124958685515 812.0
243.07954297875764 805.0
243.34782875358434 801.0
243.61610691085207 818.0
243.88437745007772 797.0
244.15264037077822 815.0
244.42089567247035 803.0
244.68914335467105 809.0
244.95738341689716 809.0
245.2256158586655 797.0
245.493840679493 821.0
245.76205787889654 807.0
246.03026745639292 801.0
246.29846941149904 798.0
246.5666637437318 802.0
246.834850452608 800.0
247.1030295376446 798.0
247.37120099835838 816.0
247.63936483426627 805.0
247.9075210448851 806.0
248.17566962973177 816.0
248.4438105883231 804.0
248.71194392017603 814.0
248.98006962480733 828.0
249.248187701734 812.0
249.51629815047275 822.0
249.78440097054056 819.0
250.05249616145431 814.0
250.32058372273076 821.0
250.5886636538869 821.0
250.85673595443953 810.0
251.12480062390551 817.0
251.39285766180177 811.0
251.6609070676451 809.0
251.92894884095242 802.0
252.19698298124058 797.0
252.46500948802645 809.0
252.73302836082692 805.0
253.00103959915882 818.0
253.26904320253902 803.0
253.53703917048443 802.0
253.80502750251188 796.0
254.07300819813827 813.0
254.34098125688044 808.0
254.60894667825525 806.0
254.87690446177962 808.0
255.14485460697037 804.0
255.41279711334434 809.0
255.6807319804185 813.0
255.94865920770962 800.0
256.2165787947346 806.0
256.48449074101035 805.0
256.75239504605366 801.0
257.02029170938147 811.0
257.28818073051065 813.0
257.556062108958 810.0
257.8239358442404 811.0
258.0918019358748 817.0
258.35966038337796 804.0
258.6275111862668 810.0
258.8953543440582 811.0
259.163189856269 828.0
259.4310177224162 813.0
259.6988379420164 803.0
259.9666505145867 799.0
260.23445543964385 818.0
260.50225271670473 810.0
260.77004234528624 815.0
261.03782432490533 805.0
261.3055986550787 793.0
261.5733653353234 805.0
261.8411243651561 823.0
262.1088757440937 814.0
262.37661947165327 809.0
262.6443555473515 800.0
262.9120839707053 810.0
263.1798047412315 797.0
263.44751785844704 808.0
263.7152233218687 809.0
263.98292113101354 809.0
264.2506112853982 806.0
264.51829378453965 820.0
264.7859686279547 813.0
265.05363581516025 801.0
265.32129534567326 805.0
265.5889472190105 820.0
265.8565914346889 821.0
266.1242279922252 809.0
266.39185689113634 804.0
266.65947813093925 809.0
266.9270917111508 815.0
267.19469763128774 817.0
267.46229589086704 815.0
267.72988648940554 814.0
267.9974694264201 811.0
268.2650447014276 810.0
268.53261231394487 807.0
268.80017226348883 814.0
269.0677245495763 798.0
269.3352691717242 806.0
269.60280612944933 805.0
269.8703354222686 808.0
270.13785704969894 813.0
270.40537101125716 810.0
270.67287730646007 812.0
270.9403759348246 804.0
271.2078668958677 811.0
271.47535018910605 810.0
271.7428258140567 809.0
272.01029377023633 816.0
272.2777540571619 802.0
272.5452066743504 820.0
272.81265162131854 813.0
273.08008889758327 808.0
273.34751850266144 801.0
273.6149404360698 800.0
273.8823546973254 806.0
274.1497612859451 808.0
274.4171602014456 800.0
274.6845514433439 799.0
274.95193501115676 798.0
275.2193109044012 808.0
275.486679122594 798.0
275.7540396652521 807.0
276.02139253189216 813.0
276.2887377220313 819.0
276.55607523518626 819.0
276.82340507087395 811.0
277.09072722861123 810.0
277.3580417079149 816.0
277.62534850830195 818.0
277.8926476292892 795.0
278.1599390703934 808.0
278.4272228311316 811.0
278.69449891102056 821.0
278.96176730957717 807.0
279.22902802631836 803.0
279.4962810607609 812.0
279.76352641242164 807.0
280.0307640808177 817.0
280.29799406546556 821.0
280.5652163658824 806.0
280.8324309815849 806.0
281.09963791209003 805.0
281.3668371569146 801.0
281.6340287155756 822.0
281.9012125875897 814.0
282.168388772474 817.0
282.4355572697452 814.0
282.7027180789201 800.0
282.9698711995158 810.0
283.23701663104896 800.0
283.50415437303667 810.0
283.77128442499554 792.0
284.0384067864426 799.0
284.3055214568946 798.0
284.57262843586864 800.0
284.8397277228814 805.0
285.1068193174497 814.0
285.37390321909055 810.0
285.6409794273207 818.0
285.9080479416572 794.0
286.1751087616167 804.0
286.4421618867162 811.0
286.7092073164725 811.0
286.9762450504025 809.0
287.24327508802315 803.0
287.5102974288511 807.0
287.77731207240345 802.0
288.04431901819703 795.0
288.3113182657485 795.0
288.578309814575 802.0
288.84529366419326 807.0
289.1122698141201 800.0
289.37923826387254 805.0
289.6461990129674 802.0
289.91315206092133 799.0
290.18009740725154 794.0
290.44703505147464 829.0
290.7139649931077 814.0
290.98088723166734 806.0
291.24780176667065 817.0
291.5147085976344 797.0
291.78160772407557 817.0
292.04849914551085 814.0
292.3153828614572 805.0
292.58225887143146 809.0
292.8491271749505 815.0
293.1159877715313 817.0
293.3828406606906 810.0
293.6496858419453 799.0
293.9165233148123 808.0
294.1833530788084 801.0
294.4501751334505 804.0
294.71698947825547 804.0
294.9837961127402 810.0
295.2505950364216 816.0
295.5173862488164 798.0
295.78416974944156 807.0
296.050945537814 812.0
296.31771361345045 814.0
296.584473975868 794.0
296.8512266245832 803.0
297.11797155911313 811.0
297.38470877897464 798.0
297.6514382836846 804.0
297.9181600727598 814.0
298.18487414571723 815.0
298.4515805020736 809.0
298.71827914134593 821.0
298.9849700630511 808.0
299.2516532667058 822.0
299.518328751827 809.0
299.78499651793163 805.0
300.0516565645365 822.0
300.3183088911584 820.0
300.58495349731436 826.0
300.8515903825211 814.0
301.1182195462956 805.0
301.3848409881546 808.0
301.65145470761513 806.0
301.91806070419403 811.0
302.184658977408 819.0
302.4512495267741 812.0
302.7178323518091 804.0
302.9844074520298 813.0
303.2509748269532 806.0
303.5175344760962 792.0
303.78408639897555 822.0
304.0506305951082 813.0
304.31716706401096 815.0
304.58369580520065 806.0
304.8502168181943 815.0
305.1167301025086 804.0
305.3832356576606 802.0
305.649733483167 804.0
305.9162235785447 818.0
306.1827059433106 807.0
306.4491805769817 803.0
306.7156474790747 816.0
306.98210664910647 803.0
307.2485580865939 813.0
307.5150017910539 804.0
307.7814377620034 810.0
308.0478659989591 802.0
308.31428650143795 816.0
308.58069926895683 821.0
308.8471043010326 807.0
309.1135015971821 808.0
309.37989115692227 808.0
309.6462729797699 825.0
309.91264706524197 808.0
310.1790134128551 801.0
310.4453720221265 807.0
310.71172289257277 809.0
310.97806602371094 803.0
311.2444014150577 788.0
311.5107290661301 809.0
311.777048976445 801.0
312.04336114551904 817.0
312.30966557286945 801.0
312.5759622580128 803.0
312.8422512004661 799.0
313.1085323997461 807.0
313.3748058553698 812.0
313.641071566854 813.0
313.90732953371554 817.0
314.17357975547145 810.0
314.4398222316384 802.0
314.70605696173334 812.0
314.9722839452731 815.0
315.23850318177466 809.0
315.50471467075477 807.0
315.7709184117303 817.0
316.0371144042182 820.0
316.3033026477353 807.0
316.56948314179846 803.0
316.8356558859246 797.0
317.1018208796305 806.0
317.36797812243304 794.0
317.6341276138491 802.0
317.90026935339563 803.0
318.1664033405894 799.0
318.4325295749473 798.0
318.6986480559862 800.0
318.96475878322303 814.0
319.2308617561746 818.0
319.4969569743577 809.0
319.76304443728935 797.0
320.0291241444864 805.0
320.2951960954656 798.0
320.5612602897438 798.0
320.82731672683815 803.0
321.0933654062652 795.0
321.359406327542 793.0
321.6254394901853 790.0
321.891464893712 794.0
322.157482537639 809.0
322.4234924214832 812.0
322.68949454476143 812.0
322.95548890699064 805.0
323.2214755076875 804.0
323.487454346369 818.0
323.753425422552 809.0
324.01938873575347 806.0
324.2853442854901 809.0
324.55129207127885 821.0
324.8172320926366 808.0
325.08316434908016 808.0
325.34908884012646 814.0
325.61500556529234 815.0
325.8809145240947 810.0
326.14681571605024 803.0
326.4127091406761 804.0
326.6785947974889 817.0
326.9444726860058 815.0
327.2103428057433 808.0
327.47620515621855 813.0
327.74205973694836 814.0
328.00790654744947 799.0
328.2737455872389 800.0
328.5395768558335 801.0
328.80540035275004 812.0
329.0712160775054 794.0
329.33702402961654 818.0
329.6028242086002 817.0
329.86861661397353 809.0
330.13440124525306 806.0
330.4001781019559 793.0
330.66594718359863 796.0
330.9317084896984 816.0
331.19746201977205 823.0
331.46320777333636 814.0
331.7289457499082 805.0
331.9946759490044 798.0
332.2603983701419 797.0
332.5261130128375 795.0
332.79181987660826 803.0
333.05751896097087 803.0
333.3232102654422 804.0
333.58889378953916 815.0
333.85456953277856 810.0
334.1202374946774 823.0
334.38589767475247 810.0
334.6515500725206 800.0
334.9171946874987 813.0
335.18283151920355 816.0
335.4484605671522 825.0
335.7140818308614 812.0
335.97969530984807 808.0
336.245301003629 821.0
336.51089891172114 809.0
336.77648903364127 804.0
337.04207136890636 810.0
337.30764591703326 803.0
337.5732126775387 828.0
337.83877164993976 806.0
338.10432283375314 808.0
338.36986622849577 829.0
338.63540183368457 798.0
338.9009296488363 802.0
339.16644967346787 806.0
339.4319619070962 802.0
339.6974663492381 802.0
339.9629629994105 817.0
340.22845185713027 798.0
340.4939329219141 812.0
340.75940619327906 798.0
341.02487167074196 806.0
341.2903293538197 805.0
341.555779242029 818.0
341.821221334887 811.0
342.0866556319103 820.0
342.3520821326158 804.0
342.6175008365205 804.0
342.8829117431413 796.0
343.1483148519949 804.0
343.41371016259825 815.0
343.6790976744682 811.0
343.9444773871216 798.0
344.20984930007546 811.0
344.4752134128465 816.0
344.74056972495157 808.0
345.0059182359076 816.0
345.27125894523147 813.0
345.53659185244 800.0
345.80191695705014 809.0
346.0672342585787 810.0
346.3325437565426 807.0
346.5978454504585 811.0
346.8631393398436 800.0
347.1284254242145 819.0
347.3937037030882 799.0
347.6589741759816 807.0
347.92423684241146 817.0
348.1894917018946 808.0
348.4547387539481 811.0
348.71997799808867 808.0
348.9852094338332 816.0
349.2504330606986 809.0
349.51564887820166 807.0
349.7808568858593 831.0
350.0460570831885 804.0
350.31124946970584 800.0
350.57643404492853 795.0
350.84161080837316 816.0
351.1067797595568 812.0
351.3719408979961 812.0
351.63709422320824 825.0
351.90223973470984 817.0
352.16737743201776 810.0
352.43250731464894 803.0
352.69762938212034 812.0
352.9627436339487 808.0
353.2278500696509 810.0
353.49294868874387 799.0
353.7580394907444 814.0
354.02312247516943 805.0
354.28819764153576 800.0
354.55326498936034 798.0
354.81832451816 812.0
355.08337622745165 817.0
355.348420116752 823.0
355.613456185578 824.0
355.8784844334467 804.0
356.1435048598747 816.0
356.4085174643791 799.0
356.6735222464765 796.0
356.938519205684 805.0
357.2035083415184 813.0
357.46848965349653 812.0
357.73346314113536 796.0
357.9984288039516 793.0
358.2633866414622 809.0
358.528336653184 802.0
358.793278838634 821.0
359.05821319732894 812.0
359.3231397287857 802.0
359.5880584325211 800.0
359.8529693080521 809.0
360.1178723548955 808.0
360.3827675725683 820.0
360.64765496058726 806.0
360.9125345184692 797.0
361.1774062457311 815.0
361.44227014188965 806.0
361.707126206462 812.0
361.9719744389649 808.0
362.2368148389151 799.0
362.5016474058295 824.0
362.766472139225 815.0
363.0312890386186 815.0
363.296098103527 809.0
363.5608993334672 798.0
363.82569272795587 803.0
364.09047828651006 798.0
364.35525600864656 809.0
364.6200258938823 806.0
364.8847879417341 823.0
365.1495421517188 816.0
365.41428852335326 802.0
365.67902705615444 806.0
365.9437577496392 809.0
366.2084806033243 806.0
366.4731956167267 784.0
366.7379027893632 800.0
367.0026021207507 809.0
367.2672936104061 795.0
367.5319772578463 820.0
367.79665306258806 780.0
368.06132102414836 810.0
368.32598114204393 802.0
368.59063341579173 814.0
368.85527784490864 808.0
369.1199144289115 810.0
369.3845431673172 811.0
369.6491640596426 803.0
369.91377710540445 801.0
370.1783823041198 812.0
370.44297965530546 802.0
370.70756915847835 816.0
370.97215081315517 801.0
371.2367246188529 819.0
371.5012905750884 811.0
371.7658486813786 809.0
372.0303989372402 804.0
372.29494134219027 816.0
372.5594758957455 812.0
372.82400259742286 827.0
373.08852144673915 805.0
373.3530324432114 807.0
373.6175355863563 799.0
373.8820308756908 803.0
374.1465183107317 795.0
374.410997890996 801.0
374.6754696160004 790.0
374.93993348526186 804.0
375.2043894982973 806.0
375.4688376546235 818.0
375.7332779537573 795.0
375.9977103952157 808.0
376.26213497851546 804.0
376.52655170317354 824.0
376.7909605687067 825.0
377.05536157463183 808.0
377.3197547204658 808.0
377.5841400057256 808.0
377.84851742992794 820.0
378.11288699258984 806.0
378.37724869322795 806.0
378.64160253135935 817.0
378.90594850650075 810.0
379.1702866181692 801.0
379.4346168658814 806.0
379.69893924915425 808.0
379.9632537675047 826.0
380.2275604204495 803.0
380.49185920750574 812.0
380.75615012819 817.0
381.0204331820193 813.0
381.2847083685105 812.0
381.5489756871804 816.0
381.8132351375459 810.0
382.07748671912407 810.0
382.34173043143153 820.0
382.6059662739852 808.0
382.8701942463019 815.0
383.1344143478986 804.0
383.3986265782921 794.0
383.6628309369994 803.0
383.92702742353725 814.0
384.1912160374225 808.0
384.45539677817203 812.0
384.7195696453027 805.0
384.98373463833155 823.0
385.2478917567753 816.0
385.5120410001507 817.0
385.7761823679748 807.0
386.0403158597644 799.0
386.30444147503647 814.0
386.5685592133077 819.0
386.8326690740951 802.0
387.09677105691543 802.0
387.36086516128563 808.0
387.6249513867226 802.0
387.88902973274315 805.0
388.15310019886414 808.0
388.41716278460245 810.0
388.68121748947493 789.0
388.9452643129986 814.0
389.2093032546901 804.0
389.47333431406645 795.0
389.73735749064434 797.0
390.0013727839409 809.0
390.2653801934728 833.0
390.52937971875696 804.0
390.7933713593103 806.0
391.05735511464974 812.0
391.3213309842919 802.0
391.5852989677539 802.0
391.8492590645524 820.0
392.1132112742045 824.0
392.37715559622694 801.0
392.6410920301366 807.0
392.9050205754503 802.0
393.1689412316849 807.0
393.43285399835736 813.0
393.69675887498465 792.0
393.96065586108335 790.0
394.2245449561705 794.0
394.4884261597629 815.0
394.75229947137757 817.0
395.01616489053123 822.0
395.28002241674085 806.0
395.5438720495231 820.0
395.80771378839506 811.0
396.0715476328735 799.0
396.33537358247537 810.0
396.5991916367174 816.0
396.86300179511665 814.0
397.12680405718976 796.0
397.39059842245376 805.0
397.65438489042543 792.0
397.91816346062177 809.0
398.18193413255955 820.0
398.4456969057556 801.0
398.7094517797268 812.0
398.97319875399006 811.0
399.2369378280623 806.0
399.50066900146027 798.0
399.764392273701 793.0
400.02810764430114 797.0
400.2918151127777 807.0
400.55551467864757 812.0
400.81920634142756 809.0
401.08289010063453 811.0
401.34656595578537 826.0
401.6102339063969 804.0
401.8738939519861 793.0
402.1375460920697 806.0
402.4011903261647 806.0
402.6648266537879 828.0
402.92845507445617 814.0
403.1920755876863 798.0
403.4556881929953 793.0
403.71929288990003 802.0
403.98288967791734 809.0
404.246478556564 824.0
404.5100595253569 820.0
404.77363258381297 821.0
405.03719773144906 812.0
405.3007549677821 806.0
405.56430429232887 802.0
405.82784570460626 802.0
406.0913792041311 815.0
406.35490479042033 810.0
406.61842246299085 801.0
406.88193222135936 810.0
407.14543406504293 822.0
407.4089279935582 812.0
407.6724140064223 815.0
407.9358921031519 814.0
408.19936228326395 806.0
408.4628245462754 803.0
408.7262788917029 809.0
408.9897253190635 827.0
409.25316382787395 818.0
409.5165944176513 811.0
409.7800170879122 827.0
410.04343183817366 811.0
410.30683866795243 801.0
410.57023757676546 808.0
410.83362856412975 796.0
411.09701162956185 817.0
411.3603867725789 815.0
411.62375399269763 806.0
411.887113289435 822.0
412.1504646623078 817.0
412.4138081108329 833.0
412.6771436345273 817.0
412.94047123290767 804.0
413.20379090549096 799.0
413.46710265179405 802.0
413.7304064713339 809.0
413.9937023636272 800.0
414.25699032819097 793.0
414.52027036454194 819.0
414.78354247219704 812.0
415.0468066506732 806.0
415.31006289948726 818.0
415.5733112181561 835.0
415.83655160619645 848.0
416.0997840631253 844.0
416.3630085884595 822.0
416.62622518171594 821.0
416.8894338424115 804.0
417.152634570063 821.0
417.4158273641873 804.0
417.67901222430123 810.0
417.9421891499217 812.0
418.2053581405658 821.0
418.46851919575005 821.0
418.7316723149915 826.0
418.99481749780693 848.0
419.2579547437133 851.0
419.5210840522274 849.0
419.78420542286625 862.0
420.04731885514644 867.0
420.31042434858506 861.0
420.573521902699 830.0
420.83661151700494 814.0
421.0996931910199 820.0
421.3627669242608 812.0
421.6258327162443 816.0
421.88889056648736 826.0
422.1519404745069 804.0
422.41498243981977 801.0
422.6780164619429 797.0
422.9410425403929 812.0
423.2040606746869 803.0
423.46707086434174 816.0
423.7300731088742 817.0
423.9930674078012 833.0
424.25605376063965 814.0
424.5190321669063 814.0
424.782002626118 809.0
425.0449651377918 810.0
425.30791970144446 819.0
425.57086631659286 817.0
425.83380498275386 846.0
426.0967356994443 841.0
426.3596584661811 834.0
426.6225732824811 819.0
426.88548014786113 825.0
427.14837906183817 833.0
427.411270023929 823.0
427.6741530336505 817.0
427.9370280905195 824.0
428.199895194053 807.0
428.46275434376776 805.0
428.72560553918066 794.0
428.98844877980855 803.0
429.2512840651683 793.0
429.51411139477693 814.0
429.77693076815115 817.0
430.03974218480784 821.0
430.3025456442639 817.0
430.5653411460361 823.0
430.82812868964146 817.0
431.09090827459687 809.0
431.353679900419 808.0
431.61644356662487 822.0
431.87919927273134 797.0
432.1419470182551 797.0
432.40468680271334 816.0
432.66741862562276 823.0
432.93014248650013 820.0
433.1928583848624 826.0
433.45556632022647 811.0
433.7182662921092 806.0
433.9809583000275 804.0
434.24364234349815 806.0
434.506318422038 812.0
434.768986535164 814.0
435.031646682393 820.0
435.2942988632418 808.0
435.55694307722734 813.0
435.81957932386655 817.0
436.08220760267614 819.0
436.34482791317305 805.0
436.6074402548742 805.0
436.8700446272964 819.0
437.1326410299566 805.0
437.3952294623715 814.0
437.65780992405803 800.0
437.9203824145332 805.0
438.1829469333138 809.0
438.4455034799166 811.0
438.7080520538586 810.0
438.9705926546565 813.0
439.23312528182737 799.0
439.49564993488787 808.0
439.7581666133551 798.0
440.0206753167459 804.0
440.28317604457686 790.0
440.5456687963651 801.0
440.8081535716274 809.0
441.07063036988075 811.0
441.3330991906418 808.0
441.5955600334276 810.0
441.858012897755 829.0
442.12045778314075 798.0
442.3828946891018 804.0
442.6453236151551 804.0
442.9077445608174 795.0
443.17015752560553 807.0
443.4325625090365 812.0
443.69495951062703 796.0
443.95734852989415 806.0
444.21972956635454 805.0
444.4821026195253 816.0
444.74446768892307 817.0
445.00682477406485 811.0
445.2691738744674 804.0
445.5315149896478 812.0
445.79384811912274 792.0
446.05617326240906 802.0
446.31849041902376 807.0
446.58079958848356 814.0
446.8431007703055 792.0
447.10539396400634 803.0
447.367679169103 808.0
447.6299563851123 799.0
447.892225611551 826.0
448.15448684793625 809.0
448.4167400937847 805.0
448.67898534861325 813.0
448.9412226119389 817.0
449.2034518832783 812.0
449.46567316214856 809.0
449.72788644806633 804.0
449.99009174054856 799.0
450.2522890391122 808.0
450.514478343274 805.0
450.77665965255085 809.0
451.0388329664597 833.0
451.30099828451733 824.0
451.5631556062406 810.0
451.82530493114655 815.0
452.08744625875175 817.0
452.3495795885734 808.0
452.6117049201281 810.0
452.87382225293277 817.0
453.13593158650446 808.0
453.3980329203598 809.0
453.6601262540158 811.0
453.9222115869893 811.0
454.1842889187971 801.0
454.4463582489562 820.0
454.70841957698343 810.0
454.97047290239556 794.0
455.23251822470957 808.0
455.49455554344223 814.0
455.75658485811044 810.0
456.0186061682312 814.0
456.2806194733211 808.0
456.5426247728973 806.0
456.8046220664765 805.0
457.0666113535756 812.0
457.32859263371154 810.0
457.5905659064011 806.0
457.8525311711611 792.0
458.1144884275086 816.0
458.37643767496024 816.0
458.6383789130331 813.0
458.9003121412439 805.0
459.1622373591095 808.0
459.4241545661469 807.0
459.68606376187284 802.0
459.9479649458043 813.0
460.2098581174581 824.0
460.471743276351 802.0
460.733620422 803.0
460.9954895539219 801.0
461.2573506716337 799.0
461.51920377465206 802.0
461.78104886249406 798.0
462.0428859346764 793.0
462.304714990716 797.0
462.5665360301298 805.0
462.82834905243453 812.0
463.09015405714723 801.0
463.35195104378465 806.0
463.6137400118636 813.0
463.8755209609011 821.0
464.13729389041396 809.0
464.399058799919 822.0
464.6608156889332 823.0
464.92256455697327 813.0
465.18430540355615 818.0
465.4460382281988 817.0
465.707763030418 812.0
465.96947980973056 797.0
466.23118856565344 805.0
466.49288929770347 805.0
466.75458200539765 809.0
467.0162666882526 798.0
467.27794334578533 804.0
467.5396119775127 807.0
467.8012725829516 814.0
468.0629251616188 805.0
468.3245697130314 797.0
468.586206236706 814.0
468.8478347321596 806.0
469.109455198909 804.0
469.3710676364711 803.0
469.6326720443629 818.0
469.89426842210105 812.0
470.1558567692025 822.0
470.4174370851842 812.0
470.6790093695629 805.0
470.94057362185555 815.0
471.20212984157905 803.0
471.4636780282501 800.0
471.72521818138574 804.0
471.9867503005027 806.0
472.248274385118 804.0
472.5097904347484 808.0
472.7712984489108 815.0
473.03279842712203 815.0
473.29429036889906 803.0
473.55577427375863 797.0
473.8172501412177 796.0
474.07871797079315 804.0
474.34017776200176 804.0
474.6016295143605 816.0
474.8630732273861 812.0
475.1245089005955 798.0
475.3859365335057 820.0
475.64735612563334 807.0
475.9087676764954 818.0
476.1701711856088 810.0
476.4315666524903 810.0
476.6929540766569 833.0
476.95433345762535 799.0
477.2157047949125 805.0
477.47706808803537 812.0
477.7384233365106 805.0
477.9997705398553 797.0
478.26110969758616 817.0
478.52244080922014 820.0
478.78376387427414 808.0
479.04507889226494 813.0
479.3063858627094 799.0
479.5676847851245 795.0
479.828975659027 806.0
480.0902584839338 814.0
480.3515332593618 823.0
480.61279998482775 816.0
480.8740586598487 809.0
481.13530928394147 805.0
481.3965518566228 806.0
481.65778637740965 811.0
481.9190128458189 798.0
482.1802312613674 799.0
482.4414416235721 812.0
482.70264393194964 800.0
482.9638381860171 795.0
483.2250243852913 806.0
483.4862025292891 801.0
483.7473726175273 810.0
484.0085346495229 813.0
484.26968862479265 811.0
484.5308345428534 798.0
484.79197240322225 798.0
485.0531022054157 805.0
485.314223948951 813.0
485.57533763334476 805.0
485.8364432581139 798.0
486.0975408227754 795.0
486.35863032684597 803.0
486.61971176984247 817.0
486.880785151282 804.0
487.1418504706812 802.0
487.402907727557 812.0
487.66395692142635 814.0
487.92499805180597 814.0
488.18603111821284 820.0
488.44705612016384 807.0
488.7080730571757 811.0
488.9690819287655 818.0
489.2300827344499 812.0
489.49107547374587 809.0
489.75206014617027 812.0
490.01303675124 811.0
490.27400528847187 811.0
490.53496575738274 794.0
490.79591815748955 805.0
491.05686248830915 800.0
491.31779874935836 803.0
491.57872694015396 827.0
491.8396470602131 806.0
492.1005591090524 813.0
492.3614630861888 810.0
492.6223589911392 810.0
492.88324682342045 814.0
493.14412658254946 808.0
493.40499826804296 806.0
493.66586187941795 812.0
493.92671741619125 793.0
494.18756487787977 808.0
494.44840426400026 808.0
494.70923557406974 824.0
494.97005880760497 806.0
495.23087396412285 811.0
495.4916810431403 805.0
495.7524800441741 818.0
496.01327096674123 807.0
496.27405381035845 808.0
496.53482857454264 821.0
496.79559525881075 822.0
497.05635386267954 823.0
497.31710438566597 807.0
497.57784682728686 805.0
497.8385811870591 806.0
498.0993074644995 817.0
498.360025659125 810.0
498.6207357704524 811.0
498.88143779799873 790.0
499.14213174128065 814.0
499.40281759981514 805.0
499.6634953731191 807.0
499.92416506070924 793.0
500.1848266621026 825.0
500.445480176816 817.0
500.70612560436615 819.0
500.96676294427016 811.0
501.22739219604483 806.0
501.48801335920695 813.0
501.74862643327344 825.0
502.00923141776116 810.0
502.2698283121869 820.0
502.5304171160677 819.0
502.7909978289203 813.0
503.0515704502616 812.0
503.31213497960846 817.0
503.57269141647777 798.0
503.8332397603864 801.0
504.09378001085116 800.0
504.354312167389 796.0
504.6148362295168 802.0
504.8753521967513 821.0
505.1358600686094 808.0
505.3963598446082 812.0
505.6568515242642 815.0
505.9173351070945 809.0
506.17781059261597 799.0
506.4382779803454 805.0
506.69873726979966 812.0
506.95918846049574 809.0
507.2196315519502 815.0
507.4800665436803 811.0
507.74049343520267 809.0
508.00091222603425 819.0
508.261322915692 812.0
508.5217255036924 820.0
508.7821199895529 802.0
509.0425063727899 793.0
509.3028846529204 803.0
509.5632548294615 820.0
509.8236169019296 799.0
510.0839708698421 805.0
510.3443167327155 793.0
510.60465449006676 794.0
510.8649841414127 804.0
511.12530568627034 797.0
511.3856191241566 800.0
511.64592445458794 802.0
511.90622167708165 810.0
512.1665107911545 813.0
512.4267917963232 826.0
512.6870646921047 818.0
512.947329478016 803.0
513.2075861535739 801.0
513.467834718295 816.0
513.7280751716964 811.0
513.9883075132952 810.0
514.248531742608 802.0
514.5087478591515 821.0
514.7689558624429 797.0
515.0291557519989 801.0
515.2893475273365 803.0
515.5495311879723 833.0
515.8097067334235 824.0
516.0698741632067 826.0
516.3300334768389 824.0
516.5901846738369 812.0
516.8503277537177 814.0
517.1104627159981 800.0
517.3705895601947 788.0
517.630708285825 802.0
517.8908188924053 807.0
518.1509213794526 805.0
518.411015746484 806.0
518.6711019930159 838.0
518.9311801185657 837.0
519.19125012265 820.0
519.4513120047856 813.0
519.7113657644896 815.0
519.9714114012784 809.0
520.2314489146695 805.0
520.4914783041794 804.0
520.751499569325 802.0
521.0115127096234 822.0
521.271517724591 807.0
521.5315146137451 823.0
521.7915033766022 811.0
522.0514840126796 793.0
522.3114565214938 804.0
522.5714209025618 800.0
522.8313771554007 810.0
523.0913252795269 802.0
523.3512652744578 819.0
523.6111971397097 808.0
523.8711208747998 823.0
524.1310364792452 816.0
524.390943952562 817.0
524.6508432942679 808.0
524.9107345038794 813.0
525.1706175809132 803.0
525.4304925248866 802.0
525.690359335316 806.0
525.9502180117188 798.0
526.2100685536113 801.0
526.4699109605107 802.0
526.729745231934 821.0
526.9895713673975 794.0
527.2493893664187 810.0
527.5091992285141 796.0
527.7690009532007 804.0
528.0287945399953 801.0
528.2885799884149 805.0
528.5483572979764 805.0
528.8081264681963 809.0
529.0678874985917 815.0
529.3276403886796 815.0
529.5873851379768 814.0
529.8471217460001 809.0
530.1068502122662 816.0
530.3665705362923 805.0
530.6262827175951 801.0
530.8859867556915 811.0
531.1456826500984 812.0
531.4053704003326 812.0
531.6650500059111 799.0
531.9247214663504 815.0
532.1843847811678 813.0
532.4440399498801 822.0
532.7036869720038 812.0
532.9633258470562 805.0
533.222956574554 807.0
533.4825791540142 814.0
533.7421935849534 804.0
534.0017998668885 801.0
534.2613979993366 813.0
534.5209879818145 806.0
534.780569813839 809.0
535.0401434949268 813.0
535.2997090245951 816.0
535.5592664023607 802.0
535.8188156277402 811.0
536.0783567002508 802.0
536.3378896194092 803.0
536.5974143847321 808.0
536.8569309957369 826.0
537.1164394519398 804.0
537.3759397528582 802.0
537.6354318980087 809.0
537.8949158869082 816.0
538.1543917190737 821.0
538.4138593940218 812.0
538.6733189112697 807.0
538.932770270334 809.0
539.1922134707318 810.0
539.4516485119797 812.0
539.7110753935946 795.0
539.9704941150937 804.0
540.2299046759937 807.0
540.4893070758112 815.0
540.7487013140633 826.0
541.008087390267 799.0
541.2674653039389 796.0
541.526835054596 801.0
541.7861966417552 817.0
542.0455500649333 813.0
542.3048953236471 810.0
542.5642324174137 809.0
542.8235613457497 811.0
543.0828821081722 810.0
543.3421947041979 818.0
543.6014991333436 807.0
543.8607953951266 801.0
544.1200834890632 824.0
544.3793634146708 828.0
544.6386351714658 816.0
544.8978987589653 805.0
545.1571541766862 816.0
545.4164014241451 818.0
545.6756405008593 813.0
545.9348714063455 819.0
546.1940941401203 814.0
546.4533087017008 802.0
546.712515090604 810.0
546.9717133063466 816.0
547.2309033484453 803.0
547.4900852164174 812.0
547.7492589097793 822.0
548.0084244280482 807.0
548.2675817707409 812.0
548.526730937374 817.0
548.7858719274648 805.0
549.0450047405299 817.0
549.3041293760863 824.0
549.5632458336507 839.0
549.82235411274 822.0
550.0814542128714 818.0
550.3405461335612 809.0
550.5996298743269 820.0
550.8587054346848 833.0
551.117772814152 797.0
551.3768320122455 799.0
551.6358830284819 802.0
551.8949258623783 820.0
552.1539605134514 818.0
552.4129869812182 814.0
552.6720052651955 817.0
552.9310153649002 810.0
553.1900172798491 808.0
553.4490110095592 822.0
553.7079965535472 800.0
553.9669739113302 808.0
554.2259430824248 804.0
554.484904066348 803.0
554.7438568626167 802.0
555.0028014707476 812.0
555.261737890258 818.0
555.520666120664 811.0
555.7795861614834 827.0
556.0384980122324 834.0
556.2974016724281 817.0
556.5562971415874 801.0
556.8151844192269 809.0
557.0740635048638 810.0
557.3329343980148 811.0
557.5917970981968 813.0
557.8506516049267 806.0
558.1094979177213 798.0
558.3683360360976 823.0
558.6271659595724 820.0
558.8859876876625 817.0
559.1448012198848 813.0
559.4036065557561 811.0
559.6624036947936 812.0
559.9211926365136 808.0
560.1799733804337 817.0
560.43874592607 823.0
560.6975102729399 844.0
560.9562664205602 823.0
561.2150143684473 825.0
561.4737541161188 820.0
561.732485663091 812.0
561.9912090088809 818.0
562.2499241530056 826.0
562.5086310949818 817.0
562.7673298343262 797.0
563.026020370556 798.0
563.2847027031879 817.0
563.5433768317389 806.0
563.8020427557254 806.0
564.0607004746649 813.0
564.3193499880738 806.0
564.5779912954692 815.0
564.8366243963679 837.0
565.0952492902868 821.0
565.3538659767429 821.0
565.6124744552527 818.0
565.8710747253335 809.0
566.1296667865018 815.0
566.3882506382747 819.0
566.6468262801691 803.0
566.9053937117014 820.0
567.1639529323893 816.0
567.4225039417488 810.0
567.6810467392974 810.0
567.9395813245517 822.0
568.1981076970284 814.0
568.4566258562448 816.0
568.7151358017175 808.0
568.9736375329633 809.0
569.2321310494995 807.0
569.4906163508422 806.0
569.749093436509 799.0
570.0075623060163 819.0
570.2660229588813 790.0
570.5244753946206 806.0
570.7829196127512 788.0
571.0413556127901 796.0
571.2997833942537 806.0
571.5582029566596 816.0
571.8166142995238 809.0
572.075017422364 803.0
572.3334123246967 805.0
572.5917990060384 817.0
572.8501774659068 813.0
573.108547703818 795.0
573.3669097192892 812.0
573.6252635118373 805.0
573.8836090809789 812.0
574.1419464262314 817.0
574.400275547111 820.0
574.6585964431351 832.0
574.9169091138205 803.0
575.1752135586836 794.0
575.4335097772419 805.0
575.6917977690118 803.0
575.9500775335105 813.0
576.2083490702545 803.0
576.4666123787609 810.0
576.7248674585469 808.0
576.9831143091286 808.0
577.2413529300236 820.0
577.4995833207483 808.0
577.7578054808198 813.0
578.0160194097549 796.0
578.2742251070703 801.0
578.5324225722832 811.0
578.7906118049101 825.0
579.0487928044681 826.0
579.3069655704743 822.0
579.565130102445 811.0
579.8232863998975 802.0
580.0814344623485 798.0
580.339574289315 820.0
580.5977058803137 813.0
580.8558292348614 805.0
581.1139443524753 812.0
581.3720512326721 795.0
581.6301498749685 804.0
581.8882402788817 794.0
582.146322443928 813.0
582.4043963696251 807.0
582.6624620554893 821.0
582.9205195010375 817.0
583.1785687057866 818.0
583.4366096692537 802.0
583.6946423909554 809.0
583.9526668704085 808.0
584.2106831071303 814.0
584.4686911006373 808.0
584.7266908504463 792.0
584.9846823560746 802.0
585.2426656170385 816.0
585.5006406328554 802.0
585.7586074030418 810.0
586.0165659271148 812.0
586.2745162045912 814.0
586.5324582349878 817.0
586.7903920178214 812.0
587.0483175526091 807.0
587.3062348388676 817.0
587.5641438761138 805.0
587.8220446638645 813.0
588.0799372016369 809.0
588.3378214889474 811.0
588.5956975253132 817.0
588.8535653102509 817.0
589.1114248432776 812.0
589.3692761239103 812.0
589.6271191516653 810.0
589.88495392606 814.0
590.1427804466111 816.0
590.4005987128355 803.0
590.6584087242501 799.0
590.9162104803713 811.0
591.1740039807169 827.0
591.4317892248029 813.0
591.6895662121466 811.0
591.9473349422648 803.0
592.2050954146741 812.0
592.462847628892 801.0
592.7205915844347 802.0
592.9783272808194 821.0
593.236054717563 821.0
593.493773894182 804.0
593.7514848101939 808.0
594.009187465115 811.0
594.2668818584625 824.0
594.5245679897531 817.0
594.7822458585038 820.0
595.0399154642313 792.0
595.2975768064524 812.0
595.5552298846843 816.0
595.8128746984438 820.0
596.0705112472474 813.0
596.3281395306126 810.0
596.5857595480555 817.0
596.8433712990935 805.0
597.1009747832434 800.0
597.3585700000219 812.0
597.6161569489462 792.0
597.8737356295327 796.0
598.1313060412986 811.0
598.3888681837607 807.0
598.6464220564358 814.0
598.9039676588409 805.0
599.1615049904925 794.0
599.4190340509081 817.0
599.676554839604 812.0
599.9340673560972 811.0
600.1915715999048 817.0
600.4490675705435 819.0
600.7065552675302 813.0
600.9640346903817 817.0
601.221505838615 808.0
601.4789687117469 796.0
601.7364233092942 801.0
601.9938696307739 819.0
602.2513076757026 810.0
602.5087374435976 819.0
602.7661589339755 831.0
603.023572146353 879.0
603.2809770802475 883.0
603.5383737351752 852.0
603.7957621106534 846.0
604.053142206199 832.0
604.3105140213286 829.0
604.5678775555593 816.0
604.8252328084078 814.0
605.0825797793912 814.0
605.3399184680261 822.0
605.5972488738295 812.0
605.8545709963181 824.0
606.111884835009 809.0
606.3691903894193 815.0
606.6264876590651 791.0
606.883776643464 802.0
607.1410573421324 814.0
607.3983297545875 811.0
607.6555938803461 809.0
607.9128497189247 800.0
608.1700972698408 810.0
608.4273365326108 803.0
608.6845675067516 802.0
608.9417901917803 814.0
609.1990045872135 820.0
609.4562106925683 810.0
609.7134085073615 825.0
609.9705980311098 825.0
610.2277792633305 813.0
610.4849522035397 819.0
610.7421168512552 833.0
610.9992732059933 818.0
611.2564212672709 812.0
611.5135610346049 801.0
611.7706925075122 812.0
612.0278156855098 804.0
612.2849305681145 802.0
612.542037154843 817.0
612.7991354452124 820.0
613.0562254387393 820.0
613.3133071349409 804.0
613.5703805333337 814.0
613.8274456334349 808.0
614.0845024347612 805.0
614.3415509368294 817.0
614.5985911391567 808.0
614.8556230412595 813.0
615.1126466426551 804.0
615.36966194286 810.0
615.6266689413914 818.0
615.8836676377659 816.0
616.1406580315004 794.0
616.3976401221121 813.0
616.6546139091173 820.0
616.9115793920333 814.0
617.1685365703769 824.0
617.4254854436648 825.0
617.6824260114142 814.0
617.9393582731417 812.0
618.196282228364 803.0
618.4531978765983 807.0
618.7101052173614 805.0
618.9670042501702 812.0
619.2238949745413 803.0
619.4807773899919 806.0
619.7376514960388 812.0
619.9945172921986 808.0
620.2513747779885 818.0
620.508223952925 804.0
620.7650648165256 813.0
621.0218973683066 808.0
621.2787216077849 812.0
621.5355375344776 823.0
621.7923451479013 805.0
622.0491444475734 808.0
622.3059354330103 807.0
622.5627181037288 812.0
622.8194924592461 824.0
623.0762584990788 805.0
623.333016222744 811.0
623.5897656297584 819.0
623.8465067196389 809.0
624.1032394919024 800.0
624.3599639460657 809.0
624.6166800816459 818.0
624.8733878981594 793.0
625.1300873951237 808.0
625.3867785720552 807.0
625.6434614284708 801.0
625.9001359638876 793.0
626.1568021778221 794.0
626.4134600697917 802.0
626.6701096393127 786.0
626.9267508859024 804.0
627.1833838090776 815.0
627.4400084083547 814.0
627.6966246832512 821.0
627.9532326332837 808.0
628.2098322579691 817.0
628.4664235568243 839.0
628.723006529366 812.0
628.9795811751112 804.0
629.2361474935768 811.0
629.4927054842794 802.0
629.7492551467363 809.0
630.0057964804641 811.0
630.2623294849799 817.0
630.5188541598001 812.0
630.775370504442 822.0
631.0318785184223 805.0
631.2883782012578 808.0
631.5448695524658 804.0
631.8013525715625 811.0
632.0578272580652 809.0
632.3142936114906 809.0
632.5707516313557 808.0
632.8272013171775 804.0
633.0836426684723 804.0
633.3400756847575 822.0
633.5965003655499 799.0
633.8529167103661 799.0
634.1093247187234 814.0
634.3657243901381 814.0
634.6221157241276 822.0
634.8784987202085 804.0
635.1348733778977 823.0
635.3912396967121 814.0
635.6475976761684 800.0
635.9039473157839 803.0
636.1602886150749 796.0
636.4166215735588 810.0
636.6729461907521 811.0
636.9292624661718 814.0
637.1855703993349 814.0
637.4418699897578 813.0
637.6981612369581 808.0
637.9544441404521 809.0
638.2107186997567 806.0
638.4669849143892 806.0
638.7232427838659 812.0
638.979492307704 803.0
639.2357334854204 818.0
639.4919663165317 807.0
639.7481908005552 808.0
640.0044069370073 807.0
640.2606147254052 805.0
640.5168141652655 804.0
640.7730052561054 803.0
641.0291879974413 811.0
641.2853623887906 824.0
641.5415284296699 841.0
641.797686119596 830.0
642.0538354580859 819.0
642.3099764446565 802.0
642.5661090788245 812.0
642.8222333601069 808.0
643.0783492880205 808.0
643.3344568620822 812.0
643.5905560818089 813.0
643.8466469467173 801.0
644.1027294563247 798.0
644.3588036101473 800.0
644.6148694077026 813.0
644.8709268485071 822.0
645.1269759320778 803.0
645.3830166579316 804.0
645.6390490255851 805.0
645.8950730345556 803.0
646.1510886843597 814.0
646.4070959745143 821.0
646.6630949045363 807.0
646.9190854739425 811.0
647.17506768225 800.0
647.4310415289752 798.0
647.6870070136354 817.0
647.9429641357473 809.0
648.1989128948277 822.0
648.4548532903938 801.0
648.7107853219619 791.0
648.9667089890495 795.0
649.222624291173 803.0
649.4785312278494 804.0
649.7344297985958 813.0
649.9903200029287 814.0
650.2462018403652 804.0
650.502075310422 800.0
650.7579404126162 799.0
651.0137971464646 812.0
651.2696455114838 823.0
651.525485507191 808.0
651.7813171331029 819.0
652.0371403887364 798.0
652.2929552736086 801.0
652.5487617872358 808.0
652.8045599291355 827.0
653.0603496988242 813.0
653.3161310958188 817.0
653.5719041196362 821.0
653.8276687697933 812.0
654.0834250458071 820.0
654.3391729471941 811.0
654.5949124734717 812.0
654.8506436241562 804.0
655.1063663987647 807.0
655.3620807968144 810.0
655.6177868178215 817.0
655.8734844613035 814.0
656.129173726777 817.0
656.3848546137588 809.0
656.6405271217659 805.0
656.8961912503149 808.0
657.1518469989231 806.0
657.4074943671071 826.0
657.6631333543837 816.0
657.9187639602701 818.0
658.1743861842826 822.0
658.4300000259387 796.0
658.6856054847549 819.0
658.9412025602483 823.0
659.1967912519353 821.0
659.4523715593333 808.0
659.707943481959 807.0
659.9635070193291 813.0
660.2190621709606 814.0
660.4746089363705 801.0
660.7301473150753 800.0
660.9856773065924 814.0
661.2411989104381 817.0
661.4967121261298 812.0
661.7522169531838 811.0
662.0077133911174 805.0
662.2632014394475 823.0
662.5186810976904 810.0
662.7741523653638 802.0
663.029615241984 812.0
663.2850697270679 798.0
663.5405158201327 813.0
663.7959535206948 804.0
664.0513828282715 796.0
664.3068037423793 807.0
664.5622162625355 807.0
664.8176203882564 804.0
665.0730161190594 795.0
665.3284034544613 803.0
665.5837823939785 790.0
665.8391529371283 814.0
666.0945150834276 819.0
666.349868832393 809.0
666.6052141835415 803.0
666.8605511363899 807.0
667.1158796904554 794.0
667.3711998452544 811.0
667.626511600304 813.0
667.8818149551211 819.0
668.1371099092223 819.0
668.3923964621249 794.0
668.6476746133454 804.0
668.9029443624008 807.0
669.1582057088083 814.0
669.4134586520839 821.0
669.6687031917455 806.0
669.9239393273093 801.0
670.1791670582923 815.0
670.4343863842114 808.0
670.6895973045835 807.0
670.9447998189256 799.0
671.1999939267544 802.0
671.4551796275866 818.0
671.7103569209394 811.0
671.9655258063294 807.0
672.220686283274 810.0
672.475838351289 813.0
672.7309820098925 805.0
672.9861172586005 811.0
673.2412440969302 803.0
673.4963625243987 825.0
673.7514725405223 807.0
674.0065741448183 829.0
674.2616673368035 804.0
674.5167521159946 808.0
674.7718284819086 829.0
675.0268964340622 835.0
675.2819559719727 860.0
675.5370070951565 857.0
675.7920498031307 850.0
676.0470840954122 838.0
676.3021099715176 830.0
676.5571274309642 828.0
676.8121364732684 818.0
677.0671370979474 813.0
677.3221293045178 793.0
677.5771130924968 807.0
677.8320884614011 811.0
678.0870554107474 796.0
678.3420139400529 810.0
678.5969640488343 805.0
678.8519057366083 802.0
679.1068390028922 806.0
679.3617638472023 805.0
679.616680269056 830.0
679.8715882679699 811.0
680.1264878434607 814.0
680.3813789950458 813.0
680.6362617222414 797.0
680.8911360245651 806.0
681.146001901533 810.0
681.4008593526627 816.0
681.6557083774705 804.0
681.9105489754734 809.0
682.1653811461886 816.0
682.4202048891326 806.0
682.6750202038223 801.0
682.9298270897748 828.0
683.1846255465068 803.0
683.4394155735351 819.0
683.6941971703767 808.0
683.9489703365485 813.0
684.2037350715673 814.0
684.4584913749499 817.0
684.7132392462133 810.0
684.9679786848742 812.0
685.2227096904496 806.0
685.4774322624564 814.0
685.7321464004115 795.0
685.9868521038316 794.0
686.2415493722334 822.0
686.4962382051343 813.0
686.7509186020508 823.0
687.0055905624997 852.0
687.2602540859983 843.0
687.514909172063 818.0
687.7695558202109 832.0
688.0241940299587 823.0
688.2788238008236 810.0
688.5334451323221 816.0
688.7880580239712 824.0
689.042662475288 809.0
689.2972584857889 802.0
689.5518460549912 815.0
689.8064251824115 802.0
690.0609958675668 813.0
690.3155581099742 812.0
690.5701119091498 803.0
690.8246572646113 810.0
691.0791941758752 799.0
691.3337226424583 819.0
691.5882426638777 807.0
691.84275423965 813.0
692.0972573692924 818.0
692.3517520523214 816.0
692.6062382882542 811.0
692.8607160766074 808.0
693.1151854168979 811.0
693.3696463086428 808.0
693.6240987513587 833.0
693.8785427445628 821.0
694.1329782877717 820.0
694.3874053805022 821.0
694.6418240222713 829.0
694.8962342125958 843.0
695.1506359509929 844.0
695.405029236979 815.0
695.6594140700711 834.0
695.9137904497863 883.0
696.168158375641 933.0
696.4225178471527 1016.0
696.676868863838 1002.0
696.9312114252134 961.0
697.1855455307963 889.0
697.4398711801031 845.0
697.6941883726512 829.0
697.9484971079568 809.0
698.2027973855375 803.0
698.4570892049098 817.0
698.7113725655903 802.0
698.9656474670965 807.0
699.2199139089445 821.0
699.4741718906519 798.0
699.7284214117353 805.0
699.9826624717113 809.0
700.2368950700971 808.0
700.4911192064093 809.0
700.7453348801653 801.0
700.9995420908814 805.0
701.2537408380745 812.0
701.5079311212619 803.0
701.7621129399598 804.0
702.016286293686 808.0
702.2704511819566 822.0
702.5246076042886 833.0
702.778755560199 850.0
703.0328950492045 849.0
703.2870260708224 843.0
703.5411486245691 829.0
703.7952627099618 822.0
704.0493683265172 815.0
704.3034654737519 805.0
704.5575541511835 807.0
704.8116343583279 817.0
705.0657060947029 811.0
705.3197693598249 815.0
705.5738241532106 832.0
705.8278704743772 822.0
706.0819083228414 844.0
706.3359376981203 913.0
706.5899585997306 997.0
706.8439710271889 964.0
707.0979749800126 930.0
707.3519704577179 886.0
707.6059574598225 842.0
707.8599359858429 825.0
708.1139060352955 816.0
708.3678676076978 824.0
708.6218207025663 818.0
708.8757653194182 816.0
709.12970145777 808.0
709.3836291171389 816.0
709.6375482970416 808.0
709.8914589969946 813.0
710.1453612165157 807.0
710.3992549551208 807.0
710.6531402123275 821.0
710.9070169876522 821.0
711.1608852806118 811.0
711.4147450907236 816.0
711.6685964175037 824.0
711.9224392604699 806.0
712.1762736191384 826.0
712.4300994930262 813.0
712.6839168816504 807.0
712.9377257845274 817.0
713.1915262011746 816.0
713.4453181311087 809.0
713.6991015738463 813.0
713.9528765289045 808.0
714.2066429958 827.0
714.4604009740502 832.0
714.7141504631712 849.0
714.9678914626805 845.0
715.2216239720948 831.0
715.4753479909306 813.0
715.7290635187052 819.0
715.982770554935 809.0
716.2364690991376 825.0
716.4901591508293 826.0
716.743840709527 799.0
716.9975137747479 806.0
717.2511783460084 813.0
717.5048344228259 813.0
717.7584820047169 805.0
718.0121210911982 808.0
718.2657516817872 804.0
718.519373776 811.0
718.772987373354 794.0
719.026592473366 816.0
719.2801890755527 803.0
719.5337771794311 803.0
719.7873567845179 806.0
720.0409278903304 807.0
720.294490496385 808.0
720.5480446021987 837.0
720.8015902072887 822.0
721.0551273111711 817.0
721.3086559133636 827.0
721.5621760133826 829.0
721.815687610745 819.0
722.0691907049679 815.0
722.3226852955679 803.0
722.5761713820622 803.0
722.8296489639672 816.0
723.0831180408002 806.0
723.3365786120778 810.0
723.5900306773169 801.0
723.8434742360346 804.0
724.0969092877473 817.0
724.3503358319725 814.0
724.6037538682267 805.0
724.8571633960265 818.0
725.1105644148894 813.0
725.3639569243315 825.0
725.6173409238706 812.0
725.8707164130229 814.0
726.1240833913054 824.0
726.3774418582351 820.0
726.6307918133285 822.0
726.8841332561029 829.0
727.137466186075 878.0
727.3907906027619 857.0
727.6441065056802 839.0
727.8974138943464 837.0
728.1507127682783 829.0
728.4040031269918 829.0
728.6572849700045 814.0
728.9105582968331 812.0
729.1638231069941 805.0
729.4170794000048 823.0
729.6703271753817 809.0
729.923566432642 826.0
730.1767971713025 805.0
730.4300193908798 829.0
730.6832330908911 820.0
730.936438270853 829.0
731.1896349302828 833.0
731.442823068697 809.0
731.6960026856123 817.0
731.949173780546 810.0
732.2023363530145 804.0
732.4554904025351 817.0
732.7086359286245 807.0
732.9617729307997 816.0
733.2149014085775 804.0
733.4680213614745 801.0
733.7211327890079 805.0
733.9742356906943 807.0
734.2273300660511 805.0
734.4804159145946 812.0
734.7334932358416 833.0
734.9865620293094 828.0
735.2396222945147 834.0
735.4926740309744 824.0
735.7457172382054 839.0
735.9987519157243 809.0
736.2517780630484 834.0
736.504795679694 836.0
736.7578047651785 851.0
737.0108053190187 889.0
737.2637973407312 878.0
737.516780829833 889.0
737.769755785841 932.0
738.0227222082721 1017.0
738.2756800966428 1155.0
738.5286294504706 1064.0
738.781570269272 1045.0
739.0345025525638 936.0
739.2874262998632 868.0
739.5403415106866 852.0
739.7932481845512 842.0
740.046146320974 813.0
740.2990359194714 818.0
740.5519169795606 811.0
740.8047895007583 816.0
741.0576534825816 824.0
741.3105089245472 818.0
741.563355826172 829.0
741.8161941869729 814.0
742.0690240064664 801.0
742.3218452841702 822.0
742.5746580196005 825.0
742.8274622122741 815.0
743.0802578617083 818.0
743.3330449674197 827.0
743.5858235289254 813.0
743.8385935457418 826.0
744.0913550173865 821.0
744.3441079433758 809.0
744.5968523232264 797.0
744.8495881564559 807.0
745.1023154425804 805.0
745.3550341811174 814.0
745.6077443715835 820.0
745.8604460134952 823.0
746.1131391063701 805.0
746.3658236497243 818.0
746.6184996430754 799.0
746.87116708594 813.0
747.1238259778346 813.0
747.3764763182764 826.0
747.6291181067822 807.0
747.8817513428692 813.0
748.1343760260539 827.0
748.3869921558529 832.0
748.6395997317837 830.0
748.8921987533628 843.0
749.1447892201071 838.0
749.3973711315336 867.0
749.6499444871589 925.0
749.9025092865003 1163.0
750.1550655290741 1510.0
750.4076132143978 1494.0
750.6601523419877 1424.0
750.912682911361 1374.0
751.1652049220347 1336.0
751.4177183735251 1293.0
751.6702232653497 1201.0
751.9227195970248 1131.0
752.1752073680677 944.0
752.4276865779954 898.0
752.680157226324 861.0
752.9326193125712 842.0
753.1850728362533 832.0
753.4375177968876 818.0
753.6899541939908 836.0
753.9423820270795 823.0
754.194801295671 821.0
754.4472119992819 830.0
754.6996141374291 826.0
754.9520077096296 812.0
755.2043927154 829.0
755.4567691542577 810.0
755.7091370257187 824.0
755.9614963293008 804.0
756.2138470645202 810.0
756.4661892308942 810.0
756.7185228279395 811.0
756.9708478551728 819.0
757.2231643121112 804.0
757.4754721982714 802.0
757.7277715131704 815.0
757.9800622563251 808.0
758.2323444272521 815.0
758.4846180254688 813.0
758.7368830504913 823.0
758.9891395018373 828.0
759.2413873790232 811.0
759.4936266815657 815.0
759.7458574089821 816.0
759.9980795607888 818.0
760.2502931365033 814.0
760.502498135642 816.0
760.7546945577217 817.0
761.0068824022595 828.0
761.2590616687722 826.0
761.5112323567769 832.0
761.7633944657899 813.0
762.0155479953288 833.0
762.26769294491 838.0
762.5198293140501 862.0
762.7719571022666 973.0
763.024076309076 1211.0
763.2761869339953 1664.0
763.5282889765415 1597.0
763.780382436231 1525.0
764.032467312581 1358.0
764.2845436051083 1053.0
764.53661131333 915.0
764.7886704367629 882.0
765.0407209749233 854.0
765.2927629273288 838.0
765.5447962934958 846.0
765.7968210729414 819.0
766.0488372651824 832.0
766.3008448697357 826.0
766.5528438861181 826.0
766.8048343138464 807.0
767.0568161524378 825.0
767.3087894014087 798.0
767.5607540602764 818.0
767.8127101285577 802.0
768.0646576057691 803.0
768.3165964914278 812.0
768.5685267850505 818.0
768.8204484861544 827.0
769.0723615942561 819.0
769.3242661088722 803.0
769.5761620295201 809.0
769.8280493557162 819.0
770.0799280869778 808.0
770.3317982228216 812.0
770.5836597627642 805.0
770.835512706323 810.0
771.0873570530143 825.0
771.3391928023555 820.0
771.591019953863 838.0
771.8428385070538 922.0
772.094648461445 1100.0
772.3464498165532 1117.0
772.5982425718955 1068.0
772.8500267269885 1031.0
773.1018022813494 917.0
773.3535692344948 857.0
773.6053275859415 825.0
773.8570773352067 831.0
774.108818481807 823.0
774.3605510252594 819.0
774.6122749650807 817.0
774.8639903007878 810.0
775.1156970318975 808.0
775.3673951579267 795.0
775.6190846783925 816.0
775.8707655928115 819.0
776.1224379007004 821.0
776.3741016015766 803.0
776.6257566949563 809.0
776.8774031803571 820.0
777.1290410572955 808.0
777.3806703252881 825.0
777.6322909838522 810.0
777.8839030325043 816.0
778.1355064707618 811.0
778.3871012981411 807.0
778.6386875141592 819.0
778.890265118333 812.0
779.1418341101793 807.0
779.3933944892151 796.0
779.6449462549571 819.0
779.8964894069222 825.0
780.1480239446275 822.0
780.3995498675895 805.0
780.6510671753255 811.0
780.9025758673517 820.0
781.1540759431858 806.0
781.4055674023442 825.0
781.6570502443437 813.0
781.9085244687013 804.0
782.159990074934 819.0
782.4114470625585 820.0
782.6628954310918 820.0
782.9143351800503 807.0
783.1657663089516 808.0
783.4171888173119 806.0
783.6686027046486 829.0
783.9200079704783 793.0
784.1714046143178 817.0
784.4227926356843 828.0
784.6741720340941 819.0
784.9255428090647 806.0
785.1769049601126 816.0
785.4282584867548 813.0
785.6796033885082 816.0
785.9309396648893 809.0
786.1822673154155 808.0
786.4335863396033 809.0
786.6848967369698 802.0
786.9361985070317 823.0
787.1874916493058 804.0
787.4387761633094 815.0
787.6900520485588 815.0
787.9413193045713 820.0
788.1925779308636 803.0
788.4438279269523 812.0
788.6950692923548 814.0
788.9463020265875 814.0
789.1975261291677 819.0
789.448741599612 822.0
789.6999484374371 809.0
789.9511466421604 813.0
790.2023362132982 803.0
790.4535171503677 817.0
790.7046894528855 816.0
790.9558531203689 823.0
791.2070081523347 817.0
791.458154548299 802.0
791.7092923077797 812.0
791.9604214302931 807.0
792.2115419153562 810.0
792.462653762486 807.0
792.7137569711989 805.0
792.9648515410123 808.0
793.2159374714428 813.0
793.4670147620074 827.0
793.718083412223 819.0
793.9691434216061 834.0
794.220194789674 896.0
794.4712375159432 1045.0
794.722271599931 1095.0
794.9732970411541 1021.0
795.2243138391292 1029.0
795.4753219933733 929.0
795.7263215034031 860.0
795.9773123687357 834.0
796.2282945888878 829.0
796.4792681633767 837.0
796.7302330917187 834.0
796.9811893734307 824.0
797.23213700803 818.0
797.483075995033 812.0
797.7340063339569 801.0
797.9849280243186 822.0
798.2358410656345 817.0
798.4867454574222 818.0
798.7376411991978 803.0
798.9885282904788 810.0
799.2394067307818 833.0
799.4902765196234 813.0
799.741137656521 831.0
799.9919901409909 904.0
800.2428339725506 1034.0
800.4936691507165 1132.0
800.7444956750055 1071.0
800.9953135449347 1175.0
801.2461227600207 1230.0
801.4969233197808 1098.0
801.7477152237312 1079.0
801.9984984713894 1014.0
802.2492730622722 901.0
802.5000389958959 864.0
802.7507962717781 856.0
803.0015448894349 836.0
803.252284848384 824.0
803.5030161481417 814.0
803.7537387882248 813.0
804.0044527681507 814.0
804.2551580874358 809.0
804.5058547455972 821.0
804.7565427421519 834.0
805.0072220766161 818.0
805.2578927485075 826.0
805.5085547573423 805.0
805.7592081026379 806.0
806.009852783911 803.0
806.2604888006782 809.0
806.5111161524568 816.0
806.7617348387631 817.0
807.0123448591147 808.0
807.2629462130279 820.0
807.5135389000196 812.0
807.7641229196071 825.0
808.0146982713067 833.0
808.2652649546358 840.0
808.5158229691108 853.0
808.7663723142489 838.0
809.016912989567 823.0
809.2674449945815 841.0
809.5179683288098 877.0
809.7684829917686 970.0
810.0189889829746 1189.0
810.269486301945 1270.0
810.5199749481961 1235.0
810.7704549212456 1422.0
811.0209262206095 2000.0
811.2713888458052 3308.0
811.5218427963496 2916.0
811.7722880717591 2780.0
812.022724671551 2506.0
812.2731525952421 1605.0
812.5235718423493 1217.0
812.7739824123893 1028.0
813.0243843048788 932.0
813.2747775193352 893.0
813.5251620552749 875.0
813.7755379122152 865.0
814.0259050896724 841.0
814.276263587164 845.0
814.5266134042064 827.0
814.7769545403165 825.0
815.0272869950115 818.0
815.2776107678079 806.0
815.5279258582229 817.0
815.7782322657732 820.0
816.0285299899754 826.0
816.2788190303468 825.0
816.529099386404 811.0
816.7793710576641 822.0
817.0296340436439 817.0
817.2798883438601 824.0
817.5301339578298 810.0
817.7803708850694 808.0
818.0305991250964 802.0
818.2808186774273 813.0
818.531029541579 814.0
818.7812317170685 809.0
819.0314252034124 801.0
819.281610000128 810.0
819.5317861067317 816.0
819.7819535227408 794.0
820.0321122476719 806.0
820.2822622810417 808.0
820.5324036223675 810.0
820.7825362711658 816.0
821.0326602269538 820.0
821.2827754892483 824.0
821.5328820575656 798.0
821.7829799314234 809.0
822.033069110338 806.0
822.2831495938267 814.0
822.5332213814061 801.0
822.7832844725929 809.0
823.0333388669044 812.0
823.283384563857 816.0
823.533421562968 815.0
823.7834498637541 820.0
824.033469465732 816.0
824.2834803684189 812.0
824.5334825713311 807.0
824.7834760739862 812.0
825.0334608759005 805.0
825.2834369765912 812.0
825.5334043755751 833.0
825.7833630723688 844.0
826.0333130664897 940.0
826.2832543574541 983.0
826.5331869447793 936.0
826.783110827982 954.0
827.0330260065789 906.0
827.2829324800872 846.0
827.5328302480233 840.0
827.7827193099047 820.0
828.032599665248 812.0
828.2824713135695 807.0
828.532334254387 803.0
828.7821884872168 813.0
829.0320340115759 810.0
829.2818708269813 813.0
829.5316989329494 799.0
829.7815183289979 808.0
830.0313290146428 796.0
830.2811309894015 800.0
830.5309242527906 793.0
830.7807088043272 796.0
831.0304846435281 805.0
831.2802517699099 796.0
831.5300101829899 815.0
831.7797598822846 818.0
832.0295008673112 806.0
832.2792331375864 805.0
832.5289566926268 805.0
832.7786715319497 801.0
833.0283776550717 791.0
833.27807506151 817.0
833.5277637507811 821.0
833.7774437224018 808.0
834.0271149758895 806.0
834.2767775107606 803.0
834.526431326532 813.0
834.7760764227208 822.0
835.0257127988438 805.0
835.2753404544177 796.0
835.5249593889594 797.0
835.774569601986 807.0
836.0241710930143 810.0
836.2737638615607 819.0
836.5233479071428 794.0
836.7729232292768 813.0
837.0224898274802 800.0
837.2720477012693 813.0
837.5215968501614 827.0
837.7711372736733 821.0
838.0206689713215 805.0
838.2701919426232 821.0
838.5197061870952 804.0
838.7692117042545 818.0
839.0187084936177 817.0
839.2681965547017 838.0
839.5176758870236 810.0
839.7671464901001 806.0
840.0166083634483 842.0
840.2660615065847 902.0
840.5155059190262 1086.0
840.7649416002901 1063.0
841.0143685498927 1023.0
841.2637867673512 1038.0
841.5131962521828 956.0
841.7625970039035 938.0
842.0119890220308 1161.0
842.2613723060813 1411.0
842.5107468555723 1242.0
842.76011267002 1288.0
843.0094697489418 1201.0
843.2588180918546 967.0
843.5081576982747 875.0
843.7574885677194 857.0
844.0068106997054 845.0
844.25612409375 827.0
844.5054287493696 817.0
844.754724666081 829.0
845.0040118434015 818.0
845.2532902808475 811.0
845.5025599779364 807.0
845.7518209341847 810.0
846.0010731491091 819.0
846.2503166222269 826.0
846.4995513530547 810.0
846.7487773411094 806.0
846.9979945859081 818.0
847.2472030869674 830.0
847.4964028438043 814.0
847.7455938559353 817.0
847.994776122878 806.0
848.2439496441485 800.0
848.4931144192642 808.0
848.7422704477419 820.0
848.9914177290981 796.0
849.2405562628502 813.0
849.4896860485144 796.0
849.7388070856083 803.0
849.9879193736485 804.0
850.2370229121515 805.0
850.4861177006346 814.0
850.7352037386146 821.0
850.9842810256082 815.0
851.2333495611326 817.0
851.482409344704 842.0
851.7314603758401 943.0
851.9805026540571 978.0
852.2295361788724 930.0
852.4785609498026 952.0
852.7275769663643 924.0
852.9765842280748 871.0
853.2255827344507 844.0
853.4745724850093 816.0
853.7235534792667 803.0
853.9725257167406 822.0
854.2214891969475 802.0
854.4704439194039 801.0
854.7193898836274 804.0
854.9683270891342 803.0
855.2172555354416 801.0
855.4661752220665 813.0
855.7150861485252 804.0
855.9639883143353 806.0
856.212881719013 795.0
856.4617663620759 796.0
856.7106422430403 804.0
856.9595093614231 799.0
857.2083677167415 802.0
857.4572173085119 814.0
857.7060581362517 812.0
857.9548901994776 802.0
858.2037134977061 797.0
858.4525280304546 797.0
858.7013337972394 804.0
858.950130797578 817.0
859.1989190309868 802.0
859.4476984969828 815.0
859.696469195083 799.0
859.9452311248039 801.0
860.1939842856627 799.0
860.4427286771763 804.0
860.6914642988615 811.0
860.9401911502351 809.0
861.1889092308139 803.0
861.437618540115 813.0
861.686319077655 801.0
861.935010842951 805.0
862.1836938355198 804.0
862.432368054878 791.0
862.6810335005429 802.0
862.9296901720311 801.0
863.1783380688596 804.0
863.4269771905452 810.0
863.6756075366046 813.0
863.9242291065551 806.0
864.1728418999131 800.0
864.4214459161959 789.0
864.6700411549201 801.0
864.9186276156024 806.0
865.1672052977602 805.0
865.4157742009098 796.0
865.6643343245685 786.0
865.9128856682528 805.0
866.1614282314799 824.0
866.4099620137665 834.0
866.6584870146295 832.0
866.9070032335858 825.0
867.155510670152 833.0
867.4040093238455 811.0
867.6524991941827 804.0
867.9009802806806 801.0
868.1494525828563 802.0
868.3979161002262 810.0
868.6463708323078 797.0
868.8948167786174 806.0
869.1432539386718 813.0
869.3916823119887 792.0
869.6401018980839 801.0
869.8885126964751 807.0
870.1369147066789 810.0
870.3853079282118 803.0
870.6336923605911 814.0
870.8820680033335 799.0
871.1304348559562 795.0
871.3787929179755 808.0
871.6271421889087 792.0
871.8754826682726 802.0
872.1238143555837 802.0
872.3721372503595 806.0
872.6204513521162 822.0
872.8687566603713 808.0
873.1170531746413 805.0
873.365340894443 792.0
873.6136198192935 801.0
873.8618899487094 814.0
874.110151282208 805.0
874.3584038193057 800.0
874.6066475595196 793.0
874.8548825023668 803.0
875.1031086473636 810.0
875.3513259940273 793.0
875.5995345418747 808.0
875.8477342904224 823.0
876.0959252391877 809.0
876.3441073876871 800.0
876.5922807354377 794.0
876.8404452819562 782.0
877.0886010267599 800.0
877.3367479693651 820.0
877.5848861092887 805.0
877.8330154460481 799.0
878.0811359791594 804.0
878.3292477081402 818.0
878.5773506325071 808.0
878.8254447517768 803.0
879.0735300654665 809.0
879.3216065730924 801.0
879.5696742741723 812.0
879.8177331682225 811.0
880.0657832547598 799.0
880.3138245333014 797.0
880.5618570033639 802.0
880.8098806644645 799.0
881.0578955161196 803.0
881.3059015578464 799.0
881.5538987891618 798.0
881.8018872095822 809.0
882.0498668186252 821.0
882.297837615807 780.0
882.5457996006451 797.0
882.7937527726558 812.0
883.041697131356 803.0
883.2896326762632 800.0
883.5375594068934 804.0
883.7854773227642 805.0
884.0333864233922 807.0
884.2812867082938 809.0
884.5291781769868 806.0
884.7770608289871 810.0
885.0249346638125 807.0
885.2727996809792 788.0
885.5206558800041 788.0
885.7685032604046 813.0
886.0163418216969 818.0
886.2641715633982 806.0
886.5119924850256 802.0
886.7598045860955 804.0
887.007607866125 811.0
887.2554023246308 809.0
887.5031879611303 806.0
887.7509647751398 795.0
887.9987327661763 802.0
888.2464919337567 802.0
888.4942422773979 812.0
888.7419837966169 804.0
888.9897164909302 795.0
889.2374403598551 804.0
889.4851554029083 794.0
889.7328616196063 807.0
889.9805590094667 809.0
890.2282475720056 798.0
890.4759273067405 817.0
890.7235982131879 813.0
890.9712602908646 805.0
891.218913539288 801.0
891.4665579579743 795.0
891.7141935464408 813.0
891.9618203042044 798.0
892.2094382307815 808.0
892.4570473256895 794.0
892.7046475884449 801.0
892.9522390185649 793.0
893.1998216155661 794.0
893.4473953789653 801.0
893.6949603082797 801.0
893.9425164030258 803.0
894.1900636627211 812.0
894.4376020868815 808.0
894.6851316750246 799.0
894.9326524266672 797.0
895.1801643413257 801.0
895.4276674185177 801.0
895.6751616577593 812.0
895.922647058568 811.0
896.1701236204603 788.0
896.4175913429531 800.0
896.6650502255636 793.0
896.912500267808 807.0
897.159941469204 803.0
897.4073738292678 803.0
897.6547973475165 797.0
897.9022120234671 813.0
898.1496178566362 790.0
898.3970148465409 793.0
898.644402992698 819.0
898.8917822946241 816.0
899.1391527518367 804.0
899.386514363852 800.0
899.6338671301874 804.0
899.8812110503592 807.0
900.1285461238849 804.0
900.375872350281 797.0
900.6231897290643 806.0
900.8704982597519 789.0
901.1177979418604 818.0
901.3650887749071 817.0
901.6123707584086 807.0
901.8596438918815 803.0
902.106908174843 821.0
902.35416360681 799.0
902.6014101872993 789.0
902.8486479158278 790.0
903.095876791912 813.0
903.3430968150694 816.0
903.5903079848164 812.0
903.83751030067 801.0
904.0847037621473 801.0
904.3318883687646 787.0
904.5790641200394 795.0
904.826231015488 806.0
905.0733890546279 809.0
905.3205382369753 803.0
905.5676785620476 820.0
905.8148100293615 810.0
906.0619326384336 804.0
906.3090463887813 788.0
906.5561512799208 799.0
906.8032473113697 803.0
907.0503344826443 799.0
907.2974127932616 790.0
907.5444822427387 802.0
907.7915428305921 804.0
908.038594556339 813.0
908.2856374194963 810.0
908.5326714195803 804.0
908.7796965561088 790.0
909.0267128285976 797.0
909.2737202365645 792.0
909.520718779526 804.0
909.7677084569985 809.0
910.0146892684998 810.0
910.261661213546 805.0
910.5086242916544 795.0
910.7555785023416 806.0
911.0025238451248 818.0
911.2494603195206 827.0
911.4963879250456 829.0
911.7433066612174 903.0
911.9902165275522 1114.0
912.2371175235672 1020.0
912.4840096487795 973.0
912.7308929027052 988.0
912.9777672848619 937.0
913.2246327947661 857.0
913.4714894319347 839.0
913.7183371958849 827.0
913.965176086133 832.0
914.2120061021965 823.0
914.4588272435916 825.0
914.7056395098358 811.0
914.9524429004457 814.0
915.1992374149379 803.0
915.4460230528298 794.0
915.6927998136375 785.0
915.9395676968788 789.0
916.1863267020701 804.0
916.4330768287281 813.0
916.67981807637 808.0
916.9265504445123 805.0
917.1732739326723 793.0
917.4199885403666 806.0
917.6666942671121 787.0
917.9133911124259 817.0
918.1600790758242 798.0
918.4067581568248 810.0
918.6534283549438 798.0
918.9000896696987 801.0
919.1467421006058 809.0
919.3933856471822 807.0
919.6400203089449 816.0
919.8866460854103 811.0
920.1332629760961 811.0
920.3798709805186 801.0
920.6264700981943 817.0
920.8730603286409 810.0
921.1196416713748 807.0
921.3662141259131 794.0
921.6127776917724 802.0
921.8593323684695 826.0
922.1058781555217 923.0
922.3524150524454 902.0
922.598943058758 861.0
922.8454621739758 870.0
923.0919723976159 850.0
923.3384737291954 825.0
923.5849661682307 816.0
923.8314497142393 799.0
924.0779243667373 811.0
924.3243901252423 806.0
924.5708469892709 822.0
924.8172949583395 809.0
925.0637340319656 798.0
925.3101642096658 798.0
925.5565854909571 803.0
925.8029978753563 796.0
926.04940136238 812.0
926.2957959515456 804.0
926.5421816423694 805.0
926.7885584343687 800.0
927.0349263270604 786.0
927.281285319961 806.0
927.5276354125876 800.0
927.7739766044568 800.0
928.020308895086 806.0
928.2666322839915 798.0
928.5129467706906 801.0
928.7592523547 799.0
929.0055490355364 792.0
929.2518368127171 805.0
929.4981156857584 802.0
929.7443856541778 794.0
929.9906467174917 798.0
930.2368988752169 793.0
930.4831421268707 790.0
930.7293764719695 805.0
930.9756019100306 797.0
931.2218184405708 797.0
931.4680260631065 803.0
931.7142247771553 805.0
931.9604145822334 796.0
932.2065954778582 804.0
932.4527674635461 796.0
932.6989305388141 800.0
932.9450847031794 803.0
933.1912299561584 801.0
933.4373662972685 804.0
933.6834937260257 787.0
933.929612241948 804.0
934.1757218445516 800.0
934.4218225333533 795.0
934.6679143078701 778.0
934.913997167619 805.0
935.1600711121167 814.0
935.4061361408803 798.0
935.6521922534262 810.0
935.8982394492718 817.0
936.1442777279336 808.0
936.3903070889288 811.0
936.636327531774 806.0
936.882339055986 805.0
937.128341661082 807.0
937.3743353465785 789.0
937.6203201119927 813.0
937.8662959568414 797.0
938.1122628806411 809.0
938.3582208829092 810.0
938.6041699631621 809.0
938.8501101209171 784.0
939.0960413556905 802.0
939.341963667 781.0
939.5878770543618 799.0
939.8337815172929 797.0
940.0796770553103 809.0
940.3255636679306 800.0
940.5714413546712 808.0
940.8173101150486 806.0
941.0631699485793 801.0
941.309020854781 806.0
941.5548628331699 806.0
941.8006958832632 796.0
942.0465200045778 794.0
942.2923351966301 805.0
942.5381414589376 796.0
942.7839387910167 797.0
943.0297271923846 809.0
943.275506662558 798.0
943.5212772010536 797.0
943.7670388073888 803.0
944.0127914810797 799.0
944.2585352216438 806.0
944.504270028598 814.0
944.7499959014584 813.0
944.9957128397427 798.0
945.2414208429674 805.0
945.4871199106495 812.0
945.7328100423057 809.0
945.978491237453 792.0
946.2241634956084 800.0
946.4698268162882 798.0
946.71548119901 809.0
946.9611266432901 794.0
947.2067631486459 808.0
947.4523907145939 810.0
947.6980093406509 809.0
947.943619026334 802.0
948.1892197711599 812.0
948.4348115746456 786.0
948.680394436308 793.0
948.9259683556636 809.0
949.17153333223 800.0
949.4170893655231 804.0
949.6626364550607 818.0
949.9081746003591 809.0
950.1537038009352 790.0
950.3992240563063 807.0
950.6447353659886 803.0
950.8902377294995 800.0
951.1357311463555 808.0
951.381215616074 787.0
951.6266911381715 797.0
951.8721577121647 807.0
952.1176153375708 795.0
952.3630640139064 808.0
952.6085037406887 807.0
952.8539345174344 781.0
953.09935634366 796.0
953.3447692188829 815.0
953.5901731426196 820.0
953.8355681143876 797.0
954.080954133703 807.0
954.326331200083 801.0
954.5716993130445 800.0
954.8170584721041 795.0
955.0624086767792 797.0
955.3077499265863 806.0
955.5530822210421 798.0
955.798405559664 803.0
956.0437199419682 808.0
956.2890253674723 807.0
956.5343218356925 805.0
956.7796093461461 810.0
957.02488789835 804.0
957.2701574918206 797.0
957.5154181260752 799.0
957.7606698006304 805.0
958.0059125150034 806.0
958.2511462687107 813.0
958.4963710612694 805.0
958.7415868921963 806.0
958.9867937610082 800.0
959.2319916672224 796.0
959.4771806103552 800.0
959.7223605899235 806.0
959.9675316054446 807.0
960.2126936564348 798.0
960.4578467424116 800.0
960.7029908628915 808.0
960.9481260173911 807.0
961.193252205428 790.0
961.4383694265184 807.0
961.6834776801796 813.0
961.9285769659282 808.0
962.1736672832812 810.0
962.4187486317555 811.0
962.6638210108677 793.0
962.908884420135 818.0
963.153938859074 813.0
963.3989843272019 812.0
963.6440208240352 795.0
963.889048349091 796.0
964.1340669018862 806.0
964.3790764819373 807.0
964.6240770887617 792.0
964.8690687218761 801.0
965.114051380797 828.0
965.3590250650417 869.0
965.6039897741268 889.0
965.8489455075695 837.0
966.0938922648864 811.0
966.3388300455941 814.0
966.5837588492103 825.0
966.8286786752509 823.0
967.0735895232334 821.0
967.3184913926743 821.0
967.5633842830911 808.0
967.808268194 818.0
968.0531431249179 803.0
968.2980090753622 798.0
968.5428660448491 799.0
968.7877140328961 797.0
969.0325530390197 810.0
969.2773830627367 808.0
969.5222041035643 807.0
969.7670161610189 808.0
970.0118192346179 809.0
970.2566133238779 805.0
970.5013984283155 809.0
970.746174547448 804.0
970.990941680792 807.0
971.2356998278649 806.0
971.480448988183 818.0
971.725189161263 805.0
971.9699203466223 800.0
972.2146425437775 801.0
972.4593557522456 823.0
972.7040599715434 813.0
972.9487552011876 797.0
973.1934414406954 808.0
973.4381186895833 791.0
973.6827869473685 810.0
973.9274462135677 798.0
974.1720964876979 796.0
974.4167377692759 789.0
974.6613700578182 799.0
974.9059933528424 799.0
975.1506076538647 804.0
975.3952129604023 807.0
975.6398092719721 803.0
975.8843965880908 802.0
976.1289749082755 801.0
976.3735442320426 806.0
976.6181045589096 810.0
976.862655888393 806.0
977.1071982200094 810.0
977.3517315532764 798.0
977.5962558877101 795.0
977.840771222828 804.0
978.0852775581467 807.0
978.3297748931827 822.0
978.5742632274536 810.0
978.8187425604756 804.0
979.063212891766 795.0
979.3076742208415 809.0
979.5521265472191 811.0
979.7965698704156 798.0
980.0410041899477 801.0
980.2854295053326 796.0
980.5298458160865 793.0
980.7742531217272 808.0
981.0186514217711 827.0
981.2630407157347 792.0
981.5074210031356 817.0
981.7517922834901 811.0
981.9961545563154 794.0
982.2405078211283 816.0
982.4848520774455 819.0
982.729187324784 790.0
982.9735135626606 816.0
983.2178307905924 795.0
983.4621390080961 806.0
983.7064382146882 816.0
983.9507284098863 807.0
984.1950095932067 796.0
984.4392817641666 813.0
984.6835449222825 809.0
984.9277990670716 803.0
985.1720441980509 794.0
985.4162803147366 816.0
985.6605074166464 798.0
985.9047255032964 821.0
986.1489345742042 802.0
986.3931346288863 808.0
986.6373256668593 803.0
986.8815076876406 801.0
987.1256806907464 803.0
987.3698446756944 798.0
987.613999642001 809.0
987.8581455891829 799.0
988.1022825167574 804.0
988.3464104242408 794.0
988.5905293111508 794.0
988.8346391770036 808.0
989.0787400213161 812.0
989.3228318436055 814.0
989.5669146433884 806.0
989.8109884201817 810.0
990.0550531735024 806.0
990.2991089028674 796.0
990.5431556077934 809.0
990.7871932877973 803.0
991.031221942396 810.0
991.2752415711062 799.0
991.5192521734452 814.0
991.7632537489297 811.0
992.0072462970761 804.0
992.251229817402 810.0
992.4952043094236 809.0
992.7391697726582 796.0
992.9831262066227 803.0
993.2270736108336 825.0
993.4710119848082 797.0
993.7149413280629 797.0
993.958861640115 800.0
994.2027729204812 796.0
994.4466751686781 814.0
994.6905683842231 802.0
994.9344525666326 810.0
995.1783277154237 804.0
995.4221938301132 802.0
995.6660509102181 810.0
995.9098989552552 809.0
996.1537379647411 801.0
996.3975679381932 796.0
996.6413888751279 787.0
996.8852007750622 793.0
997.1290036375133 779.0
997.3727974619973 809.0
997.6165822480319 812.0
997.8603579951333 809.0
998.104124702819 800.0
998.3478823706055 792.0
998.5916309980095 791.0
998.8353705845483 825.0
999.0791011297383 802.0
999.3228226330968 803.0
999.5665350941406 810.0
999.8102385123861 796.0
1000.0539328873509 795.0
1000.2976182185512 796.0
1000.5412945055043 803.0
1000.7849617477269 813.0
1001.0286199447357 809.0
1001.2722690960481 819.0
1001.5159092011804 803.0
1001.75954025965 800.0
1002.003162270973 807.0
1002.246775234667 813.0
1002.4903791502487 824.0
1002.7339740172346 824.0
1002.9775598351421 800.0
1003.2211366034876 793.0
1003.4647043217884 796.0
1003.7082629895611 787.0
1003.9518126063224 802.0
1004.1953531715895 804.0
1004.4388846848791 809.0
1004.6824071457083 794.0
1004.9259205535938 808.0
1005.1694249080521 811.0
1005.4129202086007 816.0
1005.6564064547559 804.0
1005.8998836460353 805.0
1006.1433517819551 788.0
1006.3868108620323 803.0
1006.6302608857841 821.0
1006.8737018527269 813.0
1007.1171337623779 805.0
1007.3605566142537 796.0
1007.6039704078715 803.0
1007.8473751427481 809.0
1008.0907708184001 803.0
1008.3341574343445 813.0
1008.5775349900982 817.0
1008.8209034851784 813.0
1009.0642629191013 812.0
1009.3076132913841 798.0
1009.5509546015439 806.0
1009.7942868490973 800.0
1010.0376100335611 801.0
1010.2809241544525 798.0
1010.5242292112879 807.0
1010.7675252035845 817.0
1011.010812130859 804.0
1011.2540899926286 797.0
1011.4973587884098 812.0
1011.7406185177194 818.0
1011.9838691800747 817.0
1012.2271107749921 816.0
1012.470343301989 811.0
1012.7135667605817 795.0
1012.9567811502875 796.0
1013.1999864706231 806.0
1013.4431827211052 819.0
1013.686369901251 826.0
1013.929548010577 796.0
1014.1727170486006 805.0
1014.4158770148383 800.0
1014.6590279088067 809.0
1014.9021697300233 806.0
1015.1453024780044 801.0
1015.3884261522674 810.0
1015.6315407523286 806.0
1015.8746462777051 817.0
1016.1177427279141 812.0
1016.3608301024719 808.0
1016.603908400896 801.0
1016.8469776227028 809.0
1017.0900377674091 809.0
1017.3330888345322 804.0
1017.5761308235883 791.0
1017.8191637340951 802.0
1018.0621875655689 808.0
1018.3052023175269 808.0
1018.5482079894858 797.0
1018.7912045809622 827.0
1019.0341920914735 798.0
1019.2771705205361 801.0
1019.5201398676672 813.0
1019.7631001323837 808.0
1020.006051314202 817.0
1020.2489934126395 811.0
1020.4919264272125 800.0
1020.7348503574386 805.0
1020.9777652028342 809.0
1021.2206709629161 804.0
1021.4635676372014 795.0
1021.7064552252067 796.0
1021.9493337264495 806.0
1022.1922031404459 800.0
1022.4350634667132 812.0
1022.6779147047681 802.0
1022.9207568541273 813.0
1023.1635899143083 808.0
1023.4064138848273 794.0
1023.6492287652015 800.0
1023.8920345549478 813.0
1024.134831253583 810.0
1024.377618860624 811.0
1024.6203973755871 806.0
1024.8631667979898 819.0
1025.1059271273493 806.0
1025.3486783631818 796.0
1025.5914205050044 797.0
1025.8341535523336 810.0
1026.076877504687 809.0
1026.3195923615808 802.0
1026.5622981225324 806.0
1026.8049947870584 806.0
1027.0476823546753 796.0
1027.2903608249007 800.0
1027.5330301972513 810.0
1027.7756904712435 801.0
1028.0183416463947 812.0
1028.260983722221 804.0
1028.5036166982402 813.0
1028.7462405739689 806.0
1028.9888553489234 802.0
1029.2314610226213 814.0
1029.474057594579 797.0
1029.7166450643138 810.0
1029.9592234313418 809.0
1030.2017926951808 796.0
1030.4443528553472 798.0
1030.6869039113576 809.0
1030.9294458627296 829.0
1031.1719787089794 808.0
1031.414502449624 816.0
1031.6570170841808 820.0
1031.8995226121658 803.0
1032.1420190330966 806.0
1032.3845063464896 798.0
1032.6269845518618 815.0
1032.8694536487305 800.0
1033.111913636612 812.0
1033.3543645150232 807.0
1033.596806283481 809.0
1033.8392389415026 793.0
1034.081662488605 795.0
1034.324076924304 802.0
1034.566482248118 806.0
1034.8088784595625 809.0
1035.0512655581551 798.0
1035.2936435434124 792.0
1035.5360124148515 807.0
1035.778372171989 796.0
1036.020722814342 803.0
1036.2630643414275 804.0
1036.5053967527615 799.0
1036.7477200478622 807.0
1036.9900342262456 814.0
1037.2323392874284 810.0
1037.4746352309282 802.0
1037.7169220562612 785.0
1037.9591997629448 790.0
1038.2014683504956 801.0
1038.4437278184303 806.0
1038.685978166266 817.0
1038.9282193935196 816.0
1039.170451499708 813.0
1039.4126744843477 807.0
1039.6548883469559 805.0
1039.8970930870496 804.0
1040.1392887041452 798.0
1040.3814751977598 805.0
1040.6236525674105 806.0
1040.8658208126137 810.0
1041.107979932887 806.0
1041.3501299277466 799.0
1041.5922707967095 785.0
1041.8344025392926 817.0
1042.0765251550129 798.0
1042.3186386433872 788.0
1042.5607430039322 806.0
1042.802838236165 807.0
1043.0449243396022 802.0
1043.2870013137613 807.0
1043.5290691581586 792.0
1043.7711278723107 784.0
1044.013177455735 795.0
1044.2552179079482 794.0
1044.4972492284676 795.0
1044.7392714168093 800.0
1044.9812844724902 806.0
1045.223288395028 796.0
1045.4652831839387 804.0
1045.70726883874 808.0
1045.949245358948 822.0
1046.1912127440798 814.0
1046.4331709936528 796.0
1046.675120107183 813.0
1046.9170600841878 800.0
1047.1589909241836 816.0
1047.400912626688 803.0
1047.6428251912175 805.0
1047.8847286172886 796.0
1048.1266229044188 799.0
1048.3685080521243 806.0
1048.6103840599228 803.0
1048.8522509273307 789.0
1049.0941086538646 790.0
1049.3359572390418 801.0
1049.577796682379 806.0
1049.819626983393 813.0
1050.061448141601 825.0
1050.3032601565194 830.0
1050.5450630276655 797.0
1050.7868567545556 807.0
1051.0286413367073 804.0
1051.270416773637 802.0
1051.5121830648616 802.0
1051.7539402098982 806.0
1051.9956882082631 812.0
1052.237427059474 798.0
1052.479156763047 808.0
1052.7208773184996 817.0
1052.9625887253483 799.0
1053.2042909831098 800.0
1053.4459840913016 798.0
1053.6876680494397 797.0
1053.929342857042 807.0
1054.1710085136244 812.0
1054.4126650187043 804.0
1054.6543123717986 810.0
1054.8959505724238 794.0
1055.1375796200969 805.0
1055.3791995143351 818.0
1055.620810254655 814.0
1055.8624118405735 816.0
1056.1040042716074 804.0
1056.3455875472737 813.0
1056.5871616670893 808.0
1056.8287266305706 805.0
1057.070282437235 798.0
1057.3118290865991 800.0
1057.5533665781802 817.0
1057.7948949114943 799.0
1058.0364140860593 817.0
1058.2779241013916 804.0
1058.5194249570077 799.0
1058.760916652425 808.0
1059.0023991871599 797.0
1059.24387256073 794.0
1059.4853367726514 805.0
1059.7267918224413 813.0
1059.968237709617 806.0
1060.2096744336943 791.0
1060.451101994191 802.0
1060.6925203906237 828.0
1060.933929622509 792.0
1061.1753296893642 814.0
1061.4167205907056 799.0
1061.6581023260508 813.0
1061.8994748949162 806.0
1062.1408382968189 796.0
1062.3821925312755 812.0
1062.6235375978026 809.0
1062.8648734959181 800.0
1063.1062002251376 800.0
1063.3475177849793 799.0
1063.588826174959 811.0
1063.830125394594 790.0
1064.0714154434013 798.0
1064.312696320897 805.0
1064.553968026599 804.0
1064.7952305600238 784.0
1065.036483920688 810.0
1065.2777281081087 807.0
1065.5189631218025 809.0
1065.7601889612868 794.0
1066.001405626078 811.0
1066.2426131156928 810.0
1066.4838114296492 805.0
1066.7250005674625 818.0
1066.9661805286507 808.0
1067.2073513127305 804.0
1067.4485129192178 808.0
1067.689665347631 804.0
1067.9308085974856 803.0
1068.1719426682996 796.0
1068.413067559589 784.0
1068.654183270871 807.0
1068.8952898016628 802.0
1069.1363871514804 816.0
1069.3774753198418 801.0
1069.618554306263 800.0
1069.8596241102612 809.0
1070.100684731353 802.0
1070.3417361690556 804.0
1070.582778422886 797.0
1070.8238114923604 804.0
1071.0648353769964 806.0
1071.3058500763104 782.0
1071.5468555898192 798.0
1071.7878519170404 810.0
1072.02883905749 804.0
1072.2698170106853 801.0
1072.5107857761434 806.0
1072.75174535338 808.0
1072.9926957419138 801.0
1073.23363694126 809.0
1073.4745689509368 801.0
1073.7154917704597 786.0
1073.9564053993467 809.0
1074.1973098371145 800.0
1074.4382050832794 808.0
1074.6790911373587 794.0
1074.9199679988692 793.0
1075.1608356673278 810.0
1075.4016941422512 799.0
1075.6425434231562 803.0
1075.8833835095604 806.0
1076.1242144009796 807.0
1076.3650360969316 825.0
1076.6058485969324 812.0
1076.8466519004996 809.0
1077.0874460071498 810.0
1077.3282309163997 816.0
1077.5690066277664 819.0
1077.8097731407665 787.0
1078.0505304549172 809.0
1078.2912785697354 801.0
1078.5320174847377 791.0
1078.772747199441 798.0
1079.0134677133622 805.0
1079.2541790260184 804.0
1079.4948811369263 796.0
1079.7355740456023 804.0
1079.9762577515642 795.0
1080.2169322543277 808.0
1080.4575975534112 806.0
1080.6982536483301 799.0
1080.9389005386022 805.0
1081.179538223744 792.0
1081.4201667032721 811.0
1081.6607859767041 819.0
1081.9013960435564 803.0
1082.1419969033457 796.0
1082.382588555589 812.0
1082.6231709998035 804.0
1082.863744235506 803.0
1083.104308262213 811.0
1083.3448630794412 802.0
1083.5854086867082 821.0
1083.8259450835303 795.0
1084.0664722694248 804.0
1084.306990243908 816.0
1084.5474990064974 812.0
1084.7879985567097 805.0
1085.0284888940612 806.0
1085.2689700180695 804.0
1085.509441928251 802.0
1085.749904624123 790.0
1085.990358105202 803.0
1086.2308023710048 802.0
1086.4712374210485 803.0
1086.71166325485 793.0
1086.9520798719261 801.0
1087.1924872717937 812.0
1087.4328854539694 805.0
1087.6732744179706 801.0
1087.9136541633134 779.0
1088.1540246895156 810.0
1088.3943859960934 811.0
1088.6347380825637 795.0
1088.8750809484436 792.0
1089.1154145932499 803.0
1089.3557390164995 787.0
1089.5960542177095 805.0
1089.836360196396 789.0
1090.0766569520767 802.0
1090.3169444842679 800.0
1090.557222792487 792.0
1090.7974918762502 798.0
1091.037751735075 816.0
1091.2780023684782 810.0
1091.518243775976 787.0
1091.7584759570861 802.0
1091.9986989113247 790.0
1092.2389126382093 808.0
1092.4791171372563 793.0
1092.7193124079827 797.0
1092.9594984499054 814.0
1093.1996752625412 806.0
1093.4398428454072 807.0
1093.68000119802 800.0
1093.9201503198965 794.0
1094.1602902105537 797.0
1094.4004208695083 790.0
1094.6405422962773 810.0
1094.8806544903778 803.0
1095.120757451326 820.0
1095.3608511786392 817.0
1095.6009356718341 810.0
1095.8410109304282 800.0
1096.0810769539376 799.0
1096.3211337418795 794.0
1096.5611812937707 798.0
1096.8012196091279 813.0
1097.0412486874682 798.0
1097.2812685283084 789.0
1097.5212791311658 804.0
1097.7612804955563 802.0
1098.0012726209975 805.0
1098.2412555070064 799.0
1098.4812291530989 804.0
1098.721193558793 811.0
1098.961148723605 793.0
1099.2010946470518 804.0
1099.4410313286503 805.0
1099.6809587679172 807.0
1099.92087696437 817.0
1100.1607859175251 790.0
1100.400685626899 806.0
1100.640576092009 798.0
1100.880457312372 804.0
1101.1203292875052 800.0
1101.3601920169247 804.0
1101.6000455001479 810.0
1101.8398897366915 804.0
1102.079724726072 810.0
1102.3195504678072 797.0
1102.559366961413 802.0
1102.7991742064069 807.0
1103.0389722023056 801.0
1103.2787609486254 800.0
1103.5185404448844 811.0
1103.7583106905984 802.0
1103.9980716852845 787.0
1104.23782342846 808.0
1104.4775659196412 805.0
1104.7172991583454 795.0
1104.9570231440887 800.0
1105.1967378763893 806.0
1105.436443354763 803.0
1105.6761395787273 797.0
1105.9158265477986 795.0
1106.1555042614937 784.0
1106.3951727193298 806.0
1106.6348319208234 797.0
1106.8744818654923 794.0
1107.1141225528525 795.0
1107.3537539824208 790.0
1107.5933761537144 803.0
1107.8329890662503 812.0
1108.072592719545 803.0
1108.3121871131157 804.0
1108.551772246479 797.0
1108.7913481191517 793.0
1109.030914730651 810.0
1109.2704720804938 801.0
1109.5100201681967 800.0
1109.7495589932764 798.0
1109.9890885552504 785.0
1110.2286088536348 798.0
1110.4681198879473 798.0
1110.707621657704 813.0
1110.9471141624224 810.0
1111.1865974016187 804.0
1111.4260713748101 808.0
1111.665536081514 817.0
1111.9049915212463 806.0
1112.1444376935244 805.0
1112.3838745978653 805.0
1112.6233022337854 796.0
1112.8627206008023 808.0
1113.102129698432 793.0
1113.3415295261918 813.0
1113.5809200835986 815.0
1113.820301370169 793.0
1114.0596733854206 808.0
1114.2990361288694 802.0
1114.5383896000326 813.0
1114.7777337984273 797.0
1115.0170687235698 799.0
1115.2563943749778 806.0
1115.4957107521673 810.0
1115.7350178546556 818.0
1115.9743156819598 809.0
1116.213604233596 796.0
1116.452883509082 796.0
1116.692153507934 806.0
1116.9314142296694 794.0
1117.1706656738045 798.0
1117.4099078398563 803.0
1117.6491407273422 801.0
1117.8883643357783 806.0
1118.1275786646822 797.0
1118.36678371357 798.0
1118.6059794819594 795.0
1118.8451659693665 803.0
1119.0843431753085 801.0
1119.3235110993026 795.0
1119.5626697408647 809.0
1119.8018190995128 802.0
1120.0409591747637 809.0
1120.2800899661331 809.0
1120.519211473139 805.0
1120.7583236952978 802.0
1120.9974266321262 791.0
1121.236520283142 801.0
1121.4756046478608 787.0
1121.7146797258001 802.0
1121.9537455164768 807.0
1122.192802019408 800.0
1122.4318492341101 801.0
1122.6708871601 817.0
1122.909915796895 805.0
1123.1489351440111 801.0
1123.3879452009662 793.0
1123.6269459672762 795.0
1123.865937442459 795.0
1124.1049196260308 807.0
1124.3438925175087 808.0
