shot=69_gas=Ne_height=35_RF=149.6W_massflow=8000_coils=100.0A_HR4000 spectrum
Wavelength [nm] // Intensity [u.a.] 
194.93414 786.0
195.2037815346219 754.0
195.47341553816543 751.0
195.74304201014752 769.0
196.012660950085 781.0
196.28227235749478 790.0
196.55187623189366 780.0
196.82147257279857 777.0
197.09106137972637 796.0
197.36064265219392 789.0
197.63021638971804 785.0
197.89978259181567 788.0
198.16934125800364 791.0
198.43889238779886 771.0
198.7084359807181 787.0
198.97797203627835 785.0
199.2475005539964 787.0
199.51702153338914 803.0
199.78653497397343 789.0
200.05604087526618 792.0
200.3255392367842 781.0
200.59503005804436 792.0
200.8645133385636 790.0
201.1339890778587 782.0
201.4034572754466 790.0
201.67291793084408 786.0
201.94237104356813 794.0
202.21181661313554 806.0
202.48125463906314 777.0
202.7506851208679 771.0
203.02010805806663 779.0
203.28952345017618 774.0
203.55893129671344 787.0
203.8283315971953 781.0
204.0977243511386 805.0
204.3671095580602 793.0
204.636487217477 787.0
204.90585732890585 796.0
205.17521989186366 782.0
205.44457490586717 802.0
205.7139223704334 786.0
205.98326228507918 785.0
206.2525946493213 782.0
206.5219194626767 791.0
206.79123672466224 795.0
207.06054643479476 786.0
207.32984859259116 784.0
207.59914319756828 787.0
207.86843024924303 784.0
208.13770974713225 782.0
208.40698169075276 796.0
208.6762460796215 789.0
208.94550291325532 783.0
209.2147521911711 801.0
209.48399391288567 796.0
209.75322807791594 802.0
210.02245468577874 798.0
210.29167373599094 794.0
210.56088522806942 800.0
210.83008916153108 799.0
211.09928553589276 793.0
211.3684743506713 789.0
211.63765560538363 784.0
211.9068292995466 792.0
212.175995432677 797.0
212.44515400429182 782.0
212.71430501390782 778.0
212.98344846104192 786.0
213.25258434521103 808.0
213.52171266593191 803.0
213.79083342272153 791.0
214.05994661509675 788.0
214.3290522425744 779.0
214.5981503046713 791.0
214.8672408009044 774.0
215.13632373079054 787.0
215.4053990938466 799.0
215.6744668895894 799.0
215.94352711753592 805.0
216.21257977720293 791.0
216.48162486810728 789.0
216.7506623897659 786.0
217.01969234169565 799.0
217.2887147234134 794.0
217.55772953443596 789.0
217.82673677428028 788.0
218.0957364424632 785.0
218.36472853850154 791.0
218.6337130619122 774.0
218.9026900122121 781.0
219.17165938891804 796.0
219.4406211915469 789.0
219.70957541961562 789.0
219.97852207264097 803.0
220.24746115013983 793.0
220.5163926516291 795.0
220.78531657662566 777.0
221.05423292464639 795.0
221.32314169520808 794.0
221.59204288782766 789.0
221.860936502022 809.0
222.12982253730797 802.0
222.39870099320237 801.0
222.66757186922214 782.0
222.93643516488416 791.0
223.20529087970525 793.0
223.47413901320226 796.0
223.74297956489212 801.0
224.01181253429166 787.0
224.28063792091777 783.0
224.5494557242873 784.0
224.8182659439171 786.0
225.08706857932413 781.0
225.35586363002508 772.0
225.62465109553705 782.0
225.89343097537673 800.0
226.16220326906105 805.0
226.43096797610687 788.0
226.69972509603105 770.0
226.9684746283505 783.0
227.237216572582 791.0
227.50595092824256 804.0
227.7746776948489 790.0
228.04339687191796 808.0
228.31210845896663 780.0
228.5808124555117 791.0
228.84950886107015 804.0
229.11819767515877 802.0
229.38687889729442 793.0
229.65555252699397 793.0
229.92421856377433 817.0
230.1928770071524 790.0
230.46152785664492 783.0
230.73017111176884 804.0
230.99880677204106 803.0
231.26743483697837 781.0
231.53605530609772 787.0
231.8046681789159 782.0
232.07327345494983 787.0
232.34187113371638 790.0
232.61046121473237 777.0
232.87904369751473 778.0
233.14761858158028 790.0
233.41618586644586 793.0
233.68474555162845 798.0
233.95329763664483 800.0
234.2218421210119 798.0
234.49037900424648 791.0
234.7589082858655 781.0
235.02742996538583 783.0
235.29594404232427 795.0
235.56445051619772 786.0
235.8329493865231 791.0
236.10144065281722 787.0
236.36992431459691 792.0
236.63840037137916 787.0
236.9068688226808 794.0
237.1753296680186 779.0
237.44378290690955 786.0
237.7122285388704 794.0
237.9806665634181 799.0
238.24909698006957 787.0
238.51751978834153 806.0
238.78593498775095 798.0
239.0543425778147 782.0
239.32274255804958 798.0
239.59113492797255 774.0
239.8595196871004 785.0
240.12789683495004 785.0
240.3962663710383 796.0
240.66462829488208 797.0
240.93298260599826 784.0
241.2013293039037 786.0
241.46966838811522 782.0
241.73799985814978 784.0
242.00632371352418 791.0
242.27463995375527 792.0
242.54294857835998 781.0
242.81124958685515 799.0
243.07954297875764 789.0
243.34782875358434 798.0
243.61610691085207 786.0
243.88437745007772 792.0
244.15264037077822 790.0
244.42089567247035 800.0
244.68914335467105 791.0
244.95738341689716 789.0
245.2256158586655 801.0
245.493840679493 799.0
245.76205787889654 800.0
246.03026745639292 797.0
246.29846941149904 781.0
246.5666637437318 787.0
246.834850452608 788.0
247.1030295376446 795.0
247.37120099835838 805.0
247.63936483426627 799.0
247.9075210448851 808.0
248.17566962973177 784.0
248.4438105883231 784.0
248.71194392017603 785.0
248.98006962480733 777.0
249.248187701734 768.0
249.51629815047275 795.0
249.78440097054056 796.0
250.05249616145431 783.0
250.32058372273076 796.0
250.5886636538869 794.0
250.85673595443953 792.0
251.12480062390551 798.0
251.39285766180177 798.0
251.6609070676451 774.0
251.92894884095242 781.0
252.19698298124058 797.0
252.46500948802645 798.0
252.73302836082692 783.0
253.00103959915882 781.0
253.26904320253902 783.0
253.53703917048443 785.0
253.80502750251188 782.0
254.07300819813827 787.0
254.34098125688044 788.0
254.60894667825525 804.0
254.87690446177962 796.0
255.14485460697037 795.0
255.41279711334434 793.0
255.6807319804185 795.0
255.94865920770962 790.0
256.2165787947346 779.0
256.48449074101035 778.0
256.75239504605366 775.0
257.02029170938147 787.0
257.28818073051065 803.0
257.556062108958 789.0
257.8239358442404 787.0
258.0918019358748 782.0
258.35966038337796 796.0
258.6275111862668 794.0
258.8953543440582 782.0
259.163189856269 790.0
259.4310177224162 792.0
259.6988379420164 787.0
259.9666505145867 797.0
260.23445543964385 805.0
260.50225271670473 781.0
260.77004234528624 802.0
261.03782432490533 780.0
261.3055986550787 773.0
261.5733653353234 780.0
261.8411243651561 799.0
262.1088757440937 790.0
262.37661947165327 796.0
262.6443555473515 806.0
262.9120839707053 800.0
263.1798047412315 785.0
263.44751785844704 775.0
263.7152233218687 781.0
263.98292113101354 796.0
264.2506112853982 779.0
264.51829378453965 785.0
264.7859686279547 802.0
265.05363581516025 789.0
265.32129534567326 767.0
265.5889472190105 798.0
265.8565914346889 783.0
266.1242279922252 788.0
266.39185689113634 801.0
266.65947813093925 797.0
266.9270917111508 793.0
267.19469763128774 784.0
267.46229589086704 786.0
267.72988648940554 788.0
267.9974694264201 791.0
268.2650447014276 782.0
268.53261231394487 780.0
268.80017226348883 779.0
269.0677245495763 778.0
269.3352691717242 783.0
269.60280612944933 770.0
269.8703354222686 778.0
270.13785704969894 796.0
270.40537101125716 793.0
270.67287730646007 796.0
270.9403759348246 798.0
271.2078668958677 789.0
271.47535018910605 788.0
271.7428258140567 793.0
272.01029377023633 789.0
272.2777540571619 785.0
272.5452066743504 783.0
272.81265162131854 787.0
273.08008889758327 782.0
273.34751850266144 795.0
273.6149404360698 808.0
273.8823546973254 780.0
274.1497612859451 798.0
274.4171602014456 787.0
274.6845514433439 789.0
274.95193501115676 788.0
275.2193109044012 791.0
275.486679122594 785.0
275.7540396652521 782.0
276.02139253189216 772.0
276.2887377220313 795.0
276.55607523518626 796.0
276.82340507087395 792.0
277.09072722861123 786.0
277.3580417079149 791.0
277.62534850830195 799.0
277.8926476292892 799.0
278.1599390703934 808.0
278.4272228311316 797.0
278.69449891102056 806.0
278.96176730957717 781.0
279.22902802631836 785.0
279.4962810607609 776.0
279.76352641242164 801.0
280.0307640808177 767.0
280.29799406546556 798.0
280.5652163658824 789.0
280.8324309815849 796.0
281.09963791209003 780.0
281.3668371569146 792.0
281.6340287155756 793.0
281.9012125875897 785.0
282.168388772474 797.0
282.4355572697452 791.0
282.7027180789201 792.0
282.9698711995158 799.0
283.23701663104896 808.0
283.50415437303667 788.0
283.77128442499554 796.0
284.0384067864426 785.0
284.3055214568946 787.0
284.57262843586864 804.0
284.8397277228814 788.0
285.1068193174497 802.0
285.37390321909055 795.0
285.6409794273207 803.0
285.9080479416572 804.0
286.1751087616167 781.0
286.4421618867162 788.0
286.7092073164725 792.0
286.9762450504025 785.0
287.24327508802315 792.0
287.5102974288511 785.0
287.77731207240345 780.0
288.04431901819703 792.0
288.3113182657485 796.0
288.578309814575 779.0
288.84529366419326 786.0
289.1122698141201 783.0
289.37923826387254 809.0
289.6461990129674 792.0
289.91315206092133 787.0
290.18009740725154 784.0
290.44703505147464 797.0
290.7139649931077 777.0
290.98088723166734 789.0
291.24780176667065 794.0
291.5147085976344 779.0
291.78160772407557 795.0
292.04849914551085 800.0
292.3153828614572 784.0
292.58225887143146 775.0
292.8491271749505 805.0
293.1159877715313 797.0
293.3828406606906 794.0
293.6496858419453 787.0
293.9165233148123 798.0
294.1833530788084 796.0
294.4501751334505 781.0
294.71698947825547 788.0
294.9837961127402 781.0
295.2505950364216 789.0
295.5173862488164 790.0
295.78416974944156 791.0
296.050945537814 792.0
296.31771361345045 789.0
296.584473975868 805.0
296.8512266245832 788.0
297.11797155911313 788.0
297.38470877897464 777.0
297.6514382836846 795.0
297.9181600727598 805.0
298.18487414571723 792.0
298.4515805020736 798.0
298.71827914134593 792.0
298.9849700630511 785.0
299.2516532667058 784.0
299.518328751827 783.0
299.78499651793163 776.0
300.0516565645365 775.0
300.3183088911584 789.0
300.58495349731436 785.0
300.8515903825211 793.0
301.1182195462956 783.0
301.3848409881546 777.0
301.65145470761513 796.0
301.91806070419403 782.0
302.184658977408 779.0
302.4512495267741 778.0
302.7178323518091 794.0
302.9844074520298 775.0
303.2509748269532 785.0
303.5175344760962 785.0
303.78408639897555 787.0
304.0506305951082 793.0
304.31716706401096 797.0
304.58369580520065 794.0
304.8502168181943 781.0
305.1167301025086 788.0
305.3832356576606 786.0
305.649733483167 797.0
305.9162235785447 792.0
306.1827059433106 785.0
306.4491805769817 786.0
306.7156474790747 803.0
306.98210664910647 793.0
307.2485580865939 810.0
307.5150017910539 798.0
307.7814377620034 783.0
308.0478659989591 786.0
308.31428650143795 782.0
308.58069926895683 792.0
308.8471043010326 786.0
309.1135015971821 794.0
309.37989115692227 801.0
309.6462729797699 781.0
309.91264706524197 795.0
310.1790134128551 792.0
310.4453720221265 783.0
310.71172289257277 797.0
310.97806602371094 808.0
311.2444014150577 785.0
311.5107290661301 796.0
311.777048976445 801.0
312.04336114551904 803.0
312.30966557286945 790.0
312.5759622580128 794.0
312.8422512004661 764.0
313.1085323997461 781.0
313.3748058553698 788.0
313.641071566854 791.0
313.90732953371554 774.0
314.17357975547145 777.0
314.4398222316384 780.0
314.70605696173334 783.0
314.9722839452731 773.0
315.23850318177466 783.0
315.50471467075477 792.0
315.7709184117303 786.0
316.0371144042182 784.0
316.3033026477353 788.0
316.56948314179846 780.0
316.8356558859246 810.0
317.1018208796305 775.0
317.36797812243304 779.0
317.6341276138491 785.0
317.90026935339563 786.0
318.1664033405894 788.0
318.4325295749473 789.0
318.6986480559862 786.0
318.96475878322303 775.0
319.2308617561746 783.0
319.4969569743577 782.0
319.76304443728935 787.0
320.0291241444864 789.0
320.2951960954656 785.0
320.5612602897438 805.0
320.82731672683815 786.0
321.0933654062652 790.0
321.359406327542 791.0
321.6254394901853 785.0
321.891464893712 794.0
322.157482537639 789.0
322.4234924214832 788.0
322.68949454476143 794.0
322.95548890699064 779.0
323.2214755076875 784.0
323.487454346369 800.0
323.753425422552 782.0
324.01938873575347 788.0
324.2853442854901 793.0
324.55129207127885 789.0
324.8172320926366 792.0
325.08316434908016 784.0
325.34908884012646 790.0
325.61500556529234 795.0
325.8809145240947 788.0
326.14681571605024 791.0
326.4127091406761 789.0
326.6785947974889 798.0
326.9444726860058 798.0
327.2103428057433 789.0
327.47620515621855 793.0
327.74205973694836 792.0
328.00790654744947 787.0
328.2737455872389 798.0
328.5395768558335 785.0
328.80540035275004 787.0
329.0712160775054 790.0
329.33702402961654 776.0
329.6028242086002 785.0
329.86861661397353 802.0
330.13440124525306 782.0
330.4001781019559 772.0
330.66594718359863 801.0
330.9317084896984 794.0
331.19746201977205 789.0
331.46320777333636 772.0
331.7289457499082 801.0
331.9946759490044 774.0
332.2603983701419 785.0
332.5261130128375 778.0
332.79181987660826 772.0
333.05751896097087 786.0
333.3232102654422 789.0
333.58889378953916 782.0
333.85456953277856 768.0
334.1202374946774 779.0
334.38589767475247 774.0
334.6515500725206 778.0
334.9171946874987 801.0
335.18283151920355 780.0
335.4484605671522 784.0
335.7140818308614 790.0
335.97969530984807 784.0
336.245301003629 787.0
336.51089891172114 794.0
336.77648903364127 787.0
337.04207136890636 786.0
337.30764591703326 781.0
337.5732126775387 774.0
337.83877164993976 773.0
338.10432283375314 783.0
338.36986622849577 792.0
338.63540183368457 794.0
338.9009296488363 785.0
339.16644967346787 779.0
339.4319619070962 787.0
339.6974663492381 788.0
339.9629629994105 789.0
340.22845185713027 789.0
340.4939329219141 796.0
340.75940619327906 805.0
341.02487167074196 782.0
341.2903293538197 785.0
341.555779242029 795.0
341.821221334887 797.0
342.0866556319103 794.0
342.3520821326158 784.0
342.6175008365205 803.0
342.8829117431413 794.0
343.1483148519949 786.0
343.41371016259825 779.0
343.6790976744682 814.0
343.9444773871216 777.0
344.20984930007546 797.0
344.4752134128465 797.0
344.74056972495157 795.0
345.0059182359076 798.0
345.27125894523147 799.0
345.53659185244 793.0
345.80191695705014 802.0
346.0672342585787 786.0
346.3325437565426 789.0
346.5978454504585 810.0
346.8631393398436 785.0
347.1284254242145 789.0
347.3937037030882 790.0
347.6589741759816 793.0
347.92423684241146 790.0
348.1894917018946 797.0
348.4547387539481 813.0
348.71997799808867 800.0
348.9852094338332 792.0
349.2504330606986 787.0
349.51564887820166 785.0
349.7808568858593 772.0
350.0460570831885 786.0
350.31124946970584 790.0
350.57643404492853 805.0
350.84161080837316 790.0
351.1067797595568 785.0
351.3719408979961 798.0
351.63709422320824 802.0
351.90223973470984 792.0
352.16737743201776 806.0
352.43250731464894 794.0
352.69762938212034 799.0
352.9627436339487 781.0
353.2278500696509 808.0
353.49294868874387 782.0
353.7580394907444 781.0
354.02312247516943 796.0
354.28819764153576 783.0
354.55326498936034 794.0
354.81832451816 805.0
355.08337622745165 793.0
355.348420116752 793.0
355.613456185578 788.0
355.8784844334467 806.0
356.1435048598747 794.0
356.4085174643791 787.0
356.6735222464765 799.0
356.938519205684 792.0
357.2035083415184 795.0
357.46848965349653 788.0
357.73346314113536 770.0
357.9984288039516 790.0
358.2633866414622 785.0
358.528336653184 801.0
358.793278838634 795.0
359.05821319732894 788.0
359.3231397287857 791.0
359.5880584325211 804.0
359.8529693080521 789.0
360.1178723548955 791.0
360.3827675725683 792.0
360.64765496058726 793.0
360.9125345184692 792.0
361.1774062457311 789.0
361.44227014188965 780.0
361.707126206462 779.0
361.9719744389649 787.0
362.2368148389151 795.0
362.5016474058295 791.0
362.766472139225 786.0
363.0312890386186 793.0
363.296098103527 790.0
363.5608993334672 784.0
363.82569272795587 793.0
364.09047828651006 791.0
364.35525600864656 797.0
364.6200258938823 796.0
364.8847879417341 808.0
365.1495421517188 758.0
365.41428852335326 784.0
365.67902705615444 778.0
365.9437577496392 802.0
366.2084806033243 800.0
366.4731956167267 788.0
366.7379027893632 787.0
367.0026021207507 779.0
367.2672936104061 797.0
367.5319772578463 795.0
367.79665306258806 791.0
368.06132102414836 784.0
368.32598114204393 815.0
368.59063341579173 798.0
368.85527784490864 791.0
369.1199144289115 786.0
369.3845431673172 788.0
369.6491640596426 794.0
369.91377710540445 779.0
370.1783823041198 800.0
370.44297965530546 809.0
370.70756915847835 790.0
370.97215081315517 796.0
371.2367246188529 787.0
371.5012905750884 794.0
371.7658486813786 786.0
372.0303989372402 796.0
372.29494134219027 786.0
372.5594758957455 789.0
372.82400259742286 789.0
373.08852144673915 787.0
373.3530324432114 784.0
373.6175355863563 804.0
373.8820308756908 798.0
374.1465183107317 786.0
374.410997890996 780.0
374.6754696160004 794.0
374.93993348526186 775.0
375.2043894982973 801.0
375.4688376546235 784.0
375.7332779537573 792.0
375.9977103952157 776.0
376.26213497851546 783.0
376.52655170317354 793.0
376.7909605687067 797.0
377.05536157463183 791.0
377.3197547204658 787.0
377.5841400057256 799.0
377.84851742992794 791.0
378.11288699258984 795.0
378.37724869322795 781.0
378.64160253135935 787.0
378.90594850650075 804.0
379.1702866181692 775.0
379.4346168658814 797.0
379.69893924915425 795.0
379.9632537675047 792.0
380.2275604204495 805.0
380.49185920750574 784.0
380.75615012819 782.0
381.0204331820193 789.0
381.2847083685105 794.0
381.5489756871804 805.0
381.8132351375459 787.0
382.07748671912407 788.0
382.34173043143153 795.0
382.6059662739852 788.0
382.8701942463019 790.0
383.1344143478986 794.0
383.3986265782921 807.0
383.6628309369994 799.0
383.92702742353725 804.0
384.1912160374225 778.0
384.45539677817203 784.0
384.7195696453027 785.0
384.98373463833155 790.0
385.2478917567753 790.0
385.5120410001507 798.0
385.7761823679748 798.0
386.0403158597644 794.0
386.30444147503647 789.0
386.5685592133077 797.0
386.8326690740951 796.0
387.09677105691543 776.0
387.36086516128563 798.0
387.6249513867226 778.0
387.88902973274315 777.0
388.15310019886414 782.0
388.41716278460245 784.0
388.68121748947493 793.0
388.9452643129986 784.0
389.2093032546901 790.0
389.47333431406645 785.0
389.73735749064434 789.0
390.0013727839409 796.0
390.2653801934728 786.0
390.52937971875696 803.0
390.7933713593103 795.0
391.05735511464974 807.0
391.3213309842919 805.0
391.5852989677539 786.0
391.8492590645524 782.0
392.1132112742045 798.0
392.37715559622694 798.0
392.6410920301366 805.0
392.9050205754503 788.0
393.1689412316849 782.0
393.43285399835736 776.0
393.69675887498465 792.0
393.96065586108335 780.0
394.2245449561705 788.0
394.4884261597629 793.0
394.75229947137757 783.0
395.01616489053123 789.0
395.28002241674085 779.0
395.5438720495231 797.0
395.80771378839506 780.0
396.0715476328735 795.0
396.33537358247537 791.0
396.5991916367174 788.0
396.86300179511665 799.0
397.12680405718976 785.0
397.39059842245376 795.0
397.65438489042543 800.0
397.91816346062177 800.0
398.18193413255955 797.0
398.4456969057556 804.0
398.7094517797268 793.0
398.97319875399006 781.0
399.2369378280623 808.0
399.50066900146027 795.0
399.764392273701 792.0
400.02810764430114 785.0
400.2918151127777 785.0
400.55551467864757 786.0
400.81920634142756 789.0
401.08289010063453 780.0
401.34656595578537 792.0
401.6102339063969 779.0
401.8738939519861 791.0
402.1375460920697 801.0
402.4011903261647 796.0
402.6648266537879 794.0
402.92845507445617 785.0
403.1920755876863 795.0
403.4556881929953 800.0
403.71929288990003 801.0
403.98288967791734 796.0
404.246478556564 790.0
404.5100595253569 783.0
404.77363258381297 788.0
405.03719773144906 781.0
405.3007549677821 788.0
405.56430429232887 770.0
405.82784570460626 804.0
406.0913792041311 797.0
406.35490479042033 782.0
406.61842246299085 787.0
406.88193222135936 796.0
407.14543406504293 785.0
407.4089279935582 780.0
407.6724140064223 788.0
407.9358921031519 780.0
408.19936228326395 796.0
408.4628245462754 786.0
408.7262788917029 788.0
408.9897253190635 801.0
409.25316382787395 788.0
409.5165944176513 791.0
409.7800170879122 809.0
410.04343183817366 789.0
410.30683866795243 801.0
410.57023757676546 788.0
410.83362856412975 796.0
411.09701162956185 786.0
411.3603867725789 791.0
411.62375399269763 789.0
411.887113289435 800.0
412.1504646623078 794.0
412.4138081108329 789.0
412.6771436345273 808.0
412.94047123290767 799.0
413.20379090549096 791.0
413.46710265179405 784.0
413.7304064713339 804.0
413.9937023636272 802.0
414.25699032819097 796.0
414.52027036454194 792.0
414.78354247219704 796.0
415.0468066506732 787.0
415.31006289948726 798.0
415.5733112181561 789.0
415.83655160619645 783.0
416.0997840631253 808.0
416.3630085884595 790.0
416.62622518171594 797.0
416.8894338424115 800.0
417.152634570063 798.0
417.4158273641873 783.0
417.67901222430123 780.0
417.9421891499217 799.0
418.2053581405658 794.0
418.46851919575005 777.0
418.7316723149915 780.0
418.99481749780693 784.0
419.2579547437133 789.0
419.5210840522274 794.0
419.78420542286625 789.0
420.04731885514644 803.0
420.31042434858506 804.0
420.573521902699 796.0
420.83661151700494 805.0
421.0996931910199 793.0
421.3627669242608 788.0
421.6258327162443 789.0
421.88889056648736 788.0
422.1519404745069 788.0
422.41498243981977 801.0
422.6780164619429 790.0
422.9410425403929 802.0
423.2040606746869 789.0
423.46707086434174 789.0
423.7300731088742 779.0
423.9930674078012 777.0
424.25605376063965 783.0
424.5190321669063 788.0
424.782002626118 786.0
425.0449651377918 773.0
425.30791970144446 787.0
425.57086631659286 778.0
425.83380498275386 784.0
426.0967356994443 799.0
426.3596584661811 794.0
426.6225732824811 791.0
426.88548014786113 793.0
427.14837906183817 787.0
427.411270023929 789.0
427.6741530336505 809.0
427.9370280905195 795.0
428.199895194053 801.0
428.46275434376776 793.0
428.72560553918066 794.0
428.98844877980855 784.0
429.2512840651683 785.0
429.51411139477693 789.0
429.77693076815115 789.0
430.03974218480784 798.0
430.3025456442639 810.0
430.5653411460361 790.0
430.82812868964146 795.0
431.09090827459687 795.0
431.353679900419 810.0
431.61644356662487 784.0
431.87919927273134 788.0
432.1419470182551 778.0
432.40468680271334 786.0
432.66741862562276 782.0
432.93014248650013 797.0
433.1928583848624 788.0
433.45556632022647 801.0
433.7182662921092 794.0
433.9809583000275 793.0
434.24364234349815 783.0
434.506318422038 799.0
434.768986535164 786.0
435.031646682393 783.0
435.2942988632418 785.0
435.55694307722734 780.0
435.81957932386655 797.0
436.08220760267614 782.0
436.34482791317305 777.0
436.6074402548742 774.0
436.8700446272964 791.0
437.1326410299566 796.0
437.3952294623715 773.0
437.65780992405803 794.0
437.9203824145332 803.0
438.1829469333138 778.0
438.4455034799166 791.0
438.7080520538586 782.0
438.9705926546565 807.0
439.23312528182737 779.0
439.49564993488787 789.0
439.7581666133551 793.0
440.0206753167459 788.0
440.28317604457686 786.0
440.5456687963651 784.0
440.8081535716274 795.0
441.07063036988075 789.0
441.3330991906418 791.0
441.5955600334276 793.0
441.858012897755 782.0
442.12045778314075 785.0
442.3828946891018 792.0
442.6453236151551 795.0
442.9077445608174 791.0
443.17015752560553 792.0
443.4325625090365 803.0
443.69495951062703 801.0
443.95734852989415 782.0
444.21972956635454 789.0
444.4821026195253 788.0
444.74446768892307 790.0
445.00682477406485 771.0
445.2691738744674 791.0
445.5315149896478 786.0
445.79384811912274 810.0
446.05617326240906 790.0
446.31849041902376 794.0
446.58079958848356 807.0
446.8431007703055 787.0
447.10539396400634 788.0
447.367679169103 792.0
447.6299563851123 771.0
447.892225611551 791.0
448.15448684793625 788.0
448.4167400937847 784.0
448.67898534861325 777.0
448.9412226119389 794.0
449.2034518832783 790.0
449.46567316214856 796.0
449.72788644806633 794.0
449.99009174054856 804.0
450.2522890391122 804.0
450.514478343274 798.0
450.77665965255085 785.0
451.0388329664597 783.0
451.30099828451733 786.0
451.5631556062406 784.0
451.82530493114655 780.0
452.08744625875175 795.0
452.3495795885734 802.0
452.6117049201281 806.0
452.87382225293277 808.0
453.13593158650446 787.0
453.3980329203598 788.0
453.6601262540158 782.0
453.9222115869893 779.0
454.1842889187971 794.0
454.4463582489562 801.0
454.70841957698343 800.0
454.97047290239556 808.0
455.23251822470957 784.0
455.49455554344223 784.0
455.75658485811044 806.0
456.0186061682312 785.0
456.2806194733211 798.0
456.5426247728973 802.0
456.8046220664765 783.0
457.0666113535756 798.0
457.32859263371154 794.0
457.5905659064011 796.0
457.8525311711611 784.0
458.1144884275086 788.0
458.37643767496024 784.0
458.6383789130331 798.0
458.9003121412439 789.0
459.1622373591095 801.0
459.4241545661469 801.0
459.68606376187284 794.0
459.9479649458043 805.0
460.2098581174581 787.0
460.471743276351 796.0
460.733620422 794.0
460.9954895539219 784.0
461.2573506716337 790.0
461.51920377465206 798.0
461.78104886249406 793.0
462.0428859346764 801.0
462.304714990716 764.0
462.5665360301298 789.0
462.82834905243453 780.0
463.09015405714723 765.0
463.35195104378465 781.0
463.6137400118636 791.0
463.8755209609011 782.0
464.13729389041396 805.0
464.399058799919 775.0
464.6608156889332 782.0
464.92256455697327 792.0
465.18430540355615 791.0
465.4460382281988 781.0
465.707763030418 791.0
465.96947980973056 788.0
466.23118856565344 785.0
466.49288929770347 779.0
466.75458200539765 785.0
467.0162666882526 789.0
467.27794334578533 788.0
467.5396119775127 806.0
467.8012725829516 801.0
468.0629251616188 791.0
468.3245697130314 787.0
468.586206236706 796.0
468.8478347321596 790.0
469.109455198909 800.0
469.3710676364711 780.0
469.6326720443629 797.0
469.89426842210105 782.0
470.1558567692025 786.0
470.4174370851842 786.0
470.6790093695629 802.0
470.94057362185555 801.0
471.20212984157905 785.0
471.4636780282501 784.0
471.72521818138574 793.0
471.9867503005027 806.0
472.248274385118 769.0
472.5097904347484 791.0
472.7712984489108 787.0
473.03279842712203 798.0
473.29429036889906 791.0
473.55577427375863 779.0
473.8172501412177 787.0
474.07871797079315 783.0
474.34017776200176 796.0
474.6016295143605 794.0
474.8630732273861 782.0
475.1245089005955 800.0
475.3859365335057 782.0
475.64735612563334 790.0
475.9087676764954 796.0
476.1701711856088 794.0
476.4315666524903 793.0
476.6929540766569 795.0
476.95433345762535 795.0
477.2157047949125 781.0
477.47706808803537 795.0
477.7384233365106 779.0
477.9997705398553 780.0
478.26110969758616 793.0
478.52244080922014 787.0
478.78376387427414 796.0
479.04507889226494 791.0
479.3063858627094 772.0
479.5676847851245 795.0
479.828975659027 792.0
480.0902584839338 784.0
480.3515332593618 808.0
480.61279998482775 797.0
480.8740586598487 790.0
481.13530928394147 795.0
481.3965518566228 798.0
481.65778637740965 792.0
481.9190128458189 775.0
482.1802312613674 782.0
482.4414416235721 795.0
482.70264393194964 811.0
482.9638381860171 800.0
483.2250243852913 789.0
483.4862025292891 791.0
483.7473726175273 797.0
484.0085346495229 788.0
484.26968862479265 792.0
484.5308345428534 777.0
484.79197240322225 796.0
485.0531022054157 792.0
485.314223948951 794.0
485.57533763334476 789.0
485.8364432581139 792.0
486.0975408227754 804.0
486.35863032684597 794.0
486.61971176984247 780.0
486.880785151282 791.0
487.1418504706812 804.0
487.402907727557 785.0
487.66395692142635 798.0
487.92499805180597 795.0
488.18603111821284 776.0
488.44705612016384 794.0
488.7080730571757 794.0
488.9690819287655 781.0
489.2300827344499 788.0
489.49107547374587 788.0
489.75206014617027 788.0
490.01303675124 796.0
490.27400528847187 784.0
490.53496575738274 782.0
490.79591815748955 789.0
491.05686248830915 799.0
491.31779874935836 791.0
491.57872694015396 787.0
491.8396470602131 796.0
492.1005591090524 797.0
492.3614630861888 790.0
492.6223589911392 792.0
492.88324682342045 789.0
493.14412658254946 787.0
493.40499826804296 780.0
493.66586187941795 805.0
493.92671741619125 787.0
494.18756487787977 804.0
494.44840426400026 795.0
494.70923557406974 797.0
494.97005880760497 803.0
495.23087396412285 798.0
495.4916810431403 802.0
495.7524800441741 797.0
496.01327096674123 795.0
496.27405381035845 788.0
496.53482857454264 804.0
496.79559525881075 786.0
497.05635386267954 786.0
497.31710438566597 779.0
497.57784682728686 772.0
497.8385811870591 781.0
498.0993074644995 774.0
498.360025659125 792.0
498.6207357704524 791.0
498.88143779799873 790.0
499.14213174128065 782.0
499.40281759981514 802.0
499.6634953731191 782.0
499.92416506070924 793.0
500.1848266621026 802.0
500.445480176816 790.0
500.70612560436615 797.0
500.96676294427016 777.0
501.22739219604483 780.0
501.48801335920695 791.0
501.74862643327344 763.0
502.00923141776116 784.0
502.2698283121869 790.0
502.5304171160677 795.0
502.7909978289203 801.0
503.0515704502616 801.0
503.31213497960846 781.0
503.57269141647777 804.0
503.8332397603864 796.0
504.09378001085116 800.0
504.354312167389 790.0
504.6148362295168 795.0
504.8753521967513 805.0
505.1358600686094 793.0
505.3963598446082 808.0
505.6568515242642 803.0
505.9173351070945 787.0
506.17781059261597 799.0
506.4382779803454 785.0
506.69873726979966 791.0
506.95918846049574 788.0
507.2196315519502 786.0
507.4800665436803 798.0
507.74049343520267 807.0
508.00091222603425 793.0
508.261322915692 807.0
508.5217255036924 794.0
508.7821199895529 801.0
509.0425063727899 792.0
509.3028846529204 788.0
509.5632548294615 788.0
509.8236169019296 782.0
510.0839708698421 798.0
510.3443167327155 805.0
510.60465449006676 794.0
510.8649841414127 773.0
511.12530568627034 795.0
511.3856191241566 793.0
511.64592445458794 774.0
511.90622167708165 781.0
512.1665107911545 777.0
512.4267917963232 786.0
512.6870646921047 780.0
512.947329478016 775.0
513.2075861535739 810.0
513.467834718295 794.0
513.7280751716964 796.0
513.9883075132952 805.0
514.248531742608 795.0
514.5087478591515 790.0
514.7689558624429 785.0
515.0291557519989 794.0
515.2893475273365 790.0
515.5495311879723 795.0
515.8097067334235 804.0
516.0698741632067 787.0
516.3300334768389 796.0
516.5901846738369 779.0
516.8503277537177 779.0
517.1104627159981 800.0
517.3705895601947 797.0
517.630708285825 786.0
517.8908188924053 784.0
518.1509213794526 789.0
518.411015746484 790.0
518.6711019930159 804.0
518.9311801185657 794.0
519.19125012265 799.0
519.4513120047856 802.0
519.7113657644896 805.0
519.9714114012784 803.0
520.2314489146695 799.0
520.4914783041794 772.0
520.751499569325 802.0
521.0115127096234 787.0
521.271517724591 788.0
521.5315146137451 791.0
521.7915033766022 776.0
522.0514840126796 782.0
522.3114565214938 791.0
522.5714209025618 786.0
522.8313771554007 781.0
523.0913252795269 782.0
523.3512652744578 801.0
523.6111971397097 796.0
523.8711208747998 796.0
524.1310364792452 784.0
524.390943952562 779.0
524.6508432942679 793.0
524.9107345038794 788.0
525.1706175809132 789.0
525.4304925248866 787.0
525.690359335316 799.0
525.9502180117188 768.0
526.2100685536113 792.0
526.4699109605107 794.0
526.729745231934 805.0
526.9895713673975 793.0
527.2493893664187 783.0
527.5091992285141 787.0
527.7690009532007 797.0
528.0287945399953 798.0
528.2885799884149 791.0
528.5483572979764 789.0
528.8081264681963 789.0
529.0678874985917 793.0
529.3276403886796 796.0
529.5873851379768 790.0
529.8471217460001 791.0
530.1068502122662 797.0
530.3665705362923 783.0
530.6262827175951 798.0
530.8859867556915 777.0
531.1456826500984 786.0
531.4053704003326 808.0
531.6650500059111 793.0
531.9247214663504 782.0
532.1843847811678 804.0
532.4440399498801 798.0
532.7036869720038 806.0
532.9633258470562 779.0
533.222956574554 796.0
533.4825791540142 799.0
533.7421935849534 802.0
534.0017998668885 798.0
534.2613979993366 792.0
534.5209879818145 782.0
534.780569813839 802.0
535.0401434949268 788.0
535.2997090245951 806.0
535.5592664023607 787.0
535.8188156277402 788.0
536.0783567002508 787.0
536.3378896194092 782.0
536.5974143847321 774.0
536.8569309957369 786.0
537.1164394519398 780.0
537.3759397528582 789.0
537.6354318980087 813.0
537.8949158869082 794.0
538.1543917190737 790.0
538.4138593940218 794.0
538.6733189112697 799.0
538.932770270334 770.0
539.1922134707318 802.0
539.4516485119797 786.0
539.7110753935946 788.0
539.9704941150937 810.0
540.2299046759937 795.0
540.4893070758112 785.0
540.7487013140633 787.0
541.008087390267 799.0
541.2674653039389 802.0
541.526835054596 772.0
541.7861966417552 778.0
542.0455500649333 784.0
542.3048953236471 783.0
542.5642324174137 797.0
542.8235613457497 796.0
543.0828821081722 797.0
543.3421947041979 792.0
543.6014991333436 788.0
543.8607953951266 796.0
544.1200834890632 810.0
544.3793634146708 781.0
544.6386351714658 788.0
544.8978987589653 796.0
545.1571541766862 796.0
545.4164014241451 790.0
545.6756405008593 789.0
545.9348714063455 800.0
546.1940941401203 785.0
546.4533087017008 796.0
546.712515090604 781.0
546.9717133063466 787.0
547.2309033484453 797.0
547.4900852164174 784.0
547.7492589097793 800.0
548.0084244280482 797.0
548.2675817707409 798.0
548.526730937374 792.0
548.7858719274648 776.0
549.0450047405299 790.0
549.3041293760863 790.0
549.5632458336507 787.0
549.82235411274 789.0
550.0814542128714 786.0
550.3405461335612 790.0
550.5996298743269 790.0
550.8587054346848 793.0
551.117772814152 781.0
551.3768320122455 793.0
551.6358830284819 781.0
551.8949258623783 787.0
552.1539605134514 790.0
552.4129869812182 782.0
552.6720052651955 790.0
552.9310153649002 792.0
553.1900172798491 786.0
553.4490110095592 796.0
553.7079965535472 798.0
553.9669739113302 786.0
554.2259430824248 772.0
554.484904066348 779.0
554.7438568626167 763.0
555.0028014707476 816.0
555.261737890258 777.0
555.520666120664 784.0
555.7795861614834 777.0
556.0384980122324 780.0
556.2974016724281 802.0
556.5562971415874 788.0
556.8151844192269 785.0
557.0740635048638 783.0
557.3329343980148 803.0
557.5917970981968 790.0
557.8506516049267 803.0
558.1094979177213 788.0
558.3683360360976 779.0
558.6271659595724 786.0
558.8859876876625 787.0
559.1448012198848 797.0
559.4036065557561 791.0
559.6624036947936 780.0
559.9211926365136 786.0
560.1799733804337 793.0
560.43874592607 798.0
560.6975102729399 796.0
560.9562664205602 786.0
561.2150143684473 781.0
561.4737541161188 787.0
561.732485663091 798.0
561.9912090088809 784.0
562.2499241530056 794.0
562.5086310949818 797.0
562.7673298343262 779.0
563.026020370556 772.0
563.2847027031879 796.0
563.5433768317389 791.0
563.8020427557254 796.0
564.0607004746649 795.0
564.3193499880738 789.0
564.5779912954692 792.0
564.8366243963679 792.0
565.0952492902868 791.0
565.3538659767429 792.0
565.6124744552527 802.0
565.8710747253335 788.0
566.1296667865018 782.0
566.3882506382747 798.0
566.6468262801691 795.0
566.9053937117014 789.0
567.1639529323893 792.0
567.4225039417488 785.0
567.6810467392974 794.0
567.9395813245517 783.0
568.1981076970284 804.0
568.4566258562448 788.0
568.7151358017175 783.0
568.9736375329633 802.0
569.2321310494995 804.0
569.4906163508422 787.0
569.749093436509 796.0
570.0075623060163 803.0
570.2660229588813 783.0
570.5244753946206 791.0
570.7829196127512 793.0
571.0413556127901 804.0
571.2997833942537 786.0
571.5582029566596 788.0
571.8166142995238 787.0
572.075017422364 793.0
572.3334123246967 789.0
572.5917990060384 799.0
572.8501774659068 781.0
573.108547703818 784.0
573.3669097192892 788.0
573.6252635118373 789.0
573.8836090809789 799.0
574.1419464262314 790.0
574.400275547111 783.0
574.6585964431351 800.0
574.9169091138205 786.0
575.1752135586836 788.0
575.4335097772419 798.0
575.6917977690118 784.0
575.9500775335105 801.0
576.2083490702545 812.0
576.4666123787609 803.0
576.7248674585469 798.0
576.9831143091286 791.0
577.2413529300236 791.0
577.4995833207483 800.0
577.7578054808198 809.0
578.0160194097549 797.0
578.2742251070703 788.0
578.5324225722832 791.0
578.7906118049101 805.0
579.0487928044681 789.0
579.3069655704743 778.0
579.565130102445 792.0
579.8232863998975 800.0
580.0814344623485 785.0
580.339574289315 787.0
580.5977058803137 786.0
580.8558292348614 796.0
581.1139443524753 795.0
581.3720512326721 795.0
581.6301498749685 794.0
581.8882402788817 790.0
582.146322443928 803.0
582.4043963696251 796.0
582.6624620554893 802.0
582.9205195010375 796.0
583.1785687057866 789.0
583.4366096692537 804.0
583.6946423909554 784.0
583.9526668704085 811.0
584.2106831071303 843.0
584.4686911006373 854.0
584.7266908504463 897.0
584.9846823560746 976.0
585.2426656170385 1130.0
585.5006406328554 1085.0
585.7586074030418 993.0
586.0165659271148 885.0
586.2745162045912 838.0
586.5324582349878 807.0
586.7903920178214 796.0
587.0483175526091 809.0
587.3062348388676 809.0
587.5641438761138 807.0
587.8220446638645 796.0
588.0799372016369 812.0
588.3378214889474 813.0
588.5956975253132 815.0
588.8535653102509 799.0
589.1114248432776 788.0
589.3692761239103 807.0
589.6271191516653 792.0
589.88495392606 790.0
590.1427804466111 796.0
590.4005987128355 794.0
590.6584087242501 802.0
590.9162104803713 791.0
591.1740039807169 804.0
591.4317892248029 795.0
591.6895662121466 795.0
591.9473349422648 799.0
592.2050954146741 789.0
592.462847628892 776.0
592.7205915844347 788.0
592.9783272808194 782.0
593.236054717563 791.0
593.493773894182 793.0
593.7514848101939 801.0
594.009187465115 803.0
594.2668818584625 829.0
594.5245679897531 861.0
594.7822458585038 833.0
595.0399154642313 812.0
595.2975768064524 810.0
595.5552298846843 785.0
595.8128746984438 780.0
596.0705112472474 799.0
596.3281395306126 790.0
596.5857595480555 801.0
596.8433712990935 805.0
597.1009747832434 810.0
597.3585700000219 795.0
597.6161569489462 791.0
597.8737356295327 816.0
598.1313060412986 788.0
598.3888681837607 784.0
598.6464220564358 785.0
598.9039676588409 793.0
599.1615049904925 805.0
599.4190340509081 792.0
599.676554839604 779.0
599.9340673560972 792.0
600.1915715999048 799.0
600.4490675705435 782.0
600.7065552675302 772.0
600.9640346903817 788.0
601.221505838615 775.0
601.4789687117469 791.0
601.7364233092942 793.0
601.9938696307739 790.0
602.2513076757026 787.0
602.5087374435976 796.0
602.7661589339755 795.0
603.023572146353 817.0
603.2809770802475 797.0
603.5383737351752 780.0
603.7957621106534 793.0
604.053142206199 785.0
604.3105140213286 782.0
604.5678775555593 800.0
604.8252328084078 788.0
605.0825797793912 784.0
605.3399184680261 804.0
605.5972488738295 782.0
605.8545709963181 776.0
606.111884835009 790.0
606.3691903894193 787.0
606.6264876590651 824.0
606.883776643464 807.0
607.1410573421324 823.0
607.3983297545875 862.0
607.6555938803461 844.0
607.9128497189247 836.0
608.1700972698408 813.0
608.4273365326108 794.0
608.6845675067516 800.0
608.9417901917803 810.0
609.1990045872135 809.0
609.4562106925683 856.0
609.7134085073615 886.0
609.9705980311098 851.0
610.2277792633305 840.0
610.4849522035397 805.0
610.7421168512552 792.0
610.9992732059933 792.0
611.2564212672709 780.0
611.5135610346049 791.0
611.7706925075122 798.0
612.0278156855098 804.0
612.2849305681145 788.0
612.542037154843 780.0
612.7991354452124 794.0
613.0562254387393 803.0
613.3133071349409 796.0
613.5703805333337 831.0
613.8274456334349 855.0
614.0845024347612 890.0
614.3415509368294 995.0
614.5985911391567 947.0
614.8556230412595 909.0
615.1126466426551 846.0
615.36966194286 826.0
615.6266689413914 810.0
615.8836676377659 834.0
616.1406580315004 817.0
616.3976401221121 841.0
616.6546139091173 827.0
616.9115793920333 817.0
617.1685365703769 798.0
617.4254854436648 792.0
617.6824260114142 806.0
617.9393582731417 790.0
618.196282228364 795.0
618.4531978765983 794.0
618.7101052173614 793.0
618.9670042501702 789.0
619.2238949745413 787.0
619.4807773899919 796.0
619.7376514960388 780.0
619.9945172921986 790.0
620.2513747779885 792.0
620.508223952925 792.0
620.7650648165256 803.0
621.0218973683066 794.0
621.2787216077849 798.0
621.5355375344776 805.0
621.7923451479013 824.0
622.0491444475734 816.0
622.3059354330103 796.0
622.5627181037288 791.0
622.8194924592461 777.0
623.0762584990788 789.0
623.333016222744 803.0
623.5897656297584 789.0
623.8465067196389 798.0
624.1032394919024 798.0
624.3599639460657 782.0
624.6166800816459 784.0
624.8733878981594 782.0
625.1300873951237 780.0
625.3867785720552 792.0
625.6434614284708 810.0
625.9001359638876 814.0
626.1568021778221 822.0
626.4134600697917 838.0
626.6701096393127 857.0
626.9267508859024 841.0
627.1833838090776 830.0
627.4400084083547 826.0
627.6966246832512 803.0
627.9532326332837 782.0
628.2098322579691 792.0
628.4664235568243 791.0
628.723006529366 790.0
628.9795811751112 795.0
629.2361474935768 784.0
629.4927054842794 790.0
629.7492551467363 800.0
630.0057964804641 803.0
630.2623294849799 814.0
630.5188541598001 835.0
630.775370504442 820.0
631.0318785184223 806.0
631.2883782012578 790.0
631.5448695524658 799.0
631.8013525715625 794.0
632.0578272580652 787.0
632.3142936114906 805.0
632.5707516313557 812.0
632.8272013171775 809.0
633.0836426684723 840.0
633.3400756847575 875.0
633.5965003655499 853.0
633.8529167103661 838.0
634.1093247187234 812.0
634.3657243901381 799.0
634.6221157241276 807.0
634.8784987202085 785.0
635.1348733778977 791.0
635.3912396967121 790.0
635.6475976761684 788.0
635.9039473157839 802.0
636.1602886150749 784.0
636.4166215735588 799.0
636.6729461907521 799.0
636.9292624661718 784.0
637.1855703993349 790.0
637.4418699897578 797.0
637.6981612369581 821.0
637.9544441404521 835.0
638.2107186997567 865.0
638.4669849143892 878.0
638.7232427838659 865.0
638.979492307704 860.0
639.2357334854204 868.0
639.4919663165317 943.0
639.7481908005552 1024.0
640.0044069370073 1182.0
640.2606147254052 1368.0
640.5168141652655 1304.0
640.7730052561054 1179.0
641.0291879974413 980.0
641.2853623887906 878.0
641.5415284296699 836.0
641.797686119596 832.0
642.0538354580859 807.0
642.3099764446565 804.0
642.5661090788245 794.0
642.8222333601069 785.0
643.0783492880205 786.0
643.3344568620822 789.0
643.5905560818089 785.0
643.8466469467173 782.0
644.1027294563247 795.0
644.3588036101473 787.0
644.6148694077026 787.0
644.8709268485071 789.0
645.1269759320778 781.0
645.3830166579316 794.0
645.6390490255851 782.0
645.8950730345556 789.0
646.1510886843597 800.0
646.4070959745143 783.0
646.6630949045363 788.0
646.9190854739425 795.0
647.17506768225 792.0
647.4310415289752 779.0
647.6870070136354 794.0
647.9429641357473 797.0
648.1989128948277 796.0
648.4548532903938 785.0
648.7107853219619 797.0
648.9667089890495 802.0
649.222624291173 802.0
649.4785312278494 804.0
649.7344297985958 816.0
649.9903200029287 821.0
650.2462018403652 850.0
650.502075310422 918.0
650.7579404126162 920.0
651.0137971464646 916.0
651.2696455114838 880.0
651.525485507191 824.0
651.7813171331029 803.0
652.0371403887364 793.0
652.2929552736086 781.0
652.5487617872358 794.0
652.8045599291355 809.0
653.0603496988242 808.0
653.3161310958188 813.0
653.5719041196362 820.0
653.8276687697933 811.0
654.0834250458071 796.0
654.3391729471941 795.0
654.5949124734717 788.0
654.8506436241562 794.0
655.1063663987647 796.0
655.3620807968144 806.0
655.6177868178215 797.0
655.8734844613035 802.0
656.129173726777 806.0
656.3848546137588 804.0
656.6405271217659 811.0
656.8961912503149 797.0
657.1518469989231 789.0
657.4074943671071 799.0
657.6631333543837 813.0
657.9187639602701 778.0
658.1743861842826 782.0
658.4300000259387 801.0
658.6856054847549 787.0
658.9412025602483 794.0
659.1967912519353 789.0
659.4523715593333 820.0
659.707943481959 821.0
659.9635070193291 844.0
660.2190621709606 822.0
660.4746089363705 822.0
660.7301473150753 805.0
660.9856773065924 793.0
661.2411989104381 789.0
661.4967121261298 790.0
661.7522169531838 793.0
662.0077133911174 793.0
662.2632014394475 777.0
662.5186810976904 780.0
662.7741523653638 786.0
663.029615241984 793.0
663.2850697270679 793.0
663.5405158201327 788.0
663.7959535206948 790.0
664.0513828282715 793.0
664.3068037423793 796.0
664.5622162625355 793.0
664.8176203882564 786.0
665.0730161190594 775.0
665.3284034544613 792.0
665.5837823939785 791.0
665.8391529371283 782.0
666.0945150834276 781.0
666.349868832393 797.0
666.6052141835415 810.0
666.8605511363899 804.0
667.1158796904554 802.0
667.3711998452544 823.0
667.626511600304 855.0
667.8818149551211 870.0
668.1371099092223 841.0
668.3923964621249 839.0
668.6476746133454 824.0
668.9029443624008 806.0
669.1582057088083 798.0
669.4134586520839 789.0
669.6687031917455 787.0
669.9239393273093 808.0
670.1791670582923 808.0
670.4343863842114 792.0
670.6895973045835 803.0
670.9447998189256 822.0
671.1999939267544 801.0
671.4551796275866 833.0
671.7103569209394 834.0
671.9655258063294 830.0
672.220686283274 819.0
672.475838351289 809.0
672.7309820098925 810.0
672.9861172586005 789.0
673.2412440969302 793.0
673.4963625243987 790.0
673.7514725405223 784.0
674.0065741448183 801.0
674.2616673368035 793.0
674.5167521159946 793.0
674.7718284819086 787.0
675.0268964340622 800.0
675.2819559719727 804.0
675.5370070951565 785.0
675.7920498031307 799.0
676.0470840954122 801.0
676.3021099715176 783.0
676.5571274309642 805.0
676.8121364732684 809.0
677.0671370979474 803.0
677.3221293045178 792.0
677.5771130924968 790.0
677.8320884614011 795.0
678.0870554107474 802.0
678.3420139400529 795.0
678.5969640488343 785.0
678.8519057366083 782.0
679.1068390028922 781.0
679.3617638472023 792.0
679.616680269056 789.0
679.8715882679699 781.0
680.1264878434607 779.0
680.3813789950458 785.0
680.6362617222414 788.0
680.8911360245651 784.0
681.146001901533 785.0
681.4008593526627 785.0
681.6557083774705 796.0
681.9105489754734 779.0
682.1653811461886 784.0
682.4202048891326 793.0
682.6750202038223 800.0
682.9298270897748 798.0
683.1846255465068 794.0
683.4394155735351 786.0
683.6941971703767 790.0
683.9489703365485 790.0
684.2037350715673 786.0
684.4584913749499 790.0
684.7132392462133 793.0
684.9679786848742 796.0
685.2227096904496 788.0
685.4774322624564 798.0
685.7321464004115 800.0
685.9868521038316 795.0
686.2415493722334 788.0
686.4962382051343 792.0
686.7509186020508 787.0
687.0055905624997 791.0
687.2602540859983 781.0
687.514909172063 798.0
687.7695558202109 797.0
688.0241940299587 797.0
688.2788238008236 802.0
688.5334451323221 790.0
688.7880580239712 786.0
689.042662475288 789.0
689.2972584857889 783.0
689.5518460549912 783.0
689.8064251824115 787.0
690.0609958675668 788.0
690.3155581099742 785.0
690.5701119091498 794.0
690.8246572646113 799.0
691.0791941758752 795.0
691.3337226424583 804.0
691.5882426638777 795.0
691.84275423965 797.0
692.0972573692924 804.0
692.3517520523214 826.0
692.6062382882542 843.0
692.8607160766074 869.0
693.1151854168979 880.0
693.3696463086428 861.0
693.6240987513587 825.0
693.8785427445628 820.0
694.1329782877717 789.0
694.3874053805022 778.0
694.6418240222713 795.0
694.8962342125958 796.0
695.1506359509929 792.0
695.405029236979 792.0
695.6594140700711 807.0
695.9137904497863 792.0
696.168158375641 815.0
696.4225178471527 781.0
696.676868863838 790.0
696.9312114252134 790.0
697.1855455307963 782.0
697.4398711801031 786.0
697.6941883726512 801.0
697.9484971079568 801.0
698.2027973855375 791.0
698.4570892049098 785.0
698.7113725655903 802.0
698.9656474670965 790.0
699.2199139089445 782.0
699.4741718906519 794.0
699.7284214117353 790.0
699.9826624717113 800.0
700.2368950700971 797.0
700.4911192064093 790.0
700.7453348801653 804.0
700.9995420908814 802.0
701.2537408380745 800.0
701.5079311212619 793.0
701.7621129399598 795.0
702.016286293686 794.0
702.2704511819566 780.0
702.5246076042886 801.0
702.778755560199 841.0
703.0328950492045 881.0
703.2870260708224 883.0
703.5411486245691 877.0
703.7952627099618 855.0
704.0493683265172 808.0
704.3034654737519 807.0
704.5575541511835 785.0
704.8116343583279 805.0
705.0657060947029 805.0
705.3197693598249 778.0
705.5738241532106 780.0
705.8278704743772 788.0
706.0819083228414 794.0
706.3359376981203 794.0
706.5899585997306 805.0
706.8439710271889 793.0
707.0979749800126 793.0
707.3519704577179 785.0
707.6059574598225 786.0
707.8599359858429 801.0
708.1139060352955 807.0
708.3678676076978 785.0
708.6218207025663 782.0
708.8757653194182 799.0
709.12970145777 798.0
709.3836291171389 781.0
709.6375482970416 782.0
709.8914589969946 793.0
710.1453612165157 800.0
710.3992549551208 804.0
710.6531402123275 773.0
710.9070169876522 794.0
711.1608852806118 784.0
711.4147450907236 805.0
711.6685964175037 787.0
711.9224392604699 787.0
712.1762736191384 794.0
712.4300994930262 810.0
712.6839168816504 805.0
712.9377257845274 792.0
713.1915262011746 794.0
713.4453181311087 800.0
713.6991015738463 793.0
713.9528765289045 781.0
714.2066429958 800.0
714.4604009740502 810.0
714.7141504631712 788.0
714.9678914626805 791.0
715.2216239720948 783.0
715.4753479909306 780.0
715.7290635187052 793.0
715.982770554935 798.0
716.2364690991376 779.0
716.4901591508293 793.0
716.743840709527 798.0
716.9975137747479 805.0
717.2511783460084 808.0
717.5048344228259 820.0
717.7584820047169 811.0
718.0121210911982 808.0
718.2657516817872 785.0
718.519373776 784.0
718.772987373354 791.0
719.026592473366 795.0
719.2801890755527 788.0
719.5337771794311 783.0
719.7873567845179 779.0
720.0409278903304 788.0
720.294490496385 790.0
720.5480446021987 778.0
720.8015902072887 787.0
721.0551273111711 798.0
721.3086559133636 784.0
721.5621760133826 798.0
721.815687610745 789.0
722.0691907049679 790.0
722.3226852955679 787.0
722.5761713820622 787.0
722.8296489639672 787.0
723.0831180408002 794.0
723.3365786120778 796.0
723.5900306773169 799.0
723.8434742360346 810.0
724.0969092877473 809.0
724.3503358319725 829.0
724.6037538682267 826.0
724.8571633960265 815.0
725.1105644148894 809.0
725.3639569243315 806.0
725.6173409238706 812.0
725.8707164130229 785.0
726.1240833913054 786.0
726.3774418582351 784.0
726.6307918133285 791.0
726.8841332561029 794.0
727.137466186075 790.0
727.3907906027619 790.0
727.6441065056802 807.0
727.8974138943464 795.0
728.1507127682783 790.0
728.4040031269918 778.0
728.6572849700045 796.0
728.9105582968331 804.0
729.1638231069941 801.0
729.4170794000048 800.0
729.6703271753817 798.0
729.923566432642 775.0
730.1767971713025 781.0
730.4300193908798 792.0
730.6832330908911 773.0
730.936438270853 781.0
731.1896349302828 786.0
731.442823068697 792.0
731.6960026856123 792.0
731.949173780546 781.0
732.2023363530145 796.0
732.4554904025351 795.0
732.7086359286245 784.0
732.9617729307997 797.0
733.2149014085775 786.0
733.4680213614745 798.0
733.7211327890079 783.0
733.9742356906943 786.0
734.2273300660511 784.0
734.4804159145946 798.0
734.7334932358416 789.0
734.9865620293094 810.0
735.2396222945147 791.0
735.4926740309744 799.0
735.7457172382054 783.0
735.9987519157243 783.0
736.2517780630484 792.0
736.504795679694 797.0
736.7578047651785 795.0
737.0108053190187 793.0
737.2637973407312 803.0
737.516780829833 797.0
737.769755785841 785.0
738.0227222082721 787.0
738.2756800966428 788.0
738.5286294504706 789.0
738.781570269272 797.0
739.0345025525638 803.0
739.2874262998632 788.0
739.5403415106866 795.0
739.7932481845512 793.0
740.046146320974 802.0
740.2990359194714 804.0
740.5519169795606 800.0
740.8047895007583 796.0
741.0576534825816 795.0
741.3105089245472 793.0
741.563355826172 786.0
741.8161941869729 786.0
742.0690240064664 798.0
742.3218452841702 794.0
742.5746580196005 793.0
742.8274622122741 787.0
743.0802578617083 805.0
743.3330449674197 782.0
743.5858235289254 801.0
743.8385935457418 796.0
744.0913550173865 785.0
744.3441079433758 797.0
744.5968523232264 787.0
744.8495881564559 793.0
745.1023154425804 779.0
745.3550341811174 779.0
745.6077443715835 785.0
745.8604460134952 785.0
746.1131391063701 788.0
746.3658236497243 801.0
746.6184996430754 791.0
746.87116708594 787.0
747.1238259778346 789.0
747.3764763182764 802.0
747.6291181067822 795.0
747.8817513428692 797.0
748.1343760260539 787.0
748.3869921558529 795.0
748.6395997317837 795.0
748.8921987533628 786.0
749.1447892201071 780.0
749.3973711315336 788.0
749.6499444871589 800.0
749.9025092865003 789.0
750.1550655290741 776.0
750.4076132143978 785.0
750.6601523419877 799.0
750.912682911361 800.0
751.1652049220347 781.0
751.4177183735251 783.0
751.6702232653497 788.0
751.9227195970248 804.0
752.1752073680677 786.0
752.4276865779954 795.0
752.680157226324 782.0
752.9326193125712 785.0
753.1850728362533 792.0
753.4375177968876 804.0
753.6899541939908 808.0
753.9423820270795 808.0
754.194801295671 794.0
754.4472119992819 802.0
754.6996141374291 789.0
754.9520077096296 797.0
755.2043927154 789.0
755.4567691542577 799.0
755.7091370257187 778.0
755.9614963293008 785.0
756.2138470645202 811.0
756.4661892308942 783.0
756.7185228279395 779.0
756.9708478551728 791.0
757.2231643121112 806.0
757.4754721982714 799.0
757.7277715131704 808.0
757.9800622563251 805.0
758.2323444272521 806.0
758.4846180254688 801.0
758.7368830504913 800.0
758.9891395018373 804.0
759.2413873790232 801.0
759.4936266815657 776.0
759.7458574089821 786.0
759.9980795607888 787.0
760.2502931365033 795.0
760.502498135642 798.0
760.7546945577217 802.0
761.0068824022595 798.0
761.2590616687722 786.0
761.5112323567769 784.0
761.7633944657899 792.0
762.0155479953288 793.0
762.26769294491 790.0
762.5198293140501 781.0
762.7719571022666 789.0
763.024076309076 785.0
763.2761869339953 787.0
763.5282889765415 786.0
763.780382436231 789.0
764.032467312581 794.0
764.2845436051083 803.0
764.53661131333 804.0
764.7886704367629 797.0
765.0407209749233 786.0
765.2927629273288 794.0
765.5447962934958 781.0
765.7968210729414 795.0
766.0488372651824 790.0
766.3008448697357 785.0
766.5528438861181 783.0
766.8048343138464 792.0
767.0568161524378 801.0
767.3087894014087 782.0
767.5607540602764 796.0
767.8127101285577 802.0
768.0646576057691 794.0
768.3165964914278 799.0
768.5685267850505 787.0
768.8204484861544 801.0
769.0723615942561 784.0
769.3242661088722 788.0
769.5761620295201 789.0
769.8280493557162 810.0
770.0799280869778 801.0
770.3317982228216 790.0
770.5836597627642 793.0
770.835512706323 783.0
771.0873570530143 790.0
771.3391928023555 784.0
771.591019953863 789.0
771.8428385070538 793.0
772.094648461445 800.0
772.3464498165532 794.0
772.5982425718955 790.0
772.8500267269885 786.0
773.1018022813494 783.0
773.3535692344948 794.0
773.6053275859415 791.0
773.8570773352067 794.0
774.108818481807 800.0
774.3605510252594 808.0
774.6122749650807 797.0
774.8639903007878 792.0
775.1156970318975 789.0
775.3673951579267 790.0
775.6190846783925 798.0
775.8707655928115 813.0
776.1224379007004 783.0
776.3741016015766 798.0
776.6257566949563 780.0
776.8774031803571 800.0
777.1290410572955 788.0
777.3806703252881 790.0
777.6322909838522 794.0
777.8839030325043 790.0
778.1355064707618 776.0
778.3871012981411 796.0
778.6386875141592 802.0
778.890265118333 789.0
779.1418341101793 782.0
779.3933944892151 797.0
779.6449462549571 772.0
779.8964894069222 801.0
780.1480239446275 787.0
780.3995498675895 794.0
780.6510671753255 791.0
780.9025758673517 802.0
781.1540759431858 788.0
781.4055674023442 796.0
781.6570502443437 791.0
781.9085244687013 797.0
782.159990074934 783.0
782.4114470625585 793.0
782.6628954310918 795.0
782.9143351800503 793.0
783.1657663089516 794.0
783.4171888173119 798.0
783.6686027046486 799.0
783.9200079704783 804.0
784.1714046143178 799.0
784.4227926356843 790.0
784.6741720340941 796.0
784.9255428090647 797.0
785.1769049601126 788.0
785.4282584867548 796.0
785.6796033885082 796.0
785.9309396648893 789.0
786.1822673154155 806.0
786.4335863396033 795.0
786.6848967369698 794.0
786.9361985070317 779.0
787.1874916493058 792.0
787.4387761633094 799.0
787.6900520485588 786.0
787.9413193045713 799.0
788.1925779308636 806.0
788.4438279269523 797.0
788.6950692923548 790.0
788.9463020265875 791.0
789.1975261291677 794.0
789.448741599612 779.0
789.6999484374371 792.0
789.9511466421604 776.0
790.2023362132982 796.0
790.4535171503677 784.0
790.7046894528855 788.0
790.9558531203689 795.0
791.2070081523347 777.0
791.458154548299 799.0
791.7092923077797 794.0
791.9604214302931 796.0
792.2115419153562 774.0
792.462653762486 804.0
792.7137569711989 788.0
792.9648515410123 795.0
793.2159374714428 800.0
793.4670147620074 786.0
793.718083412223 781.0
793.9691434216061 790.0
794.220194789674 793.0
794.4712375159432 779.0
794.722271599931 793.0
794.9732970411541 794.0
795.2243138391292 785.0
795.4753219933733 790.0
795.7263215034031 799.0
795.9773123687357 792.0
796.2282945888878 781.0
796.4792681633767 790.0
796.7302330917187 786.0
796.9811893734307 793.0
797.23213700803 787.0
797.483075995033 790.0
797.7340063339569 789.0
797.9849280243186 800.0
798.2358410656345 787.0
798.4867454574222 796.0
798.7376411991978 795.0
798.9885282904788 800.0
799.2394067307818 798.0
799.4902765196234 802.0
799.741137656521 799.0
799.9919901409909 789.0
800.2428339725506 804.0
800.4936691507165 779.0
800.7444956750055 779.0
800.9953135449347 789.0
801.2461227600207 785.0
801.4969233197808 792.0
801.7477152237312 796.0
801.9984984713894 793.0
802.2492730622722 777.0
802.5000389958959 796.0
802.7507962717781 797.0
803.0015448894349 795.0
803.252284848384 808.0
803.5030161481417 779.0
803.7537387882248 788.0
804.0044527681507 780.0
804.2551580874358 785.0
804.5058547455972 768.0
804.7565427421519 791.0
805.0072220766161 792.0
805.2578927485075 782.0
805.5085547573423 800.0
805.7592081026379 794.0
806.009852783911 795.0
806.2604888006782 789.0
806.5111161524568 793.0
806.7617348387631 801.0
807.0123448591147 795.0
807.2629462130279 768.0
807.5135389000196 794.0
807.7641229196071 777.0
808.0146982713067 787.0
808.2652649546358 791.0
808.5158229691108 791.0
808.7663723142489 782.0
809.016912989567 801.0
809.2674449945815 774.0
809.5179683288098 787.0
809.7684829917686 785.0
810.0189889829746 799.0
810.269486301945 806.0
810.5199749481961 773.0
810.7704549212456 780.0
811.0209262206095 803.0
811.2713888458052 803.0
811.5218427963496 792.0
811.7722880717591 794.0
812.022724671551 784.0
812.2731525952421 785.0
812.5235718423493 789.0
812.7739824123893 807.0
813.0243843048788 789.0
813.2747775193352 776.0
813.5251620552749 794.0
813.7755379122152 783.0
814.0259050896724 790.0
814.276263587164 800.0
814.5266134042064 800.0
814.7769545403165 789.0
815.0272869950115 793.0
815.2776107678079 800.0
815.5279258582229 795.0
815.7782322657732 791.0
816.0285299899754 784.0
816.2788190303468 773.0
816.529099386404 791.0
816.7793710576641 776.0
817.0296340436439 796.0
817.2798883438601 791.0
817.5301339578298 805.0
817.7803708850694 785.0
818.0305991250964 788.0
818.2808186774273 784.0
818.531029541579 790.0
818.7812317170685 805.0
819.0314252034124 796.0
819.281610000128 798.0
819.5317861067317 782.0
819.7819535227408 787.0
820.0321122476719 770.0
820.2822622810417 792.0
820.5324036223675 791.0
820.7825362711658 791.0
821.0326602269538 789.0
821.2827754892483 779.0
821.5328820575656 774.0
821.7829799314234 794.0
822.033069110338 800.0
822.2831495938267 778.0
822.5332213814061 793.0
822.7832844725929 801.0
823.0333388669044 793.0
823.283384563857 782.0
823.533421562968 793.0
823.7834498637541 787.0
824.033469465732 796.0
824.2834803684189 790.0
824.5334825713311 806.0
824.7834760739862 792.0
825.0334608759005 785.0
825.2834369765912 769.0
825.5334043755751 802.0
825.7833630723688 795.0
826.0333130664897 781.0
826.2832543574541 787.0
826.5331869447793 785.0
826.783110827982 801.0
827.0330260065789 788.0
827.2829324800872 792.0
827.5328302480233 781.0
827.7827193099047 787.0
828.032599665248 803.0
828.2824713135695 792.0
828.532334254387 770.0
828.7821884872168 793.0
829.0320340115759 769.0
829.2818708269813 784.0
829.5316989329494 786.0
829.7815183289979 780.0
830.0313290146428 790.0
830.2811309894015 789.0
830.5309242527906 777.0
830.7807088043272 779.0
831.0304846435281 778.0
831.2802517699099 778.0
831.5300101829899 791.0
831.7797598822846 799.0
832.0295008673112 786.0
832.2792331375864 796.0
832.5289566926268 785.0
832.7786715319497 797.0
833.0283776550717 781.0
833.27807506151 790.0
833.5277637507811 785.0
833.7774437224018 790.0
834.0271149758895 779.0
834.2767775107606 789.0
834.526431326532 781.0
834.7760764227208 799.0
835.0257127988438 776.0
835.2753404544177 777.0
835.5249593889594 786.0
835.774569601986 775.0
836.0241710930143 795.0
836.2737638615607 788.0
836.5233479071428 796.0
836.7729232292768 788.0
837.0224898274802 788.0
837.2720477012693 796.0
837.5215968501614 794.0
837.7711372736733 813.0
838.0206689713215 782.0
838.2701919426232 784.0
838.5197061870952 786.0
838.7692117042545 795.0
839.0187084936177 788.0
839.2681965547017 779.0
839.5176758870236 775.0
839.7671464901001 789.0
840.0166083634483 777.0
840.2660615065847 793.0
840.5155059190262 790.0
840.7649416002901 774.0
841.0143685498927 783.0
841.2637867673512 794.0
841.5131962521828 777.0
841.7625970039035 791.0
842.0119890220308 781.0
842.2613723060813 796.0
842.5107468555723 785.0
842.76011267002 800.0
843.0094697489418 795.0
843.2588180918546 774.0
843.5081576982747 781.0
843.7574885677194 779.0
844.0068106997054 799.0
844.25612409375 805.0
844.5054287493696 795.0
844.754724666081 762.0
845.0040118434015 781.0
845.2532902808475 793.0
845.5025599779364 784.0
845.7518209341847 801.0
846.0010731491091 788.0
846.2503166222269 788.0
846.4995513530547 790.0
846.7487773411094 789.0
846.9979945859081 794.0
847.2472030869674 787.0
847.4964028438043 776.0
847.7455938559353 794.0
847.994776122878 787.0
848.2439496441485 781.0
848.4931144192642 784.0
848.7422704477419 777.0
848.9914177290981 781.0
849.2405562628502 797.0
849.4896860485144 786.0
849.7388070856083 785.0
849.9879193736485 776.0
850.2370229121515 776.0
850.4861177006346 773.0
850.7352037386146 788.0
850.9842810256082 777.0
851.2333495611326 791.0
851.482409344704 792.0
851.7314603758401 800.0
851.9805026540571 790.0
852.2295361788724 774.0
852.4785609498026 782.0
852.7275769663643 768.0
852.9765842280748 780.0
853.2255827344507 792.0
853.4745724850093 788.0
853.7235534792667 790.0
853.9725257167406 779.0
854.2214891969475 783.0
854.4704439194039 780.0
854.7193898836274 787.0
854.9683270891342 784.0
855.2172555354416 793.0
855.4661752220665 788.0
855.7150861485252 779.0
855.9639883143353 784.0
856.212881719013 785.0
856.4617663620759 786.0
856.7106422430403 791.0
856.9595093614231 781.0
857.2083677167415 784.0
857.4572173085119 778.0
857.7060581362517 774.0
857.9548901994776 784.0
858.2037134977061 785.0
858.4525280304546 800.0
858.7013337972394 782.0
858.950130797578 784.0
859.1989190309868 781.0
859.4476984969828 801.0
859.696469195083 792.0
859.9452311248039 782.0
860.1939842856627 780.0
860.4427286771763 794.0
860.6914642988615 780.0
860.9401911502351 783.0
861.1889092308139 777.0
861.437618540115 796.0
861.686319077655 784.0
861.935010842951 778.0
862.1836938355198 781.0
862.432368054878 794.0
862.6810335005429 775.0
862.9296901720311 789.0
863.1783380688596 786.0
863.4269771905452 789.0
863.6756075366046 786.0
863.9242291065551 775.0
864.1728418999131 799.0
864.4214459161959 778.0
864.6700411549201 792.0
864.9186276156024 790.0
865.1672052977602 786.0
865.4157742009098 790.0
865.6643343245685 793.0
865.9128856682528 787.0
866.1614282314799 789.0
866.4099620137665 779.0
866.6584870146295 770.0
866.9070032335858 785.0
867.155510670152 785.0
867.4040093238455 778.0
867.6524991941827 798.0
867.9009802806806 782.0
868.1494525828563 796.0
868.3979161002262 795.0
868.6463708323078 785.0
868.8948167786174 792.0
869.1432539386718 791.0
869.3916823119887 770.0
869.6401018980839 791.0
869.8885126964751 788.0
870.1369147066789 793.0
870.3853079282118 787.0
870.6336923605911 789.0
870.8820680033335 788.0
871.1304348559562 792.0
871.3787929179755 794.0
871.6271421889087 793.0
871.8754826682726 786.0
872.1238143555837 778.0
872.3721372503595 771.0
872.6204513521162 793.0
872.8687566603713 798.0
873.1170531746413 784.0
873.365340894443 770.0
873.6136198192935 783.0
873.8618899487094 773.0
874.110151282208 785.0
874.3584038193057 788.0
874.6066475595196 791.0
874.8548825023668 782.0
875.1031086473636 784.0
875.3513259940273 770.0
875.5995345418747 797.0
875.8477342904224 778.0
876.0959252391877 776.0
876.3441073876871 777.0
876.5922807354377 785.0
876.8404452819562 780.0
877.0886010267599 778.0
877.3367479693651 796.0
877.5848861092887 784.0
877.8330154460481 802.0
878.0811359791594 782.0
878.3292477081402 787.0
878.5773506325071 786.0
878.8254447517768 783.0
879.0735300654665 792.0
879.3216065730924 786.0
879.5696742741723 781.0
879.8177331682225 787.0
880.0657832547598 771.0
880.3138245333014 780.0
880.5618570033639 787.0
880.8098806644645 795.0
881.0578955161196 797.0
881.3059015578464 794.0
881.5538987891618 786.0
881.8018872095822 791.0
882.0498668186252 779.0
882.297837615807 787.0
882.5457996006451 790.0
882.7937527726558 785.0
883.041697131356 796.0
883.2896326762632 791.0
883.5375594068934 797.0
883.7854773227642 781.0
884.0333864233922 780.0
884.2812867082938 782.0
884.5291781769868 788.0
884.7770608289871 787.0
885.0249346638125 786.0
885.2727996809792 790.0
885.5206558800041 783.0
885.7685032604046 779.0
886.0163418216969 802.0
886.2641715633982 782.0
886.5119924850256 780.0
886.7598045860955 769.0
887.007607866125 777.0
887.2554023246308 783.0
887.5031879611303 805.0
887.7509647751398 795.0
887.9987327661763 774.0
888.2464919337567 785.0
888.4942422773979 779.0
888.7419837966169 784.0
888.9897164909302 769.0
889.2374403598551 789.0
889.4851554029083 789.0
889.7328616196063 780.0
889.9805590094667 790.0
890.2282475720056 791.0
890.4759273067405 777.0
890.7235982131879 783.0
890.9712602908646 770.0
891.218913539288 781.0
891.4665579579743 782.0
891.7141935464408 794.0
891.9618203042044 792.0
892.2094382307815 780.0
892.4570473256895 794.0
892.7046475884449 786.0
892.9522390185649 794.0
893.1998216155661 788.0
893.4473953789653 791.0
893.6949603082797 780.0
893.9425164030258 793.0
894.1900636627211 797.0
894.4376020868815 796.0
894.6851316750246 776.0
894.9326524266672 806.0
895.1801643413257 789.0
895.4276674185177 791.0
895.6751616577593 790.0
895.922647058568 794.0
896.1701236204603 791.0
896.4175913429531 783.0
896.6650502255636 795.0
896.912500267808 789.0
897.159941469204 775.0
897.4073738292678 782.0
897.6547973475165 786.0
897.9022120234671 779.0
898.1496178566362 792.0
898.3970148465409 784.0
898.644402992698 778.0
898.8917822946241 786.0
899.1391527518367 786.0
899.386514363852 773.0
899.6338671301874 776.0
899.8812110503592 786.0
900.1285461238849 769.0
900.375872350281 795.0
900.6231897290643 779.0
900.8704982597519 784.0
901.1177979418604 794.0
901.3650887749071 785.0
901.6123707584086 780.0
901.8596438918815 775.0
902.106908174843 772.0
902.35416360681 787.0
902.6014101872993 803.0
902.8486479158278 783.0
903.095876791912 787.0
903.3430968150694 776.0
903.5903079848164 780.0
903.83751030067 779.0
904.0847037621473 772.0
904.3318883687646 782.0
904.5790641200394 780.0
904.826231015488 786.0
905.0733890546279 771.0
905.3205382369753 793.0
905.5676785620476 795.0
905.8148100293615 784.0
906.0619326384336 772.0
906.3090463887813 787.0
906.5561512799208 787.0
906.8032473113697 794.0
907.0503344826443 775.0
907.2974127932616 786.0
907.5444822427387 786.0
907.7915428305921 788.0
908.038594556339 784.0
908.2856374194963 783.0
908.5326714195803 792.0
908.7796965561088 779.0
909.0267128285976 795.0
909.2737202365645 786.0
909.520718779526 777.0
909.7677084569985 778.0
910.0146892684998 784.0
910.261661213546 782.0
910.5086242916544 796.0
910.7555785023416 782.0
911.0025238451248 784.0
911.2494603195206 777.0
911.4963879250456 788.0
911.7433066612174 791.0
911.9902165275522 784.0
912.2371175235672 779.0
912.4840096487795 792.0
912.7308929027052 795.0
912.9777672848619 780.0
913.2246327947661 784.0
913.4714894319347 795.0
913.7183371958849 782.0
913.965176086133 772.0
914.2120061021965 788.0
914.4588272435916 781.0
914.7056395098358 788.0
914.9524429004457 793.0
915.1992374149379 777.0
915.4460230528298 776.0
915.6927998136375 775.0
915.9395676968788 779.0
916.1863267020701 784.0
916.4330768287281 799.0
916.67981807637 795.0
916.9265504445123 789.0
917.1732739326723 793.0
917.4199885403666 790.0
917.6666942671121 778.0
917.9133911124259 779.0
918.1600790758242 794.0
918.4067581568248 780.0
918.6534283549438 782.0
918.9000896696987 786.0
919.1467421006058 784.0
919.3933856471822 797.0
919.6400203089449 792.0
919.8866460854103 772.0
920.1332629760961 795.0
920.3798709805186 786.0
920.6264700981943 780.0
920.8730603286409 796.0
921.1196416713748 789.0
921.3662141259131 791.0
921.6127776917724 800.0
921.8593323684695 797.0
922.1058781555217 793.0
922.3524150524454 788.0
922.598943058758 794.0
922.8454621739758 784.0
923.0919723976159 789.0
923.3384737291954 788.0
923.5849661682307 794.0
923.8314497142393 779.0
924.0779243667373 784.0
924.3243901252423 793.0
924.5708469892709 792.0
924.8172949583395 778.0
925.0637340319656 780.0
925.3101642096658 784.0
925.5565854909571 789.0
925.8029978753563 763.0
926.04940136238 777.0
926.2957959515456 780.0
926.5421816423694 794.0
926.7885584343687 798.0
927.0349263270604 787.0
927.281285319961 785.0
927.5276354125876 784.0
927.7739766044568 782.0
928.020308895086 770.0
928.2666322839915 785.0
928.5129467706906 785.0
928.7592523547 786.0
929.0055490355364 788.0
929.2518368127171 783.0
929.4981156857584 790.0
929.7443856541778 786.0
929.9906467174917 785.0
930.2368988752169 781.0
930.4831421268707 796.0
930.7293764719695 794.0
930.9756019100306 784.0
931.2218184405708 790.0
931.4680260631065 785.0
931.7142247771553 789.0
931.9604145822334 790.0
932.2065954778582 793.0
932.4527674635461 795.0
932.6989305388141 787.0
932.9450847031794 790.0
933.1912299561584 779.0
933.4373662972685 804.0
933.6834937260257 798.0
933.929612241948 788.0
934.1757218445516 779.0
934.4218225333533 775.0
934.6679143078701 779.0
934.913997167619 786.0
935.1600711121167 780.0
935.4061361408803 771.0
935.6521922534262 782.0
935.8982394492718 789.0
936.1442777279336 787.0
936.3903070889288 794.0
936.636327531774 795.0
936.882339055986 781.0
937.128341661082 800.0
937.3743353465785 784.0
937.6203201119927 780.0
937.8662959568414 793.0
938.1122628806411 786.0
938.3582208829092 786.0
938.6041699631621 790.0
938.8501101209171 788.0
939.0960413556905 784.0
939.341963667 773.0
939.5878770543618 772.0
939.8337815172929 803.0
940.0796770553103 782.0
940.3255636679306 780.0
940.5714413546712 776.0
940.8173101150486 784.0
941.0631699485793 785.0
941.309020854781 795.0
941.5548628331699 774.0
941.8006958832632 795.0
942.0465200045778 776.0
942.2923351966301 775.0
942.5381414589376 796.0
942.7839387910167 785.0
943.0297271923846 786.0
943.275506662558 784.0
943.5212772010536 807.0
943.7670388073888 789.0
944.0127914810797 799.0
944.2585352216438 798.0
944.504270028598 788.0
944.7499959014584 787.0
944.9957128397427 794.0
945.2414208429674 800.0
945.4871199106495 796.0
945.7328100423057 782.0
945.978491237453 801.0
946.2241634956084 797.0
946.4698268162882 801.0
946.71548119901 788.0
946.9611266432901 786.0
947.2067631486459 786.0
947.4523907145939 787.0
947.6980093406509 775.0
947.943619026334 788.0
948.1892197711599 780.0
948.4348115746456 781.0
948.680394436308 793.0
948.9259683556636 785.0
949.17153333223 787.0
949.4170893655231 795.0
949.6626364550607 779.0
949.9081746003591 794.0
950.1537038009352 783.0
950.3992240563063 782.0
950.6447353659886 792.0
950.8902377294995 806.0
951.1357311463555 791.0
951.381215616074 775.0
951.6266911381715 785.0
951.8721577121647 783.0
952.1176153375708 796.0
952.3630640139064 794.0
952.6085037406887 796.0
952.8539345174344 784.0
953.09935634366 784.0
953.3447692188829 770.0
953.5901731426196 785.0
953.8355681143876 772.0
954.080954133703 789.0
954.326331200083 786.0
954.5716993130445 789.0
954.8170584721041 763.0
955.0624086767792 778.0
955.3077499265863 777.0
955.5530822210421 784.0
955.798405559664 799.0
956.0437199419682 789.0
956.2890253674723 781.0
956.5343218356925 784.0
956.7796093461461 781.0
957.02488789835 774.0
957.2701574918206 787.0
957.5154181260752 792.0
957.7606698006304 780.0
958.0059125150034 776.0
958.2511462687107 784.0
958.4963710612694 774.0
958.7415868921963 798.0
958.9867937610082 793.0
959.2319916672224 786.0
959.4771806103552 781.0
959.7223605899235 796.0
959.9675316054446 777.0
960.2126936564348 774.0
960.4578467424116 790.0
960.7029908628915 787.0
960.9481260173911 791.0
961.193252205428 798.0
961.4383694265184 780.0
961.6834776801796 779.0
961.9285769659282 780.0
962.1736672832812 779.0
962.4187486317555 779.0
962.6638210108677 788.0
962.908884420135 791.0
963.153938859074 781.0
963.3989843272019 784.0
963.6440208240352 784.0
963.889048349091 801.0
964.1340669018862 797.0
964.3790764819373 774.0
964.6240770887617 786.0
964.8690687218761 777.0
965.114051380797 776.0
965.3590250650417 781.0
965.6039897741268 788.0
965.8489455075695 795.0
966.0938922648864 797.0
966.3388300455941 775.0
966.5837588492103 777.0
966.8286786752509 789.0
967.0735895232334 786.0
967.3184913926743 798.0
967.5633842830911 788.0
967.808268194 791.0
968.0531431249179 769.0
968.2980090753622 784.0
968.5428660448491 778.0
968.7877140328961 785.0
969.0325530390197 791.0
969.2773830627367 784.0
969.5222041035643 785.0
969.7670161610189 799.0
970.0118192346179 783.0
970.2566133238779 785.0
970.5013984283155 779.0
970.746174547448 785.0
970.990941680792 793.0
971.2356998278649 798.0
971.480448988183 802.0
971.725189161263 786.0
971.9699203466223 789.0
972.2146425437775 787.0
972.4593557522456 771.0
972.7040599715434 789.0
972.9487552011876 792.0
973.1934414406954 806.0
973.4381186895833 794.0
973.6827869473685 789.0
973.9274462135677 787.0
974.1720964876979 793.0
974.4167377692759 790.0
974.6613700578182 781.0
974.9059933528424 792.0
975.1506076538647 797.0
975.3952129604023 787.0
975.6398092719721 805.0
975.8843965880908 789.0
976.1289749082755 798.0
976.3735442320426 800.0
976.6181045589096 784.0
976.862655888393 787.0
977.1071982200094 793.0
977.3517315532764 780.0
977.5962558877101 781.0
977.840771222828 795.0
978.0852775581467 782.0
978.3297748931827 784.0
978.5742632274536 786.0
978.8187425604756 790.0
979.063212891766 783.0
979.3076742208415 784.0
979.5521265472191 785.0
979.7965698704156 793.0
980.0410041899477 788.0
980.2854295053326 794.0
980.5298458160865 789.0
980.7742531217272 793.0
981.0186514217711 795.0
981.2630407157347 794.0
981.5074210031356 808.0
981.7517922834901 789.0
981.9961545563154 775.0
982.2405078211283 780.0
982.4848520774455 793.0
982.729187324784 778.0
982.9735135626606 788.0
983.2178307905924 800.0
983.4621390080961 777.0
983.7064382146882 774.0
983.9507284098863 797.0
984.1950095932067 802.0
984.4392817641666 801.0
984.6835449222825 793.0
984.9277990670716 791.0
985.1720441980509 790.0
985.4162803147366 789.0
985.6605074166464 798.0
985.9047255032964 795.0
986.1489345742042 792.0
986.3931346288863 796.0
986.6373256668593 789.0
986.8815076876406 794.0
987.1256806907464 780.0
987.3698446756944 778.0
987.613999642001 785.0
987.8581455891829 776.0
988.1022825167574 779.0
988.3464104242408 788.0
988.5905293111508 792.0
988.8346391770036 788.0
989.0787400213161 788.0
989.3228318436055 782.0
989.5669146433884 795.0
989.8109884201817 780.0
990.0550531735024 798.0
990.2991089028674 786.0
990.5431556077934 794.0
990.7871932877973 777.0
991.031221942396 800.0
991.2752415711062 790.0
991.5192521734452 787.0
991.7632537489297 790.0
992.0072462970761 795.0
992.251229817402 797.0
992.4952043094236 789.0
992.7391697726582 784.0
992.9831262066227 781.0
993.2270736108336 783.0
993.4710119848082 801.0
993.7149413280629 783.0
993.958861640115 794.0
994.2027729204812 801.0
994.4466751686781 797.0
994.6905683842231 793.0
994.9344525666326 798.0
995.1783277154237 798.0
995.4221938301132 793.0
995.6660509102181 788.0
995.9098989552552 788.0
996.1537379647411 794.0
996.3975679381932 798.0
996.6413888751279 807.0
996.8852007750622 783.0
997.1290036375133 777.0
997.3727974619973 793.0
997.6165822480319 785.0
997.8603579951333 786.0
998.104124702819 790.0
998.3478823706055 797.0
998.5916309980095 788.0
998.8353705845483 787.0
999.0791011297383 782.0
999.3228226330968 789.0
999.5665350941406 793.0
999.8102385123861 785.0
1000.0539328873509 793.0
1000.2976182185512 793.0
1000.5412945055043 780.0
1000.7849617477269 778.0
1001.0286199447357 785.0
1001.2722690960481 795.0
1001.5159092011804 780.0
1001.75954025965 792.0
1002.003162270973 792.0
1002.246775234667 797.0
1002.4903791502487 803.0
1002.7339740172346 784.0
1002.9775598351421 796.0
1003.2211366034876 783.0
1003.4647043217884 795.0
1003.7082629895611 782.0
1003.9518126063224 788.0
1004.1953531715895 784.0
1004.4388846848791 782.0
1004.6824071457083 793.0
1004.9259205535938 797.0
1005.1694249080521 790.0
1005.4129202086007 783.0
1005.6564064547559 777.0
1005.8998836460353 788.0
1006.1433517819551 796.0
1006.3868108620323 787.0
1006.6302608857841 791.0
1006.8737018527269 794.0
1007.1171337623779 775.0
1007.3605566142537 774.0
1007.6039704078715 781.0
1007.8473751427481 779.0
1008.0907708184001 799.0
1008.3341574343445 786.0
1008.5775349900982 795.0
1008.8209034851784 786.0
1009.0642629191013 797.0
1009.3076132913841 795.0
1009.5509546015439 778.0
1009.7942868490973 797.0
1010.0376100335611 790.0
1010.2809241544525 796.0
1010.5242292112879 785.0
1010.7675252035845 769.0
1011.010812130859 798.0
1011.2540899926286 794.0
1011.4973587884098 805.0
1011.7406185177194 796.0
1011.9838691800747 788.0
1012.2271107749921 784.0
1012.470343301989 778.0
1012.7135667605817 784.0
1012.9567811502875 785.0
1013.1999864706231 789.0
1013.4431827211052 791.0
1013.686369901251 771.0
1013.929548010577 796.0
1014.1727170486006 786.0
1014.4158770148383 784.0
1014.6590279088067 777.0
1014.9021697300233 789.0
1015.1453024780044 810.0
1015.3884261522674 777.0
1015.6315407523286 781.0
1015.8746462777051 784.0
1016.1177427279141 785.0
1016.3608301024719 792.0
1016.603908400896 780.0
1016.8469776227028 774.0
1017.0900377674091 784.0
1017.3330888345322 800.0
1017.5761308235883 789.0
1017.8191637340951 785.0
1018.0621875655689 797.0
1018.3052023175269 804.0
1018.5482079894858 804.0
1018.7912045809622 785.0
1019.0341920914735 786.0
1019.2771705205361 794.0
1019.5201398676672 794.0
1019.7631001323837 793.0
1020.006051314202 781.0
1020.2489934126395 789.0
1020.4919264272125 787.0
1020.7348503574386 790.0
1020.9777652028342 780.0
1021.2206709629161 783.0
1021.4635676372014 796.0
1021.7064552252067 788.0
1021.9493337264495 799.0
1022.1922031404459 797.0
1022.4350634667132 791.0
1022.6779147047681 789.0
1022.9207568541273 781.0
1023.1635899143083 780.0
1023.4064138848273 793.0
1023.6492287652015 794.0
1023.8920345549478 789.0
1024.134831253583 780.0
1024.377618860624 781.0
1024.6203973755871 789.0
1024.8631667979898 798.0
1025.1059271273493 781.0
1025.3486783631818 781.0
1025.5914205050044 773.0
1025.8341535523336 770.0
1026.076877504687 775.0
1026.3195923615808 785.0
1026.5622981225324 796.0
1026.8049947870584 792.0
1027.0476823546753 788.0
1027.2903608249007 780.0
1027.5330301972513 791.0
1027.7756904712435 795.0
1028.0183416463947 774.0
1028.260983722221 787.0
1028.5036166982402 793.0
1028.7462405739689 792.0
1028.9888553489234 789.0
1029.2314610226213 797.0
1029.474057594579 789.0
1029.7166450643138 777.0
1029.9592234313418 781.0
1030.2017926951808 785.0
1030.4443528553472 790.0
1030.6869039113576 769.0
1030.9294458627296 776.0
1031.1719787089794 789.0
1031.414502449624 791.0
1031.6570170841808 797.0
1031.8995226121658 783.0
1032.1420190330966 795.0
1032.3845063464896 793.0
1032.6269845518618 793.0
1032.8694536487305 798.0
1033.111913636612 773.0
1033.3543645150232 788.0
1033.596806283481 786.0
1033.8392389415026 806.0
1034.081662488605 790.0
1034.324076924304 794.0
1034.566482248118 799.0
1034.8088784595625 785.0
1035.0512655581551 785.0
1035.2936435434124 785.0
1035.5360124148515 797.0
1035.778372171989 784.0
1036.020722814342 781.0
1036.2630643414275 807.0
1036.5053967527615 794.0
1036.7477200478622 779.0
1036.9900342262456 792.0
1037.2323392874284 804.0
1037.4746352309282 801.0
1037.7169220562612 788.0
1037.9591997629448 789.0
1038.2014683504956 790.0
1038.4437278184303 796.0
1038.685978166266 780.0
1038.9282193935196 797.0
1039.170451499708 781.0
1039.4126744843477 785.0
1039.6548883469559 789.0
1039.8970930870496 795.0
1040.1392887041452 792.0
1040.3814751977598 790.0
1040.6236525674105 772.0
1040.8658208126137 798.0
1041.107979932887 783.0
1041.3501299277466 781.0
1041.5922707967095 782.0
1041.8344025392926 802.0
1042.0765251550129 791.0
1042.3186386433872 783.0
1042.5607430039322 786.0
1042.802838236165 778.0
1043.0449243396022 797.0
1043.2870013137613 789.0
1043.5290691581586 771.0
1043.7711278723107 777.0
1044.013177455735 796.0
1044.2552179079482 790.0
1044.4972492284676 791.0
1044.7392714168093 796.0
1044.9812844724902 784.0
1045.223288395028 786.0
1045.4652831839387 799.0
1045.70726883874 792.0
1045.949245358948 772.0
1046.1912127440798 785.0
1046.4331709936528 788.0
1046.675120107183 779.0
1046.9170600841878 785.0
1047.1589909241836 796.0
1047.400912626688 784.0
1047.6428251912175 788.0
1047.8847286172886 787.0
1048.1266229044188 780.0
1048.3685080521243 791.0
1048.6103840599228 799.0
1048.8522509273307 784.0
1049.0941086538646 791.0
1049.3359572390418 786.0
1049.577796682379 792.0
1049.819626983393 792.0
1050.061448141601 778.0
1050.3032601565194 778.0
1050.5450630276655 788.0
1050.7868567545556 787.0
1051.0286413367073 784.0
1051.270416773637 787.0
1051.5121830648616 788.0
1051.7539402098982 788.0
1051.9956882082631 777.0
1052.237427059474 781.0
1052.479156763047 791.0
1052.7208773184996 782.0
1052.9625887253483 795.0
1053.2042909831098 792.0
1053.4459840913016 778.0
1053.6876680494397 777.0
1053.929342857042 792.0
1054.1710085136244 783.0
1054.4126650187043 791.0
1054.6543123717986 778.0
1054.8959505724238 795.0
1055.1375796200969 782.0
1055.3791995143351 792.0
1055.620810254655 776.0
1055.8624118405735 783.0
1056.1040042716074 783.0
1056.3455875472737 796.0
1056.5871616670893 808.0
1056.8287266305706 785.0
1057.070282437235 786.0
1057.3118290865991 785.0
1057.5533665781802 794.0
1057.7948949114943 790.0
1058.0364140860593 800.0
1058.2779241013916 797.0
1058.5194249570077 790.0
1058.760916652425 793.0
1059.0023991871599 788.0
1059.24387256073 799.0
1059.4853367726514 780.0
1059.7267918224413 796.0
1059.968237709617 801.0
1060.2096744336943 791.0
1060.451101994191 794.0
1060.6925203906237 780.0
1060.933929622509 793.0
1061.1753296893642 788.0
1061.4167205907056 797.0
1061.6581023260508 787.0
1061.8994748949162 782.0
1062.1408382968189 793.0
1062.3821925312755 794.0
1062.6235375978026 785.0
1062.8648734959181 776.0
1063.1062002251376 774.0
1063.3475177849793 789.0
1063.588826174959 784.0
1063.830125394594 794.0
1064.0714154434013 783.0
1064.312696320897 788.0
1064.553968026599 789.0
1064.7952305600238 785.0
1065.036483920688 809.0
1065.2777281081087 784.0
1065.5189631218025 793.0
1065.7601889612868 797.0
1066.001405626078 782.0
1066.2426131156928 782.0
1066.4838114296492 792.0
1066.7250005674625 783.0
1066.9661805286507 784.0
1067.2073513127305 779.0
1067.4485129192178 785.0
1067.689665347631 795.0
1067.9308085974856 795.0
1068.1719426682996 774.0
1068.413067559589 792.0
1068.654183270871 778.0
1068.8952898016628 788.0
1069.1363871514804 793.0
1069.3774753198418 787.0
1069.618554306263 779.0
1069.8596241102612 782.0
1070.100684731353 790.0
1070.3417361690556 796.0
1070.582778422886 804.0
1070.8238114923604 792.0
1071.0648353769964 792.0
1071.3058500763104 774.0
1071.5468555898192 789.0
1071.7878519170404 794.0
1072.02883905749 784.0
1072.2698170106853 780.0
1072.5107857761434 789.0
1072.75174535338 796.0
1072.9926957419138 791.0
1073.23363694126 788.0
1073.4745689509368 778.0
1073.7154917704597 791.0
1073.9564053993467 782.0
1074.1973098371145 786.0
1074.4382050832794 785.0
1074.6790911373587 782.0
1074.9199679988692 780.0
1075.1608356673278 783.0
1075.4016941422512 795.0
1075.6425434231562 794.0
1075.8833835095604 786.0
1076.1242144009796 787.0
1076.3650360969316 793.0
1076.6058485969324 789.0
1076.8466519004996 785.0
1077.0874460071498 786.0
1077.3282309163997 775.0
1077.5690066277664 789.0
1077.8097731407665 796.0
1078.0505304549172 788.0
1078.2912785697354 793.0
1078.5320174847377 787.0
1078.772747199441 776.0
1079.0134677133622 783.0
1079.2541790260184 807.0
1079.4948811369263 793.0
1079.7355740456023 795.0
1079.9762577515642 797.0
1080.2169322543277 795.0
1080.4575975534112 784.0
1080.6982536483301 785.0
1080.9389005386022 787.0
1081.179538223744 777.0
1081.4201667032721 782.0
1081.6607859767041 781.0
1081.9013960435564 797.0
1082.1419969033457 781.0
1082.382588555589 786.0
1082.6231709998035 785.0
1082.863744235506 799.0
1083.104308262213 798.0
1083.3448630794412 784.0
1083.5854086867082 783.0
1083.8259450835303 774.0
1084.0664722694248 793.0
1084.306990243908 780.0
1084.5474990064974 784.0
1084.7879985567097 794.0
1085.0284888940612 775.0
1085.2689700180695 782.0
1085.509441928251 780.0
1085.749904624123 786.0
1085.990358105202 792.0
1086.2308023710048 779.0
1086.4712374210485 789.0
1086.71166325485 783.0
1086.9520798719261 780.0
1087.1924872717937 776.0
1087.4328854539694 790.0
1087.6732744179706 788.0
1087.9136541633134 789.0
1088.1540246895156 784.0
1088.3943859960934 773.0
1088.6347380825637 794.0
1088.8750809484436 781.0
1089.1154145932499 778.0
1089.3557390164995 781.0
1089.5960542177095 784.0
1089.836360196396 778.0
1090.0766569520767 797.0
1090.3169444842679 785.0
1090.557222792487 789.0
1090.7974918762502 786.0
1091.037751735075 780.0
1091.2780023684782 782.0
1091.518243775976 789.0
1091.7584759570861 787.0
1091.9986989113247 780.0
1092.2389126382093 773.0
1092.4791171372563 772.0
1092.7193124079827 784.0
1092.9594984499054 787.0
1093.1996752625412 782.0
1093.4398428454072 790.0
1093.68000119802 789.0
1093.9201503198965 775.0
1094.1602902105537 790.0
1094.4004208695083 791.0
1094.6405422962773 796.0
1094.8806544903778 781.0
1095.120757451326 794.0
1095.3608511786392 779.0
1095.6009356718341 790.0
1095.8410109304282 777.0
1096.0810769539376 775.0
1096.3211337418795 786.0
1096.5611812937707 781.0
1096.8012196091279 788.0
1097.0412486874682 777.0
1097.2812685283084 789.0
1097.5212791311658 784.0
1097.7612804955563 779.0
1098.0012726209975 794.0
1098.2412555070064 795.0
1098.4812291530989 784.0
1098.721193558793 773.0
1098.961148723605 790.0
1099.2010946470518 772.0
1099.4410313286503 798.0
1099.6809587679172 790.0
1099.92087696437 796.0
1100.1607859175251 786.0
1100.400685626899 788.0
1100.640576092009 785.0
1100.880457312372 792.0
1101.1203292875052 786.0
1101.3601920169247 790.0
1101.6000455001479 797.0
1101.8398897366915 781.0
1102.079724726072 775.0
1102.3195504678072 794.0
1102.559366961413 784.0
1102.7991742064069 788.0
1103.0389722023056 784.0
1103.2787609486254 792.0
1103.5185404448844 777.0
1103.7583106905984 788.0
1103.9980716852845 789.0
1104.23782342846 778.0
1104.4775659196412 781.0
1104.7172991583454 783.0
1104.9570231440887 790.0
1105.1967378763893 790.0
1105.436443354763 798.0
1105.6761395787273 796.0
1105.9158265477986 784.0
1106.1555042614937 781.0
1106.3951727193298 790.0
1106.6348319208234 790.0
1106.8744818654923 776.0
1107.1141225528525 782.0
1107.3537539824208 778.0
1107.5933761537144 794.0
1107.8329890662503 781.0
1108.072592719545 794.0
1108.3121871131157 782.0
1108.551772246479 788.0
1108.7913481191517 780.0
1109.030914730651 784.0
1109.2704720804938 790.0
1109.5100201681967 782.0
1109.7495589932764 793.0
1109.9890885552504 800.0
1110.2286088536348 783.0
1110.4681198879473 794.0
1110.707621657704 794.0
1110.9471141624224 808.0
1111.1865974016187 786.0
1111.4260713748101 781.0
1111.665536081514 784.0
1111.9049915212463 803.0
1112.1444376935244 780.0
1112.3838745978653 770.0
1112.6233022337854 776.0
1112.8627206008023 784.0
1113.102129698432 781.0
1113.3415295261918 779.0
1113.5809200835986 786.0
1113.820301370169 781.0
1114.0596733854206 776.0
1114.2990361288694 785.0
1114.5383896000326 801.0
1114.7777337984273 779.0
1115.0170687235698 775.0
1115.2563943749778 786.0
1115.4957107521673 783.0
1115.7350178546556 786.0
1115.9743156819598 778.0
1116.213604233596 792.0
1116.452883509082 780.0
1116.692153507934 793.0
1116.9314142296694 786.0
1117.1706656738045 767.0
1117.4099078398563 784.0
1117.6491407273422 778.0
1117.8883643357783 780.0
1118.1275786646822 791.0
1118.36678371357 784.0
1118.6059794819594 779.0
1118.8451659693665 780.0
1119.0843431753085 777.0
1119.3235110993026 781.0
1119.5626697408647 787.0
1119.8018190995128 774.0
1120.0409591747637 786.0
1120.2800899661331 778.0
1120.519211473139 795.0
1120.7583236952978 785.0
1120.9974266321262 783.0
1121.236520283142 802.0
1121.4756046478608 785.0
1121.7146797258001 788.0
1121.9537455164768 773.0
1122.192802019408 783.0
1122.4318492341101 793.0
1122.6708871601 784.0
1122.909915796895 786.0
1123.1489351440111 775.0
1123.3879452009662 786.0
1123.6269459672762 781.0
1123.865937442459 777.0
1124.1049196260308 789.0
1124.3438925175087 764.0
