shot=78_gas=Ne_height=90_RF=249.0W_massflow=8000_coils=100.0A_HR4000 spectrum
Wavelength [nm] // Intensity [u.a.] 
194.93414 792.0
195.2037815346219 753.0
195.47341553816543 775.0
195.74304201014752 797.0
196.012660950085 796.0
196.28227235749478 793.0
196.55187623189366 802.0
196.82147257279857 800.0
197.09106137972637 805.0
197.36064265219392 782.0
197.63021638971804 782.0
197.89978259181567 786.0
198.16934125800364 780.0
198.43889238779886 797.0
198.7084359807181 795.0
198.97797203627835 792.0
199.2475005539964 799.0
199.51702153338914 782.0
199.78653497397343 801.0
200.05604087526618 782.0
200.3255392367842 792.0
200.59503005804436 802.0
200.8645133385636 790.0
201.1339890778587 789.0
201.4034572754466 793.0
201.67291793084408 790.0
201.94237104356813 784.0
202.21181661313554 792.0
202.48125463906314 786.0
202.7506851208679 793.0
203.02010805806663 799.0
203.28952345017618 792.0
203.55893129671344 788.0
203.8283315971953 783.0
204.0977243511386 796.0
204.3671095580602 801.0
204.636487217477 798.0
204.90585732890585 793.0
205.17521989186366 785.0
205.44457490586717 791.0
205.7139223704334 789.0
205.98326228507918 784.0
206.2525946493213 796.0
206.5219194626767 795.0
206.79123672466224 799.0
207.06054643479476 792.0
207.32984859259116 804.0
207.59914319756828 789.0
207.86843024924303 793.0
208.13770974713225 791.0
208.40698169075276 795.0
208.6762460796215 804.0
208.94550291325532 785.0
209.2147521911711 787.0
209.48399391288567 774.0
209.75322807791594 797.0
210.02245468577874 791.0
210.29167373599094 787.0
210.56088522806942 788.0
210.83008916153108 811.0
211.09928553589276 786.0
211.3684743506713 787.0
211.63765560538363 795.0
211.9068292995466 789.0
212.175995432677 804.0
212.44515400429182 777.0
212.71430501390782 796.0
212.98344846104192 802.0
213.25258434521103 792.0
213.52171266593191 792.0
213.79083342272153 791.0
214.05994661509675 801.0
214.3290522425744 778.0
214.5981503046713 791.0
214.8672408009044 787.0
215.13632373079054 795.0
215.4053990938466 794.0
215.6744668895894 794.0
215.94352711753592 794.0
216.21257977720293 809.0
216.48162486810728 786.0
216.7506623897659 798.0
217.01969234169565 794.0
217.2887147234134 787.0
217.55772953443596 800.0
217.82673677428028 797.0
218.0957364424632 776.0
218.36472853850154 784.0
218.6337130619122 797.0
218.9026900122121 788.0
219.17165938891804 802.0
219.4406211915469 800.0
219.70957541961562 793.0
219.97852207264097 795.0
220.24746115013983 781.0
220.5163926516291 787.0
220.78531657662566 787.0
221.05423292464639 809.0
221.32314169520808 806.0
221.59204288782766 793.0
221.860936502022 798.0
222.12982253730797 808.0
222.39870099320237 784.0
222.66757186922214 787.0
222.93643516488416 795.0
223.20529087970525 786.0
223.47413901320226 788.0
223.74297956489212 788.0
224.01181253429166 796.0
224.28063792091777 795.0
224.5494557242873 790.0
224.8182659439171 803.0
225.08706857932413 787.0
225.35586363002508 785.0
225.62465109553705 799.0
225.89343097537673 780.0
226.16220326906105 788.0
226.43096797610687 797.0
226.69972509603105 787.0
226.9684746283505 807.0
227.237216572582 794.0
227.50595092824256 794.0
227.7746776948489 781.0
228.04339687191796 794.0
228.31210845896663 780.0
228.5808124555117 783.0
228.84950886107015 784.0
229.11819767515877 789.0
229.38687889729442 806.0
229.65555252699397 802.0
229.92421856377433 790.0
230.1928770071524 787.0
230.46152785664492 790.0
230.73017111176884 805.0
230.99880677204106 784.0
231.26743483697837 786.0
231.53605530609772 791.0
231.8046681789159 798.0
232.07327345494983 806.0
232.34187113371638 798.0
232.61046121473237 791.0
232.87904369751473 792.0
233.14761858158028 793.0
233.41618586644586 805.0
233.68474555162845 788.0
233.95329763664483 804.0
234.2218421210119 812.0
234.49037900424648 810.0
234.7589082858655 792.0
235.02742996538583 790.0
235.29594404232427 780.0
235.56445051619772 782.0
235.8329493865231 809.0
236.10144065281722 805.0
236.36992431459691 805.0
236.63840037137916 784.0
236.9068688226808 783.0
237.1753296680186 793.0
237.44378290690955 798.0
237.7122285388704 794.0
237.9806665634181 789.0
238.24909698006957 798.0
238.51751978834153 800.0
238.78593498775095 790.0
239.0543425778147 795.0
239.32274255804958 794.0
239.59113492797255 799.0
239.8595196871004 788.0
240.12789683495004 802.0
240.3962663710383 785.0
240.66462829488208 795.0
240.93298260599826 795.0
241.2013293039037 799.0
241.46966838811522 803.0
241.73799985814978 798.0
242.00632371352418 801.0
242.27463995375527 788.0
242.54294857835998 805.0
242.81124958685515 804.0
243.07954297875764 795.0
243.34782875358434 799.0
243.61610691085207 791.0
243.88437745007772 807.0
244.15264037077822 798.0
244.42089567247035 793.0
244.68914335467105 797.0
244.95738341689716 792.0
245.2256158586655 789.0
245.493840679493 775.0
245.76205787889654 785.0
246.03026745639292 798.0
246.29846941149904 803.0
246.5666637437318 791.0
246.834850452608 801.0
247.1030295376446 798.0
247.37120099835838 805.0
247.63936483426627 806.0
247.9075210448851 789.0
248.17566962973177 792.0
248.4438105883231 804.0
248.71194392017603 788.0
248.98006962480733 787.0
249.248187701734 799.0
249.51629815047275 793.0
249.78440097054056 790.0
250.05249616145431 805.0
250.32058372273076 788.0
250.5886636538869 784.0
250.85673595443953 789.0
251.12480062390551 794.0
251.39285766180177 803.0
251.6609070676451 794.0
251.92894884095242 787.0
252.19698298124058 797.0
252.46500948802645 796.0
252.73302836082692 794.0
253.00103959915882 796.0
253.26904320253902 808.0
253.53703917048443 805.0
253.80502750251188 797.0
254.07300819813827 811.0
254.34098125688044 805.0
254.60894667825525 810.0
254.87690446177962 817.0
255.14485460697037 808.0
255.41279711334434 790.0
255.6807319804185 806.0
255.94865920770962 818.0
256.2165787947346 805.0
256.48449074101035 802.0
256.75239504605366 793.0
257.02029170938147 790.0
257.28818073051065 813.0
257.556062108958 816.0
257.8239358442404 806.0
258.0918019358748 792.0
258.35966038337796 791.0
258.6275111862668 788.0
258.8953543440582 807.0
259.163189856269 794.0
259.4310177224162 777.0
259.6988379420164 776.0
259.9666505145867 800.0
260.23445543964385 803.0
260.50225271670473 800.0
260.77004234528624 787.0
261.03782432490533 788.0
261.3055986550787 793.0
261.5733653353234 790.0
261.8411243651561 783.0
262.1088757440937 802.0
262.37661947165327 805.0
262.6443555473515 801.0
262.9120839707053 799.0
263.1798047412315 795.0
263.44751785844704 795.0
263.7152233218687 806.0
263.98292113101354 787.0
264.2506112853982 790.0
264.51829378453965 806.0
264.7859686279547 798.0
265.05363581516025 806.0
265.32129534567326 799.0
265.5889472190105 795.0
265.8565914346889 790.0
266.1242279922252 787.0
266.39185689113634 786.0
266.65947813093925 805.0
266.9270917111508 805.0
267.19469763128774 795.0
267.46229589086704 794.0
267.72988648940554 793.0
267.9974694264201 790.0
268.2650447014276 816.0
268.53261231394487 794.0
268.80017226348883 797.0
269.0677245495763 793.0
269.3352691717242 789.0
269.60280612944933 785.0
269.8703354222686 794.0
270.13785704969894 782.0
270.40537101125716 786.0
270.67287730646007 789.0
270.9403759348246 810.0
271.2078668958677 794.0
271.47535018910605 789.0
271.7428258140567 780.0
272.01029377023633 782.0
272.2777540571619 797.0
272.5452066743504 795.0
272.81265162131854 798.0
273.08008889758327 793.0
273.34751850266144 799.0
273.6149404360698 792.0
273.8823546973254 807.0
274.1497612859451 784.0
274.4171602014456 789.0
274.6845514433439 806.0
274.95193501115676 782.0
275.2193109044012 787.0
275.486679122594 803.0
275.7540396652521 796.0
276.02139253189216 791.0
276.2887377220313 805.0
276.55607523518626 793.0
276.82340507087395 793.0
277.09072722861123 805.0
277.3580417079149 794.0
277.62534850830195 795.0
277.8926476292892 804.0
278.1599390703934 795.0
278.4272228311316 798.0
278.69449891102056 801.0
278.96176730957717 798.0
279.22902802631836 787.0
279.4962810607609 792.0
279.76352641242164 798.0
280.0307640808177 786.0
280.29799406546556 787.0
280.5652163658824 779.0
280.8324309815849 788.0
281.09963791209003 780.0
281.3668371569146 787.0
281.6340287155756 809.0
281.9012125875897 798.0
282.168388772474 803.0
282.4355572697452 792.0
282.7027180789201 787.0
282.9698711995158 797.0
283.23701663104896 781.0
283.50415437303667 806.0
283.77128442499554 800.0
284.0384067864426 803.0
284.3055214568946 794.0
284.57262843586864 789.0
284.8397277228814 786.0
285.1068193174497 803.0
285.37390321909055 788.0
285.6409794273207 795.0
285.9080479416572 800.0
286.1751087616167 793.0
286.4421618867162 785.0
286.7092073164725 778.0
286.9762450504025 810.0
287.24327508802315 796.0
287.5102974288511 800.0
287.77731207240345 792.0
288.04431901819703 794.0
288.3113182657485 794.0
288.578309814575 779.0
288.84529366419326 798.0
289.1122698141201 798.0
289.37923826387254 801.0
289.6461990129674 781.0
289.91315206092133 796.0
290.18009740725154 804.0
290.44703505147464 789.0
290.7139649931077 788.0
290.98088723166734 799.0
291.24780176667065 782.0
291.5147085976344 808.0
291.78160772407557 787.0
292.04849914551085 789.0
292.3153828614572 786.0
292.58225887143146 796.0
292.8491271749505 795.0
293.1159877715313 792.0
293.3828406606906 806.0
293.6496858419453 800.0
293.9165233148123 792.0
294.1833530788084 792.0
294.4501751334505 784.0
294.71698947825547 797.0
294.9837961127402 797.0
295.2505950364216 781.0
295.5173862488164 802.0
295.78416974944156 791.0
296.050945537814 791.0
296.31771361345045 785.0
296.584473975868 785.0
296.8512266245832 804.0
297.11797155911313 788.0
297.38470877897464 782.0
297.6514382836846 795.0
297.9181600727598 790.0
298.18487414571723 790.0
298.4515805020736 801.0
298.71827914134593 791.0
298.9849700630511 806.0
299.2516532667058 796.0
299.518328751827 793.0
299.78499651793163 793.0
300.0516565645365 790.0
300.3183088911584 786.0
300.58495349731436 793.0
300.8515903825211 787.0
301.1182195462956 790.0
301.3848409881546 780.0
301.65145470761513 799.0
301.91806070419403 807.0
302.184658977408 796.0
302.4512495267741 800.0
302.7178323518091 791.0
302.9844074520298 780.0
303.2509748269532 782.0
303.5175344760962 790.0
303.78408639897555 800.0
304.0506305951082 796.0
304.31716706401096 785.0
304.58369580520065 795.0
304.8502168181943 780.0
305.1167301025086 799.0
305.3832356576606 793.0
305.649733483167 797.0
305.9162235785447 786.0
306.1827059433106 780.0
306.4491805769817 797.0
306.7156474790747 812.0
306.98210664910647 805.0
307.2485580865939 797.0
307.5150017910539 802.0
307.7814377620034 790.0
308.0478659989591 794.0
308.31428650143795 782.0
308.58069926895683 799.0
308.8471043010326 805.0
309.1135015971821 797.0
309.37989115692227 791.0
309.6462729797699 796.0
309.91264706524197 790.0
310.1790134128551 802.0
310.4453720221265 801.0
310.71172289257277 793.0
310.97806602371094 801.0
311.2444014150577 805.0
311.5107290661301 800.0
311.777048976445 786.0
312.04336114551904 788.0
312.30966557286945 796.0
312.5759622580128 784.0
312.8422512004661 798.0
313.1085323997461 792.0
313.3748058553698 806.0
313.641071566854 794.0
313.90732953371554 794.0
314.17357975547145 800.0
314.4398222316384 814.0
314.70605696173334 791.0
314.9722839452731 788.0
315.23850318177466 793.0
315.50471467075477 795.0
315.7709184117303 782.0
316.0371144042182 803.0
316.3033026477353 783.0
316.56948314179846 802.0
316.8356558859246 786.0
317.1018208796305 794.0
317.36797812243304 795.0
317.6341276138491 797.0
317.90026935339563 797.0
318.1664033405894 792.0
318.4325295749473 794.0
318.6986480559862 801.0
318.96475878322303 796.0
319.2308617561746 793.0
319.4969569743577 788.0
319.76304443728935 804.0
320.0291241444864 789.0
320.2951960954656 791.0
320.5612602897438 793.0
320.82731672683815 790.0
321.0933654062652 798.0
321.359406327542 782.0
321.6254394901853 784.0
321.891464893712 793.0
322.157482537639 795.0
322.4234924214832 797.0
322.68949454476143 781.0
322.95548890699064 808.0
323.2214755076875 788.0
323.487454346369 790.0
323.753425422552 774.0
324.01938873575347 789.0
324.2853442854901 807.0
324.55129207127885 782.0
324.8172320926366 784.0
325.08316434908016 802.0
325.34908884012646 800.0
325.61500556529234 793.0
325.8809145240947 795.0
326.14681571605024 808.0
326.4127091406761 792.0
326.6785947974889 803.0
326.9444726860058 800.0
327.2103428057433 797.0
327.47620515621855 803.0
327.74205973694836 799.0
328.00790654744947 791.0
328.2737455872389 778.0
328.5395768558335 790.0
328.80540035275004 805.0
329.0712160775054 794.0
329.33702402961654 804.0
329.6028242086002 795.0
329.86861661397353 809.0
330.13440124525306 799.0
330.4001781019559 793.0
330.66594718359863 792.0
330.9317084896984 786.0
331.19746201977205 797.0
331.46320777333636 802.0
331.7289457499082 789.0
331.9946759490044 807.0
332.2603983701419 804.0
332.5261130128375 799.0
332.79181987660826 798.0
333.05751896097087 807.0
333.3232102654422 799.0
333.58889378953916 792.0
333.85456953277856 788.0
334.1202374946774 801.0
334.38589767475247 784.0
334.6515500725206 808.0
334.9171946874987 803.0
335.18283151920355 790.0
335.4484605671522 797.0
335.7140818308614 810.0
335.97969530984807 807.0
336.245301003629 788.0
336.51089891172114 791.0
336.77648903364127 790.0
337.04207136890636 808.0
337.30764591703326 800.0
337.5732126775387 794.0
337.83877164993976 796.0
338.10432283375314 797.0
338.36986622849577 798.0
338.63540183368457 766.0
338.9009296488363 780.0
339.16644967346787 779.0
339.4319619070962 789.0
339.6974663492381 789.0
339.9629629994105 788.0
340.22845185713027 786.0
340.4939329219141 778.0
340.75940619327906 803.0
341.02487167074196 806.0
341.2903293538197 801.0
341.555779242029 795.0
341.821221334887 789.0
342.0866556319103 794.0
342.3520821326158 784.0
342.6175008365205 799.0
342.8829117431413 804.0
343.1483148519949 804.0
343.41371016259825 800.0
343.6790976744682 792.0
343.9444773871216 795.0
344.20984930007546 802.0
344.4752134128465 792.0
344.74056972495157 805.0
345.0059182359076 802.0
345.27125894523147 776.0
345.53659185244 799.0
345.80191695705014 808.0
346.0672342585787 783.0
346.3325437565426 805.0
346.5978454504585 798.0
346.8631393398436 800.0
347.1284254242145 792.0
347.3937037030882 813.0
347.6589741759816 797.0
347.92423684241146 786.0
348.1894917018946 801.0
348.4547387539481 789.0
348.71997799808867 812.0
348.9852094338332 805.0
349.2504330606986 808.0
349.51564887820166 805.0
349.7808568858593 798.0
350.0460570831885 802.0
350.31124946970584 817.0
350.57643404492853 790.0
350.84161080837316 797.0
351.1067797595568 797.0
351.3719408979961 791.0
351.63709422320824 814.0
351.90223973470984 806.0
352.16737743201776 805.0
352.43250731464894 808.0
352.69762938212034 802.0
352.9627436339487 805.0
353.2278500696509 786.0
353.49294868874387 788.0
353.7580394907444 796.0
354.02312247516943 784.0
354.28819764153576 798.0
354.55326498936034 797.0
354.81832451816 802.0
355.08337622745165 805.0
355.348420116752 799.0
355.613456185578 803.0
355.8784844334467 804.0
356.1435048598747 786.0
356.4085174643791 778.0
356.6735222464765 792.0
356.938519205684 804.0
357.2035083415184 793.0
357.46848965349653 803.0
357.73346314113536 795.0
357.9984288039516 798.0
358.2633866414622 779.0
358.528336653184 786.0
358.793278838634 779.0
359.05821319732894 789.0
359.3231397287857 803.0
359.5880584325211 806.0
359.8529693080521 777.0
360.1178723548955 784.0
360.3827675725683 781.0
360.64765496058726 797.0
360.9125345184692 791.0
361.1774062457311 777.0
361.44227014188965 796.0
361.707126206462 795.0
361.9719744389649 796.0
362.2368148389151 795.0
362.5016474058295 804.0
362.766472139225 789.0
363.0312890386186 797.0
363.296098103527 797.0
363.5608993334672 798.0
363.82569272795587 799.0
364.09047828651006 798.0
364.35525600864656 806.0
364.6200258938823 784.0
364.8847879417341 795.0
365.1495421517188 792.0
365.41428852335326 791.0
365.67902705615444 811.0
365.9437577496392 805.0
366.2084806033243 799.0
366.4731956167267 788.0
366.7379027893632 789.0
367.0026021207507 788.0
367.2672936104061 800.0
367.5319772578463 806.0
367.79665306258806 810.0
368.06132102414836 808.0
368.32598114204393 798.0
368.59063341579173 810.0
368.85527784490864 803.0
369.1199144289115 794.0
369.3845431673172 792.0
369.6491640596426 795.0
369.91377710540445 799.0
370.1783823041198 796.0
370.44297965530546 809.0
370.70756915847835 789.0
370.97215081315517 778.0
371.2367246188529 794.0
371.5012905750884 786.0
371.7658486813786 786.0
372.0303989372402 809.0
372.29494134219027 808.0
372.5594758957455 793.0
372.82400259742286 798.0
373.08852144673915 791.0
373.3530324432114 795.0
373.6175355863563 802.0
373.8820308756908 806.0
374.1465183107317 803.0
374.410997890996 786.0
374.6754696160004 805.0
374.93993348526186 810.0
375.2043894982973 810.0
375.4688376546235 804.0
375.7332779537573 804.0
375.9977103952157 804.0
376.26213497851546 799.0
376.52655170317354 796.0
376.7909605687067 790.0
377.05536157463183 803.0
377.3197547204658 804.0
377.5841400057256 795.0
377.84851742992794 794.0
378.11288699258984 787.0
378.37724869322795 793.0
378.64160253135935 795.0
378.90594850650075 798.0
379.1702866181692 802.0
379.4346168658814 806.0
379.69893924915425 798.0
379.9632537675047 786.0
380.2275604204495 795.0
380.49185920750574 772.0
380.75615012819 790.0
381.0204331820193 812.0
381.2847083685105 786.0
381.5489756871804 801.0
381.8132351375459 793.0
382.07748671912407 799.0
382.34173043143153 802.0
382.6059662739852 799.0
382.8701942463019 799.0
383.1344143478986 792.0
383.3986265782921 797.0
383.6628309369994 791.0
383.92702742353725 780.0
384.1912160374225 785.0
384.45539677817203 796.0
384.7195696453027 807.0
384.98373463833155 802.0
385.2478917567753 796.0
385.5120410001507 799.0
385.7761823679748 798.0
386.0403158597644 798.0
386.30444147503647 791.0
386.5685592133077 792.0
386.8326690740951 796.0
387.09677105691543 784.0
387.36086516128563 793.0
387.6249513867226 790.0
387.88902973274315 787.0
388.15310019886414 804.0
388.41716278460245 800.0
388.68121748947493 804.0
388.9452643129986 786.0
389.2093032546901 784.0
389.47333431406645 786.0
389.73735749064434 796.0
390.0013727839409 796.0
390.2653801934728 792.0
390.52937971875696 789.0
390.7933713593103 803.0
391.05735511464974 802.0
391.3213309842919 803.0
391.5852989677539 805.0
391.8492590645524 805.0
392.1132112742045 805.0
392.37715559622694 782.0
392.6410920301366 795.0
392.9050205754503 781.0
393.1689412316849 787.0
393.43285399835736 793.0
393.69675887498465 796.0
393.96065586108335 800.0
394.2245449561705 809.0
394.4884261597629 800.0
394.75229947137757 804.0
395.01616489053123 794.0
395.28002241674085 780.0
395.5438720495231 797.0
395.80771378839506 796.0
396.0715476328735 803.0
396.33537358247537 786.0
396.5991916367174 781.0
396.86300179511665 800.0
397.12680405718976 810.0
397.39059842245376 801.0
397.65438489042543 790.0
397.91816346062177 804.0
398.18193413255955 796.0
398.4456969057556 798.0
398.7094517797268 799.0
398.97319875399006 807.0
399.2369378280623 795.0
399.50066900146027 794.0
399.764392273701 788.0
400.02810764430114 790.0
400.2918151127777 783.0
400.55551467864757 802.0
400.81920634142756 789.0
401.08289010063453 800.0
401.34656595578537 802.0
401.6102339063969 784.0
401.8738939519861 794.0
402.1375460920697 803.0
402.4011903261647 787.0
402.6648266537879 777.0
402.92845507445617 786.0
403.1920755876863 796.0
403.4556881929953 799.0
403.71929288990003 810.0
403.98288967791734 811.0
404.246478556564 794.0
404.5100595253569 788.0
404.77363258381297 784.0
405.03719773144906 807.0
405.3007549677821 804.0
405.56430429232887 795.0
405.82784570460626 786.0
406.0913792041311 790.0
406.35490479042033 790.0
406.61842246299085 794.0
406.88193222135936 799.0
407.14543406504293 802.0
407.4089279935582 796.0
407.6724140064223 801.0
407.9358921031519 790.0
408.19936228326395 788.0
408.4628245462754 796.0
408.7262788917029 787.0
408.9897253190635 784.0
409.25316382787395 799.0
409.5165944176513 783.0
409.7800170879122 810.0
410.04343183817366 810.0
410.30683866795243 794.0
410.57023757676546 792.0
410.83362856412975 790.0
411.09701162956185 793.0
411.3603867725789 799.0
411.62375399269763 806.0
411.887113289435 789.0
412.1504646623078 806.0
412.4138081108329 797.0
412.6771436345273 791.0
412.94047123290767 798.0
413.20379090549096 795.0
413.46710265179405 799.0
413.7304064713339 797.0
413.9937023636272 799.0
414.25699032819097 799.0
414.52027036454194 776.0
414.78354247219704 791.0
415.0468066506732 794.0
415.31006289948726 795.0
415.5733112181561 805.0
415.83655160619645 792.0
416.0997840631253 805.0
416.3630085884595 792.0
416.62622518171594 789.0
416.8894338424115 793.0
417.152634570063 803.0
417.4158273641873 800.0
417.67901222430123 803.0
417.9421891499217 808.0
418.2053581405658 800.0
418.46851919575005 795.0
418.7316723149915 798.0
418.99481749780693 791.0
419.2579547437133 792.0
419.5210840522274 801.0
419.78420542286625 785.0
420.04731885514644 784.0
420.31042434858506 789.0
420.573521902699 814.0
420.83661151700494 790.0
421.0996931910199 787.0
421.3627669242608 794.0
421.6258327162443 786.0
421.88889056648736 801.0
422.1519404745069 799.0
422.41498243981977 804.0
422.6780164619429 808.0
422.9410425403929 790.0
423.2040606746869 790.0
423.46707086434174 791.0
423.7300731088742 813.0
423.9930674078012 788.0
424.25605376063965 802.0
424.5190321669063 805.0
424.782002626118 793.0
425.0449651377918 790.0
425.30791970144446 791.0
425.57086631659286 792.0
425.83380498275386 810.0
426.0967356994443 795.0
426.3596584661811 798.0
426.6225732824811 788.0
426.88548014786113 787.0
427.14837906183817 788.0
427.411270023929 782.0
427.6741530336505 800.0
427.9370280905195 796.0
428.199895194053 808.0
428.46275434376776 788.0
428.72560553918066 802.0
428.98844877980855 781.0
429.2512840651683 791.0
429.51411139477693 796.0
429.77693076815115 796.0
430.03974218480784 800.0
430.3025456442639 796.0
430.5653411460361 808.0
430.82812868964146 806.0
431.09090827459687 789.0
431.353679900419 790.0
431.61644356662487 789.0
431.87919927273134 788.0
432.1419470182551 788.0
432.40468680271334 799.0
432.66741862562276 796.0
432.93014248650013 808.0
433.1928583848624 810.0
433.45556632022647 798.0
433.7182662921092 799.0
433.9809583000275 806.0
434.24364234349815 796.0
434.506318422038 799.0
434.768986535164 801.0
435.031646682393 798.0
435.2942988632418 784.0
435.55694307722734 801.0
435.81957932386655 802.0
436.08220760267614 785.0
436.34482791317305 774.0
436.6074402548742 798.0
436.8700446272964 791.0
437.1326410299566 796.0
437.3952294623715 802.0
437.65780992405803 819.0
437.9203824145332 792.0
438.1829469333138 787.0
438.4455034799166 795.0
438.7080520538586 788.0
438.9705926546565 796.0
439.23312528182737 797.0
439.49564993488787 796.0
439.7581666133551 790.0
440.0206753167459 788.0
440.28317604457686 794.0
440.5456687963651 778.0
440.8081535716274 808.0
441.07063036988075 807.0
441.3330991906418 812.0
441.5955600334276 802.0
441.858012897755 795.0
442.12045778314075 787.0
442.3828946891018 798.0
442.6453236151551 804.0
442.9077445608174 805.0
443.17015752560553 799.0
443.4325625090365 794.0
443.69495951062703 783.0
443.95734852989415 794.0
444.21972956635454 801.0
444.4821026195253 796.0
444.74446768892307 804.0
445.00682477406485 801.0
445.2691738744674 800.0
445.5315149896478 802.0
445.79384811912274 791.0
446.05617326240906 803.0
446.31849041902376 793.0
446.58079958848356 796.0
446.8431007703055 802.0
447.10539396400634 787.0
447.367679169103 799.0
447.6299563851123 807.0
447.892225611551 796.0
448.15448684793625 792.0
448.4167400937847 802.0
448.67898534861325 802.0
448.9412226119389 788.0
449.2034518832783 787.0
449.46567316214856 799.0
449.72788644806633 798.0
449.99009174054856 802.0
450.2522890391122 800.0
450.514478343274 797.0
450.77665965255085 796.0
451.0388329664597 793.0
451.30099828451733 798.0
451.5631556062406 806.0
451.82530493114655 788.0
452.08744625875175 807.0
452.3495795885734 781.0
452.6117049201281 804.0
452.87382225293277 787.0
453.13593158650446 795.0
453.3980329203598 800.0
453.6601262540158 782.0
453.9222115869893 795.0
454.1842889187971 793.0
454.4463582489562 792.0
454.70841957698343 804.0
454.97047290239556 778.0
455.23251822470957 793.0
455.49455554344223 795.0
455.75658485811044 797.0
456.0186061682312 797.0
456.2806194733211 801.0
456.5426247728973 773.0
456.8046220664765 801.0
457.0666113535756 808.0
457.32859263371154 791.0
457.5905659064011 788.0
457.8525311711611 787.0
458.1144884275086 785.0
458.37643767496024 799.0
458.6383789130331 790.0
458.9003121412439 782.0
459.1622373591095 795.0
459.4241545661469 805.0
459.68606376187284 814.0
459.9479649458043 798.0
460.2098581174581 792.0
460.471743276351 784.0
460.733620422 795.0
460.9954895539219 774.0
461.2573506716337 782.0
461.51920377465206 798.0
461.78104886249406 798.0
462.0428859346764 800.0
462.304714990716 775.0
462.5665360301298 785.0
462.82834905243453 793.0
463.09015405714723 778.0
463.35195104378465 801.0
463.6137400118636 797.0
463.8755209609011 802.0
464.13729389041396 799.0
464.399058799919 780.0
464.6608156889332 783.0
464.92256455697327 800.0
465.18430540355615 798.0
465.4460382281988 795.0
465.707763030418 783.0
465.96947980973056 804.0
466.23118856565344 783.0
466.49288929770347 799.0
466.75458200539765 811.0
467.0162666882526 801.0
467.27794334578533 803.0
467.5396119775127 801.0
467.8012725829516 802.0
468.0629251616188 797.0
468.3245697130314 801.0
468.586206236706 799.0
468.8478347321596 788.0
469.109455198909 803.0
469.3710676364711 802.0
469.6326720443629 793.0
469.89426842210105 791.0
470.1558567692025 811.0
470.4174370851842 805.0
470.6790093695629 803.0
470.94057362185555 798.0
471.20212984157905 784.0
471.4636780282501 787.0
471.72521818138574 800.0
471.9867503005027 803.0
472.248274385118 796.0
472.5097904347484 792.0
472.7712984489108 796.0
473.03279842712203 793.0
473.29429036889906 793.0
473.55577427375863 793.0
473.8172501412177 793.0
474.07871797079315 793.0
474.34017776200176 798.0
474.6016295143605 798.0
474.8630732273861 796.0
475.1245089005955 788.0
475.3859365335057 801.0
475.64735612563334 796.0
475.9087676764954 795.0
476.1701711856088 799.0
476.4315666524903 792.0
476.6929540766569 805.0
476.95433345762535 811.0
477.2157047949125 797.0
477.47706808803537 801.0
477.7384233365106 783.0
477.9997705398553 784.0
478.26110969758616 810.0
478.52244080922014 801.0
478.78376387427414 791.0
479.04507889226494 788.0
479.3063858627094 797.0
479.5676847851245 801.0
479.828975659027 802.0
480.0902584839338 792.0
480.3515332593618 794.0
480.61279998482775 787.0
480.8740586598487 805.0
481.13530928394147 797.0
481.3965518566228 798.0
481.65778637740965 790.0
481.9190128458189 790.0
482.1802312613674 808.0
482.4414416235721 791.0
482.70264393194964 790.0
482.9638381860171 791.0
483.2250243852913 813.0
483.4862025292891 800.0
483.7473726175273 797.0
484.0085346495229 790.0
484.26968862479265 808.0
484.5308345428534 808.0
484.79197240322225 786.0
485.0531022054157 802.0
485.314223948951 789.0
485.57533763334476 796.0
485.8364432581139 801.0
486.0975408227754 818.0
486.35863032684597 820.0
486.61971176984247 809.0
486.880785151282 806.0
487.1418504706812 796.0
487.402907727557 793.0
487.66395692142635 799.0
487.92499805180597 805.0
488.18603111821284 804.0
488.44705612016384 796.0
488.7080730571757 790.0
488.9690819287655 807.0
489.2300827344499 801.0
489.49107547374587 817.0
489.75206014617027 801.0
490.01303675124 802.0
490.27400528847187 800.0
490.53496575738274 796.0
490.79591815748955 787.0
491.05686248830915 794.0
491.31779874935836 783.0
491.57872694015396 779.0
491.8396470602131 793.0
492.1005591090524 782.0
492.3614630861888 798.0
492.6223589911392 772.0
492.88324682342045 796.0
493.14412658254946 795.0
493.40499826804296 802.0
493.66586187941795 789.0
493.92671741619125 788.0
494.18756487787977 803.0
494.44840426400026 791.0
494.70923557406974 801.0
494.97005880760497 784.0
495.23087396412285 805.0
495.4916810431403 798.0
495.7524800441741 792.0
496.01327096674123 795.0
496.27405381035845 801.0
496.53482857454264 808.0
496.79559525881075 789.0
497.05635386267954 788.0
497.31710438566597 794.0
497.57784682728686 788.0
497.8385811870591 798.0
498.0993074644995 800.0
498.360025659125 808.0
498.6207357704524 798.0
498.88143779799873 794.0
499.14213174128065 783.0
499.40281759981514 783.0
499.6634953731191 801.0
499.92416506070924 794.0
500.1848266621026 805.0
500.445480176816 789.0
500.70612560436615 791.0
500.96676294427016 786.0
501.22739219604483 794.0
501.48801335920695 787.0
501.74862643327344 794.0
502.00923141776116 783.0
502.2698283121869 788.0
502.5304171160677 782.0
502.7909978289203 784.0
503.0515704502616 806.0
503.31213497960846 804.0
503.57269141647777 795.0
503.8332397603864 807.0
504.09378001085116 810.0
504.354312167389 801.0
504.6148362295168 804.0
504.8753521967513 807.0
505.1358600686094 796.0
505.3963598446082 801.0
505.6568515242642 794.0
505.9173351070945 801.0
506.17781059261597 792.0
506.4382779803454 807.0
506.69873726979966 781.0
506.95918846049574 789.0
507.2196315519502 788.0
507.4800665436803 799.0
507.74049343520267 798.0
508.00091222603425 807.0
508.261322915692 802.0
508.5217255036924 795.0
508.7821199895529 784.0
509.0425063727899 781.0
509.3028846529204 776.0
509.5632548294615 792.0
509.8236169019296 781.0
510.0839708698421 793.0
510.3443167327155 789.0
510.60465449006676 795.0
510.8649841414127 792.0
511.12530568627034 793.0
511.3856191241566 802.0
511.64592445458794 805.0
511.90622167708165 802.0
512.1665107911545 804.0
512.4267917963232 806.0
512.6870646921047 803.0
512.947329478016 794.0
513.2075861535739 780.0
513.467834718295 791.0
513.7280751716964 791.0
513.9883075132952 802.0
514.248531742608 802.0
514.5087478591515 799.0
514.7689558624429 795.0
515.0291557519989 813.0
515.2893475273365 799.0
515.5495311879723 793.0
515.8097067334235 792.0
516.0698741632067 781.0
516.3300334768389 792.0
516.5901846738369 791.0
516.8503277537177 803.0
517.1104627159981 787.0
517.3705895601947 798.0
517.630708285825 793.0
517.8908188924053 802.0
518.1509213794526 792.0
518.411015746484 778.0
518.6711019930159 800.0
518.9311801185657 814.0
519.19125012265 799.0
519.4513120047856 795.0
519.7113657644896 796.0
519.9714114012784 801.0
520.2314489146695 791.0
520.4914783041794 790.0
520.751499569325 804.0
521.0115127096234 798.0
521.271517724591 793.0
521.5315146137451 799.0
521.7915033766022 798.0
522.0514840126796 800.0
522.3114565214938 786.0
522.5714209025618 796.0
522.8313771554007 796.0
523.0913252795269 781.0
523.3512652744578 793.0
523.6111971397097 793.0
523.8711208747998 801.0
524.1310364792452 798.0
524.390943952562 792.0
524.6508432942679 796.0
524.9107345038794 790.0
525.1706175809132 807.0
525.4304925248866 809.0
525.690359335316 802.0
525.9502180117188 798.0
526.2100685536113 799.0
526.4699109605107 795.0
526.729745231934 791.0
526.9895713673975 795.0
527.2493893664187 797.0
527.5091992285141 805.0
527.7690009532007 805.0
528.0287945399953 808.0
528.2885799884149 806.0
528.5483572979764 800.0
528.8081264681963 804.0
529.0678874985917 798.0
529.3276403886796 788.0
529.5873851379768 795.0
529.8471217460001 802.0
530.1068502122662 800.0
530.3665705362923 793.0
530.6262827175951 801.0
530.8859867556915 778.0
531.1456826500984 798.0
531.4053704003326 804.0
531.6650500059111 799.0
531.9247214663504 808.0
532.1843847811678 814.0
532.4440399498801 787.0
532.7036869720038 799.0
532.9633258470562 806.0
533.222956574554 820.0
533.4825791540142 805.0
533.7421935849534 815.0
534.0017998668885 806.0
534.2613979993366 806.0
534.5209879818145 800.0
534.780569813839 818.0
535.0401434949268 807.0
535.2997090245951 792.0
535.5592664023607 793.0
535.8188156277402 796.0
536.0783567002508 794.0
536.3378896194092 793.0
536.5974143847321 803.0
536.8569309957369 802.0
537.1164394519398 794.0
537.3759397528582 782.0
537.6354318980087 795.0
537.8949158869082 784.0
538.1543917190737 791.0
538.4138593940218 795.0
538.6733189112697 785.0
538.932770270334 794.0
539.1922134707318 791.0
539.4516485119797 799.0
539.7110753935946 795.0
539.9704941150937 802.0
540.2299046759937 801.0
540.4893070758112 808.0
540.7487013140633 798.0
541.008087390267 789.0
541.2674653039389 790.0
541.526835054596 802.0
541.7861966417552 781.0
542.0455500649333 788.0
542.3048953236471 800.0
542.5642324174137 782.0
542.8235613457497 795.0
543.0828821081722 794.0
543.3421947041979 794.0
543.6014991333436 799.0
543.8607953951266 800.0
544.1200834890632 800.0
544.3793634146708 804.0
544.6386351714658 797.0
544.8978987589653 796.0
545.1571541766862 793.0
545.4164014241451 796.0
545.6756405008593 798.0
545.9348714063455 788.0
546.1940941401203 802.0
546.4533087017008 789.0
546.712515090604 809.0
546.9717133063466 794.0
547.2309033484453 803.0
547.4900852164174 796.0
547.7492589097793 802.0
548.0084244280482 790.0
548.2675817707409 778.0
548.526730937374 786.0
548.7858719274648 789.0
549.0450047405299 812.0
549.3041293760863 792.0
549.5632458336507 788.0
549.82235411274 792.0
550.0814542128714 789.0
550.3405461335612 800.0
550.5996298743269 796.0
550.8587054346848 789.0
551.117772814152 794.0
551.3768320122455 808.0
551.6358830284819 798.0
551.8949258623783 795.0
552.1539605134514 793.0
552.4129869812182 791.0
552.6720052651955 800.0
552.9310153649002 782.0
553.1900172798491 781.0
553.4490110095592 798.0
553.7079965535472 805.0
553.9669739113302 790.0
554.2259430824248 804.0
554.484904066348 785.0
554.7438568626167 800.0
555.0028014707476 802.0
555.261737890258 797.0
555.520666120664 800.0
555.7795861614834 787.0
556.0384980122324 793.0
556.2974016724281 808.0
556.5562971415874 798.0
556.8151844192269 797.0
557.0740635048638 802.0
557.3329343980148 797.0
557.5917970981968 794.0
557.8506516049267 795.0
558.1094979177213 799.0
558.3683360360976 792.0
558.6271659595724 784.0
558.8859876876625 792.0
559.1448012198848 799.0
559.4036065557561 800.0
559.6624036947936 810.0
559.9211926365136 792.0
560.1799733804337 784.0
560.43874592607 801.0
560.6975102729399 797.0
560.9562664205602 795.0
561.2150143684473 809.0
561.4737541161188 804.0
561.732485663091 805.0
561.9912090088809 807.0
562.2499241530056 805.0
562.5086310949818 796.0
562.7673298343262 796.0
563.026020370556 794.0
563.2847027031879 797.0
563.5433768317389 793.0
563.8020427557254 807.0
564.0607004746649 792.0
564.3193499880738 786.0
564.5779912954692 806.0
564.8366243963679 789.0
565.0952492902868 803.0
565.3538659767429 793.0
565.6124744552527 802.0
565.8710747253335 799.0
566.1296667865018 795.0
566.3882506382747 802.0
566.6468262801691 789.0
566.9053937117014 795.0
567.1639529323893 785.0
567.4225039417488 789.0
567.6810467392974 795.0
567.9395813245517 796.0
568.1981076970284 794.0
568.4566258562448 783.0
568.7151358017175 791.0
568.9736375329633 809.0
569.2321310494995 806.0
569.4906163508422 807.0
569.749093436509 821.0
570.0075623060163 785.0
570.2660229588813 789.0
570.5244753946206 777.0
570.7829196127512 796.0
571.0413556127901 805.0
571.2997833942537 801.0
571.5582029566596 795.0
571.8166142995238 794.0
572.075017422364 797.0
572.3334123246967 809.0
572.5917990060384 788.0
572.8501774659068 796.0
573.108547703818 805.0
573.3669097192892 800.0
573.6252635118373 800.0
573.8836090809789 799.0
574.1419464262314 800.0
574.400275547111 798.0
574.6585964431351 810.0
574.9169091138205 799.0
575.1752135586836 804.0
575.4335097772419 801.0
575.6917977690118 803.0
575.9500775335105 808.0
576.2083490702545 823.0
576.4666123787609 833.0
576.7248674585469 814.0
576.9831143091286 809.0
577.2413529300236 797.0
577.4995833207483 794.0
577.7578054808198 789.0
578.0160194097549 810.0
578.2742251070703 796.0
578.5324225722832 803.0
578.7906118049101 809.0
579.0487928044681 824.0
579.3069655704743 804.0
579.565130102445 784.0
579.8232863998975 784.0
580.0814344623485 798.0
580.339574289315 804.0
580.5977058803137 814.0
580.8558292348614 811.0
581.1139443524753 810.0
581.3720512326721 830.0
581.6301498749685 811.0
581.8882402788817 820.0
582.146322443928 812.0
582.4043963696251 825.0
582.6624620554893 810.0
582.9205195010375 811.0
583.1785687057866 801.0
583.4366096692537 805.0
583.6946423909554 804.0
583.9526668704085 833.0
584.2106831071303 907.0
584.4686911006373 1044.0
584.7266908504463 1174.0
584.9846823560746 1415.0
585.2426656170385 1861.0
585.5006406328554 1627.0
585.7586074030418 1370.0
586.0165659271148 1080.0
586.2745162045912 914.0
586.5324582349878 885.0
586.7903920178214 857.0
587.0483175526091 834.0
587.3062348388676 842.0
587.5641438761138 865.0
587.8220446638645 851.0
588.0799372016369 923.0
588.3378214889474 934.0
588.5956975253132 891.0
588.8535653102509 839.0
589.1114248432776 832.0
589.3692761239103 808.0
589.6271191516653 818.0
589.88495392606 823.0
590.1427804466111 816.0
590.4005987128355 818.0
590.6584087242501 825.0
590.9162104803713 813.0
591.1740039807169 801.0
591.4317892248029 800.0
591.6895662121466 815.0
591.9473349422648 801.0
592.2050954146741 801.0
592.462847628892 796.0
592.7205915844347 791.0
592.9783272808194 809.0
593.236054717563 799.0
593.493773894182 798.0
593.7514848101939 836.0
594.009187465115 857.0
594.2668818584625 921.0
594.5245679897531 978.0
594.7822458585038 934.0
595.0399154642313 875.0
595.2975768064524 836.0
595.5552298846843 811.0
595.8128746984438 817.0
596.0705112472474 821.0
596.3281395306126 809.0
596.5857595480555 808.0
596.8433712990935 817.0
597.1009747832434 824.0
597.3585700000219 840.0
597.6161569489462 856.0
597.8737356295327 841.0
598.1313060412986 826.0
598.3888681837607 806.0
598.6464220564358 795.0
598.9039676588409 801.0
599.1615049904925 808.0
599.4190340509081 801.0
599.676554839604 785.0
599.9340673560972 810.0
600.1915715999048 807.0
600.4490675705435 801.0
600.7065552675302 796.0
600.9640346903817 799.0
601.221505838615 793.0
601.4789687117469 803.0
601.7364233092942 796.0
601.9938696307739 803.0
602.2513076757026 823.0
602.5087374435976 813.0
602.7661589339755 838.0
603.023572146353 852.0
603.2809770802475 853.0
603.5383737351752 822.0
603.7957621106534 824.0
604.053142206199 814.0
604.3105140213286 805.0
604.5678775555593 803.0
604.8252328084078 795.0
605.0825797793912 798.0
605.3399184680261 796.0
605.5972488738295 798.0
605.8545709963181 799.0
606.111884835009 814.0
606.3691903894193 816.0
606.6264876590651 824.0
606.883776643464 850.0
607.1410573421324 902.0
607.3983297545875 996.0
607.6555938803461 956.0
607.9128497189247 913.0
608.1700972698408 858.0
608.4273365326108 835.0
608.6845675067516 838.0
608.9417901917803 875.0
609.1990045872135 918.0
609.4562106925683 1065.0
609.7134085073615 1112.0
609.9705980311098 1040.0
610.2277792633305 910.0
610.4849522035397 859.0
610.7421168512552 828.0
610.9992732059933 818.0
611.2564212672709 800.0
611.5135610346049 788.0
611.7706925075122 802.0
612.0278156855098 813.0
612.2849305681145 816.0
612.542037154843 822.0
612.7991354452124 831.0
613.0562254387393 822.0
613.3133071349409 854.0
613.5703805333337 963.0
613.8274456334349 1041.0
614.0845024347612 1232.0
614.3415509368294 1416.0
614.5985911391567 1281.0
614.8556230412595 1125.0
615.1126466426551 948.0
615.36966194286 862.0
615.6266689413914 848.0
615.8836676377659 861.0
616.1406580315004 921.0
616.3976401221121 944.0
616.6546139091173 923.0
616.9115793920333 885.0
617.1685365703769 836.0
617.4254854436648 824.0
617.6824260114142 826.0
617.9393582731417 816.0
618.196282228364 817.0
618.4531978765983 812.0
618.7101052173614 821.0
618.9670042501702 817.0
619.2238949745413 789.0
619.4807773899919 794.0
619.7376514960388 793.0
619.9945172921986 804.0
620.2513747779885 805.0
620.508223952925 808.0
620.7650648165256 806.0
621.0218973683066 818.0
621.2787216077849 837.0
621.5355375344776 872.0
621.7923451479013 877.0
622.0491444475734 850.0
622.3059354330103 818.0
622.5627181037288 814.0
622.8194924592461 796.0
623.0762584990788 805.0
623.333016222744 805.0
623.5897656297584 806.0
623.8465067196389 801.0
624.1032394919024 789.0
624.3599639460657 810.0
624.6166800816459 813.0
624.8733878981594 813.0
625.1300873951237 810.0
625.3867785720552 825.0
625.6434614284708 823.0
625.9001359638876 858.0
626.1568021778221 904.0
626.4134600697917 973.0
626.6701096393127 1070.0
626.9267508859024 1022.0
627.1833838090776 947.0
627.4400084083547 865.0
627.6966246832512 816.0
627.9532326332837 819.0
628.2098322579691 808.0
628.4664235568243 814.0
628.723006529366 801.0
628.9795811751112 795.0
629.2361474935768 821.0
629.4927054842794 838.0
629.7492551467363 837.0
630.0057964804641 857.0
630.2623294849799 886.0
630.5188541598001 938.0
630.775370504442 875.0
631.0318785184223 857.0
631.2883782012578 822.0
631.5448695524658 836.0
631.8013525715625 832.0
632.0578272580652 819.0
632.3142936114906 822.0
632.5707516313557 838.0
632.8272013171775 891.0
633.0836426684723 951.0
633.3400756847575 1075.0
633.5965003655499 1046.0
633.8529167103661 1004.0
634.1093247187234 906.0
634.3657243901381 836.0
634.6221157241276 820.0
634.8784987202085 804.0
635.1348733778977 824.0
635.3912396967121 820.0
635.6475976761684 796.0
635.9039473157839 804.0
636.1602886150749 807.0
636.4166215735588 814.0
636.6729461907521 807.0
636.9292624661718 801.0
637.1855703993349 827.0
637.4418699897578 861.0
637.6981612369581 944.0
637.9544441404521 977.0
638.2107186997567 1113.0
638.4669849143892 1122.0
638.7232427838659 1070.0
638.979492307704 1004.0
639.2357334854204 1063.0
639.4919663165317 1334.0
639.7481908005552 1676.0
640.0044069370073 2328.0
640.2606147254052 2937.0
640.5168141652655 2555.0
640.7730052561054 1992.0
641.0291879974413 1350.0
641.2853623887906 1072.0
641.5415284296699 933.0
641.797686119596 880.0
642.0538354580859 851.0
642.3099764446565 835.0
642.5661090788245 830.0
642.8222333601069 830.0
643.0783492880205 810.0
643.3344568620822 808.0
643.5905560818089 820.0
643.8466469467173 811.0
644.1027294563247 823.0
644.3588036101473 810.0
644.6148694077026 826.0
644.8709268485071 811.0
645.1269759320778 808.0
645.3830166579316 818.0
645.6390490255851 786.0
645.8950730345556 805.0
646.1510886843597 803.0
646.4070959745143 804.0
646.6630949045363 811.0
646.9190854739425 803.0
647.17506768225 801.0
647.4310415289752 792.0
647.6870070136354 817.0
647.9429641357473 805.0
648.1989128948277 799.0
648.4548532903938 810.0
648.7107853219619 804.0
648.9667089890495 813.0
649.222624291173 819.0
649.4785312278494 826.0
649.7344297985958 868.0
649.9903200029287 962.0
650.2462018403652 1045.0
650.502075310422 1256.0
650.7579404126162 1311.0
651.0137971464646 1230.0
651.2696455114838 1050.0
651.525485507191 908.0
651.7813171331029 848.0
652.0371403887364 823.0
652.2929552736086 848.0
652.5487617872358 833.0
652.8045599291355 853.0
653.0603496988242 888.0
653.3161310958188 909.0
653.5719041196362 863.0
653.8276687697933 845.0
654.0834250458071 822.0
654.3391729471941 821.0
654.5949124734717 798.0
654.8506436241562 795.0
655.1063663987647 802.0
655.3620807968144 808.0
655.6177868178215 814.0
655.8734844613035 838.0
656.129173726777 856.0
656.3848546137588 843.0
656.6405271217659 848.0
656.8961912503149 838.0
657.1518469989231 814.0
657.4074943671071 813.0
657.6631333543837 800.0
657.9187639602701 791.0
658.1743861842826 805.0
658.4300000259387 802.0
658.6856054847549 800.0
658.9412025602483 810.0
659.1967912519353 844.0
659.4523715593333 876.0
659.707943481959 964.0
659.9635070193291 980.0
660.2190621709606 935.0
660.4746089363705 889.0
660.7301473150753 838.0
660.9856773065924 826.0
661.2411989104381 819.0
661.4967121261298 812.0
661.7522169531838 792.0
662.0077133911174 804.0
662.2632014394475 785.0
662.5186810976904 803.0
662.7741523653638 803.0
663.029615241984 810.0
663.2850697270679 803.0
663.5405158201327 792.0
663.7959535206948 795.0
664.0513828282715 800.0
664.3068037423793 788.0
664.5622162625355 807.0
664.8176203882564 789.0
665.0730161190594 798.0
665.3284034544613 796.0
665.5837823939785 815.0
665.8391529371283 801.0
666.0945150834276 809.0
666.349868832393 798.0
666.6052141835415 816.0
666.8605511363899 817.0
667.1158796904554 860.0
667.3711998452544 942.0
667.626511600304 1029.0
667.8818149551211 1076.0
668.1371099092223 1041.0
668.3923964621249 952.0
668.6476746133454 874.0
668.9029443624008 834.0
669.1582057088083 808.0
669.4134586520839 802.0
669.6687031917455 798.0
669.9239393273093 801.0
670.1791670582923 810.0
670.4343863842114 810.0
670.6895973045835 821.0
670.9447998189256 851.0
671.1999939267544 896.0
671.4551796275866 940.0
671.7103569209394 1015.0
671.9655258063294 980.0
672.220686283274 939.0
672.475838351289 862.0
672.7309820098925 820.0
672.9861172586005 812.0
673.2412440969302 806.0
673.4963625243987 790.0
673.7514725405223 802.0
674.0065741448183 801.0
674.2616673368035 796.0
674.5167521159946 795.0
674.7718284819086 809.0
675.0268964340622 800.0
675.2819559719727 798.0
675.5370070951565 806.0
675.7920498031307 801.0
676.0470840954122 800.0
676.3021099715176 803.0
676.5571274309642 818.0
676.8121364732684 804.0
677.0671370979474 794.0
677.3221293045178 789.0
677.5771130924968 795.0
677.8320884614011 797.0
678.0870554107474 810.0
678.3420139400529 797.0
678.5969640488343 805.0
678.8519057366083 801.0
679.1068390028922 790.0
679.3617638472023 803.0
679.616680269056 807.0
679.8715882679699 801.0
680.1264878434607 790.0
680.3813789950458 807.0
680.6362617222414 794.0
680.8911360245651 803.0
681.146001901533 807.0
681.4008593526627 784.0
681.6557083774705 819.0
681.9105489754734 804.0
682.1653811461886 799.0
682.4202048891326 807.0
682.6750202038223 798.0
682.9298270897748 805.0
683.1846255465068 803.0
683.4394155735351 805.0
683.6941971703767 810.0
683.9489703365485 795.0
684.2037350715673 796.0
684.4584913749499 796.0
684.7132392462133 797.0
684.9679786848742 797.0
685.2227096904496 805.0
685.4774322624564 817.0
685.7321464004115 812.0
685.9868521038316 793.0
686.2415493722334 784.0
686.4962382051343 790.0
686.7509186020508 791.0
687.0055905624997 803.0
687.2602540859983 795.0
687.514909172063 809.0
687.7695558202109 796.0
688.0241940299587 806.0
688.2788238008236 784.0
688.5334451323221 801.0
688.7880580239712 806.0
689.042662475288 796.0
689.2972584857889 796.0
689.5518460549912 782.0
689.8064251824115 798.0
690.0609958675668 800.0
690.3155581099742 803.0
690.5701119091498 798.0
690.8246572646113 785.0
691.0791941758752 804.0
691.3337226424583 796.0
691.5882426638777 805.0
691.84275423965 805.0
692.0972573692924 830.0
692.3517520523214 896.0
692.6062382882542 1000.0
692.8607160766074 1143.0
693.1151854168979 1097.0
693.3696463086428 1066.0
693.6240987513587 942.0
693.8785427445628 854.0
694.1329782877717 822.0
694.3874053805022 818.0
694.6418240222713 804.0
694.8962342125958 813.0
695.1506359509929 801.0
695.405029236979 795.0
695.6594140700711 808.0
695.9137904497863 783.0
696.168158375641 791.0
696.4225178471527 801.0
696.676868863838 792.0
696.9312114252134 795.0
697.1855455307963 792.0
697.4398711801031 805.0
697.6941883726512 791.0
697.9484971079568 811.0
698.2027973855375 793.0
698.4570892049098 796.0
698.7113725655903 793.0
698.9656474670965 796.0
699.2199139089445 802.0
699.4741718906519 801.0
699.7284214117353 794.0
699.9826624717113 806.0
700.2368950700971 810.0
700.4911192064093 804.0
700.7453348801653 801.0
700.9995420908814 805.0
701.2537408380745 804.0
701.5079311212619 803.0
701.7621129399598 817.0
702.016286293686 822.0
702.2704511819566 832.0
702.5246076042886 879.0
702.778755560199 976.0
703.0328950492045 1121.0
703.2870260708224 1126.0
703.5411486245691 1101.0
703.7952627099618 1034.0
704.0493683265172 911.0
704.3034654737519 843.0
704.5575541511835 831.0
704.8116343583279 809.0
705.0657060947029 820.0
705.3197693598249 811.0
705.5738241532106 830.0
705.8278704743772 821.0
706.0819083228414 814.0
706.3359376981203 792.0
706.5899585997306 798.0
706.8439710271889 804.0
707.0979749800126 795.0
707.3519704577179 799.0
707.6059574598225 806.0
707.8599359858429 811.0
708.1139060352955 796.0
708.3678676076978 800.0
708.6218207025663 802.0
708.8757653194182 798.0
709.12970145777 800.0
709.3836291171389 786.0
709.6375482970416 797.0
709.8914589969946 782.0
710.1453612165157 805.0
710.3992549551208 790.0
710.6531402123275 794.0
710.9070169876522 794.0
711.1608852806118 812.0
711.4147450907236 799.0
711.6685964175037 791.0
711.9224392604699 786.0
712.1762736191384 804.0
712.4300994930262 809.0
712.6839168816504 784.0
712.9377257845274 803.0
713.1915262011746 790.0
713.4453181311087 793.0
713.6991015738463 799.0
713.9528765289045 786.0
714.2066429958 806.0
714.4604009740502 799.0
714.7141504631712 798.0
714.9678914626805 804.0
715.2216239720948 801.0
715.4753479909306 797.0
715.7290635187052 792.0
715.982770554935 776.0
716.2364690991376 785.0
716.4901591508293 801.0
716.743840709527 820.0
716.9975137747479 809.0
717.2511783460084 821.0
717.5048344228259 825.0
717.7584820047169 833.0
718.0121210911982 812.0
718.2657516817872 813.0
718.519373776 789.0
718.772987373354 808.0
719.026592473366 802.0
719.2801890755527 795.0
719.5337771794311 797.0
719.7873567845179 798.0
720.0409278903304 810.0
720.294490496385 793.0
720.5480446021987 806.0
720.8015902072887 794.0
721.0551273111711 794.0
721.3086559133636 779.0
721.5621760133826 814.0
721.815687610745 787.0
722.0691907049679 798.0
722.3226852955679 801.0
722.5761713820622 795.0
722.8296489639672 789.0
723.0831180408002 786.0
723.3365786120778 785.0
723.5900306773169 819.0
723.8434742360346 842.0
724.0969092877473 885.0
724.3503358319725 947.0
724.6037538682267 934.0
724.8571633960265 933.0
725.1105644148894 897.0
725.3639569243315 830.0
725.6173409238706 817.0
725.8707164130229 798.0
726.1240833913054 791.0
726.3774418582351 809.0
726.6307918133285 794.0
726.8841332561029 801.0
727.137466186075 798.0
727.3907906027619 802.0
727.6441065056802 794.0
727.8974138943464 807.0
728.1507127682783 782.0
728.4040031269918 805.0
728.6572849700045 794.0
728.9105582968331 793.0
729.1638231069941 780.0
729.4170794000048 802.0
729.6703271753817 792.0
729.923566432642 803.0
730.1767971713025 790.0
730.4300193908798 795.0
730.6832330908911 792.0
730.936438270853 784.0
731.1896349302828 796.0
731.442823068697 795.0
731.6960026856123 777.0
731.949173780546 801.0
732.2023363530145 800.0
732.4554904025351 798.0
732.7086359286245 796.0
732.9617729307997 796.0
733.2149014085775 797.0
733.4680213614745 794.0
733.7211327890079 791.0
733.9742356906943 808.0
734.2273300660511 807.0
734.4804159145946 816.0
734.7334932358416 797.0
734.9865620293094 791.0
735.2396222945147 810.0
735.4926740309744 791.0
735.7457172382054 802.0
735.9987519157243 788.0
736.2517780630484 793.0
736.504795679694 800.0
736.7578047651785 808.0
737.0108053190187 795.0
737.2637973407312 816.0
737.516780829833 802.0
737.769755785841 799.0
738.0227222082721 811.0
738.2756800966428 799.0
738.5286294504706 803.0
738.781570269272 800.0
739.0345025525638 802.0
739.2874262998632 788.0
739.5403415106866 789.0
739.7932481845512 796.0
740.046146320974 791.0
740.2990359194714 795.0
740.5519169795606 802.0
740.8047895007583 806.0
741.0576534825816 794.0
741.3105089245472 797.0
741.563355826172 793.0
741.8161941869729 802.0
742.0690240064664 786.0
742.3218452841702 815.0
742.5746580196005 782.0
742.8274622122741 794.0
743.0802578617083 799.0
743.3330449674197 802.0
743.5858235289254 818.0
743.8385935457418 827.0
744.0913550173865 822.0
744.3441079433758 818.0
744.5968523232264 803.0
744.8495881564559 795.0
745.1023154425804 794.0
745.3550341811174 797.0
745.6077443715835 795.0
745.8604460134952 799.0
746.1131391063701 806.0
746.3658236497243 805.0
746.6184996430754 792.0
746.87116708594 795.0
747.1238259778346 805.0
747.3764763182764 809.0
747.6291181067822 817.0
747.8817513428692 803.0
748.1343760260539 793.0
748.3869921558529 803.0
748.6395997317837 797.0
748.8921987533628 801.0
749.1447892201071 804.0
749.3973711315336 807.0
749.6499444871589 799.0
749.9025092865003 800.0
750.1550655290741 801.0
750.4076132143978 790.0
750.6601523419877 802.0
750.912682911361 802.0
751.1652049220347 794.0
751.4177183735251 777.0
751.6702232653497 802.0
751.9227195970248 806.0
752.1752073680677 810.0
752.4276865779954 811.0
752.680157226324 808.0
752.9326193125712 791.0
753.1850728362533 810.0
753.4375177968876 804.0
753.6899541939908 811.0
753.9423820270795 823.0
754.194801295671 813.0
754.4472119992819 809.0
754.6996141374291 791.0
754.9520077096296 801.0
755.2043927154 787.0
755.4567691542577 799.0
755.7091370257187 784.0
755.9614963293008 795.0
756.2138470645202 793.0
756.4661892308942 798.0
756.7185228279395 800.0
756.9708478551728 795.0
757.2231643121112 785.0
757.4754721982714 804.0
757.7277715131704 801.0
757.9800622563251 796.0
758.2323444272521 796.0
758.4846180254688 801.0
758.7368830504913 800.0
758.9891395018373 805.0
759.2413873790232 801.0
759.4936266815657 794.0
759.7458574089821 790.0
759.9980795607888 782.0
760.2502931365033 785.0
760.502498135642 807.0
760.7546945577217 817.0
761.0068824022595 809.0
761.2590616687722 786.0
761.5112323567769 795.0
761.7633944657899 795.0
762.0155479953288 800.0
762.26769294491 793.0
762.5198293140501 801.0
762.7719571022666 804.0
763.024076309076 785.0
763.2761869339953 806.0
763.5282889765415 789.0
763.780382436231 798.0
764.032467312581 799.0
764.2845436051083 804.0
764.53661131333 793.0
764.7886704367629 805.0
765.0407209749233 791.0
765.2927629273288 780.0
765.5447962934958 800.0
765.7968210729414 799.0
766.0488372651824 796.0
766.3008448697357 808.0
766.5528438861181 803.0
766.8048343138464 800.0
767.0568161524378 803.0
767.3087894014087 801.0
767.5607540602764 788.0
767.8127101285577 808.0
768.0646576057691 805.0
768.3165964914278 789.0
768.5685267850505 804.0
768.8204484861544 803.0
769.0723615942561 799.0
769.3242661088722 811.0
769.5761620295201 814.0
769.8280493557162 795.0
770.0799280869778 797.0
770.3317982228216 786.0
770.5836597627642 794.0
770.835512706323 786.0
771.0873570530143 788.0
771.3391928023555 775.0
771.591019953863 796.0
771.8428385070538 806.0
772.094648461445 800.0
772.3464498165532 792.0
772.5982425718955 793.0
772.8500267269885 795.0
773.1018022813494 803.0
773.3535692344948 785.0
773.6053275859415 798.0
773.8570773352067 802.0
774.108818481807 794.0
774.3605510252594 801.0
774.6122749650807 788.0
774.8639903007878 792.0
775.1156970318975 785.0
775.3673951579267 788.0
775.6190846783925 785.0
775.8707655928115 800.0
776.1224379007004 797.0
776.3741016015766 800.0
776.6257566949563 807.0
776.8774031803571 802.0
777.1290410572955 813.0
777.3806703252881 826.0
777.6322909838522 823.0
777.8839030325043 817.0
778.1355064707618 810.0
778.3871012981411 799.0
778.6386875141592 802.0
778.890265118333 782.0
779.1418341101793 785.0
779.3933944892151 798.0
779.6449462549571 794.0
779.8964894069222 782.0
780.1480239446275 786.0
780.3995498675895 795.0
780.6510671753255 792.0
780.9025758673517 776.0
781.1540759431858 798.0
781.4055674023442 793.0
781.6570502443437 782.0
781.9085244687013 790.0
782.159990074934 791.0
782.4114470625585 801.0
782.6628954310918 789.0
782.9143351800503 791.0
783.1657663089516 795.0
783.4171888173119 780.0
783.6686027046486 796.0
783.9200079704783 787.0
784.1714046143178 797.0
784.4227926356843 797.0
784.6741720340941 793.0
784.9255428090647 800.0
785.1769049601126 810.0
785.4282584867548 791.0
785.6796033885082 792.0
785.9309396648893 792.0
786.1822673154155 786.0
786.4335863396033 800.0
786.6848967369698 796.0
786.9361985070317 792.0
787.1874916493058 798.0
787.4387761633094 793.0
787.6900520485588 796.0
787.9413193045713 807.0
788.1925779308636 810.0
788.4438279269523 801.0
788.6950692923548 818.0
788.9463020265875 804.0
789.1975261291677 786.0
789.448741599612 793.0
789.6999484374371 795.0
789.9511466421604 785.0
790.2023362132982 793.0
790.4535171503677 799.0
790.7046894528855 791.0
790.9558531203689 772.0
791.2070081523347 804.0
791.458154548299 796.0
791.7092923077797 792.0
791.9604214302931 777.0
792.2115419153562 781.0
792.462653762486 786.0
792.7137569711989 782.0
792.9648515410123 794.0
793.2159374714428 803.0
793.4670147620074 810.0
793.718083412223 796.0
793.9691434216061 792.0
794.220194789674 791.0
794.4712375159432 794.0
794.722271599931 806.0
794.9732970411541 785.0
795.2243138391292 806.0
795.4753219933733 798.0
795.7263215034031 806.0
795.9773123687357 792.0
796.2282945888878 798.0
796.4792681633767 796.0
796.7302330917187 787.0
796.9811893734307 796.0
797.23213700803 792.0
797.483075995033 781.0
797.7340063339569 786.0
797.9849280243186 778.0
798.2358410656345 799.0
798.4867454574222 782.0
798.7376411991978 791.0
798.9885282904788 806.0
799.2394067307818 799.0
799.4902765196234 801.0
799.741137656521 784.0
799.9919901409909 791.0
800.2428339725506 785.0
800.4936691507165 795.0
800.7444956750055 814.0
800.9953135449347 791.0
801.2461227600207 799.0
801.4969233197808 792.0
801.7477152237312 788.0
801.9984984713894 790.0
802.2492730622722 801.0
802.5000389958959 816.0
802.7507962717781 793.0
803.0015448894349 791.0
803.252284848384 792.0
803.5030161481417 787.0
803.7537387882248 796.0
804.0044527681507 800.0
804.2551580874358 794.0
804.5058547455972 788.0
804.7565427421519 773.0
805.0072220766161 793.0
805.2578927485075 796.0
805.5085547573423 788.0
805.7592081026379 786.0
806.009852783911 796.0
806.2604888006782 796.0
806.5111161524568 790.0
806.7617348387631 813.0
807.0123448591147 806.0
807.2629462130279 800.0
807.5135389000196 798.0
807.7641229196071 797.0
808.0146982713067 774.0
808.2652649546358 791.0
808.5158229691108 795.0
808.7663723142489 790.0
809.016912989567 795.0
809.2674449945815 789.0
809.5179683288098 805.0
809.7684829917686 800.0
810.0189889829746 784.0
810.269486301945 794.0
810.5199749481961 801.0
810.7704549212456 789.0
811.0209262206095 790.0
811.2713888458052 794.0
811.5218427963496 796.0
811.7722880717591 794.0
812.022724671551 805.0
812.2731525952421 789.0
812.5235718423493 797.0
812.7739824123893 790.0
813.0243843048788 804.0
813.2747775193352 804.0
813.5251620552749 811.0
813.7755379122152 796.0
814.0259050896724 800.0
814.276263587164 786.0
814.5266134042064 790.0
814.7769545403165 793.0
815.0272869950115 797.0
815.2776107678079 793.0
815.5279258582229 782.0
815.7782322657732 783.0
816.0285299899754 806.0
816.2788190303468 803.0
816.529099386404 797.0
816.7793710576641 795.0
817.0296340436439 796.0
817.2798883438601 801.0
817.5301339578298 796.0
817.7803708850694 806.0
818.0305991250964 777.0
818.2808186774273 802.0
818.531029541579 802.0
818.7812317170685 790.0
819.0314252034124 786.0
819.281610000128 771.0
819.5317861067317 780.0
819.7819535227408 800.0
820.0321122476719 794.0
820.2822622810417 790.0
820.5324036223675 789.0
820.7825362711658 793.0
821.0326602269538 795.0
821.2827754892483 790.0
821.5328820575656 793.0
821.7829799314234 798.0
822.033069110338 792.0
822.2831495938267 791.0
822.5332213814061 791.0
822.7832844725929 809.0
823.0333388669044 795.0
823.283384563857 800.0
823.533421562968 797.0
823.7834498637541 796.0
824.033469465732 797.0
824.2834803684189 792.0
824.5334825713311 781.0
824.7834760739862 786.0
825.0334608759005 784.0
825.2834369765912 791.0
825.5334043755751 788.0
825.7833630723688 796.0
826.0333130664897 802.0
826.2832543574541 803.0
826.5331869447793 798.0
826.783110827982 773.0
827.0330260065789 801.0
827.2829324800872 797.0
827.5328302480233 796.0
827.7827193099047 806.0
828.032599665248 805.0
828.2824713135695 795.0
828.532334254387 793.0
828.7821884872168 801.0
829.0320340115759 800.0
829.2818708269813 783.0
829.5316989329494 794.0
829.7815183289979 800.0
830.0313290146428 800.0
830.2811309894015 811.0
830.5309242527906 801.0
830.7807088043272 794.0
831.0304846435281 784.0
831.2802517699099 778.0
831.5300101829899 795.0
831.7797598822846 798.0
832.0295008673112 804.0
832.2792331375864 784.0
832.5289566926268 813.0
832.7786715319497 795.0
833.0283776550717 786.0
833.27807506151 791.0
833.5277637507811 810.0
833.7774437224018 797.0
834.0271149758895 796.0
834.2767775107606 801.0
834.526431326532 784.0
834.7760764227208 787.0
835.0257127988438 796.0
835.2753404544177 790.0
835.5249593889594 787.0
835.774569601986 797.0
836.0241710930143 808.0
836.2737638615607 783.0
836.5233479071428 781.0
836.7729232292768 789.0
837.0224898274802 801.0
837.2720477012693 805.0
837.5215968501614 803.0
837.7711372736733 805.0
838.0206689713215 831.0
838.2701919426232 828.0
838.5197061870952 817.0
838.7692117042545 790.0
839.0187084936177 789.0
839.2681965547017 791.0
839.5176758870236 788.0
839.7671464901001 778.0
840.0166083634483 792.0
840.2660615065847 783.0
840.5155059190262 796.0
840.7649416002901 781.0
841.0143685498927 795.0
841.2637867673512 792.0
841.5131962521828 790.0
841.7625970039035 795.0
842.0119890220308 788.0
842.2613723060813 793.0
842.5107468555723 786.0
842.76011267002 784.0
843.0094697489418 796.0
843.2588180918546 794.0
843.5081576982747 791.0
843.7574885677194 808.0
844.0068106997054 797.0
844.25612409375 785.0
844.5054287493696 789.0
844.754724666081 784.0
845.0040118434015 794.0
845.2532902808475 793.0
845.5025599779364 799.0
845.7518209341847 796.0
846.0010731491091 792.0
846.2503166222269 795.0
846.4995513530547 791.0
846.7487773411094 791.0
846.9979945859081 794.0
847.2472030869674 797.0
847.4964028438043 801.0
847.7455938559353 812.0
847.994776122878 802.0
848.2439496441485 772.0
848.4931144192642 796.0
848.7422704477419 792.0
848.9914177290981 793.0
849.2405562628502 807.0
849.4896860485144 798.0
849.7388070856083 794.0
849.9879193736485 796.0
850.2370229121515 797.0
850.4861177006346 795.0
850.7352037386146 784.0
850.9842810256082 803.0
851.2333495611326 785.0
851.482409344704 781.0
851.7314603758401 792.0
851.9805026540571 786.0
852.2295361788724 794.0
852.4785609498026 786.0
852.7275769663643 795.0
852.9765842280748 793.0
853.2255827344507 788.0
853.4745724850093 787.0
853.7235534792667 793.0
853.9725257167406 789.0
854.2214891969475 798.0
854.4704439194039 791.0
854.7193898836274 785.0
854.9683270891342 798.0
855.2172555354416 806.0
855.4661752220665 786.0
855.7150861485252 787.0
855.9639883143353 801.0
856.212881719013 786.0
856.4617663620759 792.0
856.7106422430403 801.0
856.9595093614231 789.0
857.2083677167415 792.0
857.4572173085119 799.0
857.7060581362517 796.0
857.9548901994776 802.0
858.2037134977061 793.0
858.4525280304546 797.0
858.7013337972394 792.0
858.950130797578 791.0
859.1989190309868 778.0
859.4476984969828 782.0
859.696469195083 799.0
859.9452311248039 804.0
860.1939842856627 794.0
860.4427286771763 789.0
860.6914642988615 798.0
860.9401911502351 802.0
861.1889092308139 790.0
861.437618540115 787.0
861.686319077655 772.0
861.935010842951 788.0
862.1836938355198 778.0
862.432368054878 805.0
862.6810335005429 795.0
862.9296901720311 783.0
863.1783380688596 798.0
863.4269771905452 792.0
863.6756075366046 801.0
863.9242291065551 796.0
864.1728418999131 797.0
864.4214459161959 789.0
864.6700411549201 796.0
864.9186276156024 798.0
865.1672052977602 791.0
865.4157742009098 801.0
865.6643343245685 806.0
865.9128856682528 803.0
866.1614282314799 804.0
866.4099620137665 792.0
866.6584870146295 794.0
866.9070032335858 795.0
867.155510670152 799.0
867.4040093238455 782.0
867.6524991941827 800.0
867.9009802806806 790.0
868.1494525828563 797.0
868.3979161002262 790.0
868.6463708323078 793.0
868.8948167786174 795.0
869.1432539386718 799.0
869.3916823119887 801.0
869.6401018980839 785.0
869.8885126964751 801.0
870.1369147066789 793.0
870.3853079282118 792.0
870.6336923605911 798.0
870.8820680033335 797.0
871.1304348559562 791.0
871.3787929179755 800.0
871.6271421889087 790.0
871.8754826682726 772.0
872.1238143555837 793.0
872.3721372503595 788.0
872.6204513521162 797.0
872.8687566603713 788.0
873.1170531746413 787.0
873.365340894443 778.0
873.6136198192935 788.0
873.8618899487094 781.0
874.110151282208 806.0
874.3584038193057 796.0
874.6066475595196 793.0
874.8548825023668 793.0
875.1031086473636 796.0
875.3513259940273 798.0
875.5995345418747 796.0
875.8477342904224 792.0
876.0959252391877 780.0
876.3441073876871 784.0
876.5922807354377 787.0
876.8404452819562 783.0
877.0886010267599 788.0
877.3367479693651 791.0
877.5848861092887 791.0
877.8330154460481 802.0
878.0811359791594 802.0
878.3292477081402 798.0
878.5773506325071 797.0
878.8254447517768 798.0
879.0735300654665 781.0
879.3216065730924 788.0
879.5696742741723 790.0
879.8177331682225 789.0
880.0657832547598 784.0
880.3138245333014 784.0
880.5618570033639 794.0
880.8098806644645 791.0
881.0578955161196 798.0
881.3059015578464 792.0
881.5538987891618 797.0
881.8018872095822 785.0
882.0498668186252 789.0
882.297837615807 781.0
882.5457996006451 798.0
882.7937527726558 778.0
883.041697131356 786.0
883.2896326762632 808.0
883.5375594068934 791.0
883.7854773227642 785.0
884.0333864233922 796.0
884.2812867082938 785.0
884.5291781769868 793.0
884.7770608289871 796.0
885.0249346638125 795.0
885.2727996809792 782.0
885.5206558800041 787.0
885.7685032604046 804.0
886.0163418216969 808.0
886.2641715633982 785.0
886.5119924850256 791.0
886.7598045860955 804.0
887.007607866125 800.0
887.2554023246308 800.0
887.5031879611303 798.0
887.7509647751398 779.0
887.9987327661763 800.0
888.2464919337567 786.0
888.4942422773979 788.0
888.7419837966169 780.0
888.9897164909302 792.0
889.2374403598551 796.0
889.4851554029083 796.0
889.7328616196063 799.0
889.9805590094667 789.0
890.2282475720056 776.0
890.4759273067405 786.0
890.7235982131879 806.0
890.9712602908646 793.0
891.218913539288 793.0
891.4665579579743 795.0
891.7141935464408 783.0
891.9618203042044 778.0
892.2094382307815 802.0
892.4570473256895 783.0
892.7046475884449 792.0
892.9522390185649 788.0
893.1998216155661 785.0
893.4473953789653 782.0
893.6949603082797 778.0
893.9425164030258 787.0
894.1900636627211 778.0
894.4376020868815 790.0
894.6851316750246 794.0
894.9326524266672 789.0
895.1801643413257 794.0
895.4276674185177 795.0
895.6751616577593 779.0
895.922647058568 798.0
896.1701236204603 786.0
896.4175913429531 794.0
896.6650502255636 787.0
896.912500267808 778.0
897.159941469204 788.0
897.4073738292678 790.0
897.6547973475165 808.0
897.9022120234671 797.0
898.1496178566362 782.0
898.3970148465409 793.0
898.644402992698 799.0
898.8917822946241 779.0
899.1391527518367 784.0
899.386514363852 773.0
899.6338671301874 779.0
899.8812110503592 794.0
900.1285461238849 788.0
900.375872350281 791.0
900.6231897290643 779.0
900.8704982597519 789.0
901.1177979418604 777.0
901.3650887749071 798.0
901.6123707584086 783.0
901.8596438918815 785.0
902.106908174843 795.0
902.35416360681 790.0
902.6014101872993 787.0
902.8486479158278 790.0
903.095876791912 777.0
903.3430968150694 792.0
903.5903079848164 781.0
903.83751030067 798.0
904.0847037621473 794.0
904.3318883687646 802.0
904.5790641200394 784.0
904.826231015488 788.0
905.0733890546279 773.0
905.3205382369753 792.0
905.5676785620476 794.0
905.8148100293615 793.0
906.0619326384336 792.0
906.3090463887813 788.0
906.5561512799208 794.0
906.8032473113697 800.0
907.0503344826443 801.0
907.2974127932616 787.0
907.5444822427387 791.0
907.7915428305921 779.0
908.038594556339 776.0
908.2856374194963 784.0
908.5326714195803 784.0
908.7796965561088 790.0
909.0267128285976 801.0
909.2737202365645 786.0
909.520718779526 783.0
909.7677084569985 785.0
910.0146892684998 785.0
910.261661213546 794.0
910.5086242916544 799.0
910.7555785023416 786.0
911.0025238451248 811.0
911.2494603195206 787.0
911.4963879250456 792.0
911.7433066612174 805.0
911.9902165275522 787.0
912.2371175235672 798.0
912.4840096487795 786.0
912.7308929027052 777.0
912.9777672848619 797.0
913.2246327947661 789.0
913.4714894319347 804.0
913.7183371958849 798.0
913.965176086133 786.0
914.2120061021965 785.0
914.4588272435916 780.0
914.7056395098358 794.0
914.9524429004457 796.0
915.1992374149379 808.0
915.4460230528298 792.0
915.6927998136375 796.0
915.9395676968788 771.0
916.1863267020701 790.0
916.4330768287281 799.0
916.67981807637 794.0
916.9265504445123 785.0
917.1732739326723 799.0
917.4199885403666 782.0
917.6666942671121 795.0
917.9133911124259 805.0
918.1600790758242 789.0
918.4067581568248 790.0
918.6534283549438 798.0
918.9000896696987 786.0
919.1467421006058 792.0
919.3933856471822 780.0
919.6400203089449 810.0
919.8866460854103 789.0
920.1332629760961 803.0
920.3798709805186 788.0
920.6264700981943 808.0
920.8730603286409 796.0
921.1196416713748 792.0
921.3662141259131 783.0
921.6127776917724 794.0
921.8593323684695 787.0
922.1058781555217 796.0
922.3524150524454 774.0
922.598943058758 781.0
922.8454621739758 784.0
923.0919723976159 795.0
923.3384737291954 788.0
923.5849661682307 779.0
923.8314497142393 800.0
924.0779243667373 788.0
924.3243901252423 781.0
924.5708469892709 787.0
924.8172949583395 789.0
925.0637340319656 778.0
925.3101642096658 788.0
925.5565854909571 772.0
925.8029978753563 801.0
926.04940136238 806.0
926.2957959515456 780.0
926.5421816423694 785.0
926.7885584343687 789.0
927.0349263270604 796.0
927.281285319961 785.0
927.5276354125876 802.0
927.7739766044568 789.0
928.020308895086 795.0
928.2666322839915 790.0
928.5129467706906 785.0
928.7592523547 788.0
929.0055490355364 784.0
929.2518368127171 795.0
929.4981156857584 801.0
929.7443856541778 793.0
929.9906467174917 792.0
930.2368988752169 790.0
930.4831421268707 801.0
930.7293764719695 802.0
930.9756019100306 801.0
931.2218184405708 804.0
931.4680260631065 798.0
931.7142247771553 789.0
931.9604145822334 787.0
932.2065954778582 795.0
932.4527674635461 795.0
932.6989305388141 809.0
932.9450847031794 770.0
933.1912299561584 789.0
933.4373662972685 793.0
933.6834937260257 794.0
933.929612241948 782.0
934.1757218445516 806.0
934.4218225333533 800.0
934.6679143078701 794.0
934.913997167619 797.0
935.1600711121167 804.0
935.4061361408803 798.0
935.6521922534262 784.0
935.8982394492718 789.0
936.1442777279336 777.0
936.3903070889288 793.0
936.636327531774 782.0
936.882339055986 784.0
937.128341661082 801.0
937.3743353465785 793.0
937.6203201119927 786.0
937.8662959568414 802.0
938.1122628806411 797.0
938.3582208829092 789.0
938.6041699631621 776.0
938.8501101209171 778.0
939.0960413556905 784.0
939.341963667 797.0
939.5878770543618 795.0
939.8337815172929 786.0
940.0796770553103 787.0
940.3255636679306 781.0
940.5714413546712 781.0
940.8173101150486 789.0
941.0631699485793 801.0
941.309020854781 799.0
941.5548628331699 800.0
941.8006958832632 796.0
942.0465200045778 790.0
942.2923351966301 790.0
942.5381414589376 785.0
942.7839387910167 800.0
943.0297271923846 788.0
943.275506662558 793.0
943.5212772010536 778.0
943.7670388073888 782.0
944.0127914810797 796.0
944.2585352216438 790.0
944.504270028598 778.0
944.7499959014584 787.0
944.9957128397427 800.0
945.2414208429674 814.0
945.4871199106495 787.0
945.7328100423057 784.0
945.978491237453 787.0
946.2241634956084 793.0
946.4698268162882 793.0
946.71548119901 798.0
946.9611266432901 793.0
947.2067631486459 790.0
947.4523907145939 800.0
947.6980093406509 792.0
947.943619026334 772.0
948.1892197711599 780.0
948.4348115746456 785.0
948.680394436308 790.0
948.9259683556636 801.0
949.17153333223 794.0
949.4170893655231 786.0
949.6626364550607 788.0
949.9081746003591 800.0
950.1537038009352 796.0
950.3992240563063 787.0
950.6447353659886 791.0
950.8902377294995 795.0
951.1357311463555 807.0
951.381215616074 789.0
951.6266911381715 790.0
951.8721577121647 790.0
952.1176153375708 798.0
952.3630640139064 811.0
952.6085037406887 785.0
952.8539345174344 791.0
953.09935634366 794.0
953.3447692188829 778.0
953.5901731426196 796.0
953.8355681143876 803.0
954.080954133703 779.0
954.326331200083 799.0
954.5716993130445 788.0
954.8170584721041 798.0
955.0624086767792 789.0
955.3077499265863 791.0
955.5530822210421 792.0
955.798405559664 785.0
956.0437199419682 786.0
956.2890253674723 791.0
956.5343218356925 785.0
956.7796093461461 788.0
957.02488789835 803.0
957.2701574918206 784.0
957.5154181260752 795.0
957.7606698006304 778.0
958.0059125150034 798.0
958.2511462687107 794.0
958.4963710612694 793.0
958.7415868921963 786.0
958.9867937610082 789.0
959.2319916672224 796.0
959.4771806103552 791.0
959.7223605899235 786.0
959.9675316054446 794.0
960.2126936564348 784.0
960.4578467424116 788.0
960.7029908628915 798.0
960.9481260173911 801.0
961.193252205428 778.0
961.4383694265184 792.0
961.6834776801796 784.0
961.9285769659282 798.0
962.1736672832812 793.0
962.4187486317555 782.0
962.6638210108677 776.0
962.908884420135 778.0
963.153938859074 779.0
963.3989843272019 794.0
963.6440208240352 789.0
963.889048349091 799.0
964.1340669018862 795.0
964.3790764819373 794.0
964.6240770887617 798.0
964.8690687218761 790.0
965.114051380797 790.0
965.3590250650417 781.0
965.6039897741268 795.0
965.8489455075695 801.0
966.0938922648864 790.0
966.3388300455941 783.0
966.5837588492103 784.0
966.8286786752509 788.0
967.0735895232334 797.0
967.3184913926743 793.0
967.5633842830911 795.0
967.808268194 788.0
968.0531431249179 782.0
968.2980090753622 797.0
968.5428660448491 794.0
968.7877140328961 779.0
969.0325530390197 794.0
969.2773830627367 802.0
969.5222041035643 804.0
969.7670161610189 803.0
970.0118192346179 793.0
970.2566133238779 794.0
970.5013984283155 800.0
970.746174547448 797.0
970.990941680792 793.0
971.2356998278649 765.0
971.480448988183 793.0
971.725189161263 780.0
971.9699203466223 795.0
972.2146425437775 805.0
972.4593557522456 801.0
972.7040599715434 799.0
972.9487552011876 788.0
973.1934414406954 785.0
973.4381186895833 800.0
973.6827869473685 808.0
973.9274462135677 788.0
974.1720964876979 797.0
974.4167377692759 778.0
974.6613700578182 796.0
974.9059933528424 792.0
975.1506076538647 794.0
975.3952129604023 797.0
975.6398092719721 806.0
975.8843965880908 801.0
976.1289749082755 799.0
976.3735442320426 793.0
976.6181045589096 796.0
976.862655888393 794.0
977.1071982200094 795.0
977.3517315532764 799.0
977.5962558877101 800.0
977.840771222828 803.0
978.0852775581467 801.0
978.3297748931827 797.0
978.5742632274536 792.0
978.8187425604756 783.0
979.063212891766 788.0
979.3076742208415 783.0
979.5521265472191 791.0
979.7965698704156 788.0
980.0410041899477 781.0
980.2854295053326 781.0
980.5298458160865 780.0
980.7742531217272 790.0
981.0186514217711 798.0
981.2630407157347 800.0
981.5074210031356 805.0
981.7517922834901 800.0
981.9961545563154 797.0
982.2405078211283 788.0
982.4848520774455 797.0
982.729187324784 789.0
982.9735135626606 797.0
983.2178307905924 794.0
983.4621390080961 808.0
983.7064382146882 808.0
983.9507284098863 793.0
984.1950095932067 786.0
984.4392817641666 797.0
984.6835449222825 792.0
984.9277990670716 788.0
985.1720441980509 798.0
985.4162803147366 806.0
985.6605074166464 787.0
985.9047255032964 799.0
986.1489345742042 793.0
986.3931346288863 788.0
986.6373256668593 802.0
986.8815076876406 804.0
987.1256806907464 787.0
987.3698446756944 782.0
987.613999642001 791.0
987.8581455891829 793.0
988.1022825167574 797.0
988.3464104242408 793.0
988.5905293111508 801.0
988.8346391770036 798.0
989.0787400213161 797.0
989.3228318436055 785.0
989.5669146433884 795.0
989.8109884201817 786.0
990.0550531735024 793.0
990.2991089028674 794.0
990.5431556077934 793.0
990.7871932877973 801.0
991.031221942396 794.0
991.2752415711062 787.0
991.5192521734452 794.0
991.7632537489297 774.0
992.0072462970761 792.0
992.251229817402 800.0
992.4952043094236 784.0
992.7391697726582 791.0
992.9831262066227 798.0
993.2270736108336 793.0
993.4710119848082 793.0
993.7149413280629 798.0
993.958861640115 813.0
994.2027729204812 787.0
994.4466751686781 789.0
994.6905683842231 785.0
994.9344525666326 794.0
995.1783277154237 793.0
995.4221938301132 796.0
995.6660509102181 792.0
995.9098989552552 791.0
996.1537379647411 798.0
996.3975679381932 784.0
996.6413888751279 789.0
996.8852007750622 796.0
997.1290036375133 792.0
997.3727974619973 801.0
997.6165822480319 786.0
997.8603579951333 787.0
998.104124702819 805.0
998.3478823706055 802.0
998.5916309980095 785.0
998.8353705845483 787.0
999.0791011297383 781.0
999.3228226330968 795.0
999.5665350941406 799.0
999.8102385123861 790.0
1000.0539328873509 793.0
1000.2976182185512 786.0
1000.5412945055043 798.0
1000.7849617477269 798.0
1001.0286199447357 795.0
1001.2722690960481 805.0
1001.5159092011804 784.0
1001.75954025965 788.0
1002.003162270973 797.0
1002.246775234667 788.0
1002.4903791502487 784.0
1002.7339740172346 791.0
1002.9775598351421 797.0
1003.2211366034876 794.0
1003.4647043217884 783.0
1003.7082629895611 781.0
1003.9518126063224 804.0
1004.1953531715895 787.0
1004.4388846848791 802.0
1004.6824071457083 803.0
1004.9259205535938 802.0
1005.1694249080521 785.0
1005.4129202086007 803.0
1005.6564064547559 792.0
1005.8998836460353 782.0
1006.1433517819551 800.0
1006.3868108620323 784.0
1006.6302608857841 789.0
1006.8737018527269 802.0
1007.1171337623779 804.0
1007.3605566142537 800.0
1007.6039704078715 792.0
1007.8473751427481 804.0
1008.0907708184001 800.0
1008.3341574343445 810.0
1008.5775349900982 792.0
1008.8209034851784 787.0
1009.0642629191013 805.0
1009.3076132913841 796.0
1009.5509546015439 807.0
1009.7942868490973 801.0
1010.0376100335611 795.0
1010.2809241544525 796.0
1010.5242292112879 803.0
1010.7675252035845 816.0
1011.010812130859 794.0
1011.2540899926286 797.0
1011.4973587884098 797.0
1011.7406185177194 805.0
1011.9838691800747 806.0
1012.2271107749921 791.0
1012.470343301989 795.0
1012.7135667605817 789.0
1012.9567811502875 802.0
1013.1999864706231 792.0
1013.4431827211052 782.0
1013.686369901251 800.0
1013.929548010577 781.0
1014.1727170486006 792.0
1014.4158770148383 803.0
1014.6590279088067 819.0
1014.9021697300233 786.0
1015.1453024780044 795.0
1015.3884261522674 792.0
1015.6315407523286 780.0
1015.8746462777051 799.0
1016.1177427279141 784.0
1016.3608301024719 789.0
1016.603908400896 800.0
1016.8469776227028 795.0
1017.0900377674091 795.0
1017.3330888345322 793.0
1017.5761308235883 793.0
1017.8191637340951 804.0
1018.0621875655689 796.0
1018.3052023175269 789.0
1018.5482079894858 779.0
1018.7912045809622 790.0
1019.0341920914735 790.0
1019.2771705205361 781.0
1019.5201398676672 796.0
1019.7631001323837 794.0
1020.006051314202 785.0
1020.2489934126395 802.0
1020.4919264272125 798.0
1020.7348503574386 804.0
1020.9777652028342 780.0
1021.2206709629161 789.0
1021.4635676372014 799.0
1021.7064552252067 787.0
1021.9493337264495 790.0
1022.1922031404459 790.0
1022.4350634667132 796.0
1022.6779147047681 793.0
1022.9207568541273 792.0
1023.1635899143083 782.0
1023.4064138848273 796.0
1023.6492287652015 792.0
1023.8920345549478 790.0
1024.134831253583 805.0
1024.377618860624 794.0
1024.6203973755871 776.0
1024.8631667979898 794.0
1025.1059271273493 798.0
1025.3486783631818 791.0
1025.5914205050044 776.0
1025.8341535523336 785.0
1026.076877504687 795.0
1026.3195923615808 798.0
1026.5622981225324 801.0
1026.8049947870584 801.0
1027.0476823546753 795.0
1027.2903608249007 804.0
1027.5330301972513 804.0
1027.7756904712435 799.0
1028.0183416463947 794.0
1028.260983722221 805.0
1028.5036166982402 798.0
1028.7462405739689 785.0
1028.9888553489234 795.0
1029.2314610226213 795.0
1029.474057594579 810.0
1029.7166450643138 791.0
1029.9592234313418 799.0
1030.2017926951808 805.0
1030.4443528553472 785.0
1030.6869039113576 785.0
1030.9294458627296 795.0
1031.1719787089794 790.0
1031.414502449624 774.0
1031.6570170841808 793.0
1031.8995226121658 802.0
1032.1420190330966 784.0
1032.3845063464896 796.0
1032.6269845518618 796.0
1032.8694536487305 794.0
1033.111913636612 795.0
1033.3543645150232 793.0
1033.596806283481 794.0
1033.8392389415026 797.0
1034.081662488605 795.0
1034.324076924304 793.0
1034.566482248118 772.0
1034.8088784595625 789.0
1035.0512655581551 798.0
1035.2936435434124 791.0
1035.5360124148515 800.0
1035.778372171989 786.0
1036.020722814342 789.0
1036.2630643414275 787.0
1036.5053967527615 789.0
1036.7477200478622 784.0
1036.9900342262456 791.0
1037.2323392874284 805.0
1037.4746352309282 801.0
1037.7169220562612 797.0
1037.9591997629448 798.0
1038.2014683504956 787.0
1038.4437278184303 790.0
1038.685978166266 784.0
1038.9282193935196 780.0
1039.170451499708 796.0
1039.4126744843477 798.0
1039.6548883469559 796.0
1039.8970930870496 795.0
1040.1392887041452 792.0
1040.3814751977598 806.0
1040.6236525674105 795.0
1040.8658208126137 799.0
1041.107979932887 809.0
1041.3501299277466 791.0
1041.5922707967095 786.0
1041.8344025392926 809.0
1042.0765251550129 795.0
1042.3186386433872 787.0
1042.5607430039322 786.0
1042.802838236165 786.0
1043.0449243396022 800.0
1043.2870013137613 796.0
1043.5290691581586 782.0
1043.7711278723107 790.0
1044.013177455735 794.0
1044.2552179079482 795.0
1044.4972492284676 790.0
1044.7392714168093 782.0
1044.9812844724902 802.0
1045.223288395028 780.0
1045.4652831839387 793.0
1045.70726883874 797.0
1045.949245358948 799.0
1046.1912127440798 777.0
1046.4331709936528 798.0
1046.675120107183 801.0
1046.9170600841878 806.0
1047.1589909241836 790.0
1047.400912626688 789.0
1047.6428251912175 785.0
1047.8847286172886 774.0
1048.1266229044188 786.0
1048.3685080521243 792.0
1048.6103840599228 800.0
1048.8522509273307 785.0
1049.0941086538646 792.0
1049.3359572390418 790.0
1049.577796682379 806.0
1049.819626983393 788.0
1050.061448141601 796.0
1050.3032601565194 796.0
1050.5450630276655 796.0
1050.7868567545556 786.0
1051.0286413367073 789.0
1051.270416773637 786.0
1051.5121830648616 797.0
1051.7539402098982 789.0
1051.9956882082631 788.0
1052.237427059474 795.0
1052.479156763047 793.0
1052.7208773184996 803.0
1052.9625887253483 788.0
1053.2042909831098 791.0
1053.4459840913016 790.0
1053.6876680494397 794.0
1053.929342857042 787.0
1054.1710085136244 796.0
1054.4126650187043 811.0
1054.6543123717986 801.0
1054.8959505724238 783.0
1055.1375796200969 783.0
1055.3791995143351 796.0
1055.620810254655 784.0
1055.8624118405735 782.0
1056.1040042716074 775.0
1056.3455875472737 776.0
1056.5871616670893 779.0
1056.8287266305706 792.0
1057.070282437235 780.0
1057.3118290865991 786.0
1057.5533665781802 786.0
1057.7948949114943 797.0
1058.0364140860593 795.0
1058.2779241013916 798.0
1058.5194249570077 782.0
1058.760916652425 792.0
1059.0023991871599 792.0
1059.24387256073 797.0
1059.4853367726514 800.0
1059.7267918224413 804.0
1059.968237709617 797.0
1060.2096744336943 789.0
1060.451101994191 779.0
1060.6925203906237 772.0
1060.933929622509 786.0
1061.1753296893642 786.0
1061.4167205907056 803.0
1061.6581023260508 802.0
1061.8994748949162 785.0
1062.1408382968189 790.0
1062.3821925312755 798.0
1062.6235375978026 790.0
1062.8648734959181 773.0
1063.1062002251376 792.0
1063.3475177849793 777.0
1063.588826174959 800.0
1063.830125394594 795.0
1064.0714154434013 797.0
1064.312696320897 784.0
1064.553968026599 784.0
1064.7952305600238 789.0
1065.036483920688 791.0
1065.2777281081087 793.0
1065.5189631218025 794.0
1065.7601889612868 792.0
1066.001405626078 778.0
1066.2426131156928 792.0
1066.4838114296492 798.0
1066.7250005674625 802.0
1066.9661805286507 789.0
1067.2073513127305 789.0
1067.4485129192178 773.0
1067.689665347631 793.0
1067.9308085974856 803.0
1068.1719426682996 795.0
1068.413067559589 792.0
1068.654183270871 786.0
1068.8952898016628 782.0
1069.1363871514804 782.0
1069.3774753198418 781.0
1069.618554306263 790.0
1069.8596241102612 786.0
1070.100684731353 796.0
1070.3417361690556 805.0
1070.582778422886 786.0
1070.8238114923604 778.0
1071.0648353769964 800.0
1071.3058500763104 796.0
1071.5468555898192 791.0
1071.7878519170404 793.0
1072.02883905749 792.0
1072.2698170106853 795.0
1072.5107857761434 793.0
1072.75174535338 789.0
1072.9926957419138 775.0
1073.23363694126 787.0
1073.4745689509368 792.0
1073.7154917704597 800.0
1073.9564053993467 804.0
1074.1973098371145 804.0
1074.4382050832794 782.0
1074.6790911373587 796.0
1074.9199679988692 794.0
1075.1608356673278 800.0
1075.4016941422512 802.0
1075.6425434231562 796.0
1075.8833835095604 784.0
1076.1242144009796 795.0
1076.3650360969316 800.0
1076.6058485969324 801.0
1076.8466519004996 811.0
1077.0874460071498 789.0
1077.3282309163997 785.0
1077.5690066277664 801.0
1077.8097731407665 776.0
1078.0505304549172 793.0
1078.2912785697354 801.0
1078.5320174847377 793.0
1078.772747199441 786.0
1079.0134677133622 794.0
1079.2541790260184 797.0
1079.4948811369263 801.0
1079.7355740456023 797.0
1079.9762577515642 800.0
1080.2169322543277 794.0
1080.4575975534112 786.0
1080.6982536483301 782.0
1080.9389005386022 793.0
1081.179538223744 787.0
1081.4201667032721 795.0
1081.6607859767041 799.0
1081.9013960435564 795.0
1082.1419969033457 794.0
1082.382588555589 794.0
1082.6231709998035 778.0
1082.863744235506 784.0
1083.104308262213 792.0
1083.3448630794412 791.0
1083.5854086867082 793.0
1083.8259450835303 793.0
1084.0664722694248 789.0
1084.306990243908 791.0
1084.5474990064974 816.0
1084.7879985567097 787.0
1085.0284888940612 787.0
1085.2689700180695 785.0
1085.509441928251 794.0
1085.749904624123 790.0
1085.990358105202 786.0
1086.2308023710048 788.0
1086.4712374210485 780.0
1086.71166325485 785.0
1086.9520798719261 779.0
1087.1924872717937 793.0
1087.4328854539694 786.0
1087.6732744179706 795.0
1087.9136541633134 785.0
1088.1540246895156 794.0
1088.3943859960934 794.0
1088.6347380825637 787.0
1088.8750809484436 790.0
1089.1154145932499 787.0
1089.3557390164995 786.0
1089.5960542177095 805.0
1089.836360196396 806.0
1090.0766569520767 794.0
1090.3169444842679 785.0
1090.557222792487 790.0
1090.7974918762502 779.0
1091.037751735075 776.0
1091.2780023684782 790.0
1091.518243775976 813.0
1091.7584759570861 789.0
1091.9986989113247 795.0
1092.2389126382093 796.0
1092.4791171372563 785.0
1092.7193124079827 779.0
1092.9594984499054 778.0
1093.1996752625412 785.0
1093.4398428454072 796.0
1093.68000119802 780.0
1093.9201503198965 796.0
1094.1602902105537 784.0
1094.4004208695083 796.0
1094.6405422962773 788.0
1094.8806544903778 786.0
1095.120757451326 777.0
1095.3608511786392 798.0
1095.6009356718341 809.0
1095.8410109304282 789.0
1096.0810769539376 802.0
1096.3211337418795 777.0
1096.5611812937707 789.0
1096.8012196091279 780.0
1097.0412486874682 794.0
1097.2812685283084 798.0
1097.5212791311658 791.0
1097.7612804955563 810.0
1098.0012726209975 782.0
1098.2412555070064 791.0
1098.4812291530989 786.0
1098.721193558793 789.0
1098.961148723605 783.0
1099.2010946470518 794.0
1099.4410313286503 791.0
1099.6809587679172 795.0
1099.92087696437 802.0
1100.1607859175251 785.0
1100.400685626899 775.0
1100.640576092009 798.0
1100.880457312372 784.0
1101.1203292875052 784.0
1101.3601920169247 779.0
1101.6000455001479 788.0
1101.8398897366915 782.0
1102.079724726072 780.0
1102.3195504678072 788.0
1102.559366961413 785.0
1102.7991742064069 791.0
1103.0389722023056 805.0
1103.2787609486254 794.0
1103.5185404448844 781.0
1103.7583106905984 798.0
1103.9980716852845 790.0
1104.23782342846 793.0
1104.4775659196412 798.0
1104.7172991583454 796.0
1104.9570231440887 773.0
1105.1967378763893 787.0
1105.436443354763 796.0
1105.6761395787273 789.0
1105.9158265477986 788.0
1106.1555042614937 776.0
1106.3951727193298 792.0
1106.6348319208234 776.0
1106.8744818654923 774.0
1107.1141225528525 788.0
1107.3537539824208 796.0
1107.5933761537144 787.0
1107.8329890662503 784.0
1108.072592719545 785.0
1108.3121871131157 779.0
1108.551772246479 786.0
1108.7913481191517 779.0
1109.030914730651 786.0
1109.2704720804938 796.0
1109.5100201681967 777.0
1109.7495589932764 777.0
1109.9890885552504 802.0
1110.2286088536348 804.0
1110.4681198879473 777.0
1110.707621657704 792.0
1110.9471141624224 764.0
1111.1865974016187 793.0
1111.4260713748101 788.0
1111.665536081514 791.0
1111.9049915212463 799.0
1112.1444376935244 790.0
1112.3838745978653 782.0
1112.6233022337854 796.0
1112.8627206008023 789.0
1113.102129698432 789.0
1113.3415295261918 795.0
1113.5809200835986 799.0
1113.820301370169 791.0
1114.0596733854206 793.0
1114.2990361288694 793.0
1114.5383896000326 800.0
1114.7777337984273 796.0
1115.0170687235698 795.0
1115.2563943749778 813.0
1115.4957107521673 811.0
1115.7350178546556 792.0
1115.9743156819598 777.0
1116.213604233596 782.0
1116.452883509082 783.0
1116.692153507934 782.0
1116.9314142296694 789.0
1117.1706656738045 785.0
1117.4099078398563 778.0
1117.6491407273422 788.0
1117.8883643357783 778.0
1118.1275786646822 781.0
1118.36678371357 792.0
1118.6059794819594 776.0
1118.8451659693665 789.0
1119.0843431753085 786.0
1119.3235110993026 785.0
1119.5626697408647 784.0
1119.8018190995128 785.0
1120.0409591747637 772.0
1120.2800899661331 790.0
1120.519211473139 794.0
1120.7583236952978 795.0
1120.9974266321262 792.0
1121.236520283142 788.0
1121.4756046478608 796.0
1121.7146797258001 806.0
1121.9537455164768 775.0
1122.192802019408 787.0
1122.4318492341101 796.0
1122.6708871601 796.0
1122.909915796895 778.0
1123.1489351440111 782.0
1123.3879452009662 791.0
1123.6269459672762 799.0
1123.865937442459 801.0
1124.1049196260308 782.0
1124.3438925175087 789.0
