shot=45_gas=Ne_height=70_RF=150.2W_massflow=8000_coils=80.1A_HR4000 spectrum
Wavelength [nm] // Intensity [u.a.] 
194.93414 768.0
195.2037815346219 743.0
195.47341553816543 767.0
195.74304201014752 762.0
196.012660950085 782.0
196.28227235749478 787.0
196.55187623189366 776.0
196.82147257279857 761.0
197.09106137972637 760.0
197.36064265219392 776.0
197.63021638971804 783.0
197.89978259181567 762.0
198.16934125800364 781.0
198.43889238779886 772.0
198.7084359807181 759.0
198.97797203627835 762.0
199.2475005539964 778.0
199.51702153338914 781.0
199.78653497397343 769.0
200.05604087526618 782.0
200.3255392367842 776.0
200.59503005804436 782.0
200.8645133385636 775.0
201.1339890778587 761.0
201.4034572754466 773.0
201.67291793084408 791.0
201.94237104356813 778.0
202.21181661313554 793.0
202.48125463906314 782.0
202.7506851208679 789.0
203.02010805806663 762.0
203.28952345017618 767.0
203.55893129671344 780.0
203.8283315971953 775.0
204.0977243511386 780.0
204.3671095580602 769.0
204.636487217477 776.0
204.90585732890585 788.0
205.17521989186366 778.0
205.44457490586717 781.0
205.7139223704334 771.0
205.98326228507918 764.0
206.2525946493213 784.0
206.5219194626767 780.0
206.79123672466224 774.0
207.06054643479476 769.0
207.32984859259116 783.0
207.59914319756828 786.0
207.86843024924303 768.0
208.13770974713225 776.0
208.40698169075276 759.0
208.6762460796215 779.0
208.94550291325532 795.0
209.2147521911711 784.0
209.48399391288567 766.0
209.75322807791594 776.0
210.02245468577874 782.0
210.29167373599094 781.0
210.56088522806942 778.0
210.83008916153108 772.0
211.09928553589276 783.0
211.3684743506713 784.0
211.63765560538363 784.0
211.9068292995466 764.0
212.175995432677 773.0
212.44515400429182 766.0
212.71430501390782 780.0
212.98344846104192 777.0
213.25258434521103 778.0
213.52171266593191 774.0
213.79083342272153 796.0
214.05994661509675 777.0
214.3290522425744 780.0
214.5981503046713 770.0
214.8672408009044 780.0
215.13632373079054 765.0
215.4053990938466 778.0
215.6744668895894 762.0
215.94352711753592 776.0
216.21257977720293 775.0
216.48162486810728 783.0
216.7506623897659 771.0
217.01969234169565 778.0
217.2887147234134 780.0
217.55772953443596 796.0
217.82673677428028 785.0
218.0957364424632 778.0
218.36472853850154 771.0
218.6337130619122 790.0
218.9026900122121 768.0
219.17165938891804 781.0
219.4406211915469 779.0
219.70957541961562 776.0
219.97852207264097 769.0
220.24746115013983 777.0
220.5163926516291 781.0
220.78531657662566 786.0
221.05423292464639 794.0
221.32314169520808 789.0
221.59204288782766 787.0
221.860936502022 783.0
222.12982253730797 768.0
222.39870099320237 783.0
222.66757186922214 784.0
222.93643516488416 763.0
223.20529087970525 780.0
223.47413901320226 777.0
223.74297956489212 781.0
224.01181253429166 768.0
224.28063792091777 782.0
224.5494557242873 781.0
224.8182659439171 761.0
225.08706857932413 764.0
225.35586363002508 781.0
225.62465109553705 784.0
225.89343097537673 768.0
226.16220326906105 768.0
226.43096797610687 774.0
226.69972509603105 791.0
226.9684746283505 779.0
227.237216572582 776.0
227.50595092824256 770.0
227.7746776948489 763.0
228.04339687191796 783.0
228.31210845896663 770.0
228.5808124555117 787.0
228.84950886107015 794.0
229.11819767515877 784.0
229.38687889729442 779.0
229.65555252699397 775.0
229.92421856377433 786.0
230.1928770071524 773.0
230.46152785664492 781.0
230.73017111176884 772.0
230.99880677204106 770.0
231.26743483697837 780.0
231.53605530609772 796.0
231.8046681789159 780.0
232.07327345494983 787.0
232.34187113371638 780.0
232.61046121473237 770.0
232.87904369751473 769.0
233.14761858158028 773.0
233.41618586644586 781.0
233.68474555162845 769.0
233.95329763664483 780.0
234.2218421210119 796.0
234.49037900424648 789.0
234.7589082858655 799.0
235.02742996538583 793.0
235.29594404232427 777.0
235.56445051619772 792.0
235.8329493865231 776.0
236.10144065281722 785.0
236.36992431459691 780.0
236.63840037137916 771.0
236.9068688226808 772.0
237.1753296680186 784.0
237.44378290690955 769.0
237.7122285388704 774.0
237.9806665634181 775.0
238.24909698006957 778.0
238.51751978834153 771.0
238.78593498775095 796.0
239.0543425778147 782.0
239.32274255804958 767.0
239.59113492797255 780.0
239.8595196871004 780.0
240.12789683495004 785.0
240.3962663710383 785.0
240.66462829488208 789.0
240.93298260599826 787.0
241.2013293039037 783.0
241.46966838811522 776.0
241.73799985814978 764.0
242.00632371352418 771.0
242.27463995375527 789.0
242.54294857835998 776.0
242.81124958685515 774.0
243.07954297875764 774.0
243.34782875358434 774.0
243.61610691085207 786.0
243.88437745007772 786.0
244.15264037077822 780.0
244.42089567247035 770.0
244.68914335467105 780.0
244.95738341689716 768.0
245.2256158586655 758.0
245.493840679493 773.0
245.76205787889654 773.0
246.03026745639292 795.0
246.29846941149904 775.0
246.5666637437318 779.0
246.834850452608 774.0
247.1030295376446 780.0
247.37120099835838 771.0
247.63936483426627 780.0
247.9075210448851 771.0
248.17566962973177 779.0
248.4438105883231 781.0
248.71194392017603 771.0
248.98006962480733 767.0
249.248187701734 779.0
249.51629815047275 769.0
249.78440097054056 789.0
250.05249616145431 792.0
250.32058372273076 794.0
250.5886636538869 778.0
250.85673595443953 787.0
251.12480062390551 788.0
251.39285766180177 772.0
251.6609070676451 769.0
251.92894884095242 784.0
252.19698298124058 781.0
252.46500948802645 789.0
252.73302836082692 784.0
253.00103959915882 765.0
253.26904320253902 788.0
253.53703917048443 765.0
253.80502750251188 769.0
254.07300819813827 772.0
254.34098125688044 770.0
254.60894667825525 789.0
254.87690446177962 766.0
255.14485460697037 793.0
255.41279711334434 782.0
255.6807319804185 793.0
255.94865920770962 781.0
256.2165787947346 766.0
256.48449074101035 761.0
256.75239504605366 762.0
257.02029170938147 783.0
257.28818073051065 772.0
257.556062108958 781.0
257.8239358442404 776.0
258.0918019358748 788.0
258.35966038337796 763.0
258.6275111862668 784.0
258.8953543440582 775.0
259.163189856269 783.0
259.4310177224162 781.0
259.6988379420164 788.0
259.9666505145867 773.0
260.23445543964385 775.0
260.50225271670473 779.0
260.77004234528624 778.0
261.03782432490533 778.0
261.3055986550787 770.0
261.5733653353234 784.0
261.8411243651561 782.0
262.1088757440937 782.0
262.37661947165327 778.0
262.6443555473515 773.0
262.9120839707053 781.0
263.1798047412315 762.0
263.44751785844704 793.0
263.7152233218687 782.0
263.98292113101354 773.0
264.2506112853982 772.0
264.51829378453965 775.0
264.7859686279547 781.0
265.05363581516025 781.0
265.32129534567326 795.0
265.5889472190105 778.0
265.8565914346889 778.0
266.1242279922252 778.0
266.39185689113634 785.0
266.65947813093925 782.0
266.9270917111508 776.0
267.19469763128774 769.0
267.46229589086704 777.0
267.72988648940554 762.0
267.9974694264201 776.0
268.2650447014276 781.0
268.53261231394487 773.0
268.80017226348883 775.0
269.0677245495763 764.0
269.3352691717242 783.0
269.60280612944933 781.0
269.8703354222686 771.0
270.13785704969894 780.0
270.40537101125716 763.0
270.67287730646007 773.0
270.9403759348246 772.0
271.2078668958677 773.0
271.47535018910605 789.0
271.7428258140567 775.0
272.01029377023633 776.0
272.2777540571619 784.0
272.5452066743504 787.0
272.81265162131854 769.0
273.08008889758327 765.0
273.34751850266144 769.0
273.6149404360698 782.0
273.8823546973254 778.0
274.1497612859451 768.0
274.4171602014456 781.0
274.6845514433439 781.0
274.95193501115676 772.0
275.2193109044012 776.0
275.486679122594 784.0
275.7540396652521 785.0
276.02139253189216 775.0
276.2887377220313 774.0
276.55607523518626 778.0
276.82340507087395 777.0
277.09072722861123 778.0
277.3580417079149 783.0
277.62534850830195 774.0
277.8926476292892 804.0
278.1599390703934 777.0
278.4272228311316 782.0
278.69449891102056 782.0
278.96176730957717 769.0
279.22902802631836 772.0
279.4962810607609 770.0
279.76352641242164 772.0
280.0307640808177 773.0
280.29799406546556 784.0
280.5652163658824 787.0
280.8324309815849 774.0
281.09963791209003 768.0
281.3668371569146 785.0
281.6340287155756 775.0
281.9012125875897 769.0
282.168388772474 752.0
282.4355572697452 768.0
282.7027180789201 774.0
282.9698711995158 769.0
283.23701663104896 769.0
283.50415437303667 759.0
283.77128442499554 776.0
284.0384067864426 777.0
284.3055214568946 772.0
284.57262843586864 781.0
284.8397277228814 768.0
285.1068193174497 785.0
285.37390321909055 787.0
285.6409794273207 773.0
285.9080479416572 781.0
286.1751087616167 789.0
286.4421618867162 782.0
286.7092073164725 784.0
286.9762450504025 776.0
287.24327508802315 777.0
287.5102974288511 757.0
287.77731207240345 786.0
288.04431901819703 796.0
288.3113182657485 755.0
288.578309814575 789.0
288.84529366419326 775.0
289.1122698141201 778.0
289.37923826387254 780.0
289.6461990129674 767.0
289.91315206092133 784.0
290.18009740725154 774.0
290.44703505147464 775.0
290.7139649931077 776.0
290.98088723166734 771.0
291.24780176667065 775.0
291.5147085976344 775.0
291.78160772407557 780.0
292.04849914551085 776.0
292.3153828614572 781.0
292.58225887143146 765.0
292.8491271749505 768.0
293.1159877715313 781.0
293.3828406606906 777.0
293.6496858419453 782.0
293.9165233148123 776.0
294.1833530788084 793.0
294.4501751334505 785.0
294.71698947825547 769.0
294.9837961127402 765.0
295.2505950364216 791.0
295.5173862488164 762.0
295.78416974944156 790.0
296.050945537814 767.0
296.31771361345045 768.0
296.584473975868 773.0
296.8512266245832 784.0
297.11797155911313 779.0
297.38470877897464 784.0
297.6514382836846 782.0
297.9181600727598 786.0
298.18487414571723 773.0
298.4515805020736 765.0
298.71827914134593 783.0
298.9849700630511 772.0
299.2516532667058 764.0
299.518328751827 780.0
299.78499651793163 764.0
300.0516565645365 772.0
300.3183088911584 763.0
300.58495349731436 768.0
300.8515903825211 781.0
301.1182195462956 775.0
301.3848409881546 764.0
301.65145470761513 774.0
301.91806070419403 789.0
302.184658977408 769.0
302.4512495267741 770.0
302.7178323518091 769.0
302.9844074520298 775.0
303.2509748269532 769.0
303.5175344760962 768.0
303.78408639897555 769.0
304.0506305951082 760.0
304.31716706401096 774.0
304.58369580520065 764.0
304.8502168181943 784.0
305.1167301025086 770.0
305.3832356576606 772.0
305.649733483167 793.0
305.9162235785447 779.0
306.1827059433106 771.0
306.4491805769817 748.0
306.7156474790747 763.0
306.98210664910647 773.0
307.2485580865939 779.0
307.5150017910539 788.0
307.7814377620034 774.0
308.0478659989591 779.0
308.31428650143795 756.0
308.58069926895683 764.0
308.8471043010326 774.0
309.1135015971821 764.0
309.37989115692227 775.0
309.6462729797699 768.0
309.91264706524197 771.0
310.1790134128551 771.0
310.4453720221265 769.0
310.71172289257277 779.0
310.97806602371094 781.0
311.2444014150577 782.0
311.5107290661301 788.0
311.777048976445 770.0
312.04336114551904 783.0
312.30966557286945 761.0
312.5759622580128 788.0
312.8422512004661 798.0
313.1085323997461 791.0
313.3748058553698 778.0
313.641071566854 775.0
313.90732953371554 775.0
314.17357975547145 764.0
314.4398222316384 783.0
314.70605696173334 783.0
314.9722839452731 772.0
315.23850318177466 773.0
315.50471467075477 786.0
315.7709184117303 761.0
316.0371144042182 772.0
316.3033026477353 773.0
316.56948314179846 772.0
316.8356558859246 782.0
317.1018208796305 767.0
317.36797812243304 764.0
317.6341276138491 778.0
317.90026935339563 783.0
318.1664033405894 780.0
318.4325295749473 779.0
318.6986480559862 790.0
318.96475878322303 790.0
319.2308617561746 764.0
319.4969569743577 777.0
319.76304443728935 764.0
320.0291241444864 781.0
320.2951960954656 795.0
320.5612602897438 762.0
320.82731672683815 772.0
321.0933654062652 771.0
321.359406327542 788.0
321.6254394901853 765.0
321.891464893712 767.0
322.157482537639 765.0
322.4234924214832 769.0
322.68949454476143 781.0
322.95548890699064 777.0
323.2214755076875 772.0
323.487454346369 786.0
323.753425422552 783.0
324.01938873575347 789.0
324.2853442854901 796.0
324.55129207127885 787.0
324.8172320926366 778.0
325.08316434908016 783.0
325.34908884012646 789.0
325.61500556529234 786.0
325.8809145240947 776.0
326.14681571605024 776.0
326.4127091406761 776.0
326.6785947974889 788.0
326.9444726860058 777.0
327.2103428057433 782.0
327.47620515621855 793.0
327.74205973694836 788.0
328.00790654744947 785.0
328.2737455872389 775.0
328.5395768558335 766.0
328.80540035275004 776.0
329.0712160775054 769.0
329.33702402961654 761.0
329.6028242086002 776.0
329.86861661397353 769.0
330.13440124525306 767.0
330.4001781019559 765.0
330.66594718359863 776.0
330.9317084896984 781.0
331.19746201977205 762.0
331.46320777333636 769.0
331.7289457499082 772.0
331.9946759490044 784.0
332.2603983701419 765.0
332.5261130128375 771.0
332.79181987660826 766.0
333.05751896097087 764.0
333.3232102654422 776.0
333.58889378953916 775.0
333.85456953277856 783.0
334.1202374946774 757.0
334.38589767475247 757.0
334.6515500725206 765.0
334.9171946874987 780.0
335.18283151920355 778.0
335.4484605671522 776.0
335.7140818308614 777.0
335.97969530984807 782.0
336.245301003629 777.0
336.51089891172114 777.0
336.77648903364127 783.0
337.04207136890636 770.0
337.30764591703326 770.0
337.5732126775387 799.0
337.83877164993976 788.0
338.10432283375314 789.0
338.36986622849577 779.0
338.63540183368457 768.0
338.9009296488363 763.0
339.16644967346787 760.0
339.4319619070962 777.0
339.6974663492381 781.0
339.9629629994105 782.0
340.22845185713027 773.0
340.4939329219141 771.0
340.75940619327906 765.0
341.02487167074196 777.0
341.2903293538197 776.0
341.555779242029 774.0
341.821221334887 789.0
342.0866556319103 776.0
342.3520821326158 769.0
342.6175008365205 777.0
342.8829117431413 784.0
343.1483148519949 785.0
343.41371016259825 774.0
343.6790976744682 782.0
343.9444773871216 784.0
344.20984930007546 780.0
344.4752134128465 769.0
344.74056972495157 784.0
345.0059182359076 782.0
345.27125894523147 773.0
345.53659185244 779.0
345.80191695705014 778.0
346.0672342585787 775.0
346.3325437565426 779.0
346.5978454504585 764.0
346.8631393398436 780.0
347.1284254242145 772.0
347.3937037030882 772.0
347.6589741759816 782.0
347.92423684241146 773.0
348.1894917018946 775.0
348.4547387539481 759.0
348.71997799808867 774.0
348.9852094338332 771.0
349.2504330606986 790.0
349.51564887820166 790.0
349.7808568858593 773.0
350.0460570831885 777.0
350.31124946970584 786.0
350.57643404492853 782.0
350.84161080837316 786.0
351.1067797595568 793.0
351.3719408979961 776.0
351.63709422320824 793.0
351.90223973470984 778.0
352.16737743201776 784.0
352.43250731464894 772.0
352.69762938212034 794.0
352.9627436339487 778.0
353.2278500696509 783.0
353.49294868874387 771.0
353.7580394907444 781.0
354.02312247516943 768.0
354.28819764153576 765.0
354.55326498936034 759.0
354.81832451816 772.0
355.08337622745165 790.0
355.348420116752 789.0
355.613456185578 785.0
355.8784844334467 782.0
356.1435048598747 769.0
356.4085174643791 776.0
356.6735222464765 786.0
356.938519205684 772.0
357.2035083415184 761.0
357.46848965349653 783.0
357.73346314113536 778.0
357.9984288039516 786.0
358.2633866414622 784.0
358.528336653184 778.0
358.793278838634 776.0
359.05821319732894 790.0
359.3231397287857 783.0
359.5880584325211 791.0
359.8529693080521 770.0
360.1178723548955 791.0
360.3827675725683 771.0
360.64765496058726 782.0
360.9125345184692 774.0
361.1774062457311 788.0
361.44227014188965 778.0
361.707126206462 766.0
361.9719744389649 782.0
362.2368148389151 779.0
362.5016474058295 779.0
362.766472139225 775.0
363.0312890386186 777.0
363.296098103527 772.0
363.5608993334672 784.0
363.82569272795587 780.0
364.09047828651006 778.0
364.35525600864656 792.0
364.6200258938823 790.0
364.8847879417341 777.0
365.1495421517188 785.0
365.41428852335326 782.0
365.67902705615444 786.0
365.9437577496392 781.0
366.2084806033243 778.0
366.4731956167267 781.0
366.7379027893632 774.0
367.0026021207507 784.0
367.2672936104061 775.0
367.5319772578463 763.0
367.79665306258806 776.0
368.06132102414836 784.0
368.32598114204393 774.0
368.59063341579173 774.0
368.85527784490864 761.0
369.1199144289115 784.0
369.3845431673172 775.0
369.6491640596426 790.0
369.91377710540445 766.0
370.1783823041198 783.0
370.44297965530546 781.0
370.70756915847835 761.0
370.97215081315517 778.0
371.2367246188529 784.0
371.5012905750884 794.0
371.7658486813786 779.0
372.0303989372402 765.0
372.29494134219027 771.0
372.5594758957455 767.0
372.82400259742286 770.0
373.08852144673915 775.0
373.3530324432114 779.0
373.6175355863563 774.0
373.8820308756908 781.0
374.1465183107317 774.0
374.410997890996 766.0
374.6754696160004 789.0
374.93993348526186 777.0
375.2043894982973 782.0
375.4688376546235 782.0
375.7332779537573 770.0
375.9977103952157 772.0
376.26213497851546 777.0
376.52655170317354 758.0
376.7909605687067 775.0
377.05536157463183 771.0
377.3197547204658 766.0
377.5841400057256 777.0
377.84851742992794 769.0
378.11288699258984 768.0
378.37724869322795 766.0
378.64160253135935 772.0
378.90594850650075 786.0
379.1702866181692 786.0
379.4346168658814 786.0
379.69893924915425 762.0
379.9632537675047 771.0
380.2275604204495 773.0
380.49185920750574 775.0
380.75615012819 772.0
381.0204331820193 789.0
381.2847083685105 781.0
381.5489756871804 780.0
381.8132351375459 785.0
382.07748671912407 776.0
382.34173043143153 775.0
382.6059662739852 780.0
382.8701942463019 762.0
383.1344143478986 778.0
383.3986265782921 774.0
383.6628309369994 772.0
383.92702742353725 775.0
384.1912160374225 770.0
384.45539677817203 777.0
384.7195696453027 774.0
384.98373463833155 775.0
385.2478917567753 765.0
385.5120410001507 765.0
385.7761823679748 779.0
386.0403158597644 774.0
386.30444147503647 775.0
386.5685592133077 764.0
386.8326690740951 789.0
387.09677105691543 778.0
387.36086516128563 774.0
387.6249513867226 772.0
387.88902973274315 768.0
388.15310019886414 772.0
388.41716278460245 773.0
388.68121748947493 782.0
388.9452643129986 776.0
389.2093032546901 793.0
389.47333431406645 778.0
389.73735749064434 788.0
390.0013727839409 771.0
390.2653801934728 766.0
390.52937971875696 772.0
390.7933713593103 783.0
391.05735511464974 758.0
391.3213309842919 782.0
391.5852989677539 776.0
391.8492590645524 774.0
392.1132112742045 771.0
392.37715559622694 773.0
392.6410920301366 785.0
392.9050205754503 766.0
393.1689412316849 765.0
393.43285399835736 781.0
393.69675887498465 779.0
393.96065586108335 768.0
394.2245449561705 771.0
394.4884261597629 777.0
394.75229947137757 779.0
395.01616489053123 775.0
395.28002241674085 764.0
395.5438720495231 770.0
395.80771378839506 769.0
396.0715476328735 774.0
396.33537358247537 773.0
396.5991916367174 772.0
396.86300179511665 770.0
397.12680405718976 784.0
397.39059842245376 772.0
397.65438489042543 786.0
397.91816346062177 797.0
398.18193413255955 768.0
398.4456969057556 794.0
398.7094517797268 788.0
398.97319875399006 771.0
399.2369378280623 774.0
399.50066900146027 791.0
399.764392273701 777.0
400.02810764430114 788.0
400.2918151127777 770.0
400.55551467864757 767.0
400.81920634142756 788.0
401.08289010063453 764.0
401.34656595578537 770.0
401.6102339063969 763.0
401.8738939519861 778.0
402.1375460920697 785.0
402.4011903261647 777.0
402.6648266537879 778.0
402.92845507445617 788.0
403.1920755876863 782.0
403.4556881929953 773.0
403.71929288990003 782.0
403.98288967791734 779.0
404.246478556564 762.0
404.5100595253569 772.0
404.77363258381297 774.0
405.03719773144906 785.0
405.3007549677821 778.0
405.56430429232887 769.0
405.82784570460626 796.0
406.0913792041311 769.0
406.35490479042033 758.0
406.61842246299085 774.0
406.88193222135936 773.0
407.14543406504293 790.0
407.4089279935582 784.0
407.6724140064223 782.0
407.9358921031519 775.0
408.19936228326395 776.0
408.4628245462754 763.0
408.7262788917029 789.0
408.9897253190635 785.0
409.25316382787395 775.0
409.5165944176513 777.0
409.7800170879122 772.0
410.04343183817366 783.0
410.30683866795243 772.0
410.57023757676546 769.0
410.83362856412975 773.0
411.09701162956185 782.0
411.3603867725789 783.0
411.62375399269763 786.0
411.887113289435 774.0
412.1504646623078 774.0
412.4138081108329 771.0
412.6771436345273 782.0
412.94047123290767 777.0
413.20379090549096 777.0
413.46710265179405 770.0
413.7304064713339 759.0
413.9937023636272 764.0
414.25699032819097 784.0
414.52027036454194 793.0
414.78354247219704 763.0
415.0468066506732 776.0
415.31006289948726 774.0
415.5733112181561 773.0
415.83655160619645 777.0
416.0997840631253 775.0
416.3630085884595 782.0
416.62622518171594 777.0
416.8894338424115 774.0
417.152634570063 775.0
417.4158273641873 767.0
417.67901222430123 783.0
417.9421891499217 788.0
418.2053581405658 776.0
418.46851919575005 777.0
418.7316723149915 775.0
418.99481749780693 775.0
419.2579547437133 757.0
419.5210840522274 759.0
419.78420542286625 778.0
420.04731885514644 791.0
420.31042434858506 779.0
420.573521902699 777.0
420.83661151700494 762.0
421.0996931910199 769.0
421.3627669242608 787.0
421.6258327162443 789.0
421.88889056648736 766.0
422.1519404745069 781.0
422.41498243981977 785.0
422.6780164619429 762.0
422.9410425403929 780.0
423.2040606746869 777.0
423.46707086434174 777.0
423.7300731088742 772.0
423.9930674078012 782.0
424.25605376063965 778.0
424.5190321669063 784.0
424.782002626118 761.0
425.0449651377918 765.0
425.30791970144446 772.0
425.57086631659286 779.0
425.83380498275386 773.0
426.0967356994443 763.0
426.3596584661811 772.0
426.6225732824811 762.0
426.88548014786113 772.0
427.14837906183817 749.0
427.411270023929 776.0
427.6741530336505 776.0
427.9370280905195 771.0
428.199895194053 784.0
428.46275434376776 780.0
428.72560553918066 784.0
428.98844877980855 778.0
429.2512840651683 784.0
429.51411139477693 778.0
429.77693076815115 774.0
430.03974218480784 787.0
430.3025456442639 787.0
430.5653411460361 767.0
430.82812868964146 759.0
431.09090827459687 781.0
431.353679900419 770.0
431.61644356662487 775.0
431.87919927273134 769.0
432.1419470182551 776.0
432.40468680271334 771.0
432.66741862562276 775.0
432.93014248650013 785.0
433.1928583848624 778.0
433.45556632022647 794.0
433.7182662921092 774.0
433.9809583000275 779.0
434.24364234349815 764.0
434.506318422038 786.0
434.768986535164 784.0
435.031646682393 772.0
435.2942988632418 780.0
435.55694307722734 777.0
435.81957932386655 776.0
436.08220760267614 776.0
436.34482791317305 781.0
436.6074402548742 788.0
436.8700446272964 766.0
437.1326410299566 778.0
437.3952294623715 769.0
437.65780992405803 777.0
437.9203824145332 777.0
438.1829469333138 784.0
438.4455034799166 779.0
438.7080520538586 779.0
438.9705926546565 780.0
439.23312528182737 779.0
439.49564993488787 794.0
439.7581666133551 782.0
440.0206753167459 767.0
440.28317604457686 778.0
440.5456687963651 779.0
440.8081535716274 770.0
441.07063036988075 769.0
441.3330991906418 787.0
441.5955600334276 776.0
441.858012897755 781.0
442.12045778314075 773.0
442.3828946891018 777.0
442.6453236151551 781.0
442.9077445608174 783.0
443.17015752560553 772.0
443.4325625090365 780.0
443.69495951062703 777.0
443.95734852989415 772.0
444.21972956635454 768.0
444.4821026195253 764.0
444.74446768892307 782.0
445.00682477406485 763.0
445.2691738744674 784.0
445.5315149896478 779.0
445.79384811912274 770.0
446.05617326240906 773.0
446.31849041902376 778.0
446.58079958848356 771.0
446.8431007703055 768.0
447.10539396400634 784.0
447.367679169103 781.0
447.6299563851123 769.0
447.892225611551 776.0
448.15448684793625 787.0
448.4167400937847 783.0
448.67898534861325 772.0
448.9412226119389 770.0
449.2034518832783 767.0
449.46567316214856 765.0
449.72788644806633 775.0
449.99009174054856 773.0
450.2522890391122 779.0
450.514478343274 790.0
450.77665965255085 780.0
451.0388329664597 773.0
451.30099828451733 751.0
451.5631556062406 771.0
451.82530493114655 769.0
452.08744625875175 765.0
452.3495795885734 773.0
452.6117049201281 762.0
452.87382225293277 792.0
453.13593158650446 768.0
453.3980329203598 778.0
453.6601262540158 775.0
453.9222115869893 779.0
454.1842889187971 789.0
454.4463582489562 789.0
454.70841957698343 784.0
454.97047290239556 774.0
455.23251822470957 785.0
455.49455554344223 771.0
455.75658485811044 783.0
456.0186061682312 788.0
456.2806194733211 770.0
456.5426247728973 770.0
456.8046220664765 782.0
457.0666113535756 766.0
457.32859263371154 781.0
457.5905659064011 782.0
457.8525311711611 808.0
458.1144884275086 774.0
458.37643767496024 787.0
458.6383789130331 773.0
458.9003121412439 762.0
459.1622373591095 785.0
459.4241545661469 764.0
459.68606376187284 782.0
459.9479649458043 774.0
460.2098581174581 784.0
460.471743276351 781.0
460.733620422 779.0
460.9954895539219 790.0
461.2573506716337 771.0
461.51920377465206 765.0
461.78104886249406 764.0
462.0428859346764 778.0
462.304714990716 777.0
462.5665360301298 788.0
462.82834905243453 782.0
463.09015405714723 782.0
463.35195104378465 782.0
463.6137400118636 779.0
463.8755209609011 770.0
464.13729389041396 770.0
464.399058799919 761.0
464.6608156889332 770.0
464.92256455697327 778.0
465.18430540355615 791.0
465.4460382281988 782.0
465.707763030418 781.0
465.96947980973056 779.0
466.23118856565344 782.0
466.49288929770347 769.0
466.75458200539765 778.0
467.0162666882526 775.0
467.27794334578533 781.0
467.5396119775127 779.0
467.8012725829516 773.0
468.0629251616188 791.0
468.3245697130314 783.0
468.586206236706 785.0
468.8478347321596 773.0
469.109455198909 775.0
469.3710676364711 778.0
469.6326720443629 777.0
469.89426842210105 785.0
470.1558567692025 785.0
470.4174370851842 780.0
470.6790093695629 779.0
470.94057362185555 780.0
471.20212984157905 781.0
471.4636780282501 781.0
471.72521818138574 765.0
471.9867503005027 780.0
472.248274385118 794.0
472.5097904347484 787.0
472.7712984489108 780.0
473.03279842712203 788.0
473.29429036889906 791.0
473.55577427375863 778.0
473.8172501412177 787.0
474.07871797079315 798.0
474.34017776200176 780.0
474.6016295143605 774.0
474.8630732273861 766.0
475.1245089005955 780.0
475.3859365335057 783.0
475.64735612563334 778.0
475.9087676764954 791.0
476.1701711856088 780.0
476.4315666524903 777.0
476.6929540766569 779.0
476.95433345762535 773.0
477.2157047949125 789.0
477.47706808803537 780.0
477.7384233365106 786.0
477.9997705398553 779.0
478.26110969758616 789.0
478.52244080922014 774.0
478.78376387427414 779.0
479.04507889226494 778.0
479.3063858627094 774.0
479.5676847851245 760.0
479.828975659027 770.0
480.0902584839338 752.0
480.3515332593618 794.0
480.61279998482775 788.0
480.8740586598487 775.0
481.13530928394147 775.0
481.3965518566228 792.0
481.65778637740965 772.0
481.9190128458189 773.0
482.1802312613674 791.0
482.4414416235721 789.0
482.70264393194964 778.0
482.9638381860171 771.0
483.2250243852913 792.0
483.4862025292891 783.0
483.7473726175273 784.0
484.0085346495229 785.0
484.26968862479265 798.0
484.5308345428534 792.0
484.79197240322225 762.0
485.0531022054157 769.0
485.314223948951 789.0
485.57533763334476 776.0
485.8364432581139 779.0
486.0975408227754 782.0
486.35863032684597 797.0
486.61971176984247 795.0
486.880785151282 781.0
487.1418504706812 798.0
487.402907727557 776.0
487.66395692142635 778.0
487.92499805180597 775.0
488.18603111821284 779.0
488.44705612016384 787.0
488.7080730571757 780.0
488.9690819287655 763.0
489.2300827344499 769.0
489.49107547374587 771.0
489.75206014617027 769.0
490.01303675124 784.0
490.27400528847187 777.0
490.53496575738274 770.0
490.79591815748955 780.0
491.05686248830915 771.0
491.31779874935836 785.0
491.57872694015396 779.0
491.8396470602131 769.0
492.1005591090524 759.0
492.3614630861888 780.0
492.6223589911392 771.0
492.88324682342045 786.0
493.14412658254946 788.0
493.40499826804296 795.0
493.66586187941795 787.0
493.92671741619125 763.0
494.18756487787977 768.0
494.44840426400026 778.0
494.70923557406974 777.0
494.97005880760497 772.0
495.23087396412285 782.0
495.4916810431403 782.0
495.7524800441741 793.0
496.01327096674123 773.0
496.27405381035845 783.0
496.53482857454264 776.0
496.79559525881075 781.0
497.05635386267954 773.0
497.31710438566597 785.0
497.57784682728686 763.0
497.8385811870591 786.0
498.0993074644995 785.0
498.360025659125 747.0
498.6207357704524 763.0
498.88143779799873 783.0
499.14213174128065 777.0
499.40281759981514 788.0
499.6634953731191 780.0
499.92416506070924 778.0
500.1848266621026 776.0
500.445480176816 788.0
500.70612560436615 768.0
500.96676294427016 790.0
501.22739219604483 768.0
501.48801335920695 789.0
501.74862643327344 786.0
502.00923141776116 779.0
502.2698283121869 772.0
502.5304171160677 798.0
502.7909978289203 791.0
503.0515704502616 774.0
503.31213497960846 787.0
503.57269141647777 768.0
503.8332397603864 794.0
504.09378001085116 787.0
504.354312167389 778.0
504.6148362295168 777.0
504.8753521967513 785.0
505.1358600686094 782.0
505.3963598446082 776.0
505.6568515242642 785.0
505.9173351070945 787.0
506.17781059261597 771.0
506.4382779803454 787.0
506.69873726979966 797.0
506.95918846049574 774.0
507.2196315519502 773.0
507.4800665436803 776.0
507.74049343520267 772.0
508.00091222603425 785.0
508.261322915692 780.0
508.5217255036924 779.0
508.7821199895529 763.0
509.0425063727899 790.0
509.3028846529204 786.0
509.5632548294615 772.0
509.8236169019296 777.0
510.0839708698421 802.0
510.3443167327155 782.0
510.60465449006676 770.0
510.8649841414127 767.0
511.12530568627034 765.0
511.3856191241566 802.0
511.64592445458794 793.0
511.90622167708165 772.0
512.1665107911545 784.0
512.4267917963232 791.0
512.6870646921047 771.0
512.947329478016 777.0
513.2075861535739 777.0
513.467834718295 771.0
513.7280751716964 804.0
513.9883075132952 800.0
514.248531742608 765.0
514.5087478591515 780.0
514.7689558624429 789.0
515.0291557519989 782.0
515.2893475273365 790.0
515.5495311879723 788.0
515.8097067334235 781.0
516.0698741632067 773.0
516.3300334768389 763.0
516.5901846738369 764.0
516.8503277537177 796.0
517.1104627159981 775.0
517.3705895601947 778.0
517.630708285825 785.0
517.8908188924053 780.0
518.1509213794526 777.0
518.411015746484 784.0
518.6711019930159 780.0
518.9311801185657 796.0
519.19125012265 784.0
519.4513120047856 793.0
519.7113657644896 779.0
519.9714114012784 771.0
520.2314489146695 782.0
520.4914783041794 776.0
520.751499569325 775.0
521.0115127096234 793.0
521.271517724591 771.0
521.5315146137451 782.0
521.7915033766022 788.0
522.0514840126796 771.0
522.3114565214938 783.0
522.5714209025618 773.0
522.8313771554007 800.0
523.0913252795269 771.0
523.3512652744578 781.0
523.6111971397097 774.0
523.8711208747998 778.0
524.1310364792452 777.0
524.390943952562 781.0
524.6508432942679 782.0
524.9107345038794 774.0
525.1706175809132 765.0
525.4304925248866 774.0
525.690359335316 781.0
525.9502180117188 796.0
526.2100685536113 774.0
526.4699109605107 784.0
526.729745231934 784.0
526.9895713673975 794.0
527.2493893664187 778.0
527.5091992285141 780.0
527.7690009532007 765.0
528.0287945399953 789.0
528.2885799884149 772.0
528.5483572979764 793.0
528.8081264681963 774.0
529.0678874985917 789.0
529.3276403886796 789.0
529.5873851379768 780.0
529.8471217460001 773.0
530.1068502122662 777.0
530.3665705362923 771.0
530.6262827175951 766.0
530.8859867556915 777.0
531.1456826500984 781.0
531.4053704003326 777.0
531.6650500059111 786.0
531.9247214663504 790.0
532.1843847811678 771.0
532.4440399498801 773.0
532.7036869720038 783.0
532.9633258470562 785.0
533.222956574554 782.0
533.4825791540142 789.0
533.7421935849534 792.0
534.0017998668885 788.0
534.2613979993366 786.0
534.5209879818145 778.0
534.780569813839 775.0
535.0401434949268 781.0
535.2997090245951 781.0
535.5592664023607 786.0
535.8188156277402 772.0
536.0783567002508 790.0
536.3378896194092 789.0
536.5974143847321 774.0
536.8569309957369 769.0
537.1164394519398 768.0
537.3759397528582 753.0
537.6354318980087 766.0
537.8949158869082 774.0
538.1543917190737 795.0
538.4138593940218 790.0
538.6733189112697 777.0
538.932770270334 789.0
539.1922134707318 765.0
539.4516485119797 786.0
539.7110753935946 766.0
539.9704941150937 775.0
540.2299046759937 778.0
540.4893070758112 792.0
540.7487013140633 777.0
541.008087390267 778.0
541.2674653039389 775.0
541.526835054596 761.0
541.7861966417552 771.0
542.0455500649333 771.0
542.3048953236471 785.0
542.5642324174137 783.0
542.8235613457497 766.0
543.0828821081722 772.0
543.3421947041979 785.0
543.6014991333436 779.0
543.8607953951266 779.0
544.1200834890632 778.0
544.3793634146708 788.0
544.6386351714658 771.0
544.8978987589653 781.0
545.1571541766862 785.0
545.4164014241451 784.0
545.6756405008593 785.0
545.9348714063455 778.0
546.1940941401203 781.0
546.4533087017008 780.0
546.712515090604 764.0
546.9717133063466 781.0
547.2309033484453 777.0
547.4900852164174 780.0
547.7492589097793 777.0
548.0084244280482 773.0
548.2675817707409 766.0
548.526730937374 767.0
548.7858719274648 777.0
549.0450047405299 783.0
549.3041293760863 799.0
549.5632458336507 772.0
549.82235411274 781.0
550.0814542128714 777.0
550.3405461335612 773.0
550.5996298743269 767.0
550.8587054346848 781.0
551.117772814152 770.0
551.3768320122455 778.0
551.6358830284819 780.0
551.8949258623783 775.0
552.1539605134514 755.0
552.4129869812182 777.0
552.6720052651955 778.0
552.9310153649002 778.0
553.1900172798491 792.0
553.4490110095592 785.0
553.7079965535472 805.0
553.9669739113302 781.0
554.2259430824248 782.0
554.484904066348 773.0
554.7438568626167 766.0
555.0028014707476 789.0
555.261737890258 766.0
555.520666120664 768.0
555.7795861614834 772.0
556.0384980122324 795.0
556.2974016724281 790.0
556.5562971415874 758.0
556.8151844192269 777.0
557.0740635048638 769.0
557.3329343980148 767.0
557.5917970981968 783.0
557.8506516049267 774.0
558.1094979177213 764.0
558.3683360360976 772.0
558.6271659595724 783.0
558.8859876876625 780.0
559.1448012198848 781.0
559.4036065557561 765.0
559.6624036947936 760.0
559.9211926365136 776.0
560.1799733804337 773.0
560.43874592607 785.0
560.6975102729399 787.0
560.9562664205602 772.0
561.2150143684473 770.0
561.4737541161188 783.0
561.732485663091 768.0
561.9912090088809 759.0
562.2499241530056 767.0
562.5086310949818 762.0
562.7673298343262 754.0
563.026020370556 773.0
563.2847027031879 782.0
563.5433768317389 769.0
563.8020427557254 773.0
564.0607004746649 762.0
564.3193499880738 781.0
564.5779912954692 800.0
564.8366243963679 773.0
565.0952492902868 780.0
565.3538659767429 767.0
565.6124744552527 768.0
565.8710747253335 783.0
566.1296667865018 772.0
566.3882506382747 783.0
566.6468262801691 791.0
566.9053937117014 783.0
567.1639529323893 766.0
567.4225039417488 777.0
567.6810467392974 777.0
567.9395813245517 792.0
568.1981076970284 775.0
568.4566258562448 777.0
568.7151358017175 792.0
568.9736375329633 780.0
569.2321310494995 779.0
569.4906163508422 802.0
569.749093436509 778.0
570.0075623060163 779.0
570.2660229588813 772.0
570.5244753946206 784.0
570.7829196127512 779.0
571.0413556127901 771.0
571.2997833942537 783.0
571.5582029566596 766.0
571.8166142995238 784.0
572.075017422364 782.0
572.3334123246967 779.0
572.5917990060384 756.0
572.8501774659068 772.0
573.108547703818 778.0
573.3669097192892 773.0
573.6252635118373 779.0
573.8836090809789 761.0
574.1419464262314 778.0
574.400275547111 781.0
574.6585964431351 784.0
574.9169091138205 782.0
575.1752135586836 782.0
575.4335097772419 777.0
575.6917977690118 791.0
575.9500775335105 790.0
576.2083490702545 786.0
576.4666123787609 790.0
576.7248674585469 786.0
576.9831143091286 807.0
577.2413529300236 780.0
577.4995833207483 785.0
577.7578054808198 787.0
578.0160194097549 777.0
578.2742251070703 778.0
578.5324225722832 786.0
578.7906118049101 782.0
579.0487928044681 760.0
579.3069655704743 771.0
579.565130102445 771.0
579.8232863998975 772.0
580.0814344623485 773.0
580.339574289315 768.0
580.5977058803137 787.0
580.8558292348614 788.0
581.1139443524753 781.0
581.3720512326721 789.0
581.6301498749685 789.0
581.8882402788817 789.0
582.146322443928 794.0
582.4043963696251 797.0
582.6624620554893 795.0
582.9205195010375 769.0
583.1785687057866 782.0
583.4366096692537 792.0
583.6946423909554 798.0
583.9526668704085 831.0
584.2106831071303 884.0
584.4686911006373 941.0
584.7266908504463 994.0
584.9846823560746 1072.0
585.2426656170385 1317.0
585.5006406328554 1329.0
585.7586074030418 1246.0
586.0165659271148 1003.0
586.2745162045912 870.0
586.5324582349878 824.0
586.7903920178214 818.0
587.0483175526091 829.0
587.3062348388676 807.0
587.5641438761138 819.0
587.8220446638645 805.0
588.0799372016369 830.0
588.3378214889474 858.0
588.5956975253132 850.0
588.8535653102509 832.0
589.1114248432776 804.0
589.3692761239103 784.0
589.6271191516653 785.0
589.88495392606 782.0
590.1427804466111 800.0
590.4005987128355 803.0
590.6584087242501 779.0
590.9162104803713 771.0
591.1740039807169 796.0
591.4317892248029 781.0
591.6895662121466 787.0
591.9473349422648 788.0
592.2050954146741 793.0
592.462847628892 775.0
592.7205915844347 770.0
592.9783272808194 776.0
593.236054717563 782.0
593.493773894182 805.0
593.7514848101939 811.0
594.009187465115 820.0
594.2668818584625 832.0
594.5245679897531 860.0
594.7822458585038 861.0
595.0399154642313 859.0
595.2975768064524 798.0
595.5552298846843 783.0
595.8128746984438 786.0
596.0705112472474 774.0
596.3281395306126 796.0
596.5857595480555 786.0
596.8433712990935 790.0
597.1009747832434 786.0
597.3585700000219 791.0
597.6161569489462 801.0
597.8737356295327 800.0
598.1313060412986 795.0
598.3888681837607 796.0
598.6464220564358 785.0
598.9039676588409 787.0
599.1615049904925 780.0
599.4190340509081 777.0
599.676554839604 782.0
599.9340673560972 780.0
600.1915715999048 783.0
600.4490675705435 784.0
600.7065552675302 787.0
600.9640346903817 776.0
601.221505838615 773.0
601.4789687117469 772.0
601.7364233092942 763.0
601.9938696307739 788.0
602.2513076757026 793.0
602.5087374435976 785.0
602.7661589339755 787.0
603.023572146353 796.0
603.2809770802475 807.0
603.5383737351752 816.0
603.7957621106534 780.0
604.053142206199 774.0
604.3105140213286 791.0
604.5678775555593 765.0
604.8252328084078 756.0
605.0825797793912 765.0
605.3399184680261 779.0
605.5972488738295 766.0
605.8545709963181 787.0
606.111884835009 781.0
606.3691903894193 783.0
606.6264876590651 807.0
606.883776643464 825.0
607.1410573421324 817.0
607.3983297545875 859.0
607.6555938803461 861.0
607.9128497189247 868.0
608.1700972698408 823.0
608.4273365326108 801.0
608.6845675067516 827.0
608.9417901917803 830.0
609.1990045872135 845.0
609.4562106925683 882.0
609.7134085073615 940.0
609.9705980311098 928.0
610.2277792633305 908.0
610.4849522035397 832.0
610.7421168512552 784.0
610.9992732059933 791.0
611.2564212672709 770.0
611.5135610346049 790.0
611.7706925075122 796.0
612.0278156855098 797.0
612.2849305681145 789.0
612.542037154843 782.0
612.7991354452124 807.0
613.0562254387393 797.0
613.3133071349409 840.0
613.5703805333337 869.0
613.8274456334349 898.0
614.0845024347612 964.0
614.3415509368294 1083.0
614.5985911391567 1077.0
614.8556230412595 1060.0
615.1126466426551 911.0
615.36966194286 848.0
615.6266689413914 836.0
615.8836676377659 812.0
616.1406580315004 832.0
616.3976401221121 860.0
616.6546139091173 854.0
616.9115793920333 857.0
617.1685365703769 813.0
617.4254854436648 779.0
617.6824260114142 794.0
617.9393582731417 796.0
618.196282228364 785.0
618.4531978765983 795.0
618.7101052173614 785.0
618.9670042501702 788.0
619.2238949745413 769.0
619.4807773899919 784.0
619.7376514960388 787.0
619.9945172921986 790.0
620.2513747779885 770.0
620.508223952925 790.0
620.7650648165256 790.0
621.0218973683066 795.0
621.2787216077849 804.0
621.5355375344776 804.0
621.7923451479013 813.0
622.0491444475734 825.0
622.3059354330103 818.0
622.5627181037288 801.0
622.8194924592461 778.0
623.0762584990788 784.0
623.333016222744 768.0
623.5897656297584 780.0
623.8465067196389 795.0
624.1032394919024 771.0
624.3599639460657 779.0
624.6166800816459 790.0
624.8733878981594 765.0
625.1300873951237 793.0
625.3867785720552 796.0
625.6434614284708 802.0
625.9001359638876 802.0
626.1568021778221 813.0
626.4134600697917 832.0
626.6701096393127 909.0
626.9267508859024 888.0
627.1833838090776 909.0
627.4400084083547 817.0
627.6966246832512 817.0
627.9532326332837 804.0
628.2098322579691 790.0
628.4664235568243 797.0
628.723006529366 780.0
628.9795811751112 765.0
629.2361474935768 796.0
629.4927054842794 787.0
629.7492551467363 810.0
630.0057964804641 803.0
630.2623294849799 815.0
630.5188541598001 858.0
630.775370504442 841.0
631.0318785184223 837.0
631.2883782012578 816.0
631.5448695524658 801.0
631.8013525715625 788.0
632.0578272580652 804.0
632.3142936114906 806.0
632.5707516313557 830.0
632.8272013171775 821.0
633.0836426684723 850.0
633.3400756847575 893.0
633.5965003655499 936.0
633.8529167103661 918.0
634.1093247187234 872.0
634.3657243901381 834.0
634.6221157241276 796.0
634.8784987202085 782.0
635.1348733778977 783.0
635.3912396967121 786.0
635.6475976761684 778.0
635.9039473157839 787.0
636.1602886150749 797.0
636.4166215735588 785.0
636.6729461907521 787.0
636.9292624661718 786.0
637.1855703993349 810.0
637.4418699897578 821.0
637.6981612369581 840.0
637.9544441404521 875.0
638.2107186997567 927.0
638.4669849143892 944.0
638.7232427838659 976.0
638.979492307704 954.0
639.2357334854204 992.0
639.4919663165317 1108.0
639.7481908005552 1180.0
640.0044069370073 1367.0
640.2606147254052 1723.0
640.5168141652655 1730.0
640.7730052561054 1707.0
641.0291879974413 1260.0
641.2853623887906 984.0
641.5415284296699 867.0
641.797686119596 849.0
642.0538354580859 820.0
642.3099764446565 823.0
642.5661090788245 799.0
642.8222333601069 789.0
643.0783492880205 799.0
643.3344568620822 791.0
643.5905560818089 786.0
643.8466469467173 777.0
644.1027294563247 775.0
644.3588036101473 762.0
644.6148694077026 770.0
644.8709268485071 765.0
645.1269759320778 788.0
645.3830166579316 774.0
645.6390490255851 775.0
645.8950730345556 772.0
646.1510886843597 772.0
646.4070959745143 778.0
646.6630949045363 785.0
646.9190854739425 780.0
647.17506768225 789.0
647.4310415289752 790.0
647.6870070136354 786.0
647.9429641357473 784.0
648.1989128948277 794.0
648.4548532903938 781.0
648.7107853219619 781.0
648.9667089890495 787.0
649.222624291173 792.0
649.4785312278494 794.0
649.7344297985958 846.0
649.9903200029287 869.0
650.2462018403652 907.0
650.502075310422 969.0
650.7579404126162 1052.0
651.0137971464646 1073.0
651.2696455114838 1029.0
651.525485507191 890.0
651.7813171331029 822.0
652.0371403887364 794.0
652.2929552736086 796.0
652.5487617872358 807.0
652.8045599291355 806.0
653.0603496988242 812.0
653.3161310958188 821.0
653.5719041196362 829.0
653.8276687697933 828.0
654.0834250458071 804.0
654.3391729471941 792.0
654.5949124734717 780.0
654.8506436241562 776.0
655.1063663987647 771.0
655.3620807968144 781.0
655.6177868178215 792.0
655.8734844613035 793.0
656.129173726777 795.0
656.3848546137588 803.0
656.6405271217659 800.0
656.8961912503149 814.0
657.1518469989231 806.0
657.4074943671071 794.0
657.6631333543837 769.0
657.9187639602701 784.0
658.1743861842826 772.0
658.4300000259387 792.0
658.6856054847549 787.0
658.9412025602483 789.0
659.1967912519353 809.0
659.4523715593333 809.0
659.707943481959 843.0
659.9635070193291 865.0
660.2190621709606 880.0
660.4746089363705 875.0
660.7301473150753 821.0
660.9856773065924 801.0
661.2411989104381 795.0
661.4967121261298 780.0
661.7522169531838 765.0
662.0077133911174 770.0
662.2632014394475 777.0
662.5186810976904 770.0
662.7741523653638 788.0
663.029615241984 792.0
663.2850697270679 786.0
663.5405158201327 777.0
663.7959535206948 773.0
664.0513828282715 784.0
664.3068037423793 777.0
664.5622162625355 785.0
664.8176203882564 774.0
665.0730161190594 772.0
665.3284034544613 787.0
665.5837823939785 778.0
665.8391529371283 780.0
666.0945150834276 773.0
666.349868832393 781.0
666.6052141835415 790.0
666.8605511363899 794.0
667.1158796904554 820.0
667.3711998452544 847.0
667.626511600304 881.0
667.8818149551211 933.0
668.1371099092223 913.0
668.3923964621249 917.0
668.6476746133454 845.0
668.9029443624008 791.0
669.1582057088083 796.0
669.4134586520839 788.0
669.6687031917455 780.0
669.9239393273093 781.0
670.1791670582923 786.0
670.4343863842114 790.0
670.6895973045835 793.0
670.9447998189256 789.0
671.1999939267544 822.0
671.4551796275866 854.0
671.7103569209394 869.0
671.9655258063294 872.0
672.220686283274 897.0
672.475838351289 839.0
672.7309820098925 809.0
672.9861172586005 787.0
673.2412440969302 779.0
673.4963625243987 787.0
673.7514725405223 779.0
674.0065741448183 782.0
674.2616673368035 777.0
674.5167521159946 773.0
674.7718284819086 787.0
675.0268964340622 785.0
675.2819559719727 784.0
675.5370070951565 754.0
675.7920498031307 777.0
676.0470840954122 777.0
676.3021099715176 782.0
676.5571274309642 776.0
676.8121364732684 774.0
677.0671370979474 780.0
677.3221293045178 780.0
677.5771130924968 777.0
677.8320884614011 785.0
678.0870554107474 770.0
678.3420139400529 765.0
678.5969640488343 780.0
678.8519057366083 777.0
679.1068390028922 775.0
679.3617638472023 766.0
679.616680269056 764.0
679.8715882679699 774.0
680.1264878434607 783.0
680.3813789950458 773.0
680.6362617222414 777.0
680.8911360245651 779.0
681.146001901533 781.0
681.4008593526627 770.0
681.6557083774705 780.0
681.9105489754734 763.0
682.1653811461886 772.0
682.4202048891326 771.0
682.6750202038223 774.0
682.9298270897748 781.0
683.1846255465068 783.0
683.4394155735351 766.0
683.6941971703767 778.0
683.9489703365485 766.0
684.2037350715673 787.0
684.4584913749499 775.0
684.7132392462133 774.0
684.9679786848742 776.0
685.2227096904496 768.0
685.4774322624564 784.0
685.7321464004115 785.0
685.9868521038316 779.0
686.2415493722334 781.0
686.4962382051343 758.0
686.7509186020508 779.0
687.0055905624997 758.0
687.2602540859983 786.0
687.514909172063 776.0
687.7695558202109 774.0
688.0241940299587 785.0
688.2788238008236 778.0
688.5334451323221 774.0
688.7880580239712 776.0
689.042662475288 786.0
689.2972584857889 783.0
689.5518460549912 769.0
689.8064251824115 773.0
690.0609958675668 781.0
690.3155581099742 781.0
690.5701119091498 778.0
690.8246572646113 788.0
691.0791941758752 788.0
691.3337226424583 786.0
691.5882426638777 786.0
691.84275423965 793.0
692.0972573692924 817.0
692.3517520523214 844.0
692.6062382882542 875.0
692.8607160766074 922.0
693.1151854168979 955.0
693.3696463086428 953.0
693.6240987513587 916.0
693.8785427445628 850.0
694.1329782877717 793.0
694.3874053805022 790.0
694.6418240222713 805.0
694.8962342125958 779.0
695.1506359509929 774.0
695.405029236979 774.0
695.6594140700711 766.0
695.9137904497863 765.0
696.168158375641 790.0
696.4225178471527 794.0
696.676868863838 769.0
696.9312114252134 779.0
697.1855455307963 780.0
697.4398711801031 795.0
697.6941883726512 786.0
697.9484971079568 766.0
698.2027973855375 776.0
698.4570892049098 769.0
698.7113725655903 769.0
698.9656474670965 785.0
699.2199139089445 778.0
699.4741718906519 791.0
699.7284214117353 791.0
699.9826624717113 790.0
700.2368950700971 799.0
700.4911192064093 777.0
700.7453348801653 784.0
700.9995420908814 769.0
701.2537408380745 784.0
701.5079311212619 776.0
701.7621129399598 808.0
702.016286293686 795.0
702.2704511819566 809.0
702.5246076042886 839.0
702.778755560199 861.0
703.0328950492045 918.0
703.2870260708224 951.0
703.5411486245691 953.0
703.7952627099618 965.0
704.0493683265172 887.0
704.3034654737519 823.0
704.5575541511835 800.0
704.8116343583279 791.0
705.0657060947029 770.0
705.3197693598249 782.0
705.5738241532106 790.0
705.8278704743772 785.0
706.0819083228414 789.0
706.3359376981203 790.0
706.5899585997306 762.0
706.8439710271889 770.0
707.0979749800126 775.0
707.3519704577179 777.0
707.6059574598225 766.0
707.8599359858429 788.0
708.1139060352955 763.0
708.3678676076978 781.0
708.6218207025663 778.0
708.8757653194182 780.0
709.12970145777 783.0
709.3836291171389 777.0
709.6375482970416 776.0
709.8914589969946 777.0
710.1453612165157 779.0
710.3992549551208 774.0
710.6531402123275 771.0
710.9070169876522 764.0
711.1608852806118 772.0
711.4147450907236 781.0
711.6685964175037 790.0
711.9224392604699 774.0
712.1762736191384 774.0
712.4300994930262 791.0
712.6839168816504 788.0
712.9377257845274 774.0
713.1915262011746 788.0
713.4453181311087 793.0
713.6991015738463 777.0
713.9528765289045 784.0
714.2066429958 777.0
714.4604009740502 789.0
714.7141504631712 777.0
714.9678914626805 782.0
715.2216239720948 775.0
715.4753479909306 775.0
715.7290635187052 771.0
715.982770554935 770.0
716.2364690991376 777.0
716.4901591508293 782.0
716.743840709527 778.0
716.9975137747479 771.0
717.2511783460084 789.0
717.5048344228259 800.0
717.7584820047169 802.0
718.0121210911982 780.0
718.2657516817872 798.0
718.519373776 780.0
718.772987373354 792.0
719.026592473366 786.0
719.2801890755527 797.0
719.5337771794311 776.0
719.7873567845179 775.0
720.0409278903304 793.0
720.294490496385 780.0
720.5480446021987 779.0
720.8015902072887 779.0
721.0551273111711 790.0
721.3086559133636 788.0
721.5621760133826 779.0
721.815687610745 780.0
722.0691907049679 766.0
722.3226852955679 792.0
722.5761713820622 782.0
722.8296489639672 784.0
723.0831180408002 779.0
723.3365786120778 779.0
723.5900306773169 785.0
723.8434742360346 799.0
724.0969092877473 810.0
724.3503358319725 842.0
724.6037538682267 854.0
724.8571633960265 852.0
725.1105644148894 872.0
725.3639569243315 832.0
725.6173409238706 811.0
725.8707164130229 784.0
726.1240833913054 788.0
726.3774418582351 778.0
726.6307918133285 772.0
726.8841332561029 777.0
727.137466186075 778.0
727.3907906027619 775.0
727.6441065056802 778.0
727.8974138943464 780.0
728.1507127682783 785.0
728.4040031269918 780.0
728.6572849700045 782.0
728.9105582968331 777.0
729.1638231069941 782.0
729.4170794000048 771.0
729.6703271753817 773.0
729.923566432642 782.0
730.1767971713025 781.0
730.4300193908798 789.0
730.6832330908911 776.0
730.936438270853 788.0
731.1896349302828 778.0
731.442823068697 771.0
731.6960026856123 763.0
731.949173780546 794.0
732.2023363530145 792.0
732.4554904025351 788.0
732.7086359286245 780.0
732.9617729307997 784.0
733.2149014085775 771.0
733.4680213614745 790.0
733.7211327890079 769.0
733.9742356906943 785.0
734.2273300660511 778.0
734.4804159145946 783.0
734.7334932358416 786.0
734.9865620293094 780.0
735.2396222945147 779.0
735.4926740309744 785.0
735.7457172382054 772.0
735.9987519157243 788.0
736.2517780630484 776.0
736.504795679694 766.0
736.7578047651785 782.0
737.0108053190187 788.0
737.2637973407312 772.0
737.516780829833 786.0
737.769755785841 766.0
738.0227222082721 781.0
738.2756800966428 783.0
738.5286294504706 781.0
738.781570269272 782.0
739.0345025525638 789.0
739.2874262998632 782.0
739.5403415106866 769.0
739.7932481845512 786.0
740.046146320974 789.0
740.2990359194714 784.0
740.5519169795606 790.0
740.8047895007583 776.0
741.0576534825816 778.0
741.3105089245472 789.0
741.563355826172 777.0
741.8161941869729 789.0
742.0690240064664 779.0
742.3218452841702 787.0
742.5746580196005 777.0
742.8274622122741 788.0
743.0802578617083 783.0
743.3330449674197 791.0
743.5858235289254 794.0
743.8385935457418 795.0
744.0913550173865 803.0
744.3441079433758 809.0
744.5968523232264 794.0
744.8495881564559 781.0
745.1023154425804 776.0
745.3550341811174 779.0
745.6077443715835 792.0
745.8604460134952 774.0
746.1131391063701 794.0
746.3658236497243 772.0
746.6184996430754 774.0
746.87116708594 777.0
747.1238259778346 797.0
747.3764763182764 771.0
747.6291181067822 781.0
747.8817513428692 767.0
748.1343760260539 776.0
748.3869921558529 784.0
748.6395997317837 785.0
748.8921987533628 776.0
749.1447892201071 783.0
749.3973711315336 787.0
749.6499444871589 778.0
749.9025092865003 784.0
750.1550655290741 781.0
750.4076132143978 770.0
750.6601523419877 762.0
750.912682911361 779.0
751.1652049220347 792.0
751.4177183735251 788.0
751.6702232653497 790.0
751.9227195970248 780.0
752.1752073680677 784.0
752.4276865779954 775.0
752.680157226324 796.0
752.9326193125712 777.0
753.1850728362533 774.0
753.4375177968876 781.0
753.6899541939908 797.0
753.9423820270795 775.0
754.194801295671 791.0
754.4472119992819 788.0
754.6996141374291 782.0
754.9520077096296 788.0
755.2043927154 788.0
755.4567691542577 784.0
755.7091370257187 769.0
755.9614963293008 770.0
756.2138470645202 776.0
756.4661892308942 782.0
756.7185228279395 777.0
756.9708478551728 780.0
757.2231643121112 774.0
757.4754721982714 773.0
757.7277715131704 787.0
757.9800622563251 784.0
758.2323444272521 770.0
758.4846180254688 775.0
758.7368830504913 786.0
758.9891395018373 786.0
759.2413873790232 770.0
759.4936266815657 795.0
759.7458574089821 775.0
759.9980795607888 786.0
760.2502931365033 768.0
760.502498135642 768.0
760.7546945577217 778.0
761.0068824022595 779.0
761.2590616687722 787.0
761.5112323567769 793.0
761.7633944657899 774.0
762.0155479953288 763.0
762.26769294491 788.0
762.5198293140501 789.0
762.7719571022666 790.0
763.024076309076 789.0
763.2761869339953 765.0
763.5282889765415 778.0
763.780382436231 776.0
764.032467312581 780.0
764.2845436051083 772.0
764.53661131333 782.0
764.7886704367629 769.0
765.0407209749233 784.0
765.2927629273288 777.0
765.5447962934958 781.0
765.7968210729414 772.0
766.0488372651824 768.0
766.3008448697357 772.0
766.5528438861181 778.0
766.8048343138464 784.0
767.0568161524378 771.0
767.3087894014087 771.0
767.5607540602764 778.0
767.8127101285577 771.0
768.0646576057691 788.0
768.3165964914278 759.0
768.5685267850505 797.0
768.8204484861544 778.0
769.0723615942561 780.0
769.3242661088722 780.0
769.5761620295201 776.0
769.8280493557162 775.0
770.0799280869778 777.0
770.3317982228216 771.0
770.5836597627642 772.0
770.835512706323 781.0
771.0873570530143 774.0
771.3391928023555 772.0
771.591019953863 763.0
771.8428385070538 774.0
772.094648461445 780.0
772.3464498165532 761.0
772.5982425718955 771.0
772.8500267269885 785.0
773.1018022813494 777.0
773.3535692344948 784.0
773.6053275859415 790.0
773.8570773352067 779.0
774.108818481807 771.0
774.3605510252594 785.0
774.6122749650807 772.0
774.8639903007878 768.0
775.1156970318975 772.0
775.3673951579267 762.0
775.6190846783925 774.0
775.8707655928115 779.0
776.1224379007004 787.0
776.3741016015766 798.0
776.6257566949563 789.0
776.8774031803571 778.0
777.1290410572955 805.0
777.3806703252881 799.0
777.6322909838522 778.0
777.8839030325043 791.0
778.1355064707618 793.0
778.3871012981411 777.0
778.6386875141592 783.0
778.890265118333 784.0
779.1418341101793 773.0
779.3933944892151 775.0
779.6449462549571 779.0
779.8964894069222 786.0
780.1480239446275 770.0
780.3995498675895 780.0
780.6510671753255 784.0
780.9025758673517 768.0
781.1540759431858 778.0
781.4055674023442 780.0
781.6570502443437 763.0
781.9085244687013 772.0
782.159990074934 777.0
782.4114470625585 776.0
782.6628954310918 772.0
782.9143351800503 776.0
783.1657663089516 774.0
783.4171888173119 784.0
783.6686027046486 774.0
783.9200079704783 762.0
784.1714046143178 786.0
784.4227926356843 779.0
784.6741720340941 775.0
784.9255428090647 766.0
785.1769049601126 770.0
785.4282584867548 763.0
785.6796033885082 769.0
785.9309396648893 789.0
786.1822673154155 792.0
786.4335863396033 780.0
786.6848967369698 798.0
786.9361985070317 779.0
787.1874916493058 770.0
787.4387761633094 780.0
787.6900520485588 786.0
787.9413193045713 776.0
788.1925779308636 787.0
788.4438279269523 765.0
788.6950692923548 778.0
788.9463020265875 763.0
789.1975261291677 780.0
789.448741599612 772.0
789.6999484374371 780.0
789.9511466421604 780.0
790.2023362132982 787.0
790.4535171503677 785.0
790.7046894528855 763.0
790.9558531203689 759.0
791.2070081523347 756.0
791.458154548299 769.0
791.7092923077797 778.0
791.9604214302931 781.0
792.2115419153562 783.0
792.462653762486 772.0
792.7137569711989 774.0
792.9648515410123 785.0
793.2159374714428 774.0
793.4670147620074 786.0
793.718083412223 782.0
793.9691434216061 766.0
794.220194789674 772.0
794.4712375159432 776.0
794.722271599931 774.0
794.9732970411541 769.0
795.2243138391292 777.0
795.4753219933733 781.0
795.7263215034031 764.0
795.9773123687357 777.0
796.2282945888878 790.0
796.4792681633767 765.0
796.7302330917187 764.0
796.9811893734307 793.0
797.23213700803 766.0
797.483075995033 774.0
797.7340063339569 777.0
797.9849280243186 785.0
798.2358410656345 763.0
798.4867454574222 788.0
798.7376411991978 768.0
798.9885282904788 769.0
799.2394067307818 784.0
799.4902765196234 775.0
799.741137656521 784.0
799.9919901409909 780.0
800.2428339725506 777.0
800.4936691507165 768.0
800.7444956750055 771.0
800.9953135449347 772.0
801.2461227600207 771.0
801.4969233197808 777.0
801.7477152237312 779.0
801.9984984713894 795.0
802.2492730622722 779.0
802.5000389958959 766.0
802.7507962717781 776.0
803.0015448894349 784.0
803.252284848384 785.0
803.5030161481417 775.0
803.7537387882248 770.0
804.0044527681507 767.0
804.2551580874358 766.0
804.5058547455972 765.0
804.7565427421519 786.0
805.0072220766161 782.0
805.2578927485075 784.0
805.5085547573423 782.0
805.7592081026379 769.0
806.009852783911 764.0
806.2604888006782 771.0
806.5111161524568 779.0
806.7617348387631 772.0
807.0123448591147 779.0
807.2629462130279 772.0
807.5135389000196 790.0
807.7641229196071 769.0
808.0146982713067 804.0
808.2652649546358 786.0
808.5158229691108 769.0
808.7663723142489 779.0
809.016912989567 787.0
809.2674449945815 768.0
809.5179683288098 778.0
809.7684829917686 761.0
810.0189889829746 770.0
810.269486301945 770.0
810.5199749481961 798.0
810.7704549212456 763.0
811.0209262206095 780.0
811.2713888458052 784.0
811.5218427963496 780.0
811.7722880717591 776.0
812.022724671551 773.0
812.2731525952421 780.0
812.5235718423493 766.0
812.7739824123893 783.0
813.0243843048788 779.0
813.2747775193352 792.0
813.5251620552749 773.0
813.7755379122152 781.0
814.0259050896724 789.0
814.276263587164 770.0
814.5266134042064 778.0
814.7769545403165 791.0
815.0272869950115 782.0
815.2776107678079 770.0
815.5279258582229 774.0
815.7782322657732 777.0
816.0285299899754 779.0
816.2788190303468 772.0
816.529099386404 795.0
816.7793710576641 776.0
817.0296340436439 768.0
817.2798883438601 793.0
817.5301339578298 768.0
817.7803708850694 756.0
818.0305991250964 773.0
818.2808186774273 776.0
818.531029541579 781.0
818.7812317170685 772.0
819.0314252034124 788.0
819.281610000128 771.0
819.5317861067317 768.0
819.7819535227408 774.0
820.0321122476719 792.0
820.2822622810417 788.0
820.5324036223675 789.0
820.7825362711658 776.0
821.0326602269538 773.0
821.2827754892483 777.0
821.5328820575656 764.0
821.7829799314234 777.0
822.033069110338 770.0
822.2831495938267 774.0
822.5332213814061 781.0
822.7832844725929 779.0
823.0333388669044 775.0
823.283384563857 774.0
823.533421562968 779.0
823.7834498637541 764.0
824.033469465732 779.0
824.2834803684189 771.0
824.5334825713311 772.0
824.7834760739862 766.0
825.0334608759005 764.0
825.2834369765912 782.0
825.5334043755751 768.0
825.7833630723688 776.0
826.0333130664897 771.0
826.2832543574541 763.0
826.5331869447793 775.0
826.783110827982 763.0
827.0330260065789 770.0
827.2829324800872 784.0
827.5328302480233 774.0
827.7827193099047 756.0
828.032599665248 776.0
828.2824713135695 793.0
828.532334254387 782.0
828.7821884872168 792.0
829.0320340115759 782.0
829.2818708269813 773.0
829.5316989329494 781.0
829.7815183289979 791.0
830.0313290146428 773.0
830.2811309894015 769.0
830.5309242527906 779.0
830.7807088043272 791.0
831.0304846435281 785.0
831.2802517699099 763.0
831.5300101829899 792.0
831.7797598822846 778.0
832.0295008673112 768.0
832.2792331375864 762.0
832.5289566926268 768.0
832.7786715319497 789.0
833.0283776550717 782.0
833.27807506151 782.0
833.5277637507811 769.0
833.7774437224018 774.0
834.0271149758895 769.0
834.2767775107606 776.0
834.526431326532 769.0
834.7760764227208 771.0
835.0257127988438 778.0
835.2753404544177 782.0
835.5249593889594 773.0
835.774569601986 770.0
836.0241710930143 780.0
836.2737638615607 771.0
836.5233479071428 771.0
836.7729232292768 760.0
837.0224898274802 783.0
837.2720477012693 781.0
837.5215968501614 806.0
837.7711372736733 789.0
838.0206689713215 781.0
838.2701919426232 790.0
838.5197061870952 779.0
838.7692117042545 778.0
839.0187084936177 785.0
839.2681965547017 773.0
839.5176758870236 763.0
839.7671464901001 772.0
840.0166083634483 774.0
840.2660615065847 761.0
840.5155059190262 779.0
840.7649416002901 785.0
841.0143685498927 770.0
841.2637867673512 777.0
841.5131962521828 784.0
841.7625970039035 774.0
842.0119890220308 774.0
842.2613723060813 789.0
842.5107468555723 777.0
842.76011267002 769.0
843.0094697489418 780.0
843.2588180918546 766.0
843.5081576982747 763.0
843.7574885677194 779.0
844.0068106997054 778.0
844.25612409375 781.0
844.5054287493696 777.0
844.754724666081 772.0
845.0040118434015 783.0
845.2532902808475 794.0
845.5025599779364 779.0
845.7518209341847 773.0
846.0010731491091 782.0
846.2503166222269 773.0
846.4995513530547 771.0
846.7487773411094 767.0
846.9979945859081 769.0
847.2472030869674 765.0
847.4964028438043 760.0
847.7455938559353 789.0
847.994776122878 784.0
848.2439496441485 780.0
848.4931144192642 757.0
848.7422704477419 773.0
848.9914177290981 782.0
849.2405562628502 773.0
849.4896860485144 778.0
849.7388070856083 780.0
849.9879193736485 777.0
850.2370229121515 784.0
850.4861177006346 766.0
850.7352037386146 777.0
850.9842810256082 773.0
851.2333495611326 782.0
851.482409344704 774.0
851.7314603758401 782.0
851.9805026540571 758.0
852.2295361788724 767.0
852.4785609498026 774.0
852.7275769663643 764.0
852.9765842280748 765.0
853.2255827344507 784.0
853.4745724850093 784.0
853.7235534792667 769.0
853.9725257167406 778.0
854.2214891969475 784.0
854.4704439194039 780.0
854.7193898836274 771.0
854.9683270891342 775.0
855.2172555354416 770.0
855.4661752220665 771.0
855.7150861485252 781.0
855.9639883143353 780.0
856.212881719013 766.0
856.4617663620759 771.0
856.7106422430403 774.0
856.9595093614231 781.0
857.2083677167415 766.0
857.4572173085119 787.0
857.7060581362517 779.0
857.9548901994776 768.0
858.2037134977061 770.0
858.4525280304546 773.0
858.7013337972394 779.0
858.950130797578 784.0
859.1989190309868 773.0
859.4476984969828 774.0
859.696469195083 772.0
859.9452311248039 773.0
860.1939842856627 786.0
860.4427286771763 767.0
860.6914642988615 763.0
860.9401911502351 786.0
861.1889092308139 788.0
861.437618540115 777.0
861.686319077655 788.0
861.935010842951 776.0
862.1836938355198 768.0
862.432368054878 768.0
862.6810335005429 770.0
862.9296901720311 778.0
863.1783380688596 776.0
863.4269771905452 781.0
863.6756075366046 782.0
863.9242291065551 763.0
864.1728418999131 768.0
864.4214459161959 763.0
864.6700411549201 776.0
864.9186276156024 767.0
865.1672052977602 786.0
865.4157742009098 795.0
865.6643343245685 791.0
865.9128856682528 774.0
866.1614282314799 774.0
866.4099620137665 771.0
866.6584870146295 775.0
866.9070032335858 773.0
867.155510670152 763.0
867.4040093238455 769.0
867.6524991941827 777.0
867.9009802806806 770.0
868.1494525828563 762.0
868.3979161002262 772.0
868.6463708323078 768.0
868.8948167786174 779.0
869.1432539386718 794.0
869.3916823119887 782.0
869.6401018980839 786.0
869.8885126964751 777.0
870.1369147066789 777.0
870.3853079282118 767.0
870.6336923605911 786.0
870.8820680033335 791.0
871.1304348559562 777.0
871.3787929179755 788.0
871.6271421889087 781.0
871.8754826682726 787.0
872.1238143555837 775.0
872.3721372503595 775.0
872.6204513521162 777.0
872.8687566603713 785.0
873.1170531746413 769.0
873.365340894443 771.0
873.6136198192935 776.0
873.8618899487094 763.0
874.110151282208 783.0
874.3584038193057 774.0
874.6066475595196 771.0
874.8548825023668 776.0
875.1031086473636 763.0
875.3513259940273 769.0
875.5995345418747 777.0
875.8477342904224 768.0
876.0959252391877 780.0
876.3441073876871 780.0
876.5922807354377 772.0
876.8404452819562 768.0
877.0886010267599 774.0
877.3367479693651 759.0
877.5848861092887 778.0
877.8330154460481 788.0
878.0811359791594 782.0
878.3292477081402 777.0
878.5773506325071 791.0
878.8254447517768 776.0
879.0735300654665 778.0
879.3216065730924 770.0
879.5696742741723 764.0
879.8177331682225 789.0
880.0657832547598 777.0
880.3138245333014 772.0
880.5618570033639 760.0
880.8098806644645 778.0
881.0578955161196 794.0
881.3059015578464 767.0
881.5538987891618 773.0
881.8018872095822 766.0
882.0498668186252 774.0
882.297837615807 784.0
882.5457996006451 768.0
882.7937527726558 763.0
883.041697131356 778.0
883.2896326762632 782.0
883.5375594068934 784.0
883.7854773227642 778.0
884.0333864233922 776.0
884.2812867082938 766.0
884.5291781769868 766.0
884.7770608289871 775.0
885.0249346638125 776.0
885.2727996809792 777.0
885.5206558800041 784.0
885.7685032604046 794.0
886.0163418216969 783.0
886.2641715633982 771.0
886.5119924850256 781.0
886.7598045860955 764.0
887.007607866125 781.0
887.2554023246308 772.0
887.5031879611303 772.0
887.7509647751398 778.0
887.9987327661763 765.0
888.2464919337567 779.0
888.4942422773979 766.0
888.7419837966169 771.0
888.9897164909302 762.0
889.2374403598551 772.0
889.4851554029083 775.0
889.7328616196063 759.0
889.9805590094667 756.0
890.2282475720056 777.0
890.4759273067405 769.0
890.7235982131879 774.0
890.9712602908646 762.0
891.218913539288 774.0
891.4665579579743 762.0
891.7141935464408 763.0
891.9618203042044 760.0
892.2094382307815 777.0
892.4570473256895 773.0
892.7046475884449 780.0
892.9522390185649 755.0
893.1998216155661 769.0
893.4473953789653 772.0
893.6949603082797 780.0
893.9425164030258 771.0
894.1900636627211 779.0
894.4376020868815 765.0
894.6851316750246 769.0
894.9326524266672 782.0
895.1801643413257 759.0
895.4276674185177 769.0
895.6751616577593 773.0
895.922647058568 773.0
896.1701236204603 778.0
896.4175913429531 766.0
896.6650502255636 769.0
896.912500267808 762.0
897.159941469204 775.0
897.4073738292678 773.0
897.6547973475165 774.0
897.9022120234671 774.0
898.1496178566362 762.0
898.3970148465409 773.0
898.644402992698 777.0
898.8917822946241 782.0
899.1391527518367 780.0
899.386514363852 781.0
899.6338671301874 769.0
899.8812110503592 785.0
900.1285461238849 775.0
900.375872350281 769.0
900.6231897290643 767.0
900.8704982597519 770.0
901.1177979418604 761.0
901.3650887749071 775.0
901.6123707584086 771.0
901.8596438918815 758.0
902.106908174843 773.0
902.35416360681 777.0
902.6014101872993 780.0
902.8486479158278 784.0
903.095876791912 780.0
903.3430968150694 780.0
903.5903079848164 776.0
903.83751030067 789.0
904.0847037621473 774.0
904.3318883687646 769.0
904.5790641200394 774.0
904.826231015488 770.0
905.0733890546279 778.0
905.3205382369753 770.0
905.5676785620476 781.0
905.8148100293615 768.0
906.0619326384336 768.0
906.3090463887813 783.0
906.5561512799208 774.0
906.8032473113697 765.0
907.0503344826443 767.0
907.2974127932616 766.0
907.5444822427387 780.0
907.7915428305921 773.0
908.038594556339 768.0
908.2856374194963 774.0
908.5326714195803 762.0
908.7796965561088 769.0
909.0267128285976 771.0
909.2737202365645 778.0
909.520718779526 781.0
909.7677084569985 768.0
910.0146892684998 772.0
910.261661213546 780.0
910.5086242916544 759.0
910.7555785023416 771.0
911.0025238451248 792.0
911.2494603195206 788.0
911.4963879250456 782.0
911.7433066612174 765.0
911.9902165275522 759.0
912.2371175235672 763.0
912.4840096487795 772.0
912.7308929027052 786.0
912.9777672848619 786.0
913.2246327947661 770.0
913.4714894319347 771.0
913.7183371958849 761.0
913.965176086133 785.0
914.2120061021965 777.0
914.4588272435916 776.0
914.7056395098358 785.0
914.9524429004457 770.0
915.1992374149379 774.0
915.4460230528298 754.0
915.6927998136375 778.0
915.9395676968788 779.0
916.1863267020701 789.0
916.4330768287281 784.0
916.67981807637 792.0
916.9265504445123 784.0
917.1732739326723 788.0
917.4199885403666 779.0
917.6666942671121 779.0
917.9133911124259 772.0
918.1600790758242 771.0
918.4067581568248 774.0
918.6534283549438 766.0
918.9000896696987 766.0
919.1467421006058 759.0
919.3933856471822 776.0
919.6400203089449 789.0
919.8866460854103 773.0
920.1332629760961 774.0
920.3798709805186 778.0
920.6264700981943 789.0
920.8730603286409 777.0
921.1196416713748 780.0
921.3662141259131 782.0
921.6127776917724 777.0
921.8593323684695 786.0
922.1058781555217 779.0
922.3524150524454 776.0
922.598943058758 762.0
922.8454621739758 772.0
923.0919723976159 766.0
923.3384737291954 777.0
923.5849661682307 778.0
923.8314497142393 775.0
924.0779243667373 782.0
924.3243901252423 771.0
924.5708469892709 778.0
924.8172949583395 774.0
925.0637340319656 787.0
925.3101642096658 770.0
925.5565854909571 778.0
925.8029978753563 777.0
926.04940136238 764.0
926.2957959515456 768.0
926.5421816423694 771.0
926.7885584343687 783.0
927.0349263270604 787.0
927.281285319961 776.0
927.5276354125876 774.0
927.7739766044568 768.0
928.020308895086 762.0
928.2666322839915 770.0
928.5129467706906 782.0
928.7592523547 782.0
929.0055490355364 782.0
929.2518368127171 771.0
929.4981156857584 781.0
929.7443856541778 771.0
929.9906467174917 777.0
930.2368988752169 772.0
930.4831421268707 780.0
930.7293764719695 778.0
930.9756019100306 774.0
931.2218184405708 770.0
931.4680260631065 762.0
931.7142247771553 768.0
931.9604145822334 776.0
932.2065954778582 773.0
932.4527674635461 772.0
932.6989305388141 773.0
932.9450847031794 774.0
933.1912299561584 776.0
933.4373662972685 768.0
933.6834937260257 758.0
933.929612241948 765.0
934.1757218445516 772.0
934.4218225333533 761.0
934.6679143078701 769.0
934.913997167619 776.0
935.1600711121167 777.0
935.4061361408803 775.0
935.6521922534262 782.0
935.8982394492718 784.0
936.1442777279336 771.0
936.3903070889288 771.0
936.636327531774 790.0
936.882339055986 782.0
937.128341661082 778.0
937.3743353465785 767.0
937.6203201119927 786.0
937.8662959568414 777.0
938.1122628806411 764.0
938.3582208829092 772.0
938.6041699631621 768.0
938.8501101209171 782.0
939.0960413556905 773.0
939.341963667 786.0
939.5878770543618 782.0
939.8337815172929 773.0
940.0796770553103 779.0
940.3255636679306 767.0
940.5714413546712 775.0
940.8173101150486 774.0
941.0631699485793 772.0
941.309020854781 774.0
941.5548628331699 781.0
941.8006958832632 770.0
942.0465200045778 780.0
942.2923351966301 779.0
942.5381414589376 770.0
942.7839387910167 781.0
943.0297271923846 776.0
943.275506662558 761.0
943.5212772010536 766.0
943.7670388073888 762.0
944.0127914810797 763.0
944.2585352216438 781.0
944.504270028598 778.0
944.7499959014584 777.0
944.9957128397427 780.0
945.2414208429674 771.0
945.4871199106495 768.0
945.7328100423057 775.0
945.978491237453 755.0
946.2241634956084 773.0
946.4698268162882 774.0
946.71548119901 765.0
946.9611266432901 767.0
947.2067631486459 780.0
947.4523907145939 767.0
947.6980093406509 781.0
947.943619026334 778.0
948.1892197711599 771.0
948.4348115746456 772.0
948.680394436308 781.0
948.9259683556636 782.0
949.17153333223 776.0
949.4170893655231 788.0
949.6626364550607 774.0
949.9081746003591 764.0
950.1537038009352 762.0
950.3992240563063 773.0
950.6447353659886 784.0
950.8902377294995 762.0
951.1357311463555 777.0
951.381215616074 787.0
951.6266911381715 763.0
951.8721577121647 754.0
952.1176153375708 764.0
952.3630640139064 757.0
952.6085037406887 776.0
952.8539345174344 754.0
953.09935634366 765.0
953.3447692188829 765.0
953.5901731426196 765.0
953.8355681143876 770.0
954.080954133703 773.0
954.326331200083 770.0
954.5716993130445 769.0
954.8170584721041 775.0
955.0624086767792 776.0
955.3077499265863 777.0
955.5530822210421 776.0
955.798405559664 769.0
956.0437199419682 781.0
956.2890253674723 769.0
956.5343218356925 763.0
956.7796093461461 771.0
957.02488789835 780.0
957.2701574918206 762.0
957.5154181260752 771.0
957.7606698006304 767.0
958.0059125150034 758.0
958.2511462687107 787.0
958.4963710612694 792.0
958.7415868921963 777.0
958.9867937610082 772.0
959.2319916672224 770.0
959.4771806103552 768.0
959.7223605899235 766.0
959.9675316054446 788.0
960.2126936564348 767.0
960.4578467424116 783.0
960.7029908628915 775.0
960.9481260173911 759.0
961.193252205428 769.0
961.4383694265184 770.0
961.6834776801796 774.0
961.9285769659282 782.0
962.1736672832812 793.0
962.4187486317555 770.0
962.6638210108677 770.0
962.908884420135 777.0
963.153938859074 769.0
963.3989843272019 776.0
963.6440208240352 770.0
963.889048349091 776.0
964.1340669018862 769.0
964.3790764819373 773.0
964.6240770887617 780.0
964.8690687218761 773.0
965.114051380797 763.0
965.3590250650417 779.0
965.6039897741268 770.0
965.8489455075695 763.0
966.0938922648864 772.0
966.3388300455941 765.0
966.5837588492103 786.0
966.8286786752509 771.0
967.0735895232334 781.0
967.3184913926743 782.0
967.5633842830911 785.0
967.808268194 788.0
968.0531431249179 773.0
968.2980090753622 779.0
968.5428660448491 772.0
968.7877140328961 777.0
969.0325530390197 766.0
969.2773830627367 787.0
969.5222041035643 774.0
969.7670161610189 777.0
970.0118192346179 782.0
970.2566133238779 774.0
970.5013984283155 769.0
970.746174547448 777.0
970.990941680792 768.0
971.2356998278649 769.0
971.480448988183 783.0
971.725189161263 770.0
971.9699203466223 772.0
972.2146425437775 774.0
972.4593557522456 782.0
972.7040599715434 775.0
972.9487552011876 776.0
973.1934414406954 774.0
973.4381186895833 778.0
973.6827869473685 775.0
973.9274462135677 776.0
974.1720964876979 783.0
974.4167377692759 786.0
974.6613700578182 777.0
974.9059933528424 778.0
975.1506076538647 784.0
975.3952129604023 768.0
975.6398092719721 776.0
975.8843965880908 779.0
976.1289749082755 793.0
976.3735442320426 768.0
976.6181045589096 782.0
976.862655888393 757.0
977.1071982200094 757.0
977.3517315532764 772.0
977.5962558877101 774.0
977.840771222828 778.0
978.0852775581467 768.0
978.3297748931827 774.0
978.5742632274536 784.0
978.8187425604756 771.0
979.063212891766 757.0
979.3076742208415 777.0
979.5521265472191 788.0
979.7965698704156 782.0
980.0410041899477 774.0
980.2854295053326 753.0
980.5298458160865 778.0
980.7742531217272 780.0
981.0186514217711 770.0
981.2630407157347 766.0
981.5074210031356 780.0
981.7517922834901 773.0
981.9961545563154 779.0
982.2405078211283 777.0
982.4848520774455 777.0
982.729187324784 769.0
982.9735135626606 775.0
983.2178307905924 771.0
983.4621390080961 770.0
983.7064382146882 781.0
983.9507284098863 774.0
984.1950095932067 776.0
984.4392817641666 777.0
984.6835449222825 782.0
984.9277990670716 784.0
985.1720441980509 781.0
985.4162803147366 775.0
985.6605074166464 769.0
985.9047255032964 758.0
986.1489345742042 777.0
986.3931346288863 775.0
986.6373256668593 788.0
986.8815076876406 779.0
987.1256806907464 787.0
987.3698446756944 766.0
987.613999642001 775.0
987.8581455891829 778.0
988.1022825167574 777.0
988.3464104242408 763.0
988.5905293111508 769.0
988.8346391770036 770.0
989.0787400213161 768.0
989.3228318436055 770.0
989.5669146433884 777.0
989.8109884201817 788.0
990.0550531735024 786.0
990.2991089028674 777.0
990.5431556077934 774.0
990.7871932877973 767.0
991.031221942396 761.0
991.2752415711062 773.0
991.5192521734452 789.0
991.7632537489297 767.0
992.0072462970761 788.0
992.251229817402 780.0
992.4952043094236 786.0
992.7391697726582 781.0
992.9831262066227 771.0
993.2270736108336 787.0
993.4710119848082 784.0
993.7149413280629 759.0
993.958861640115 774.0
994.2027729204812 768.0
994.4466751686781 765.0
994.6905683842231 761.0
994.9344525666326 760.0
995.1783277154237 768.0
995.4221938301132 785.0
995.6660509102181 782.0
995.9098989552552 784.0
996.1537379647411 768.0
996.3975679381932 774.0
996.6413888751279 781.0
996.8852007750622 786.0
997.1290036375133 776.0
997.3727974619973 779.0
997.6165822480319 769.0
997.8603579951333 787.0
998.104124702819 774.0
998.3478823706055 776.0
998.5916309980095 779.0
998.8353705845483 788.0
999.0791011297383 775.0
999.3228226330968 779.0
999.5665350941406 778.0
999.8102385123861 777.0
1000.0539328873509 763.0
1000.2976182185512 757.0
1000.5412945055043 760.0
1000.7849617477269 779.0
1001.0286199447357 777.0
1001.2722690960481 767.0
1001.5159092011804 774.0
1001.75954025965 776.0
1002.003162270973 770.0
1002.246775234667 768.0
1002.4903791502487 786.0
1002.7339740172346 763.0
1002.9775598351421 784.0
1003.2211366034876 778.0
1003.4647043217884 768.0
1003.7082629895611 756.0
1003.9518126063224 788.0
1004.1953531715895 787.0
1004.4388846848791 768.0
1004.6824071457083 774.0
1004.9259205535938 778.0
1005.1694249080521 770.0
1005.4129202086007 776.0
1005.6564064547559 763.0
1005.8998836460353 779.0
1006.1433517819551 794.0
1006.3868108620323 777.0
1006.6302608857841 770.0
1006.8737018527269 760.0
1007.1171337623779 780.0
1007.3605566142537 781.0
1007.6039704078715 780.0
1007.8473751427481 770.0
1008.0907708184001 762.0
1008.3341574343445 758.0
1008.5775349900982 771.0
1008.8209034851784 765.0
1009.0642629191013 772.0
1009.3076132913841 778.0
1009.5509546015439 779.0
1009.7942868490973 785.0
1010.0376100335611 771.0
1010.2809241544525 770.0
1010.5242292112879 776.0
1010.7675252035845 773.0
1011.010812130859 777.0
1011.2540899926286 792.0
1011.4973587884098 777.0
1011.7406185177194 787.0
1011.9838691800747 789.0
1012.2271107749921 768.0
1012.470343301989 765.0
1012.7135667605817 776.0
1012.9567811502875 772.0
1013.1999864706231 771.0
1013.4431827211052 775.0
1013.686369901251 781.0
1013.929548010577 775.0
1014.1727170486006 774.0
1014.4158770148383 775.0
1014.6590279088067 770.0
1014.9021697300233 772.0
1015.1453024780044 772.0
1015.3884261522674 771.0
1015.6315407523286 772.0
1015.8746462777051 781.0
1016.1177427279141 773.0
1016.3608301024719 772.0
1016.603908400896 787.0
1016.8469776227028 776.0
1017.0900377674091 769.0
1017.3330888345322 761.0
1017.5761308235883 776.0
1017.8191637340951 781.0
1018.0621875655689 774.0
1018.3052023175269 783.0
1018.5482079894858 775.0
1018.7912045809622 776.0
1019.0341920914735 770.0
1019.2771705205361 771.0
1019.5201398676672 777.0
1019.7631001323837 767.0
1020.006051314202 770.0
1020.2489934126395 769.0
1020.4919264272125 786.0
1020.7348503574386 790.0
1020.9777652028342 776.0
1021.2206709629161 776.0
1021.4635676372014 780.0
1021.7064552252067 771.0
1021.9493337264495 789.0
1022.1922031404459 769.0
1022.4350634667132 770.0
1022.6779147047681 761.0
1022.9207568541273 774.0
1023.1635899143083 764.0
1023.4064138848273 765.0
1023.6492287652015 773.0
1023.8920345549478 769.0
1024.134831253583 758.0
1024.377618860624 783.0
1024.6203973755871 769.0
1024.8631667979898 777.0
1025.1059271273493 770.0
1025.3486783631818 778.0
1025.5914205050044 784.0
1025.8341535523336 770.0
1026.076877504687 786.0
1026.3195923615808 776.0
1026.5622981225324 775.0
1026.8049947870584 768.0
1027.0476823546753 790.0
1027.2903608249007 778.0
1027.5330301972513 768.0
1027.7756904712435 779.0
1028.0183416463947 777.0
1028.260983722221 777.0
1028.5036166982402 782.0
1028.7462405739689 775.0
1028.9888553489234 783.0
1029.2314610226213 772.0
1029.474057594579 769.0
1029.7166450643138 768.0
1029.9592234313418 774.0
1030.2017926951808 784.0
1030.4443528553472 771.0
1030.6869039113576 770.0
1030.9294458627296 783.0
1031.1719787089794 767.0
1031.414502449624 773.0
1031.6570170841808 767.0
1031.8995226121658 758.0
1032.1420190330966 769.0
1032.3845063464896 763.0
1032.6269845518618 772.0
1032.8694536487305 781.0
1033.111913636612 773.0
1033.3543645150232 779.0
1033.596806283481 780.0
1033.8392389415026 781.0
1034.081662488605 777.0
1034.324076924304 778.0
1034.566482248118 769.0
1034.8088784595625 782.0
1035.0512655581551 776.0
1035.2936435434124 774.0
1035.5360124148515 788.0
1035.778372171989 776.0
1036.020722814342 771.0
1036.2630643414275 770.0
1036.5053967527615 791.0
1036.7477200478622 778.0
1036.9900342262456 790.0
1037.2323392874284 788.0
1037.4746352309282 767.0
1037.7169220562612 769.0
1037.9591997629448 770.0
1038.2014683504956 771.0
1038.4437278184303 761.0
1038.685978166266 766.0
1038.9282193935196 769.0
1039.170451499708 767.0
1039.4126744843477 771.0
1039.6548883469559 759.0
1039.8970930870496 763.0
1040.1392887041452 782.0
1040.3814751977598 793.0
1040.6236525674105 785.0
1040.8658208126137 773.0
1041.107979932887 760.0
1041.3501299277466 770.0
1041.5922707967095 765.0
1041.8344025392926 768.0
1042.0765251550129 773.0
1042.3186386433872 774.0
1042.5607430039322 772.0
1042.802838236165 779.0
1043.0449243396022 776.0
1043.2870013137613 772.0
1043.5290691581586 769.0
1043.7711278723107 766.0
1044.013177455735 774.0
1044.2552179079482 775.0
1044.4972492284676 780.0
1044.7392714168093 768.0
1044.9812844724902 772.0
1045.223288395028 782.0
1045.4652831839387 778.0
1045.70726883874 774.0
1045.949245358948 771.0
1046.1912127440798 782.0
1046.4331709936528 778.0
1046.675120107183 778.0
1046.9170600841878 793.0
1047.1589909241836 781.0
1047.400912626688 769.0
1047.6428251912175 777.0
1047.8847286172886 764.0
1048.1266229044188 760.0
1048.3685080521243 764.0
1048.6103840599228 770.0
1048.8522509273307 781.0
1049.0941086538646 775.0
1049.3359572390418 770.0
1049.577796682379 779.0
1049.819626983393 773.0
1050.061448141601 766.0
1050.3032601565194 786.0
1050.5450630276655 788.0
1050.7868567545556 777.0
1051.0286413367073 780.0
1051.270416773637 750.0
1051.5121830648616 778.0
1051.7539402098982 766.0
1051.9956882082631 786.0
1052.237427059474 781.0
1052.479156763047 787.0
1052.7208773184996 775.0
1052.9625887253483 770.0
1053.2042909831098 782.0
1053.4459840913016 772.0
1053.6876680494397 774.0
1053.929342857042 790.0
1054.1710085136244 788.0
1054.4126650187043 775.0
1054.6543123717986 776.0
1054.8959505724238 770.0
1055.1375796200969 781.0
1055.3791995143351 774.0
1055.620810254655 780.0
1055.8624118405735 775.0
1056.1040042716074 774.0
1056.3455875472737 786.0
1056.5871616670893 768.0
1056.8287266305706 776.0
1057.070282437235 785.0
1057.3118290865991 769.0
1057.5533665781802 776.0
1057.7948949114943 765.0
1058.0364140860593 785.0
1058.2779241013916 782.0
1058.5194249570077 785.0
1058.760916652425 769.0
1059.0023991871599 775.0
1059.24387256073 783.0
1059.4853367726514 779.0
1059.7267918224413 766.0
1059.968237709617 764.0
1060.2096744336943 765.0
1060.451101994191 758.0
1060.6925203906237 758.0
1060.933929622509 772.0
1061.1753296893642 778.0
1061.4167205907056 764.0
1061.6581023260508 762.0
1061.8994748949162 777.0
1062.1408382968189 766.0
1062.3821925312755 797.0
1062.6235375978026 790.0
1062.8648734959181 778.0
1063.1062002251376 770.0
1063.3475177849793 768.0
1063.588826174959 768.0
1063.830125394594 775.0
1064.0714154434013 783.0
1064.312696320897 770.0
1064.553968026599 769.0
1064.7952305600238 774.0
1065.036483920688 773.0
1065.2777281081087 781.0
1065.5189631218025 775.0
1065.7601889612868 775.0
1066.001405626078 766.0
1066.2426131156928 774.0
1066.4838114296492 770.0
1066.7250005674625 764.0
1066.9661805286507 782.0
1067.2073513127305 770.0
1067.4485129192178 786.0
1067.689665347631 774.0
1067.9308085974856 771.0
1068.1719426682996 768.0
1068.413067559589 754.0
1068.654183270871 772.0
1068.8952898016628 779.0
1069.1363871514804 775.0
1069.3774753198418 775.0
1069.618554306263 775.0
1069.8596241102612 784.0
1070.100684731353 777.0
1070.3417361690556 769.0
1070.582778422886 790.0
1070.8238114923604 781.0
1071.0648353769964 773.0
1071.3058500763104 774.0
1071.5468555898192 779.0
1071.7878519170404 785.0
1072.02883905749 779.0
1072.2698170106853 765.0
1072.5107857761434 776.0
1072.75174535338 772.0
1072.9926957419138 782.0
1073.23363694126 769.0
1073.4745689509368 781.0
1073.7154917704597 788.0
1073.9564053993467 771.0
1074.1973098371145 765.0
1074.4382050832794 771.0
1074.6790911373587 780.0
1074.9199679988692 776.0
1075.1608356673278 778.0
1075.4016941422512 772.0
1075.6425434231562 764.0
1075.8833835095604 776.0
1076.1242144009796 757.0
1076.3650360969316 770.0
1076.6058485969324 777.0
1076.8466519004996 771.0
1077.0874460071498 774.0
1077.3282309163997 758.0
1077.5690066277664 758.0
1077.8097731407665 788.0
1078.0505304549172 768.0
1078.2912785697354 756.0
1078.5320174847377 766.0
1078.772747199441 778.0
1079.0134677133622 769.0
1079.2541790260184 774.0
1079.4948811369263 773.0
1079.7355740456023 750.0
1079.9762577515642 772.0
1080.2169322543277 771.0
1080.4575975534112 770.0
1080.6982536483301 762.0
1080.9389005386022 784.0
1081.179538223744 770.0
1081.4201667032721 763.0
1081.6607859767041 784.0
1081.9013960435564 774.0
1082.1419969033457 769.0
1082.382588555589 765.0
1082.6231709998035 760.0
1082.863744235506 774.0
1083.104308262213 768.0
1083.3448630794412 771.0
1083.5854086867082 774.0
1083.8259450835303 773.0
1084.0664722694248 770.0
1084.306990243908 780.0
1084.5474990064974 779.0
1084.7879985567097 770.0
1085.0284888940612 783.0
1085.2689700180695 772.0
1085.509441928251 775.0
1085.749904624123 772.0
1085.990358105202 785.0
1086.2308023710048 772.0
1086.4712374210485 778.0
1086.71166325485 768.0
1086.9520798719261 783.0
1087.1924872717937 769.0
1087.4328854539694 771.0
1087.6732744179706 780.0
1087.9136541633134 768.0
1088.1540246895156 782.0
1088.3943859960934 780.0
1088.6347380825637 772.0
1088.8750809484436 768.0
1089.1154145932499 783.0
1089.3557390164995 774.0
1089.5960542177095 773.0
1089.836360196396 784.0
1090.0766569520767 782.0
1090.3169444842679 753.0
1090.557222792487 761.0
1090.7974918762502 781.0
1091.037751735075 782.0
1091.2780023684782 782.0
1091.518243775976 769.0
1091.7584759570861 748.0
1091.9986989113247 763.0
1092.2389126382093 768.0
1092.4791171372563 780.0
1092.7193124079827 764.0
1092.9594984499054 768.0
1093.1996752625412 770.0
1093.4398428454072 774.0
1093.68000119802 776.0
1093.9201503198965 771.0
1094.1602902105537 785.0
1094.4004208695083 792.0
1094.6405422962773 778.0
1094.8806544903778 777.0
1095.120757451326 775.0
1095.3608511786392 778.0
1095.6009356718341 779.0
1095.8410109304282 748.0
1096.0810769539376 758.0
1096.3211337418795 765.0
1096.5611812937707 782.0
1096.8012196091279 763.0
1097.0412486874682 771.0
1097.2812685283084 780.0
1097.5212791311658 773.0
1097.7612804955563 784.0
1098.0012726209975 780.0
1098.2412555070064 765.0
1098.4812291530989 764.0
1098.721193558793 757.0
1098.961148723605 774.0
1099.2010946470518 763.0
1099.4410313286503 757.0
1099.6809587679172 772.0
1099.92087696437 780.0
1100.1607859175251 782.0
1100.400685626899 778.0
1100.640576092009 772.0
1100.880457312372 773.0
1101.1203292875052 776.0
1101.3601920169247 777.0
1101.6000455001479 762.0
1101.8398897366915 753.0
1102.079724726072 762.0
1102.3195504678072 778.0
1102.559366961413 779.0
1102.7991742064069 786.0
1103.0389722023056 778.0
1103.2787609486254 775.0
1103.5185404448844 787.0
1103.7583106905984 767.0
1103.9980716852845 778.0
1104.23782342846 774.0
1104.4775659196412 772.0
1104.7172991583454 763.0
1104.9570231440887 775.0
1105.1967378763893 772.0
1105.436443354763 773.0
1105.6761395787273 755.0
1105.9158265477986 776.0
1106.1555042614937 775.0
1106.3951727193298 765.0
1106.6348319208234 759.0
1106.8744818654923 776.0
1107.1141225528525 772.0
1107.3537539824208 786.0
1107.5933761537144 788.0
1107.8329890662503 777.0
1108.072592719545 782.0
1108.3121871131157 768.0
1108.551772246479 774.0
1108.7913481191517 767.0
1109.030914730651 781.0
1109.2704720804938 783.0
1109.5100201681967 775.0
1109.7495589932764 781.0
1109.9890885552504 768.0
1110.2286088536348 769.0
1110.4681198879473 771.0
1110.707621657704 787.0
1110.9471141624224 763.0
1111.1865974016187 773.0
1111.4260713748101 780.0
1111.665536081514 780.0
1111.9049915212463 775.0
1112.1444376935244 759.0
1112.3838745978653 770.0
1112.6233022337854 759.0
1112.8627206008023 771.0
1113.102129698432 772.0
1113.3415295261918 766.0
1113.5809200835986 774.0
1113.820301370169 785.0
1114.0596733854206 785.0
1114.2990361288694 764.0
1114.5383896000326 767.0
1114.7777337984273 779.0
1115.0170687235698 778.0
1115.2563943749778 759.0
1115.4957107521673 782.0
1115.7350178546556 784.0
1115.9743156819598 772.0
1116.213604233596 789.0
1116.452883509082 777.0
1116.692153507934 769.0
1116.9314142296694 766.0
1117.1706656738045 762.0
1117.4099078398563 762.0
1117.6491407273422 771.0
1117.8883643357783 772.0
1118.1275786646822 763.0
1118.36678371357 777.0
1118.6059794819594 780.0
1118.8451659693665 776.0
1119.0843431753085 775.0
1119.3235110993026 786.0
1119.5626697408647 787.0
1119.8018190995128 768.0
1120.0409591747637 784.0
1120.2800899661331 770.0
1120.519211473139 781.0
1120.7583236952978 761.0
1120.9974266321262 774.0
1121.236520283142 769.0
1121.4756046478608 770.0
1121.7146797258001 769.0
1121.9537455164768 777.0
1122.192802019408 773.0
1122.4318492341101 789.0
1122.6708871601 777.0
1122.909915796895 765.0
1123.1489351440111 775.0
1123.3879452009662 766.0
1123.6269459672762 785.0
1123.865937442459 776.0
1124.1049196260308 767.0
1124.3438925175087 776.0
