shot=46_gas=Ne_height=80_RF=150.2W_massflow=8000_coils=80.1A_HR4000 spectrum
Wavelength [nm] // Intensity [u.a.] 
194.93414 776.0
195.2037815346219 758.0
195.47341553816543 785.0
195.74304201014752 757.0
196.012660950085 777.0
196.28227235749478 777.0
196.55187623189366 793.0
196.82147257279857 790.0
197.09106137972637 780.0
197.36064265219392 768.0
197.63021638971804 763.0
197.89978259181567 766.0
198.16934125800364 774.0
198.43889238779886 754.0
198.7084359807181 759.0
198.97797203627835 756.0
199.2475005539964 771.0
199.51702153338914 766.0
199.78653497397343 772.0
200.05604087526618 772.0
200.3255392367842 759.0
200.59503005804436 760.0
200.8645133385636 763.0
201.1339890778587 786.0
201.4034572754466 778.0
201.67291793084408 780.0
201.94237104356813 781.0
202.21181661313554 787.0
202.48125463906314 778.0
202.7506851208679 784.0
203.02010805806663 773.0
203.28952345017618 769.0
203.55893129671344 763.0
203.8283315971953 784.0
204.0977243511386 774.0
204.3671095580602 778.0
204.636487217477 778.0
204.90585732890585 778.0
205.17521989186366 765.0
205.44457490586717 782.0
205.7139223704334 776.0
205.98326228507918 796.0
206.2525946493213 763.0
206.5219194626767 768.0
206.79123672466224 765.0
207.06054643479476 779.0
207.32984859259116 777.0
207.59914319756828 774.0
207.86843024924303 784.0
208.13770974713225 768.0
208.40698169075276 777.0
208.6762460796215 784.0
208.94550291325532 777.0
209.2147521911711 769.0
209.48399391288567 772.0
209.75322807791594 766.0
210.02245468577874 786.0
210.29167373599094 773.0
210.56088522806942 766.0
210.83008916153108 770.0
211.09928553589276 778.0
211.3684743506713 784.0
211.63765560538363 767.0
211.9068292995466 787.0
212.175995432677 772.0
212.44515400429182 779.0
212.71430501390782 780.0
212.98344846104192 785.0
213.25258434521103 791.0
213.52171266593191 781.0
213.79083342272153 783.0
214.05994661509675 772.0
214.3290522425744 775.0
214.5981503046713 785.0
214.8672408009044 772.0
215.13632373079054 782.0
215.4053990938466 792.0
215.6744668895894 764.0
215.94352711753592 783.0
216.21257977720293 792.0
216.48162486810728 778.0
216.7506623897659 777.0
217.01969234169565 776.0
217.2887147234134 771.0
217.55772953443596 777.0
217.82673677428028 780.0
218.0957364424632 787.0
218.36472853850154 777.0
218.6337130619122 789.0
218.9026900122121 795.0
219.17165938891804 786.0
219.4406211915469 769.0
219.70957541961562 769.0
219.97852207264097 761.0
220.24746115013983 780.0
220.5163926516291 784.0
220.78531657662566 784.0
221.05423292464639 763.0
221.32314169520808 762.0
221.59204288782766 787.0
221.860936502022 784.0
222.12982253730797 771.0
222.39870099320237 779.0
222.66757186922214 784.0
222.93643516488416 771.0
223.20529087970525 788.0
223.47413901320226 759.0
223.74297956489212 768.0
224.01181253429166 766.0
224.28063792091777 775.0
224.5494557242873 771.0
224.8182659439171 785.0
225.08706857932413 787.0
225.35586363002508 777.0
225.62465109553705 785.0
225.89343097537673 780.0
226.16220326906105 792.0
226.43096797610687 776.0
226.69972509603105 773.0
226.9684746283505 780.0
227.237216572582 776.0
227.50595092824256 785.0
227.7746776948489 772.0
228.04339687191796 758.0
228.31210845896663 796.0
228.5808124555117 789.0
228.84950886107015 787.0
229.11819767515877 776.0
229.38687889729442 762.0
229.65555252699397 778.0
229.92421856377433 778.0
230.1928770071524 781.0
230.46152785664492 773.0
230.73017111176884 778.0
230.99880677204106 786.0
231.26743483697837 773.0
231.53605530609772 777.0
231.8046681789159 758.0
232.07327345494983 772.0
232.34187113371638 776.0
232.61046121473237 787.0
232.87904369751473 778.0
233.14761858158028 778.0
233.41618586644586 777.0
233.68474555162845 773.0
233.95329763664483 772.0
234.2218421210119 773.0
234.49037900424648 780.0
234.7589082858655 784.0
235.02742996538583 782.0
235.29594404232427 763.0
235.56445051619772 787.0
235.8329493865231 796.0
236.10144065281722 777.0
236.36992431459691 772.0
236.63840037137916 783.0
236.9068688226808 785.0
237.1753296680186 772.0
237.44378290690955 779.0
237.7122285388704 782.0
237.9806665634181 784.0
238.24909698006957 787.0
238.51751978834153 798.0
238.78593498775095 762.0
239.0543425778147 777.0
239.32274255804958 760.0
239.59113492797255 781.0
239.8595196871004 777.0
240.12789683495004 786.0
240.3962663710383 777.0
240.66462829488208 768.0
240.93298260599826 787.0
241.2013293039037 784.0
241.46966838811522 771.0
241.73799985814978 755.0
242.00632371352418 777.0
242.27463995375527 798.0
242.54294857835998 788.0
242.81124958685515 769.0
243.07954297875764 774.0
243.34782875358434 780.0
243.61610691085207 785.0
243.88437745007772 785.0
244.15264037077822 788.0
244.42089567247035 786.0
244.68914335467105 770.0
244.95738341689716 765.0
245.2256158586655 775.0
245.493840679493 788.0
245.76205787889654 786.0
246.03026745639292 776.0
246.29846941149904 780.0
246.5666637437318 770.0
246.834850452608 771.0
247.1030295376446 779.0
247.37120099835838 777.0
247.63936483426627 774.0
247.9075210448851 769.0
248.17566962973177 765.0
248.4438105883231 766.0
248.71194392017603 781.0
248.98006962480733 769.0
249.248187701734 769.0
249.51629815047275 772.0
249.78440097054056 786.0
250.05249616145431 764.0
250.32058372273076 766.0
250.5886636538869 785.0
250.85673595443953 779.0
251.12480062390551 771.0
251.39285766180177 768.0
251.6609070676451 773.0
251.92894884095242 774.0
252.19698298124058 782.0
252.46500948802645 769.0
252.73302836082692 756.0
253.00103959915882 788.0
253.26904320253902 784.0
253.53703917048443 776.0
253.80502750251188 750.0
254.07300819813827 781.0
254.34098125688044 778.0
254.60894667825525 787.0
254.87690446177962 775.0
255.14485460697037 784.0
255.41279711334434 776.0
255.6807319804185 782.0
255.94865920770962 784.0
256.2165787947346 795.0
256.48449074101035 770.0
256.75239504605366 767.0
257.02029170938147 776.0
257.28818073051065 766.0
257.556062108958 779.0
257.8239358442404 778.0
258.0918019358748 778.0
258.35966038337796 806.0
258.6275111862668 774.0
258.8953543440582 773.0
259.163189856269 776.0
259.4310177224162 777.0
259.6988379420164 792.0
259.9666505145867 780.0
260.23445543964385 775.0
260.50225271670473 782.0
260.77004234528624 779.0
261.03782432490533 784.0
261.3055986550787 772.0
261.5733653353234 765.0
261.8411243651561 780.0
262.1088757440937 776.0
262.37661947165327 779.0
262.6443555473515 778.0
262.9120839707053 762.0
263.1798047412315 780.0
263.44751785844704 764.0
263.7152233218687 783.0
263.98292113101354 780.0
264.2506112853982 778.0
264.51829378453965 787.0
264.7859686279547 783.0
265.05363581516025 774.0
265.32129534567326 789.0
265.5889472190105 781.0
265.8565914346889 773.0
266.1242279922252 774.0
266.39185689113634 780.0
266.65947813093925 786.0
266.9270917111508 778.0
267.19469763128774 780.0
267.46229589086704 774.0
267.72988648940554 771.0
267.9974694264201 774.0
268.2650447014276 760.0
268.53261231394487 768.0
268.80017226348883 768.0
269.0677245495763 761.0
269.3352691717242 775.0
269.60280612944933 781.0
269.8703354222686 773.0
270.13785704969894 769.0
270.40537101125716 774.0
270.67287730646007 777.0
270.9403759348246 783.0
271.2078668958677 799.0
271.47535018910605 778.0
271.7428258140567 777.0
272.01029377023633 787.0
272.2777540571619 778.0
272.5452066743504 774.0
272.81265162131854 778.0
273.08008889758327 765.0
273.34751850266144 789.0
273.6149404360698 777.0
273.8823546973254 766.0
274.1497612859451 771.0
274.4171602014456 785.0
274.6845514433439 780.0
274.95193501115676 778.0
275.2193109044012 772.0
275.486679122594 766.0
275.7540396652521 793.0
276.02139253189216 772.0
276.2887377220313 768.0
276.55607523518626 769.0
276.82340507087395 785.0
277.09072722861123 778.0
277.3580417079149 769.0
277.62534850830195 782.0
277.8926476292892 788.0
278.1599390703934 781.0
278.4272228311316 768.0
278.69449891102056 781.0
278.96176730957717 783.0
279.22902802631836 760.0
279.4962810607609 770.0
279.76352641242164 776.0
280.0307640808177 770.0
280.29799406546556 776.0
280.5652163658824 778.0
280.8324309815849 789.0
281.09963791209003 796.0
281.3668371569146 772.0
281.6340287155756 759.0
281.9012125875897 781.0
282.168388772474 774.0
282.4355572697452 784.0
282.7027180789201 776.0
282.9698711995158 787.0
283.23701663104896 781.0
283.50415437303667 779.0
283.77128442499554 777.0
284.0384067864426 782.0
284.3055214568946 784.0
284.57262843586864 774.0
284.8397277228814 773.0
285.1068193174497 789.0
285.37390321909055 764.0
285.6409794273207 775.0
285.9080479416572 783.0
286.1751087616167 780.0
286.4421618867162 773.0
286.7092073164725 777.0
286.9762450504025 774.0
287.24327508802315 787.0
287.5102974288511 771.0
287.77731207240345 767.0
288.04431901819703 766.0
288.3113182657485 767.0
288.578309814575 774.0
288.84529366419326 782.0
289.1122698141201 784.0
289.37923826387254 782.0
289.6461990129674 780.0
289.91315206092133 778.0
290.18009740725154 773.0
290.44703505147464 772.0
290.7139649931077 786.0
290.98088723166734 783.0
291.24780176667065 779.0
291.5147085976344 780.0
291.78160772407557 785.0
292.04849914551085 790.0
292.3153828614572 777.0
292.58225887143146 770.0
292.8491271749505 787.0
293.1159877715313 779.0
293.3828406606906 764.0
293.6496858419453 780.0
293.9165233148123 775.0
294.1833530788084 774.0
294.4501751334505 769.0
294.71698947825547 774.0
294.9837961127402 776.0
295.2505950364216 768.0
295.5173862488164 777.0
295.78416974944156 769.0
296.050945537814 778.0
296.31771361345045 770.0
296.584473975868 773.0
296.8512266245832 788.0
297.11797155911313 778.0
297.38470877897464 777.0
297.6514382836846 774.0
297.9181600727598 756.0
298.18487414571723 775.0
298.4515805020736 774.0
298.71827914134593 769.0
298.9849700630511 774.0
299.2516532667058 780.0
299.518328751827 779.0
299.78499651793163 770.0
300.0516565645365 777.0
300.3183088911584 795.0
300.58495349731436 788.0
300.8515903825211 770.0
301.1182195462956 780.0
301.3848409881546 777.0
301.65145470761513 772.0
301.91806070419403 774.0
302.184658977408 780.0
302.4512495267741 787.0
302.7178323518091 782.0
302.9844074520298 787.0
303.2509748269532 784.0
303.5175344760962 773.0
303.78408639897555 776.0
304.0506305951082 779.0
304.31716706401096 781.0
304.58369580520065 762.0
304.8502168181943 781.0
305.1167301025086 786.0
305.3832356576606 791.0
305.649733483167 761.0
305.9162235785447 777.0
306.1827059433106 780.0
306.4491805769817 762.0
306.7156474790747 773.0
306.98210664910647 804.0
307.2485580865939 767.0
307.5150017910539 771.0
307.7814377620034 784.0
308.0478659989591 759.0
308.31428650143795 777.0
308.58069926895683 786.0
308.8471043010326 763.0
309.1135015971821 763.0
309.37989115692227 781.0
309.6462729797699 760.0
309.91264706524197 794.0
310.1790134128551 768.0
310.4453720221265 773.0
310.71172289257277 780.0
310.97806602371094 788.0
311.2444014150577 766.0
311.5107290661301 784.0
311.777048976445 773.0
312.04336114551904 778.0
312.30966557286945 775.0
312.5759622580128 769.0
312.8422512004661 770.0
313.1085323997461 778.0
313.3748058553698 765.0
313.641071566854 766.0
313.90732953371554 771.0
314.17357975547145 769.0
314.4398222316384 782.0
314.70605696173334 777.0
314.9722839452731 763.0
315.23850318177466 781.0
315.50471467075477 773.0
315.7709184117303 779.0
316.0371144042182 766.0
316.3033026477353 759.0
316.56948314179846 767.0
316.8356558859246 773.0
317.1018208796305 776.0
317.36797812243304 780.0
317.6341276138491 778.0
317.90026935339563 762.0
318.1664033405894 779.0
318.4325295749473 773.0
318.6986480559862 779.0
318.96475878322303 788.0
319.2308617561746 771.0
319.4969569743577 771.0
319.76304443728935 772.0
320.0291241444864 776.0
320.2951960954656 779.0
320.5612602897438 783.0
320.82731672683815 778.0
321.0933654062652 761.0
321.359406327542 781.0
321.6254394901853 784.0
321.891464893712 770.0
322.157482537639 791.0
322.4234924214832 784.0
322.68949454476143 786.0
322.95548890699064 787.0
323.2214755076875 779.0
323.487454346369 778.0
323.753425422552 772.0
324.01938873575347 782.0
324.2853442854901 775.0
324.55129207127885 765.0
324.8172320926366 781.0
325.08316434908016 767.0
325.34908884012646 791.0
325.61500556529234 775.0
325.8809145240947 772.0
326.14681571605024 776.0
326.4127091406761 768.0
326.6785947974889 771.0
326.9444726860058 780.0
327.2103428057433 780.0
327.47620515621855 789.0
327.74205973694836 772.0
328.00790654744947 760.0
328.2737455872389 774.0
328.5395768558335 772.0
328.80540035275004 763.0
329.0712160775054 778.0
329.33702402961654 788.0
329.6028242086002 764.0
329.86861661397353 770.0
330.13440124525306 780.0
330.4001781019559 775.0
330.66594718359863 779.0
330.9317084896984 776.0
331.19746201977205 776.0
331.46320777333636 771.0
331.7289457499082 771.0
331.9946759490044 771.0
332.2603983701419 776.0
332.5261130128375 776.0
332.79181987660826 774.0
333.05751896097087 782.0
333.3232102654422 773.0
333.58889378953916 765.0
333.85456953277856 770.0
334.1202374946774 766.0
334.38589767475247 787.0
334.6515500725206 775.0
334.9171946874987 763.0
335.18283151920355 784.0
335.4484605671522 770.0
335.7140818308614 766.0
335.97969530984807 790.0
336.245301003629 771.0
336.51089891172114 779.0
336.77648903364127 785.0
337.04207136890636 790.0
337.30764591703326 792.0
337.5732126775387 790.0
337.83877164993976 772.0
338.10432283375314 778.0
338.36986622849577 788.0
338.63540183368457 793.0
338.9009296488363 773.0
339.16644967346787 787.0
339.4319619070962 770.0
339.6974663492381 772.0
339.9629629994105 766.0
340.22845185713027 784.0
340.4939329219141 783.0
340.75940619327906 772.0
341.02487167074196 787.0
341.2903293538197 776.0
341.555779242029 777.0
341.821221334887 786.0
342.0866556319103 796.0
342.3520821326158 792.0
342.6175008365205 792.0
342.8829117431413 780.0
343.1483148519949 774.0
343.41371016259825 770.0
343.6790976744682 778.0
343.9444773871216 777.0
344.20984930007546 778.0
344.4752134128465 777.0
344.74056972495157 790.0
345.0059182359076 773.0
345.27125894523147 759.0
345.53659185244 780.0
345.80191695705014 777.0
346.0672342585787 791.0
346.3325437565426 787.0
346.5978454504585 784.0
346.8631393398436 788.0
347.1284254242145 778.0
347.3937037030882 793.0
347.6589741759816 777.0
347.92423684241146 775.0
348.1894917018946 785.0
348.4547387539481 759.0
348.71997799808867 795.0
348.9852094338332 782.0
349.2504330606986 767.0
349.51564887820166 775.0
349.7808568858593 773.0
350.0460570831885 779.0
350.31124946970584 771.0
350.57643404492853 784.0
350.84161080837316 770.0
351.1067797595568 782.0
351.3719408979961 777.0
351.63709422320824 804.0
351.90223973470984 794.0
352.16737743201776 790.0
352.43250731464894 779.0
352.69762938212034 757.0
352.9627436339487 782.0
353.2278500696509 786.0
353.49294868874387 777.0
353.7580394907444 763.0
354.02312247516943 785.0
354.28819764153576 775.0
354.55326498936034 770.0
354.81832451816 782.0
355.08337622745165 788.0
355.348420116752 773.0
355.613456185578 763.0
355.8784844334467 784.0
356.1435048598747 766.0
356.4085174643791 769.0
356.6735222464765 777.0
356.938519205684 778.0
357.2035083415184 789.0
357.46848965349653 790.0
357.73346314113536 782.0
357.9984288039516 766.0
358.2633866414622 765.0
358.528336653184 785.0
358.793278838634 786.0
359.05821319732894 781.0
359.3231397287857 785.0
359.5880584325211 771.0
359.8529693080521 787.0
360.1178723548955 770.0
360.3827675725683 761.0
360.64765496058726 776.0
360.9125345184692 773.0
361.1774062457311 772.0
361.44227014188965 795.0
361.707126206462 792.0
361.9719744389649 791.0
362.2368148389151 784.0
362.5016474058295 799.0
362.766472139225 782.0
363.0312890386186 774.0
363.296098103527 771.0
363.5608993334672 767.0
363.82569272795587 772.0
364.09047828651006 770.0
364.35525600864656 782.0
364.6200258938823 771.0
364.8847879417341 764.0
365.1495421517188 771.0
365.41428852335326 770.0
365.67902705615444 772.0
365.9437577496392 781.0
366.2084806033243 778.0
366.4731956167267 778.0
366.7379027893632 773.0
367.0026021207507 758.0
367.2672936104061 773.0
367.5319772578463 783.0
367.79665306258806 772.0
368.06132102414836 781.0
368.32598114204393 779.0
368.59063341579173 770.0
368.85527784490864 775.0
369.1199144289115 777.0
369.3845431673172 781.0
369.6491640596426 768.0
369.91377710540445 777.0
370.1783823041198 782.0
370.44297965530546 778.0
370.70756915847835 786.0
370.97215081315517 771.0
371.2367246188529 770.0
371.5012905750884 777.0
371.7658486813786 778.0
372.0303989372402 775.0
372.29494134219027 782.0
372.5594758957455 784.0
372.82400259742286 784.0
373.08852144673915 794.0
373.3530324432114 791.0
373.6175355863563 781.0
373.8820308756908 782.0
374.1465183107317 792.0
374.410997890996 774.0
374.6754696160004 775.0
374.93993348526186 773.0
375.2043894982973 788.0
375.4688376546235 772.0
375.7332779537573 777.0
375.9977103952157 781.0
376.26213497851546 789.0
376.52655170317354 765.0
376.7909605687067 755.0
377.05536157463183 765.0
377.3197547204658 785.0
377.5841400057256 773.0
377.84851742992794 778.0
378.11288699258984 766.0
378.37724869322795 794.0
378.64160253135935 771.0
378.90594850650075 765.0
379.1702866181692 786.0
379.4346168658814 782.0
379.69893924915425 793.0
379.9632537675047 775.0
380.2275604204495 777.0
380.49185920750574 775.0
380.75615012819 778.0
381.0204331820193 780.0
381.2847083685105 780.0
381.5489756871804 769.0
381.8132351375459 790.0
382.07748671912407 782.0
382.34173043143153 787.0
382.6059662739852 767.0
382.8701942463019 772.0
383.1344143478986 797.0
383.3986265782921 771.0
383.6628309369994 770.0
383.92702742353725 783.0
384.1912160374225 781.0
384.45539677817203 772.0
384.7195696453027 785.0
384.98373463833155 772.0
385.2478917567753 776.0
385.5120410001507 761.0
385.7761823679748 799.0
386.0403158597644 793.0
386.30444147503647 774.0
386.5685592133077 787.0
386.8326690740951 790.0
387.09677105691543 774.0
387.36086516128563 771.0
387.6249513867226 774.0
387.88902973274315 766.0
388.15310019886414 786.0
388.41716278460245 785.0
388.68121748947493 769.0
388.9452643129986 774.0
389.2093032546901 781.0
389.47333431406645 769.0
389.73735749064434 775.0
390.0013727839409 788.0
390.2653801934728 787.0
390.52937971875696 778.0
390.7933713593103 776.0
391.05735511464974 783.0
391.3213309842919 795.0
391.5852989677539 785.0
391.8492590645524 789.0
392.1132112742045 786.0
392.37715559622694 769.0
392.6410920301366 777.0
392.9050205754503 787.0
393.1689412316849 779.0
393.43285399835736 769.0
393.69675887498465 777.0
393.96065586108335 767.0
394.2245449561705 764.0
394.4884261597629 772.0
394.75229947137757 791.0
395.01616489053123 773.0
395.28002241674085 774.0
395.5438720495231 774.0
395.80771378839506 774.0
396.0715476328735 763.0
396.33537358247537 769.0
396.5991916367174 781.0
396.86300179511665 781.0
397.12680405718976 788.0
397.39059842245376 773.0
397.65438489042543 776.0
397.91816346062177 760.0
398.18193413255955 782.0
398.4456969057556 777.0
398.7094517797268 782.0
398.97319875399006 792.0
399.2369378280623 779.0
399.50066900146027 774.0
399.764392273701 783.0
400.02810764430114 788.0
400.2918151127777 782.0
400.55551467864757 763.0
400.81920634142756 766.0
401.08289010063453 773.0
401.34656595578537 777.0
401.6102339063969 773.0
401.8738939519861 776.0
402.1375460920697 781.0
402.4011903261647 773.0
402.6648266537879 784.0
402.92845507445617 782.0
403.1920755876863 782.0
403.4556881929953 792.0
403.71929288990003 769.0
403.98288967791734 772.0
404.246478556564 787.0
404.5100595253569 788.0
404.77363258381297 774.0
405.03719773144906 786.0
405.3007549677821 779.0
405.56430429232887 784.0
405.82784570460626 783.0
406.0913792041311 784.0
406.35490479042033 788.0
406.61842246299085 787.0
406.88193222135936 773.0
407.14543406504293 777.0
407.4089279935582 782.0
407.6724140064223 772.0
407.9358921031519 781.0
408.19936228326395 786.0
408.4628245462754 776.0
408.7262788917029 773.0
408.9897253190635 770.0
409.25316382787395 789.0
409.5165944176513 766.0
409.7800170879122 769.0
410.04343183817366 778.0
410.30683866795243 790.0
410.57023757676546 777.0
410.83362856412975 782.0
411.09701162956185 787.0
411.3603867725789 784.0
411.62375399269763 779.0
411.887113289435 770.0
412.1504646623078 775.0
412.4138081108329 782.0
412.6771436345273 776.0
412.94047123290767 792.0
413.20379090549096 767.0
413.46710265179405 769.0
413.7304064713339 769.0
413.9937023636272 790.0
414.25699032819097 776.0
414.52027036454194 770.0
414.78354247219704 768.0
415.0468066506732 770.0
415.31006289948726 769.0
415.5733112181561 783.0
415.83655160619645 778.0
416.0997840631253 782.0
416.3630085884595 778.0
416.62622518171594 776.0
416.8894338424115 774.0
417.152634570063 769.0
417.4158273641873 780.0
417.67901222430123 780.0
417.9421891499217 786.0
418.2053581405658 779.0
418.46851919575005 761.0
418.7316723149915 776.0
418.99481749780693 765.0
419.2579547437133 776.0
419.5210840522274 777.0
419.78420542286625 783.0
420.04731885514644 782.0
420.31042434858506 793.0
420.573521902699 794.0
420.83661151700494 783.0
421.0996931910199 773.0
421.3627669242608 769.0
421.6258327162443 777.0
421.88889056648736 780.0
422.1519404745069 771.0
422.41498243981977 772.0
422.6780164619429 774.0
422.9410425403929 792.0
423.2040606746869 765.0
423.46707086434174 759.0
423.7300731088742 770.0
423.9930674078012 758.0
424.25605376063965 781.0
424.5190321669063 780.0
424.782002626118 779.0
425.0449651377918 776.0
425.30791970144446 770.0
425.57086631659286 790.0
425.83380498275386 780.0
426.0967356994443 781.0
426.3596584661811 774.0
426.6225732824811 775.0
426.88548014786113 760.0
427.14837906183817 777.0
427.411270023929 791.0
427.6741530336505 774.0
427.9370280905195 768.0
428.199895194053 779.0
428.46275434376776 774.0
428.72560553918066 778.0
428.98844877980855 778.0
429.2512840651683 782.0
429.51411139477693 786.0
429.77693076815115 761.0
430.03974218480784 766.0
430.3025456442639 773.0
430.5653411460361 771.0
430.82812868964146 768.0
431.09090827459687 774.0
431.353679900419 771.0
431.61644356662487 792.0
431.87919927273134 781.0
432.1419470182551 785.0
432.40468680271334 780.0
432.66741862562276 760.0
432.93014248650013 777.0
433.1928583848624 781.0
433.45556632022647 783.0
433.7182662921092 790.0
433.9809583000275 788.0
434.24364234349815 778.0
434.506318422038 774.0
434.768986535164 761.0
435.031646682393 782.0
435.2942988632418 773.0
435.55694307722734 770.0
435.81957932386655 777.0
436.08220760267614 774.0
436.34482791317305 764.0
436.6074402548742 780.0
436.8700446272964 781.0
437.1326410299566 782.0
437.3952294623715 760.0
437.65780992405803 781.0
437.9203824145332 778.0
438.1829469333138 774.0
438.4455034799166 773.0
438.7080520538586 780.0
438.9705926546565 768.0
439.23312528182737 771.0
439.49564993488787 774.0
439.7581666133551 774.0
440.0206753167459 770.0
440.28317604457686 778.0
440.5456687963651 771.0
440.8081535716274 788.0
441.07063036988075 774.0
441.3330991906418 778.0
441.5955600334276 775.0
441.858012897755 775.0
442.12045778314075 775.0
442.3828946891018 781.0
442.6453236151551 769.0
442.9077445608174 776.0
443.17015752560553 778.0
443.4325625090365 779.0
443.69495951062703 772.0
443.95734852989415 776.0
444.21972956635454 784.0
444.4821026195253 788.0
444.74446768892307 784.0
445.00682477406485 792.0
445.2691738744674 774.0
445.5315149896478 777.0
445.79384811912274 780.0
446.05617326240906 769.0
446.31849041902376 768.0
446.58079958848356 767.0
446.8431007703055 766.0
447.10539396400634 764.0
447.367679169103 795.0
447.6299563851123 772.0
447.892225611551 774.0
448.15448684793625 780.0
448.4167400937847 760.0
448.67898534861325 784.0
448.9412226119389 775.0
449.2034518832783 779.0
449.46567316214856 770.0
449.72788644806633 773.0
449.99009174054856 777.0
450.2522890391122 772.0
450.514478343274 761.0
450.77665965255085 769.0
451.0388329664597 775.0
451.30099828451733 795.0
451.5631556062406 767.0
451.82530493114655 783.0
452.08744625875175 790.0
452.3495795885734 775.0
452.6117049201281 782.0
452.87382225293277 765.0
453.13593158650446 771.0
453.3980329203598 776.0
453.6601262540158 772.0
453.9222115869893 782.0
454.1842889187971 761.0
454.4463582489562 777.0
454.70841957698343 759.0
454.97047290239556 765.0
455.23251822470957 786.0
455.49455554344223 768.0
455.75658485811044 781.0
456.0186061682312 780.0
456.2806194733211 770.0
456.5426247728973 783.0
456.8046220664765 775.0
457.0666113535756 792.0
457.32859263371154 780.0
457.5905659064011 772.0
457.8525311711611 774.0
458.1144884275086 783.0
458.37643767496024 778.0
458.6383789130331 787.0
458.9003121412439 793.0
459.1622373591095 789.0
459.4241545661469 785.0
459.68606376187284 770.0
459.9479649458043 785.0
460.2098581174581 765.0
460.471743276351 764.0
460.733620422 775.0
460.9954895539219 785.0
461.2573506716337 774.0
461.51920377465206 788.0
461.78104886249406 785.0
462.0428859346764 770.0
462.304714990716 780.0
462.5665360301298 768.0
462.82834905243453 787.0
463.09015405714723 777.0
463.35195104378465 775.0
463.6137400118636 786.0
463.8755209609011 798.0
464.13729389041396 774.0
464.399058799919 769.0
464.6608156889332 770.0
464.92256455697327 778.0
465.18430540355615 775.0
465.4460382281988 781.0
465.707763030418 759.0
465.96947980973056 783.0
466.23118856565344 760.0
466.49288929770347 761.0
466.75458200539765 776.0
467.0162666882526 769.0
467.27794334578533 784.0
467.5396119775127 787.0
467.8012725829516 791.0
468.0629251616188 771.0
468.3245697130314 782.0
468.586206236706 773.0
468.8478347321596 778.0
469.109455198909 779.0
469.3710676364711 759.0
469.6326720443629 786.0
469.89426842210105 782.0
470.1558567692025 780.0
470.4174370851842 769.0
470.6790093695629 773.0
470.94057362185555 793.0
471.20212984157905 780.0
471.4636780282501 779.0
471.72521818138574 769.0
471.9867503005027 784.0
472.248274385118 783.0
472.5097904347484 766.0
472.7712984489108 783.0
473.03279842712203 774.0
473.29429036889906 779.0
473.55577427375863 766.0
473.8172501412177 785.0
474.07871797079315 762.0
474.34017776200176 780.0
474.6016295143605 766.0
474.8630732273861 785.0
475.1245089005955 772.0
475.3859365335057 767.0
475.64735612563334 792.0
475.9087676764954 780.0
476.1701711856088 798.0
476.4315666524903 775.0
476.6929540766569 777.0
476.95433345762535 775.0
477.2157047949125 770.0
477.47706808803537 777.0
477.7384233365106 787.0
477.9997705398553 773.0
478.26110969758616 772.0
478.52244080922014 759.0
478.78376387427414 765.0
479.04507889226494 764.0
479.3063858627094 788.0
479.5676847851245 779.0
479.828975659027 790.0
480.0902584839338 769.0
480.3515332593618 783.0
480.61279998482775 785.0
480.8740586598487 778.0
481.13530928394147 777.0
481.3965518566228 782.0
481.65778637740965 787.0
481.9190128458189 778.0
482.1802312613674 761.0
482.4414416235721 782.0
482.70264393194964 781.0
482.9638381860171 775.0
483.2250243852913 758.0
483.4862025292891 771.0
483.7473726175273 775.0
484.0085346495229 780.0
484.26968862479265 775.0
484.5308345428534 792.0
484.79197240322225 768.0
485.0531022054157 781.0
485.314223948951 783.0
485.57533763334476 786.0
485.8364432581139 785.0
486.0975408227754 776.0
486.35863032684597 781.0
486.61971176984247 781.0
486.880785151282 774.0
487.1418504706812 770.0
487.402907727557 772.0
487.66395692142635 770.0
487.92499805180597 770.0
488.18603111821284 782.0
488.44705612016384 778.0
488.7080730571757 769.0
488.9690819287655 778.0
489.2300827344499 794.0
489.49107547374587 790.0
489.75206014617027 785.0
490.01303675124 785.0
490.27400528847187 764.0
490.53496575738274 775.0
490.79591815748955 786.0
491.05686248830915 772.0
491.31779874935836 792.0
491.57872694015396 800.0
491.8396470602131 785.0
492.1005591090524 782.0
492.3614630861888 784.0
492.6223589911392 782.0
492.88324682342045 771.0
493.14412658254946 770.0
493.40499826804296 788.0
493.66586187941795 794.0
493.92671741619125 790.0
494.18756487787977 773.0
494.44840426400026 774.0
494.70923557406974 787.0
494.97005880760497 785.0
495.23087396412285 790.0
495.4916810431403 781.0
495.7524800441741 771.0
496.01327096674123 764.0
496.27405381035845 791.0
496.53482857454264 781.0
496.79559525881075 779.0
497.05635386267954 787.0
497.31710438566597 766.0
497.57784682728686 791.0
497.8385811870591 774.0
498.0993074644995 773.0
498.360025659125 769.0
498.6207357704524 779.0
498.88143779799873 777.0
499.14213174128065 775.0
499.40281759981514 779.0
499.6634953731191 768.0
499.92416506070924 771.0
500.1848266621026 777.0
500.445480176816 769.0
500.70612560436615 762.0
500.96676294427016 760.0
501.22739219604483 777.0
501.48801335920695 785.0
501.74862643327344 779.0
502.00923141776116 766.0
502.2698283121869 798.0
502.5304171160677 800.0
502.7909978289203 790.0
503.0515704502616 788.0
503.31213497960846 781.0
503.57269141647777 781.0
503.8332397603864 790.0
504.09378001085116 779.0
504.354312167389 782.0
504.6148362295168 782.0
504.8753521967513 777.0
505.1358600686094 774.0
505.3963598446082 763.0
505.6568515242642 785.0
505.9173351070945 761.0
506.17781059261597 778.0
506.4382779803454 758.0
506.69873726979966 778.0
506.95918846049574 786.0
507.2196315519502 767.0
507.4800665436803 784.0
507.74049343520267 777.0
508.00091222603425 777.0
508.261322915692 773.0
508.5217255036924 765.0
508.7821199895529 769.0
509.0425063727899 770.0
509.3028846529204 777.0
509.5632548294615 779.0
509.8236169019296 784.0
510.0839708698421 782.0
510.3443167327155 783.0
510.60465449006676 800.0
510.8649841414127 778.0
511.12530568627034 781.0
511.3856191241566 778.0
511.64592445458794 772.0
511.90622167708165 775.0
512.1665107911545 775.0
512.4267917963232 790.0
512.6870646921047 778.0
512.947329478016 767.0
513.2075861535739 755.0
513.467834718295 789.0
513.7280751716964 773.0
513.9883075132952 771.0
514.248531742608 772.0
514.5087478591515 776.0
514.7689558624429 771.0
515.0291557519989 775.0
515.2893475273365 784.0
515.5495311879723 775.0
515.8097067334235 797.0
516.0698741632067 795.0
516.3300334768389 784.0
516.5901846738369 785.0
516.8503277537177 780.0
517.1104627159981 776.0
517.3705895601947 773.0
517.630708285825 774.0
517.8908188924053 780.0
518.1509213794526 780.0
518.411015746484 767.0
518.6711019930159 780.0
518.9311801185657 779.0
519.19125012265 787.0
519.4513120047856 798.0
519.7113657644896 776.0
519.9714114012784 780.0
520.2314489146695 778.0
520.4914783041794 766.0
520.751499569325 794.0
521.0115127096234 793.0
521.271517724591 778.0
521.5315146137451 775.0
521.7915033766022 781.0
522.0514840126796 780.0
522.3114565214938 780.0
522.5714209025618 789.0
522.8313771554007 790.0
523.0913252795269 785.0
523.3512652744578 772.0
523.6111971397097 783.0
523.8711208747998 795.0
524.1310364792452 781.0
524.390943952562 777.0
524.6508432942679 763.0
524.9107345038794 780.0
525.1706175809132 781.0
525.4304925248866 773.0
525.690359335316 783.0
525.9502180117188 775.0
526.2100685536113 779.0
526.4699109605107 782.0
526.729745231934 778.0
526.9895713673975 776.0
527.2493893664187 770.0
527.5091992285141 791.0
527.7690009532007 790.0
528.0287945399953 787.0
528.2885799884149 781.0
528.5483572979764 782.0
528.8081264681963 777.0
529.0678874985917 791.0
529.3276403886796 784.0
529.5873851379768 788.0
529.8471217460001 782.0
530.1068502122662 772.0
530.3665705362923 789.0
530.6262827175951 777.0
530.8859867556915 791.0
531.1456826500984 772.0
531.4053704003326 769.0
531.6650500059111 773.0
531.9247214663504 766.0
532.1843847811678 756.0
532.4440399498801 782.0
532.7036869720038 762.0
532.9633258470562 785.0
533.222956574554 796.0
533.4825791540142 804.0
533.7421935849534 788.0
534.0017998668885 792.0
534.2613979993366 792.0
534.5209879818145 797.0
534.780569813839 788.0
535.0401434949268 789.0
535.2997090245951 782.0
535.5592664023607 774.0
535.8188156277402 773.0
536.0783567002508 762.0
536.3378896194092 781.0
536.5974143847321 791.0
536.8569309957369 764.0
537.1164394519398 790.0
537.3759397528582 784.0
537.6354318980087 769.0
537.8949158869082 771.0
538.1543917190737 780.0
538.4138593940218 772.0
538.6733189112697 774.0
538.932770270334 764.0
539.1922134707318 774.0
539.4516485119797 782.0
539.7110753935946 776.0
539.9704941150937 785.0
540.2299046759937 781.0
540.4893070758112 770.0
540.7487013140633 769.0
541.008087390267 783.0
541.2674653039389 761.0
541.526835054596 771.0
541.7861966417552 799.0
542.0455500649333 796.0
542.3048953236471 776.0
542.5642324174137 794.0
542.8235613457497 779.0
543.0828821081722 784.0
543.3421947041979 789.0
543.6014991333436 772.0
543.8607953951266 781.0
544.1200834890632 782.0
544.3793634146708 782.0
544.6386351714658 765.0
544.8978987589653 788.0
545.1571541766862 791.0
545.4164014241451 780.0
545.6756405008593 770.0
545.9348714063455 766.0
546.1940941401203 775.0
546.4533087017008 776.0
546.712515090604 766.0
546.9717133063466 754.0
547.2309033484453 762.0
547.4900852164174 770.0
547.7492589097793 755.0
548.0084244280482 775.0
548.2675817707409 767.0
548.526730937374 770.0
548.7858719274648 776.0
549.0450047405299 782.0
549.3041293760863 783.0
549.5632458336507 787.0
549.82235411274 769.0
550.0814542128714 770.0
550.3405461335612 783.0
550.5996298743269 790.0
550.8587054346848 785.0
551.117772814152 774.0
551.3768320122455 775.0
551.6358830284819 789.0
551.8949258623783 778.0
552.1539605134514 779.0
552.4129869812182 796.0
552.6720052651955 790.0
552.9310153649002 784.0
553.1900172798491 780.0
553.4490110095592 794.0
553.7079965535472 775.0
553.9669739113302 775.0
554.2259430824248 766.0
554.484904066348 781.0
554.7438568626167 770.0
555.0028014707476 778.0
555.261737890258 782.0
555.520666120664 779.0
555.7795861614834 766.0
556.0384980122324 767.0
556.2974016724281 771.0
556.5562971415874 788.0
556.8151844192269 768.0
557.0740635048638 778.0
557.3329343980148 779.0
557.5917970981968 774.0
557.8506516049267 769.0
558.1094979177213 783.0
558.3683360360976 773.0
558.6271659595724 782.0
558.8859876876625 776.0
559.1448012198848 776.0
559.4036065557561 776.0
559.6624036947936 765.0
559.9211926365136 777.0
560.1799733804337 778.0
560.43874592607 781.0
560.6975102729399 785.0
560.9562664205602 787.0
561.2150143684473 777.0
561.4737541161188 766.0
561.732485663091 777.0
561.9912090088809 769.0
562.2499241530056 761.0
562.5086310949818 765.0
562.7673298343262 781.0
563.026020370556 782.0
563.2847027031879 796.0
563.5433768317389 787.0
563.8020427557254 769.0
564.0607004746649 767.0
564.3193499880738 777.0
564.5779912954692 782.0
564.8366243963679 775.0
565.0952492902868 781.0
565.3538659767429 768.0
565.6124744552527 777.0
565.8710747253335 779.0
566.1296667865018 777.0
566.3882506382747 781.0
566.6468262801691 786.0
566.9053937117014 774.0
567.1639529323893 772.0
567.4225039417488 786.0
567.6810467392974 784.0
567.9395813245517 778.0
568.1981076970284 779.0
568.4566258562448 783.0
568.7151358017175 777.0
568.9736375329633 782.0
569.2321310494995 792.0
569.4906163508422 787.0
569.749093436509 797.0
570.0075623060163 770.0
570.2660229588813 785.0
570.5244753946206 785.0
570.7829196127512 771.0
571.0413556127901 765.0
571.2997833942537 765.0
571.5582029566596 770.0
571.8166142995238 767.0
572.075017422364 759.0
572.3334123246967 775.0
572.5917990060384 789.0
572.8501774659068 784.0
573.108547703818 769.0
573.3669097192892 790.0
573.6252635118373 784.0
573.8836090809789 781.0
574.1419464262314 782.0
574.400275547111 778.0
574.6585964431351 788.0
574.9169091138205 789.0
575.1752135586836 781.0
575.4335097772419 782.0
575.6917977690118 781.0
575.9500775335105 770.0
576.2083490702545 782.0
576.4666123787609 795.0
576.7248674585469 788.0
576.9831143091286 807.0
577.2413529300236 774.0
577.4995833207483 773.0
577.7578054808198 784.0
578.0160194097549 778.0
578.2742251070703 784.0
578.5324225722832 771.0
578.7906118049101 774.0
579.0487928044681 771.0
579.3069655704743 776.0
579.565130102445 782.0
579.8232863998975 801.0
580.0814344623485 788.0
580.339574289315 780.0
580.5977058803137 768.0
580.8558292348614 779.0
581.1139443524753 783.0
581.3720512326721 777.0
581.6301498749685 764.0
581.8882402788817 789.0
582.146322443928 792.0
582.4043963696251 791.0
582.6624620554893 803.0
582.9205195010375 782.0
583.1785687057866 784.0
583.4366096692537 794.0
583.6946423909554 782.0
583.9526668704085 818.0
584.2106831071303 900.0
584.4686911006373 930.0
584.7266908504463 967.0
584.9846823560746 1063.0
585.2426656170385 1267.0
585.5006406328554 1309.0
585.7586074030418 1239.0
586.0165659271148 1009.0
586.2745162045912 892.0
586.5324582349878 811.0
586.7903920178214 785.0
587.0483175526091 806.0
587.3062348388676 803.0
587.5641438761138 819.0
587.8220446638645 821.0
588.0799372016369 819.0
588.3378214889474 846.0
588.5956975253132 819.0
588.8535653102509 814.0
589.1114248432776 779.0
589.3692761239103 792.0
589.6271191516653 776.0
589.88495392606 781.0
590.1427804466111 794.0
590.4005987128355 798.0
590.6584087242501 794.0
590.9162104803713 784.0
591.1740039807169 791.0
591.4317892248029 786.0
591.6895662121466 788.0
591.9473349422648 788.0
592.2050954146741 769.0
592.462847628892 769.0
592.7205915844347 777.0
592.9783272808194 782.0
593.236054717563 802.0
593.493773894182 801.0
593.7514848101939 815.0
594.009187465115 810.0
594.2668818584625 828.0
594.5245679897531 854.0
594.7822458585038 867.0
595.0399154642313 842.0
595.2975768064524 817.0
595.5552298846843 790.0
595.8128746984438 773.0
596.0705112472474 778.0
596.3281395306126 789.0
596.5857595480555 779.0
596.8433712990935 798.0
597.1009747832434 796.0
597.3585700000219 793.0
597.6161569489462 823.0
597.8737356295327 812.0
598.1313060412986 809.0
598.3888681837607 796.0
598.6464220564358 771.0
598.9039676588409 802.0
599.1615049904925 788.0
599.4190340509081 774.0
599.676554839604 788.0
599.9340673560972 784.0
600.1915715999048 771.0
600.4490675705435 773.0
600.7065552675302 782.0
600.9640346903817 781.0
601.221505838615 790.0
601.4789687117469 790.0
601.7364233092942 772.0
601.9938696307739 782.0
602.2513076757026 778.0
602.5087374435976 797.0
602.7661589339755 804.0
603.023572146353 799.0
603.2809770802475 817.0
603.5383737351752 809.0
603.7957621106534 804.0
604.053142206199 789.0
604.3105140213286 791.0
604.5678775555593 785.0
604.8252328084078 783.0
605.0825797793912 781.0
605.3399184680261 777.0
605.5972488738295 789.0
605.8545709963181 761.0
606.111884835009 782.0
606.3691903894193 783.0
606.6264876590651 802.0
606.883776643464 808.0
607.1410573421324 827.0
607.3983297545875 864.0
607.6555938803461 875.0
607.9128497189247 874.0
608.1700972698408 821.0
608.4273365326108 808.0
608.6845675067516 816.0
608.9417901917803 840.0
609.1990045872135 860.0
609.4562106925683 892.0
609.7134085073615 932.0
609.9705980311098 926.0
610.2277792633305 900.0
610.4849522035397 836.0
610.7421168512552 815.0
610.9992732059933 803.0
611.2564212672709 805.0
611.5135610346049 792.0
611.7706925075122 798.0
612.0278156855098 798.0
612.2849305681145 803.0
612.542037154843 781.0
612.7991354452124 790.0
613.0562254387393 808.0
613.3133071349409 841.0
613.5703805333337 892.0
613.8274456334349 885.0
614.0845024347612 975.0
614.3415509368294 1085.0
614.5985911391567 1061.0
614.8556230412595 1042.0
615.1126466426551 908.0
615.36966194286 862.0
615.6266689413914 813.0
615.8836676377659 812.0
616.1406580315004 831.0
616.3976401221121 866.0
616.6546139091173 861.0
616.9115793920333 848.0
617.1685365703769 811.0
617.4254854436648 796.0
617.6824260114142 794.0
617.9393582731417 791.0
618.196282228364 804.0
618.4531978765983 786.0
618.7101052173614 788.0
618.9670042501702 773.0
619.2238949745413 793.0
619.4807773899919 782.0
619.7376514960388 776.0
619.9945172921986 792.0
620.2513747779885 788.0
620.508223952925 784.0
620.7650648165256 789.0
621.0218973683066 801.0
621.2787216077849 798.0
621.5355375344776 808.0
621.7923451479013 813.0
622.0491444475734 817.0
622.3059354330103 801.0
622.5627181037288 779.0
622.8194924592461 795.0
623.0762584990788 771.0
623.333016222744 771.0
623.5897656297584 762.0
623.8465067196389 769.0
624.1032394919024 768.0
624.3599639460657 771.0
624.6166800816459 791.0
624.8733878981594 772.0
625.1300873951237 766.0
625.3867785720552 789.0
625.6434614284708 791.0
625.9001359638876 806.0
626.1568021778221 821.0
626.4134600697917 842.0
626.6701096393127 902.0
626.9267508859024 896.0
627.1833838090776 886.0
627.4400084083547 838.0
627.6966246832512 790.0
627.9532326332837 796.0
628.2098322579691 794.0
628.4664235568243 780.0
628.723006529366 783.0
628.9795811751112 787.0
629.2361474935768 774.0
629.4927054842794 780.0
629.7492551467363 797.0
630.0057964804641 814.0
630.2623294849799 833.0
630.5188541598001 828.0
630.775370504442 832.0
631.0318785184223 844.0
631.2883782012578 816.0
631.5448695524658 782.0
631.8013525715625 784.0
632.0578272580652 804.0
632.3142936114906 799.0
632.5707516313557 802.0
632.8272013171775 836.0
633.0836426684723 836.0
633.3400756847575 897.0
633.5965003655499 916.0
633.8529167103661 907.0
634.1093247187234 883.0
634.3657243901381 822.0
634.6221157241276 792.0
634.8784987202085 792.0
635.1348733778977 771.0
635.3912396967121 768.0
635.6475976761684 773.0
635.9039473157839 778.0
636.1602886150749 788.0
636.4166215735588 776.0
636.6729461907521 777.0
636.9292624661718 788.0
637.1855703993349 805.0
637.4418699897578 826.0
637.6981612369581 852.0
637.9544441404521 857.0
638.2107186997567 915.0
638.4669849143892 950.0
638.7232427838659 974.0
638.979492307704 954.0
639.2357334854204 968.0
639.4919663165317 1096.0
639.7481908005552 1164.0
640.0044069370073 1346.0
640.2606147254052 1674.0
640.5168141652655 1672.0
640.7730052561054 1665.0
641.0291879974413 1229.0
641.2853623887906 980.0
641.5415284296699 871.0
641.797686119596 829.0
642.0538354580859 822.0
642.3099764446565 817.0
642.5661090788245 809.0
642.8222333601069 798.0
643.0783492880205 791.0
643.3344568620822 785.0
643.5905560818089 776.0
643.8466469467173 786.0
644.1027294563247 778.0
644.3588036101473 784.0
644.6148694077026 786.0
644.8709268485071 787.0
645.1269759320778 795.0
645.3830166579316 794.0
645.6390490255851 770.0
645.8950730345556 792.0
646.1510886843597 795.0
646.4070959745143 784.0
646.6630949045363 769.0
646.9190854739425 773.0
647.17506768225 779.0
647.4310415289752 790.0
647.6870070136354 796.0
647.9429641357473 791.0
648.1989128948277 777.0
648.4548532903938 773.0
648.7107853219619 784.0
648.9667089890495 802.0
649.222624291173 795.0
649.4785312278494 808.0
649.7344297985958 825.0
649.9903200029287 882.0
650.2462018403652 914.0
650.502075310422 978.0
650.7579404126162 1046.0
651.0137971464646 1032.0
651.2696455114838 1014.0
651.525485507191 868.0
651.7813171331029 817.0
652.0371403887364 804.0
652.2929552736086 792.0
652.5487617872358 796.0
652.8045599291355 784.0
653.0603496988242 827.0
653.3161310958188 826.0
653.5719041196362 816.0
653.8276687697933 816.0
654.0834250458071 798.0
654.3391729471941 804.0
654.5949124734717 776.0
654.8506436241562 782.0
655.1063663987647 781.0
655.3620807968144 782.0
655.6177868178215 793.0
655.8734844613035 801.0
656.129173726777 802.0
656.3848546137588 804.0
656.6405271217659 803.0
656.8961912503149 812.0
657.1518469989231 781.0
657.4074943671071 782.0
657.6631333543837 769.0
657.9187639602701 779.0
658.1743861842826 779.0
658.4300000259387 784.0
658.6856054847549 795.0
658.9412025602483 789.0
659.1967912519353 804.0
659.4523715593333 835.0
659.707943481959 835.0
659.9635070193291 882.0
660.2190621709606 872.0
660.4746089363705 871.0
660.7301473150753 826.0
660.9856773065924 802.0
661.2411989104381 778.0
661.4967121261298 782.0
661.7522169531838 780.0
662.0077133911174 782.0
662.2632014394475 785.0
662.5186810976904 774.0
662.7741523653638 779.0
663.029615241984 778.0
663.2850697270679 789.0
663.5405158201327 779.0
663.7959535206948 796.0
664.0513828282715 781.0
664.3068037423793 769.0
664.5622162625355 793.0
664.8176203882564 781.0
665.0730161190594 787.0
665.3284034544613 777.0
665.5837823939785 779.0
665.8391529371283 758.0
666.0945150834276 775.0
666.349868832393 787.0
666.6052141835415 785.0
666.8605511363899 791.0
667.1158796904554 822.0
667.3711998452544 839.0
667.626511600304 881.0
667.8818149551211 920.0
668.1371099092223 922.0
668.3923964621249 918.0
668.6476746133454 842.0
668.9029443624008 798.0
669.1582057088083 787.0
669.4134586520839 785.0
669.6687031917455 788.0
669.9239393273093 783.0
670.1791670582923 784.0
670.4343863842114 778.0
670.6895973045835 809.0
670.9447998189256 799.0
671.1999939267544 817.0
671.4551796275866 837.0
671.7103569209394 862.0
671.9655258063294 875.0
672.220686283274 884.0
672.475838351289 838.0
672.7309820098925 809.0
672.9861172586005 786.0
673.2412440969302 789.0
673.4963625243987 780.0
673.7514725405223 778.0
674.0065741448183 764.0
674.2616673368035 767.0
674.5167521159946 785.0
674.7718284819086 788.0
675.0268964340622 778.0
675.2819559719727 758.0
675.5370070951565 778.0
675.7920498031307 792.0
676.0470840954122 776.0
676.3021099715176 774.0
676.5571274309642 786.0
676.8121364732684 775.0
677.0671370979474 772.0
677.3221293045178 790.0
677.5771130924968 784.0
677.8320884614011 781.0
678.0870554107474 780.0
678.3420139400529 787.0
678.5969640488343 771.0
678.8519057366083 776.0
679.1068390028922 772.0
679.3617638472023 772.0
679.616680269056 792.0
679.8715882679699 795.0
680.1264878434607 790.0
680.3813789950458 790.0
680.6362617222414 783.0
680.8911360245651 780.0
681.146001901533 773.0
681.4008593526627 781.0
681.6557083774705 761.0
681.9105489754734 779.0
682.1653811461886 791.0
682.4202048891326 784.0
682.6750202038223 790.0
682.9298270897748 782.0
683.1846255465068 765.0
683.4394155735351 778.0
683.6941971703767 779.0
683.9489703365485 789.0
684.2037350715673 759.0
684.4584913749499 795.0
684.7132392462133 787.0
684.9679786848742 776.0
685.2227096904496 781.0
685.4774322624564 772.0
685.7321464004115 785.0
685.9868521038316 772.0
686.2415493722334 776.0
686.4962382051343 769.0
686.7509186020508 775.0
687.0055905624997 774.0
687.2602540859983 786.0
687.514909172063 782.0
687.7695558202109 776.0
688.0241940299587 765.0
688.2788238008236 778.0
688.5334451323221 788.0
688.7880580239712 785.0
689.042662475288 785.0
689.2972584857889 796.0
689.5518460549912 773.0
689.8064251824115 771.0
690.0609958675668 793.0
690.3155581099742 796.0
690.5701119091498 787.0
690.8246572646113 780.0
691.0791941758752 775.0
691.3337226424583 769.0
691.5882426638777 772.0
691.84275423965 796.0
692.0972573692924 804.0
692.3517520523214 837.0
692.6062382882542 863.0
692.8607160766074 910.0
693.1151854168979 930.0
693.3696463086428 960.0
693.6240987513587 913.0
693.8785427445628 841.0
694.1329782877717 804.0
694.3874053805022 811.0
694.6418240222713 799.0
694.8962342125958 771.0
695.1506359509929 788.0
695.405029236979 784.0
695.6594140700711 796.0
695.9137904497863 798.0
696.168158375641 785.0
696.4225178471527 775.0
696.676868863838 784.0
696.9312114252134 792.0
697.1855455307963 786.0
697.4398711801031 788.0
697.6941883726512 781.0
697.9484971079568 782.0
698.2027973855375 768.0
698.4570892049098 763.0
698.7113725655903 771.0
698.9656474670965 781.0
699.2199139089445 780.0
699.4741718906519 783.0
699.7284214117353 775.0
699.9826624717113 789.0
700.2368950700971 777.0
700.4911192064093 774.0
700.7453348801653 779.0
700.9995420908814 782.0
701.2537408380745 775.0
701.5079311212619 784.0
701.7621129399598 792.0
702.016286293686 778.0
702.2704511819566 793.0
702.5246076042886 826.0
702.778755560199 873.0
703.0328950492045 897.0
703.2870260708224 935.0
703.5411486245691 949.0
703.7952627099618 946.0
704.0493683265172 879.0
704.3034654737519 825.0
704.5575541511835 788.0
704.8116343583279 791.0
705.0657060947029 795.0
705.3197693598249 789.0
705.5738241532106 781.0
705.8278704743772 778.0
706.0819083228414 782.0
706.3359376981203 793.0
706.5899585997306 788.0
706.8439710271889 781.0
707.0979749800126 772.0
707.3519704577179 774.0
707.6059574598225 776.0
707.8599359858429 770.0
708.1139060352955 778.0
708.3678676076978 768.0
708.6218207025663 779.0
708.8757653194182 770.0
709.12970145777 774.0
709.3836291171389 776.0
709.6375482970416 776.0
709.8914589969946 784.0
710.1453612165157 786.0
710.3992549551208 778.0
710.6531402123275 784.0
710.9070169876522 781.0
711.1608852806118 776.0
711.4147450907236 780.0
711.6685964175037 777.0
711.9224392604699 782.0
712.1762736191384 772.0
712.4300994930262 787.0
712.6839168816504 777.0
712.9377257845274 791.0
713.1915262011746 771.0
713.4453181311087 778.0
713.6991015738463 790.0
713.9528765289045 791.0
714.2066429958 778.0
714.4604009740502 777.0
714.7141504631712 780.0
714.9678914626805 795.0
715.2216239720948 783.0
715.4753479909306 769.0
715.7290635187052 784.0
715.982770554935 769.0
716.2364690991376 790.0
716.4901591508293 793.0
716.743840709527 779.0
716.9975137747479 784.0
717.2511783460084 796.0
717.5048344228259 800.0
717.7584820047169 792.0
718.0121210911982 804.0
718.2657516817872 789.0
718.519373776 776.0
718.772987373354 786.0
719.026592473366 769.0
719.2801890755527 773.0
719.5337771794311 761.0
719.7873567845179 784.0
720.0409278903304 785.0
720.294490496385 787.0
720.5480446021987 796.0
720.8015902072887 777.0
721.0551273111711 774.0
721.3086559133636 784.0
721.5621760133826 776.0
721.815687610745 785.0
722.0691907049679 781.0
722.3226852955679 775.0
722.5761713820622 772.0
722.8296489639672 800.0
723.0831180408002 766.0
723.3365786120778 779.0
723.5900306773169 786.0
723.8434742360346 798.0
724.0969092877473 812.0
724.3503358319725 831.0
724.6037538682267 862.0
724.8571633960265 849.0
725.1105644148894 849.0
725.3639569243315 816.0
725.6173409238706 800.0
725.8707164130229 797.0
726.1240833913054 792.0
726.3774418582351 783.0
726.6307918133285 791.0
726.8841332561029 779.0
727.137466186075 798.0
727.3907906027619 774.0
727.6441065056802 775.0
727.8974138943464 791.0
728.1507127682783 790.0
728.4040031269918 795.0
728.6572849700045 760.0
728.9105582968331 786.0
729.1638231069941 801.0
729.4170794000048 776.0
729.6703271753817 780.0
729.923566432642 781.0
730.1767971713025 780.0
730.4300193908798 782.0
730.6832330908911 785.0
730.936438270853 768.0
731.1896349302828 768.0
731.442823068697 774.0
731.6960026856123 781.0
731.949173780546 780.0
732.2023363530145 763.0
732.4554904025351 777.0
732.7086359286245 790.0
732.9617729307997 793.0
733.2149014085775 786.0
733.4680213614745 782.0
733.7211327890079 774.0
733.9742356906943 786.0
734.2273300660511 785.0
734.4804159145946 782.0
734.7334932358416 775.0
734.9865620293094 789.0
735.2396222945147 789.0
735.4926740309744 780.0
735.7457172382054 781.0
735.9987519157243 791.0
736.2517780630484 762.0
736.504795679694 774.0
736.7578047651785 775.0
737.0108053190187 781.0
737.2637973407312 775.0
737.516780829833 763.0
737.769755785841 791.0
738.0227222082721 782.0
738.2756800966428 781.0
738.5286294504706 779.0
738.781570269272 794.0
739.0345025525638 802.0
739.2874262998632 789.0
739.5403415106866 780.0
739.7932481845512 769.0
740.046146320974 786.0
740.2990359194714 785.0
740.5519169795606 782.0
740.8047895007583 797.0
741.0576534825816 771.0
741.3105089245472 765.0
741.563355826172 790.0
741.8161941869729 780.0
742.0690240064664 773.0
742.3218452841702 778.0
742.5746580196005 781.0
742.8274622122741 803.0
743.0802578617083 794.0
743.3330449674197 794.0
743.5858235289254 771.0
743.8385935457418 781.0
744.0913550173865 800.0
744.3441079433758 797.0
744.5968523232264 797.0
744.8495881564559 790.0
745.1023154425804 793.0
745.3550341811174 798.0
745.6077443715835 774.0
745.8604460134952 779.0
746.1131391063701 782.0
746.3658236497243 771.0
746.6184996430754 779.0
746.87116708594 784.0
747.1238259778346 771.0
747.3764763182764 785.0
747.6291181067822 795.0
747.8817513428692 776.0
748.1343760260539 795.0
748.3869921558529 792.0
748.6395997317837 792.0
748.8921987533628 790.0
749.1447892201071 784.0
749.3973711315336 778.0
749.6499444871589 786.0
749.9025092865003 772.0
750.1550655290741 776.0
750.4076132143978 770.0
750.6601523419877 772.0
750.912682911361 795.0
751.1652049220347 780.0
751.4177183735251 787.0
751.6702232653497 770.0
751.9227195970248 780.0
752.1752073680677 781.0
752.4276865779954 777.0
752.680157226324 780.0
752.9326193125712 772.0
753.1850728362533 789.0
753.4375177968876 796.0
753.6899541939908 793.0
753.9423820270795 794.0
754.194801295671 787.0
754.4472119992819 779.0
754.6996141374291 796.0
754.9520077096296 796.0
755.2043927154 794.0
755.4567691542577 789.0
755.7091370257187 767.0
755.9614963293008 790.0
756.2138470645202 773.0
756.4661892308942 763.0
756.7185228279395 777.0
756.9708478551728 796.0
757.2231643121112 781.0
757.4754721982714 782.0
757.7277715131704 767.0
757.9800622563251 779.0
758.2323444272521 764.0
758.4846180254688 786.0
758.7368830504913 794.0
758.9891395018373 786.0
759.2413873790232 799.0
759.4936266815657 775.0
759.7458574089821 784.0
759.9980795607888 794.0
760.2502931365033 800.0
760.502498135642 779.0
760.7546945577217 778.0
761.0068824022595 770.0
761.2590616687722 785.0
761.5112323567769 782.0
761.7633944657899 773.0
762.0155479953288 781.0
762.26769294491 780.0
762.5198293140501 780.0
762.7719571022666 777.0
763.024076309076 763.0
763.2761869339953 775.0
763.5282889765415 770.0
763.780382436231 764.0
764.032467312581 757.0
764.2845436051083 778.0
764.53661131333 779.0
764.7886704367629 779.0
765.0407209749233 765.0
765.2927629273288 787.0
765.5447962934958 778.0
765.7968210729414 771.0
766.0488372651824 776.0
766.3008448697357 765.0
766.5528438861181 781.0
766.8048343138464 785.0
767.0568161524378 771.0
767.3087894014087 787.0
767.5607540602764 798.0
767.8127101285577 776.0
768.0646576057691 777.0
768.3165964914278 785.0
768.5685267850505 765.0
768.8204484861544 794.0
769.0723615942561 792.0
769.3242661088722 772.0
769.5761620295201 769.0
769.8280493557162 773.0
770.0799280869778 776.0
770.3317982228216 778.0
770.5836597627642 783.0
770.835512706323 785.0
771.0873570530143 788.0
771.3391928023555 779.0
771.591019953863 775.0
771.8428385070538 770.0
772.094648461445 782.0
772.3464498165532 794.0
772.5982425718955 783.0
772.8500267269885 781.0
773.1018022813494 788.0
773.3535692344948 781.0
773.6053275859415 781.0
773.8570773352067 782.0
774.108818481807 789.0
774.3605510252594 772.0
774.6122749650807 776.0
774.8639903007878 784.0
775.1156970318975 774.0
775.3673951579267 784.0
775.6190846783925 778.0
775.8707655928115 787.0
776.1224379007004 790.0
776.3741016015766 773.0
776.6257566949563 784.0
776.8774031803571 773.0
777.1290410572955 783.0
777.3806703252881 788.0
777.6322909838522 788.0
777.8839030325043 782.0
778.1355064707618 782.0
778.3871012981411 779.0
778.6386875141592 766.0
778.890265118333 759.0
779.1418341101793 788.0
779.3933944892151 769.0
779.6449462549571 782.0
779.8964894069222 786.0
780.1480239446275 777.0
780.3995498675895 784.0
780.6510671753255 777.0
780.9025758673517 771.0
781.1540759431858 776.0
781.4055674023442 772.0
781.6570502443437 788.0
781.9085244687013 780.0
782.159990074934 780.0
782.4114470625585 782.0
782.6628954310918 792.0
782.9143351800503 766.0
783.1657663089516 781.0
783.4171888173119 775.0
783.6686027046486 780.0
783.9200079704783 782.0
784.1714046143178 782.0
784.4227926356843 778.0
784.6741720340941 789.0
784.9255428090647 789.0
785.1769049601126 779.0
785.4282584867548 785.0
785.6796033885082 782.0
785.9309396648893 769.0
786.1822673154155 775.0
786.4335863396033 784.0
786.6848967369698 781.0
786.9361985070317 786.0
787.1874916493058 766.0
787.4387761633094 784.0
787.6900520485588 782.0
787.9413193045713 765.0
788.1925779308636 785.0
788.4438279269523 771.0
788.6950692923548 773.0
788.9463020265875 778.0
789.1975261291677 765.0
789.448741599612 779.0
789.6999484374371 780.0
789.9511466421604 785.0
790.2023362132982 779.0
790.4535171503677 773.0
790.7046894528855 774.0
790.9558531203689 769.0
791.2070081523347 773.0
791.458154548299 774.0
791.7092923077797 769.0
791.9604214302931 775.0
792.2115419153562 768.0
792.462653762486 776.0
792.7137569711989 772.0
792.9648515410123 773.0
793.2159374714428 769.0
793.4670147620074 770.0
793.718083412223 782.0
793.9691434216061 772.0
794.220194789674 771.0
794.4712375159432 779.0
794.722271599931 788.0
794.9732970411541 789.0
795.2243138391292 778.0
795.4753219933733 784.0
795.7263215034031 783.0
795.9773123687357 780.0
796.2282945888878 766.0
796.4792681633767 771.0
796.7302330917187 772.0
796.9811893734307 775.0
797.23213700803 784.0
797.483075995033 779.0
797.7340063339569 796.0
797.9849280243186 789.0
798.2358410656345 776.0
798.4867454574222 775.0
798.7376411991978 769.0
798.9885282904788 780.0
799.2394067307818 782.0
799.4902765196234 769.0
799.741137656521 771.0
799.9919901409909 769.0
800.2428339725506 783.0
800.4936691507165 779.0
800.7444956750055 777.0
800.9953135449347 778.0
801.2461227600207 783.0
801.4969233197808 773.0
801.7477152237312 789.0
801.9984984713894 780.0
802.2492730622722 766.0
802.5000389958959 774.0
802.7507962717781 784.0
803.0015448894349 788.0
803.252284848384 782.0
803.5030161481417 785.0
803.7537387882248 770.0
804.0044527681507 784.0
804.2551580874358 784.0
804.5058547455972 775.0
804.7565427421519 777.0
805.0072220766161 782.0
805.2578927485075 781.0
805.5085547573423 783.0
805.7592081026379 784.0
806.009852783911 774.0
806.2604888006782 780.0
806.5111161524568 781.0
806.7617348387631 766.0
807.0123448591147 780.0
807.2629462130279 779.0
807.5135389000196 787.0
807.7641229196071 787.0
808.0146982713067 784.0
808.2652649546358 775.0
808.5158229691108 787.0
808.7663723142489 777.0
809.016912989567 779.0
809.2674449945815 778.0
809.5179683288098 775.0
809.7684829917686 755.0
810.0189889829746 778.0
810.269486301945 782.0
810.5199749481961 768.0
810.7704549212456 777.0
811.0209262206095 789.0
811.2713888458052 774.0
811.5218427963496 786.0
811.7722880717591 785.0
812.022724671551 777.0
812.2731525952421 778.0
812.5235718423493 786.0
812.7739824123893 775.0
813.0243843048788 775.0
813.2747775193352 774.0
813.5251620552749 753.0
813.7755379122152 774.0
814.0259050896724 769.0
814.276263587164 781.0
814.5266134042064 773.0
814.7769545403165 773.0
815.0272869950115 779.0
815.2776107678079 773.0
815.5279258582229 769.0
815.7782322657732 774.0
816.0285299899754 777.0
816.2788190303468 777.0
816.529099386404 769.0
816.7793710576641 771.0
817.0296340436439 790.0
817.2798883438601 772.0
817.5301339578298 778.0
817.7803708850694 784.0
818.0305991250964 759.0
818.2808186774273 790.0
818.531029541579 765.0
818.7812317170685 782.0
819.0314252034124 791.0
819.281610000128 785.0
819.5317861067317 777.0
819.7819535227408 781.0
820.0321122476719 774.0
820.2822622810417 778.0
820.5324036223675 776.0
820.7825362711658 781.0
821.0326602269538 774.0
821.2827754892483 768.0
821.5328820575656 765.0
821.7829799314234 768.0
822.033069110338 754.0
822.2831495938267 776.0
822.5332213814061 769.0
822.7832844725929 768.0
823.0333388669044 773.0
823.283384563857 775.0
823.533421562968 802.0
823.7834498637541 791.0
824.033469465732 772.0
824.2834803684189 781.0
824.5334825713311 781.0
824.7834760739862 774.0
825.0334608759005 764.0
825.2834369765912 782.0
825.5334043755751 760.0
825.7833630723688 772.0
826.0333130664897 784.0
826.2832543574541 774.0
826.5331869447793 779.0
826.783110827982 781.0
827.0330260065789 778.0
827.2829324800872 778.0
827.5328302480233 771.0
827.7827193099047 782.0
828.032599665248 766.0
828.2824713135695 779.0
828.532334254387 761.0
828.7821884872168 769.0
829.0320340115759 775.0
829.2818708269813 781.0
829.5316989329494 773.0
829.7815183289979 782.0
830.0313290146428 771.0
830.2811309894015 771.0
830.5309242527906 781.0
830.7807088043272 784.0
831.0304846435281 774.0
831.2802517699099 776.0
831.5300101829899 769.0
831.7797598822846 768.0
832.0295008673112 774.0
832.2792331375864 771.0
832.5289566926268 772.0
832.7786715319497 788.0
833.0283776550717 784.0
833.27807506151 769.0
833.5277637507811 773.0
833.7774437224018 774.0
834.0271149758895 784.0
834.2767775107606 769.0
834.526431326532 772.0
834.7760764227208 757.0
835.0257127988438 770.0
835.2753404544177 772.0
835.5249593889594 777.0
835.774569601986 788.0
836.0241710930143 776.0
836.2737638615607 762.0
836.5233479071428 781.0
836.7729232292768 769.0
837.0224898274802 782.0
837.2720477012693 781.0
837.5215968501614 796.0
837.7711372736733 795.0
838.0206689713215 787.0
838.2701919426232 787.0
838.5197061870952 798.0
838.7692117042545 791.0
839.0187084936177 774.0
839.2681965547017 772.0
839.5176758870236 750.0
839.7671464901001 768.0
840.0166083634483 771.0
840.2660615065847 775.0
840.5155059190262 780.0
840.7649416002901 772.0
841.0143685498927 774.0
841.2637867673512 770.0
841.5131962521828 774.0
841.7625970039035 779.0
842.0119890220308 782.0
842.2613723060813 780.0
842.5107468555723 763.0
842.76011267002 771.0
843.0094697489418 783.0
843.2588180918546 778.0
843.5081576982747 764.0
843.7574885677194 778.0
844.0068106997054 776.0
844.25612409375 785.0
844.5054287493696 764.0
844.754724666081 767.0
845.0040118434015 779.0
845.2532902808475 785.0
845.5025599779364 776.0
845.7518209341847 768.0
846.0010731491091 766.0
846.2503166222269 787.0
846.4995513530547 777.0
846.7487773411094 782.0
846.9979945859081 771.0
847.2472030869674 777.0
847.4964028438043 771.0
847.7455938559353 780.0
847.994776122878 786.0
848.2439496441485 781.0
848.4931144192642 777.0
848.7422704477419 773.0
848.9914177290981 776.0
849.2405562628502 788.0
849.4896860485144 788.0
849.7388070856083 774.0
849.9879193736485 786.0
850.2370229121515 762.0
850.4861177006346 773.0
850.7352037386146 765.0
850.9842810256082 786.0
851.2333495611326 779.0
851.482409344704 775.0
851.7314603758401 781.0
851.9805026540571 768.0
852.2295361788724 770.0
852.4785609498026 762.0
852.7275769663643 773.0
852.9765842280748 774.0
853.2255827344507 787.0
853.4745724850093 787.0
853.7235534792667 770.0
853.9725257167406 779.0
854.2214891969475 778.0
854.4704439194039 787.0
854.7193898836274 785.0
854.9683270891342 762.0
855.2172555354416 768.0
855.4661752220665 777.0
855.7150861485252 772.0
855.9639883143353 771.0
856.212881719013 760.0
856.4617663620759 767.0
856.7106422430403 759.0
856.9595093614231 765.0
857.2083677167415 773.0
857.4572173085119 777.0
857.7060581362517 770.0
857.9548901994776 770.0
858.2037134977061 781.0
858.4525280304546 772.0
858.7013337972394 770.0
858.950130797578 784.0
859.1989190309868 780.0
859.4476984969828 778.0
859.696469195083 779.0
859.9452311248039 775.0
860.1939842856627 764.0
860.4427286771763 766.0
860.6914642988615 779.0
860.9401911502351 759.0
861.1889092308139 761.0
861.437618540115 771.0
861.686319077655 773.0
861.935010842951 762.0
862.1836938355198 779.0
862.432368054878 778.0
862.6810335005429 776.0
862.9296901720311 773.0
863.1783380688596 787.0
863.4269771905452 776.0
863.6756075366046 778.0
863.9242291065551 798.0
864.1728418999131 770.0
864.4214459161959 771.0
864.6700411549201 770.0
864.9186276156024 779.0
865.1672052977602 771.0
865.4157742009098 760.0
865.6643343245685 772.0
865.9128856682528 780.0
866.1614282314799 768.0
866.4099620137665 770.0
866.6584870146295 775.0
866.9070032335858 764.0
867.155510670152 771.0
867.4040093238455 788.0
867.6524991941827 760.0
867.9009802806806 777.0
868.1494525828563 800.0
868.3979161002262 801.0
868.6463708323078 791.0
868.8948167786174 796.0
869.1432539386718 783.0
869.3916823119887 792.0
869.6401018980839 771.0
869.8885126964751 770.0
870.1369147066789 793.0
870.3853079282118 778.0
870.6336923605911 770.0
870.8820680033335 781.0
871.1304348559562 775.0
871.3787929179755 762.0
871.6271421889087 762.0
871.8754826682726 780.0
872.1238143555837 760.0
872.3721372503595 765.0
872.6204513521162 773.0
872.8687566603713 764.0
873.1170531746413 773.0
873.365340894443 770.0
873.6136198192935 777.0
873.8618899487094 767.0
874.110151282208 766.0
874.3584038193057 779.0
874.6066475595196 768.0
874.8548825023668 776.0
875.1031086473636 787.0
875.3513259940273 768.0
875.5995345418747 760.0
875.8477342904224 773.0
876.0959252391877 756.0
876.3441073876871 771.0
876.5922807354377 777.0
876.8404452819562 762.0
877.0886010267599 769.0
877.3367479693651 770.0
877.5848861092887 780.0
877.8330154460481 780.0
878.0811359791594 770.0
878.3292477081402 772.0
878.5773506325071 772.0
878.8254447517768 783.0
879.0735300654665 776.0
879.3216065730924 763.0
879.5696742741723 769.0
879.8177331682225 774.0
880.0657832547598 769.0
880.3138245333014 773.0
880.5618570033639 777.0
880.8098806644645 770.0
881.0578955161196 792.0
881.3059015578464 777.0
881.5538987891618 789.0
881.8018872095822 776.0
882.0498668186252 774.0
882.297837615807 780.0
882.5457996006451 772.0
882.7937527726558 760.0
883.041697131356 786.0
883.2896326762632 770.0
883.5375594068934 774.0
883.7854773227642 778.0
884.0333864233922 770.0
884.2812867082938 766.0
884.5291781769868 770.0
884.7770608289871 770.0
885.0249346638125 772.0
885.2727996809792 764.0
885.5206558800041 772.0
885.7685032604046 774.0
886.0163418216969 774.0
886.2641715633982 768.0
886.5119924850256 770.0
886.7598045860955 775.0
887.007607866125 768.0
887.2554023246308 776.0
887.5031879611303 772.0
887.7509647751398 763.0
887.9987327661763 764.0
888.2464919337567 765.0
888.4942422773979 768.0
888.7419837966169 770.0
888.9897164909302 764.0
889.2374403598551 774.0
889.4851554029083 769.0
889.7328616196063 783.0
889.9805590094667 783.0
890.2282475720056 774.0
890.4759273067405 771.0
890.7235982131879 763.0
890.9712602908646 765.0
891.218913539288 765.0
891.4665579579743 766.0
891.7141935464408 763.0
891.9618203042044 756.0
892.2094382307815 759.0
892.4570473256895 775.0
892.7046475884449 773.0
892.9522390185649 774.0
893.1998216155661 766.0
893.4473953789653 772.0
893.6949603082797 771.0
893.9425164030258 773.0
894.1900636627211 782.0
894.4376020868815 775.0
894.6851316750246 765.0
894.9326524266672 781.0
895.1801643413257 787.0
895.4276674185177 768.0
895.6751616577593 769.0
895.922647058568 790.0
896.1701236204603 768.0
896.4175913429531 774.0
896.6650502255636 771.0
896.912500267808 775.0
897.159941469204 769.0
897.4073738292678 774.0
897.6547973475165 758.0
897.9022120234671 767.0
898.1496178566362 777.0
898.3970148465409 769.0
898.644402992698 779.0
898.8917822946241 777.0
899.1391527518367 788.0
899.386514363852 762.0
899.6338671301874 761.0
899.8812110503592 775.0
900.1285461238849 765.0
900.375872350281 773.0
900.6231897290643 768.0
900.8704982597519 778.0
901.1177979418604 777.0
901.3650887749071 764.0
901.6123707584086 774.0
901.8596438918815 773.0
902.106908174843 777.0
902.35416360681 790.0
902.6014101872993 780.0
902.8486479158278 761.0
903.095876791912 771.0
903.3430968150694 759.0
903.5903079848164 769.0
903.83751030067 755.0
904.0847037621473 779.0
904.3318883687646 773.0
904.5790641200394 777.0
904.826231015488 774.0
905.0733890546279 769.0
905.3205382369753 763.0
905.5676785620476 773.0
905.8148100293615 766.0
906.0619326384336 766.0
906.3090463887813 775.0
906.5561512799208 762.0
906.8032473113697 772.0
907.0503344826443 778.0
907.2974127932616 783.0
907.5444822427387 780.0
907.7915428305921 778.0
908.038594556339 778.0
908.2856374194963 796.0
908.5326714195803 772.0
908.7796965561088 766.0
909.0267128285976 755.0
909.2737202365645 772.0
909.520718779526 777.0
909.7677084569985 775.0
910.0146892684998 774.0
910.261661213546 764.0
910.5086242916544 776.0
910.7555785023416 757.0
911.0025238451248 771.0
911.2494603195206 774.0
911.4963879250456 776.0
911.7433066612174 781.0
911.9902165275522 774.0
912.2371175235672 777.0
912.4840096487795 778.0
912.7308929027052 766.0
912.9777672848619 761.0
913.2246327947661 768.0
913.4714894319347 770.0
913.7183371958849 781.0
913.965176086133 785.0
914.2120061021965 769.0
914.4588272435916 783.0
914.7056395098358 778.0
914.9524429004457 775.0
915.1992374149379 764.0
915.4460230528298 780.0
915.6927998136375 768.0
915.9395676968788 774.0
916.1863267020701 774.0
916.4330768287281 782.0
916.67981807637 771.0
916.9265504445123 774.0
917.1732739326723 772.0
917.4199885403666 771.0
917.6666942671121 769.0
917.9133911124259 774.0
918.1600790758242 764.0
918.4067581568248 773.0
918.6534283549438 780.0
918.9000896696987 764.0
919.1467421006058 777.0
919.3933856471822 769.0
919.6400203089449 775.0
919.8866460854103 782.0
920.1332629760961 772.0
920.3798709805186 764.0
920.6264700981943 776.0
920.8730603286409 762.0
921.1196416713748 765.0
921.3662141259131 764.0
921.6127776917724 766.0
921.8593323684695 773.0
922.1058781555217 777.0
922.3524150524454 761.0
922.598943058758 781.0
922.8454621739758 776.0
923.0919723976159 772.0
923.3384737291954 771.0
923.5849661682307 770.0
923.8314497142393 778.0
924.0779243667373 783.0
924.3243901252423 790.0
924.5708469892709 766.0
924.8172949583395 770.0
925.0637340319656 785.0
925.3101642096658 770.0
925.5565854909571 771.0
925.8029978753563 781.0
926.04940136238 769.0
926.2957959515456 772.0
926.5421816423694 797.0
926.7885584343687 777.0
927.0349263270604 787.0
927.281285319961 786.0
927.5276354125876 769.0
927.7739766044568 768.0
928.020308895086 772.0
928.2666322839915 800.0
928.5129467706906 761.0
928.7592523547 774.0
929.0055490355364 790.0
929.2518368127171 776.0
929.4981156857584 767.0
929.7443856541778 764.0
929.9906467174917 771.0
930.2368988752169 781.0
930.4831421268707 776.0
930.7293764719695 768.0
930.9756019100306 783.0
931.2218184405708 775.0
931.4680260631065 778.0
931.7142247771553 772.0
931.9604145822334 778.0
932.2065954778582 770.0
932.4527674635461 756.0
932.6989305388141 754.0
932.9450847031794 783.0
933.1912299561584 761.0
933.4373662972685 776.0
933.6834937260257 792.0
933.929612241948 780.0
934.1757218445516 770.0
934.4218225333533 780.0
934.6679143078701 774.0
934.913997167619 770.0
935.1600711121167 776.0
935.4061361408803 768.0
935.6521922534262 777.0
935.8982394492718 780.0
936.1442777279336 778.0
936.3903070889288 778.0
936.636327531774 778.0
936.882339055986 771.0
937.128341661082 771.0
937.3743353465785 777.0
937.6203201119927 785.0
937.8662959568414 761.0
938.1122628806411 772.0
938.3582208829092 775.0
938.6041699631621 777.0
938.8501101209171 776.0
939.0960413556905 761.0
939.341963667 785.0
939.5878770543618 776.0
939.8337815172929 782.0
940.0796770553103 780.0
940.3255636679306 774.0
940.5714413546712 780.0
940.8173101150486 776.0
941.0631699485793 769.0
941.309020854781 763.0
941.5548628331699 781.0
941.8006958832632 781.0
942.0465200045778 792.0
942.2923351966301 777.0
942.5381414589376 779.0
942.7839387910167 781.0
943.0297271923846 773.0
943.275506662558 778.0
943.5212772010536 776.0
943.7670388073888 774.0
944.0127914810797 773.0
944.2585352216438 782.0
944.504270028598 777.0
944.7499959014584 782.0
944.9957128397427 784.0
945.2414208429674 772.0
945.4871199106495 790.0
945.7328100423057 778.0
945.978491237453 778.0
946.2241634956084 781.0
946.4698268162882 780.0
946.71548119901 771.0
946.9611266432901 783.0
947.2067631486459 778.0
947.4523907145939 772.0
947.6980093406509 772.0
947.943619026334 773.0
948.1892197711599 776.0
948.4348115746456 768.0
948.680394436308 775.0
948.9259683556636 772.0
949.17153333223 784.0
949.4170893655231 771.0
949.6626364550607 770.0
949.9081746003591 777.0
950.1537038009352 770.0
950.3992240563063 779.0
950.6447353659886 781.0
950.8902377294995 779.0
951.1357311463555 780.0
951.381215616074 781.0
951.6266911381715 774.0
951.8721577121647 776.0
952.1176153375708 779.0
952.3630640139064 769.0
952.6085037406887 773.0
952.8539345174344 772.0
953.09935634366 772.0
953.3447692188829 782.0
953.5901731426196 767.0
953.8355681143876 777.0
954.080954133703 782.0
954.326331200083 762.0
954.5716993130445 775.0
954.8170584721041 770.0
955.0624086767792 770.0
955.3077499265863 771.0
955.5530822210421 777.0
955.798405559664 785.0
956.0437199419682 779.0
956.2890253674723 785.0
956.5343218356925 786.0
956.7796093461461 773.0
957.02488789835 772.0
957.2701574918206 777.0
957.5154181260752 795.0
957.7606698006304 776.0
958.0059125150034 776.0
958.2511462687107 779.0
958.4963710612694 784.0
958.7415868921963 787.0
958.9867937610082 774.0
959.2319916672224 769.0
959.4771806103552 771.0
959.7223605899235 774.0
959.9675316054446 787.0
960.2126936564348 785.0
960.4578467424116 786.0
960.7029908628915 763.0
960.9481260173911 776.0
961.193252205428 778.0
961.4383694265184 792.0
961.6834776801796 782.0
961.9285769659282 791.0
962.1736672832812 768.0
962.4187486317555 755.0
962.6638210108677 786.0
962.908884420135 772.0
963.153938859074 776.0
963.3989843272019 770.0
963.6440208240352 774.0
963.889048349091 764.0
964.1340669018862 770.0
964.3790764819373 762.0
964.6240770887617 772.0
964.8690687218761 776.0
965.114051380797 776.0
965.3590250650417 766.0
965.6039897741268 770.0
965.8489455075695 772.0
966.0938922648864 786.0
966.3388300455941 781.0
966.5837588492103 762.0
966.8286786752509 768.0
967.0735895232334 766.0
967.3184913926743 777.0
967.5633842830911 781.0
967.808268194 766.0
968.0531431249179 782.0
968.2980090753622 773.0
968.5428660448491 778.0
968.7877140328961 778.0
969.0325530390197 773.0
969.2773830627367 776.0
969.5222041035643 769.0
969.7670161610189 773.0
970.0118192346179 789.0
970.2566133238779 787.0
970.5013984283155 778.0
970.746174547448 772.0
970.990941680792 780.0
971.2356998278649 778.0
971.480448988183 774.0
971.725189161263 783.0
971.9699203466223 772.0
972.2146425437775 772.0
972.4593557522456 770.0
972.7040599715434 775.0
972.9487552011876 775.0
973.1934414406954 766.0
973.4381186895833 771.0
973.6827869473685 775.0
973.9274462135677 767.0
974.1720964876979 785.0
974.4167377692759 791.0
974.6613700578182 769.0
974.9059933528424 776.0
975.1506076538647 773.0
975.3952129604023 772.0
975.6398092719721 783.0
975.8843965880908 775.0
976.1289749082755 774.0
976.3735442320426 784.0
976.6181045589096 774.0
976.862655888393 778.0
977.1071982200094 778.0
977.3517315532764 762.0
977.5962558877101 784.0
977.840771222828 781.0
978.0852775581467 771.0
978.3297748931827 779.0
978.5742632274536 764.0
978.8187425604756 782.0
979.063212891766 785.0
979.3076742208415 776.0
979.5521265472191 778.0
979.7965698704156 768.0
980.0410041899477 774.0
980.2854295053326 775.0
980.5298458160865 770.0
980.7742531217272 766.0
981.0186514217711 781.0
981.2630407157347 763.0
981.5074210031356 773.0
981.7517922834901 770.0
981.9961545563154 776.0
982.2405078211283 769.0
982.4848520774455 768.0
982.729187324784 773.0
982.9735135626606 776.0
983.2178307905924 778.0
983.4621390080961 777.0
983.7064382146882 773.0
983.9507284098863 772.0
984.1950095932067 777.0
984.4392817641666 786.0
984.6835449222825 777.0
984.9277990670716 775.0
985.1720441980509 785.0
985.4162803147366 785.0
985.6605074166464 774.0
985.9047255032964 778.0
986.1489345742042 787.0
986.3931346288863 773.0
986.6373256668593 772.0
986.8815076876406 765.0
987.1256806907464 764.0
987.3698446756944 770.0
987.613999642001 777.0
987.8581455891829 782.0
988.1022825167574 771.0
988.3464104242408 764.0
988.5905293111508 779.0
988.8346391770036 779.0
989.0787400213161 772.0
989.3228318436055 777.0
989.5669146433884 764.0
989.8109884201817 770.0
990.0550531735024 765.0
990.2991089028674 774.0
990.5431556077934 766.0
990.7871932877973 773.0
991.031221942396 786.0
991.2752415711062 772.0
991.5192521734452 774.0
991.7632537489297 775.0
992.0072462970761 780.0
992.251229817402 784.0
992.4952043094236 771.0
992.7391697726582 785.0
992.9831262066227 776.0
993.2270736108336 755.0
993.4710119848082 787.0
993.7149413280629 785.0
993.958861640115 769.0
994.2027729204812 775.0
994.4466751686781 770.0
994.6905683842231 764.0
994.9344525666326 769.0
995.1783277154237 781.0
995.4221938301132 758.0
995.6660509102181 788.0
995.9098989552552 776.0
996.1537379647411 764.0
996.3975679381932 782.0
996.6413888751279 768.0
996.8852007750622 772.0
997.1290036375133 766.0
997.3727974619973 763.0
997.6165822480319 763.0
997.8603579951333 761.0
998.104124702819 773.0
998.3478823706055 765.0
998.5916309980095 788.0
998.8353705845483 777.0
999.0791011297383 763.0
999.3228226330968 786.0
999.5665350941406 771.0
999.8102385123861 773.0
1000.0539328873509 764.0
1000.2976182185512 762.0
1000.5412945055043 770.0
1000.7849617477269 761.0
1001.0286199447357 771.0
1001.2722690960481 782.0
1001.5159092011804 781.0
1001.75954025965 769.0
1002.003162270973 778.0
1002.246775234667 768.0
1002.4903791502487 773.0
1002.7339740172346 778.0
1002.9775598351421 769.0
1003.2211366034876 773.0
1003.4647043217884 784.0
1003.7082629895611 780.0
1003.9518126063224 770.0
1004.1953531715895 766.0
1004.4388846848791 772.0
1004.6824071457083 787.0
1004.9259205535938 789.0
1005.1694249080521 779.0
1005.4129202086007 781.0
1005.6564064547559 769.0
1005.8998836460353 771.0
1006.1433517819551 781.0
1006.3868108620323 779.0
1006.6302608857841 778.0
1006.8737018527269 776.0
1007.1171337623779 784.0
1007.3605566142537 783.0
1007.6039704078715 786.0
1007.8473751427481 762.0
1008.0907708184001 772.0
1008.3341574343445 777.0
1008.5775349900982 773.0
1008.8209034851784 762.0
1009.0642629191013 785.0
1009.3076132913841 780.0
1009.5509546015439 777.0
1009.7942868490973 786.0
1010.0376100335611 774.0
1010.2809241544525 769.0
1010.5242292112879 783.0
1010.7675252035845 787.0
1011.010812130859 774.0
1011.2540899926286 788.0
1011.4973587884098 776.0
1011.7406185177194 781.0
1011.9838691800747 782.0
1012.2271107749921 784.0
1012.470343301989 784.0
1012.7135667605817 760.0
1012.9567811502875 773.0
1013.1999864706231 779.0
1013.4431827211052 769.0
1013.686369901251 776.0
1013.929548010577 763.0
1014.1727170486006 785.0
1014.4158770148383 772.0
1014.6590279088067 784.0
1014.9021697300233 772.0
1015.1453024780044 777.0
1015.3884261522674 782.0
1015.6315407523286 787.0
1015.8746462777051 764.0
1016.1177427279141 778.0
1016.3608301024719 781.0
1016.603908400896 783.0
1016.8469776227028 778.0
1017.0900377674091 785.0
1017.3330888345322 774.0
1017.5761308235883 786.0
1017.8191637340951 776.0
1018.0621875655689 761.0
1018.3052023175269 766.0
1018.5482079894858 776.0
1018.7912045809622 771.0
1019.0341920914735 776.0
1019.2771705205361 776.0
1019.5201398676672 786.0
1019.7631001323837 766.0
1020.006051314202 781.0
1020.2489934126395 767.0
1020.4919264272125 799.0
1020.7348503574386 769.0
1020.9777652028342 783.0
1021.2206709629161 782.0
1021.4635676372014 782.0
1021.7064552252067 772.0
1021.9493337264495 782.0
1022.1922031404459 795.0
1022.4350634667132 773.0
1022.6779147047681 778.0
1022.9207568541273 774.0
1023.1635899143083 776.0
1023.4064138848273 787.0
1023.6492287652015 782.0
1023.8920345549478 772.0
1024.134831253583 790.0
1024.377618860624 780.0
1024.6203973755871 785.0
1024.8631667979898 782.0
1025.1059271273493 772.0
1025.3486783631818 787.0
1025.5914205050044 780.0
1025.8341535523336 776.0
1026.076877504687 788.0
1026.3195923615808 787.0
1026.5622981225324 761.0
1026.8049947870584 776.0
1027.0476823546753 770.0
1027.2903608249007 765.0
1027.5330301972513 778.0
1027.7756904712435 768.0
1028.0183416463947 776.0
1028.260983722221 775.0
1028.5036166982402 798.0
1028.7462405739689 771.0
1028.9888553489234 770.0
1029.2314610226213 773.0
1029.474057594579 781.0
1029.7166450643138 770.0
1029.9592234313418 775.0
1030.2017926951808 770.0
1030.4443528553472 781.0
1030.6869039113576 781.0
1030.9294458627296 760.0
1031.1719787089794 766.0
1031.414502449624 766.0
1031.6570170841808 775.0
1031.8995226121658 780.0
1032.1420190330966 780.0
1032.3845063464896 772.0
1032.6269845518618 773.0
1032.8694536487305 768.0
1033.111913636612 778.0
1033.3543645150232 782.0
1033.596806283481 776.0
1033.8392389415026 782.0
1034.081662488605 776.0
1034.324076924304 771.0
1034.566482248118 779.0
1034.8088784595625 777.0
1035.0512655581551 788.0
1035.2936435434124 782.0
1035.5360124148515 763.0
1035.778372171989 769.0
1036.020722814342 780.0
1036.2630643414275 775.0
1036.5053967527615 769.0
1036.7477200478622 774.0
1036.9900342262456 773.0
1037.2323392874284 764.0
1037.4746352309282 766.0
1037.7169220562612 786.0
1037.9591997629448 761.0
1038.2014683504956 775.0
1038.4437278184303 785.0
1038.685978166266 772.0
1038.9282193935196 774.0
1039.170451499708 773.0
1039.4126744843477 804.0
1039.6548883469559 767.0
1039.8970930870496 777.0
1040.1392887041452 791.0
1040.3814751977598 772.0
1040.6236525674105 777.0
1040.8658208126137 773.0
1041.107979932887 766.0
1041.3501299277466 770.0
1041.5922707967095 778.0
1041.8344025392926 777.0
1042.0765251550129 788.0
1042.3186386433872 752.0
1042.5607430039322 766.0
1042.802838236165 779.0
1043.0449243396022 774.0
1043.2870013137613 784.0
1043.5290691581586 780.0
1043.7711278723107 766.0
1044.013177455735 770.0
1044.2552179079482 782.0
1044.4972492284676 769.0
1044.7392714168093 769.0
1044.9812844724902 765.0
1045.223288395028 770.0
1045.4652831839387 771.0
1045.70726883874 776.0
1045.949245358948 775.0
1046.1912127440798 780.0
1046.4331709936528 769.0
1046.675120107183 764.0
1046.9170600841878 769.0
1047.1589909241836 774.0
1047.400912626688 779.0
1047.6428251912175 763.0
1047.8847286172886 772.0
1048.1266229044188 768.0
1048.3685080521243 766.0
1048.6103840599228 779.0
1048.8522509273307 770.0
1049.0941086538646 775.0
1049.3359572390418 781.0
1049.577796682379 778.0
1049.819626983393 779.0
1050.061448141601 786.0
1050.3032601565194 777.0
1050.5450630276655 778.0
1050.7868567545556 773.0
1051.0286413367073 776.0
1051.270416773637 772.0
1051.5121830648616 768.0
1051.7539402098982 765.0
1051.9956882082631 770.0
1052.237427059474 769.0
1052.479156763047 773.0
1052.7208773184996 767.0
1052.9625887253483 786.0
1053.2042909831098 784.0
1053.4459840913016 792.0
1053.6876680494397 787.0
1053.929342857042 783.0
1054.1710085136244 757.0
1054.4126650187043 774.0
1054.6543123717986 778.0
1054.8959505724238 773.0
1055.1375796200969 772.0
1055.3791995143351 781.0
1055.620810254655 764.0
1055.8624118405735 778.0
1056.1040042716074 776.0
1056.3455875472737 772.0
1056.5871616670893 778.0
1056.8287266305706 767.0
1057.070282437235 785.0
1057.3118290865991 778.0
1057.5533665781802 786.0
1057.7948949114943 773.0
1058.0364140860593 774.0
1058.2779241013916 767.0
1058.5194249570077 760.0
1058.760916652425 773.0
1059.0023991871599 770.0
1059.24387256073 751.0
1059.4853367726514 784.0
1059.7267918224413 771.0
1059.968237709617 759.0
1060.2096744336943 776.0
1060.451101994191 762.0
1060.6925203906237 771.0
1060.933929622509 775.0
1061.1753296893642 779.0
1061.4167205907056 763.0
1061.6581023260508 788.0
1061.8994748949162 781.0
1062.1408382968189 772.0
1062.3821925312755 771.0
1062.6235375978026 770.0
1062.8648734959181 769.0
1063.1062002251376 776.0
1063.3475177849793 776.0
1063.588826174959 778.0
1063.830125394594 788.0
1064.0714154434013 778.0
1064.312696320897 770.0
1064.553968026599 771.0
1064.7952305600238 777.0
1065.036483920688 772.0
1065.2777281081087 779.0
1065.5189631218025 784.0
1065.7601889612868 764.0
1066.001405626078 778.0
1066.2426131156928 785.0
1066.4838114296492 786.0
1066.7250005674625 781.0
1066.9661805286507 756.0
1067.2073513127305 773.0
1067.4485129192178 773.0
1067.689665347631 780.0
1067.9308085974856 774.0
1068.1719426682996 762.0
1068.413067559589 766.0
1068.654183270871 762.0
1068.8952898016628 766.0
1069.1363871514804 780.0
1069.3774753198418 768.0
1069.618554306263 762.0
1069.8596241102612 777.0
1070.100684731353 774.0
1070.3417361690556 772.0
1070.582778422886 769.0
1070.8238114923604 775.0
1071.0648353769964 787.0
1071.3058500763104 778.0
1071.5468555898192 775.0
1071.7878519170404 776.0
1072.02883905749 780.0
1072.2698170106853 753.0
1072.5107857761434 765.0
1072.75174535338 782.0
1072.9926957419138 771.0
1073.23363694126 769.0
1073.4745689509368 766.0
1073.7154917704597 791.0
1073.9564053993467 768.0
1074.1973098371145 770.0
1074.4382050832794 798.0
1074.6790911373587 780.0
1074.9199679988692 790.0
1075.1608356673278 775.0
1075.4016941422512 766.0
1075.6425434231562 780.0
1075.8833835095604 779.0
1076.1242144009796 776.0
1076.3650360969316 782.0
1076.6058485969324 791.0
1076.8466519004996 756.0
1077.0874460071498 770.0
1077.3282309163997 778.0
1077.5690066277664 765.0
1077.8097731407665 774.0
1078.0505304549172 760.0
1078.2912785697354 775.0
1078.5320174847377 768.0
1078.772747199441 761.0
1079.0134677133622 775.0
1079.2541790260184 783.0
1079.4948811369263 777.0
1079.7355740456023 773.0
1079.9762577515642 778.0
1080.2169322543277 786.0
1080.4575975534112 771.0
1080.6982536483301 772.0
1080.9389005386022 777.0
1081.179538223744 768.0
1081.4201667032721 776.0
1081.6607859767041 747.0
1081.9013960435564 765.0
1082.1419969033457 773.0
1082.382588555589 767.0
1082.6231709998035 780.0
1082.863744235506 764.0
1083.104308262213 779.0
1083.3448630794412 764.0
1083.5854086867082 767.0
1083.8259450835303 758.0
1084.0664722694248 779.0
1084.306990243908 780.0
1084.5474990064974 782.0
1084.7879985567097 768.0
1085.0284888940612 769.0
1085.2689700180695 768.0
1085.509441928251 782.0
1085.749904624123 783.0
1085.990358105202 768.0
1086.2308023710048 777.0
1086.4712374210485 778.0
1086.71166325485 768.0
1086.9520798719261 759.0
1087.1924872717937 762.0
1087.4328854539694 762.0
1087.6732744179706 772.0
1087.9136541633134 764.0
1088.1540246895156 764.0
1088.3943859960934 774.0
1088.6347380825637 772.0
1088.8750809484436 768.0
1089.1154145932499 762.0
1089.3557390164995 766.0
1089.5960542177095 778.0
1089.836360196396 783.0
1090.0766569520767 766.0
1090.3169444842679 780.0
1090.557222792487 757.0
1090.7974918762502 769.0
1091.037751735075 772.0
1091.2780023684782 769.0
1091.518243775976 775.0
1091.7584759570861 761.0
1091.9986989113247 760.0
1092.2389126382093 768.0
1092.4791171372563 781.0
1092.7193124079827 782.0
1092.9594984499054 779.0
1093.1996752625412 785.0
1093.4398428454072 773.0
1093.68000119802 780.0
1093.9201503198965 768.0
1094.1602902105537 787.0
1094.4004208695083 769.0
1094.6405422962773 773.0
1094.8806544903778 771.0
1095.120757451326 759.0
1095.3608511786392 770.0
1095.6009356718341 767.0
1095.8410109304282 776.0
1096.0810769539376 784.0
1096.3211337418795 765.0
1096.5611812937707 773.0
1096.8012196091279 774.0
1097.0412486874682 778.0
1097.2812685283084 782.0
1097.5212791311658 770.0
1097.7612804955563 785.0
1098.0012726209975 768.0
1098.2412555070064 789.0
1098.4812291530989 757.0
1098.721193558793 779.0
1098.961148723605 755.0
1099.2010946470518 773.0
1099.4410313286503 781.0
1099.6809587679172 778.0
1099.92087696437 788.0
1100.1607859175251 773.0
1100.400685626899 768.0
1100.640576092009 776.0
1100.880457312372 778.0
1101.1203292875052 759.0
1101.3601920169247 763.0
1101.6000455001479 788.0
1101.8398897366915 780.0
1102.079724726072 783.0
1102.3195504678072 763.0
1102.559366961413 775.0
1102.7991742064069 789.0
1103.0389722023056 790.0
1103.2787609486254 789.0
1103.5185404448844 770.0
1103.7583106905984 760.0
1103.9980716852845 773.0
1104.23782342846 774.0
1104.4775659196412 775.0
1104.7172991583454 783.0
1104.9570231440887 764.0
1105.1967378763893 774.0
1105.436443354763 773.0
1105.6761395787273 763.0
1105.9158265477986 775.0
1106.1555042614937 766.0
1106.3951727193298 776.0
1106.6348319208234 768.0
1106.8744818654923 772.0
1107.1141225528525 770.0
1107.3537539824208 782.0
1107.5933761537144 774.0
1107.8329890662503 765.0
1108.072592719545 781.0
1108.3121871131157 781.0
1108.551772246479 769.0
1108.7913481191517 770.0
1109.030914730651 778.0
1109.2704720804938 764.0
1109.5100201681967 763.0
1109.7495589932764 774.0
1109.9890885552504 782.0
1110.2286088536348 773.0
1110.4681198879473 778.0
1110.707621657704 770.0
1110.9471141624224 768.0
1111.1865974016187 776.0
1111.4260713748101 778.0
1111.665536081514 765.0
1111.9049915212463 780.0
1112.1444376935244 772.0
1112.3838745978653 764.0
1112.6233022337854 778.0
1112.8627206008023 767.0
1113.102129698432 779.0
1113.3415295261918 756.0
1113.5809200835986 770.0
1113.820301370169 761.0
1114.0596733854206 778.0
1114.2990361288694 763.0
1114.5383896000326 779.0
1114.7777337984273 773.0
1115.0170687235698 771.0
1115.2563943749778 781.0
1115.4957107521673 778.0
1115.7350178546556 786.0
1115.9743156819598 773.0
1116.213604233596 780.0
1116.452883509082 775.0
1116.692153507934 781.0
1116.9314142296694 772.0
1117.1706656738045 777.0
1117.4099078398563 774.0
1117.6491407273422 769.0
1117.8883643357783 774.0
1118.1275786646822 780.0
1118.36678371357 785.0
1118.6059794819594 772.0
1118.8451659693665 770.0
1119.0843431753085 782.0
1119.3235110993026 766.0
1119.5626697408647 754.0
1119.8018190995128 766.0
1120.0409591747637 771.0
1120.2800899661331 788.0
1120.519211473139 778.0
1120.7583236952978 780.0
1120.9974266321262 775.0
1121.236520283142 776.0
1121.4756046478608 776.0
1121.7146797258001 784.0
1121.9537455164768 761.0
1122.192802019408 749.0
1122.4318492341101 767.0
1122.6708871601 777.0
1122.909915796895 774.0
1123.1489351440111 771.0
1123.3879452009662 772.0
1123.6269459672762 782.0
1123.865937442459 762.0
1124.1049196260308 771.0
1124.3438925175087 788.0
