shot=172_gas=Ar_height=80_RF=175.4W_massflow=1000_coils=100.0A_HR4000 spectrum
Wavelength [nm] // Intensity [u.a.] 
194.93414 820.0
195.2037815346219 824.0
195.47341553816543 812.0
195.74304201014752 830.0
196.012660950085 817.0
196.28227235749478 822.0
196.55187623189366 826.0
196.82147257279857 817.0
197.09106137972637 816.0
197.36064265219392 821.0
197.63021638971804 834.0
197.89978259181567 822.0
198.16934125800364 812.0
198.43889238779886 806.0
198.7084359807181 817.0
198.97797203627835 815.0
199.2475005539964 816.0
199.51702153338914 810.0
199.78653497397343 826.0
200.05604087526618 836.0
200.3255392367842 827.0
200.59503005804436 817.0
200.8645133385636 828.0
201.1339890778587 819.0
201.4034572754466 822.0
201.67291793084408 839.0
201.94237104356813 826.0
202.21181661313554 824.0
202.48125463906314 844.0
202.7506851208679 825.0
203.02010805806663 812.0
203.28952345017618 829.0
203.55893129671344 819.0
203.8283315971953 819.0
204.0977243511386 830.0
204.3671095580602 823.0
204.636487217477 815.0
204.90585732890585 818.0
205.17521989186366 818.0
205.44457490586717 820.0
205.7139223704334 821.0
205.98326228507918 830.0
206.2525946493213 822.0
206.5219194626767 824.0
206.79123672466224 827.0
207.06054643479476 829.0
207.32984859259116 821.0
207.59914319756828 826.0
207.86843024924303 826.0
208.13770974713225 815.0
208.40698169075276 827.0
208.6762460796215 826.0
208.94550291325532 816.0
209.2147521911711 825.0
209.48399391288567 799.0
209.75322807791594 816.0
210.02245468577874 829.0
210.29167373599094 825.0
210.56088522806942 821.0
210.83008916153108 825.0
211.09928553589276 830.0
211.3684743506713 837.0
211.63765560538363 824.0
211.9068292995466 835.0
212.175995432677 822.0
212.44515400429182 827.0
212.71430501390782 819.0
212.98344846104192 819.0
213.25258434521103 822.0
213.52171266593191 829.0
213.79083342272153 834.0
214.05994661509675 828.0
214.3290522425744 821.0
214.5981503046713 810.0
214.8672408009044 838.0
215.13632373079054 827.0
215.4053990938466 825.0
215.6744668895894 836.0
215.94352711753592 829.0
216.21257977720293 825.0
216.48162486810728 818.0
216.7506623897659 839.0
217.01969234169565 825.0
217.2887147234134 831.0
217.55772953443596 821.0
217.82673677428028 819.0
218.0957364424632 827.0
218.36472853850154 823.0
218.6337130619122 825.0
218.9026900122121 817.0
219.17165938891804 820.0
219.4406211915469 826.0
219.70957541961562 839.0
219.97852207264097 823.0
220.24746115013983 814.0
220.5163926516291 813.0
220.78531657662566 826.0
221.05423292464639 832.0
221.32314169520808 817.0
221.59204288782766 827.0
221.860936502022 841.0
222.12982253730797 817.0
222.39870099320237 823.0
222.66757186922214 833.0
222.93643516488416 811.0
223.20529087970525 836.0
223.47413901320226 834.0
223.74297956489212 825.0
224.01181253429166 838.0
224.28063792091777 839.0
224.5494557242873 824.0
224.8182659439171 818.0
225.08706857932413 827.0
225.35586363002508 822.0
225.62465109553705 842.0
225.89343097537673 834.0
226.16220326906105 822.0
226.43096797610687 826.0
226.69972509603105 828.0
226.9684746283505 841.0
227.237216572582 812.0
227.50595092824256 822.0
227.7746776948489 829.0
228.04339687191796 821.0
228.31210845896663 818.0
228.5808124555117 818.0
228.84950886107015 811.0
229.11819767515877 820.0
229.38687889729442 841.0
229.65555252699397 824.0
229.92421856377433 805.0
230.1928770071524 823.0
230.46152785664492 819.0
230.73017111176884 829.0
230.99880677204106 814.0
231.26743483697837 827.0
231.53605530609772 821.0
231.8046681789159 825.0
232.07327345494983 836.0
232.34187113371638 818.0
232.61046121473237 816.0
232.87904369751473 821.0
233.14761858158028 818.0
233.41618586644586 820.0
233.68474555162845 808.0
233.95329763664483 823.0
234.2218421210119 840.0
234.49037900424648 830.0
234.7589082858655 827.0
235.02742996538583 830.0
235.29594404232427 818.0
235.56445051619772 816.0
235.8329493865231 821.0
236.10144065281722 824.0
236.36992431459691 820.0
236.63840037137916 817.0
236.9068688226808 812.0
237.1753296680186 842.0
237.44378290690955 812.0
237.7122285388704 811.0
237.9806665634181 823.0
238.24909698006957 831.0
238.51751978834153 828.0
238.78593498775095 820.0
239.0543425778147 830.0
239.32274255804958 830.0
239.59113492797255 841.0
239.8595196871004 820.0
240.12789683495004 829.0
240.3962663710383 839.0
240.66462829488208 825.0
240.93298260599826 806.0
241.2013293039037 816.0
241.46966838811522 822.0
241.73799985814978 823.0
242.00632371352418 826.0
242.27463995375527 829.0
242.54294857835998 840.0
242.81124958685515 829.0
243.07954297875764 827.0
243.34782875358434 828.0
243.61610691085207 821.0
243.88437745007772 830.0
244.15264037077822 847.0
244.42089567247035 807.0
244.68914335467105 820.0
244.95738341689716 824.0
245.2256158586655 811.0
245.493840679493 824.0
245.76205787889654 825.0
246.03026745639292 819.0
246.29846941149904 813.0
246.5666637437318 843.0
246.834850452608 817.0
247.1030295376446 818.0
247.37120099835838 832.0
247.63936483426627 838.0
247.9075210448851 824.0
248.17566962973177 820.0
248.4438105883231 823.0
248.71194392017603 824.0
248.98006962480733 818.0
249.248187701734 810.0
249.51629815047275 820.0
249.78440097054056 819.0
250.05249616145431 824.0
250.32058372273076 823.0
250.5886636538869 835.0
250.85673595443953 849.0
251.12480062390551 829.0
251.39285766180177 833.0
251.6609070676451 828.0
251.92894884095242 825.0
252.19698298124058 825.0
252.46500948802645 816.0
252.73302836082692 810.0
253.00103959915882 824.0
253.26904320253902 828.0
253.53703917048443 835.0
253.80502750251188 818.0
254.07300819813827 820.0
254.34098125688044 812.0
254.60894667825525 826.0
254.87690446177962 818.0
255.14485460697037 835.0
255.41279711334434 833.0
255.6807319804185 813.0
255.94865920770962 824.0
256.2165787947346 833.0
256.48449074101035 824.0
256.75239504605366 814.0
257.02029170938147 814.0
257.28818073051065 825.0
257.556062108958 835.0
257.8239358442404 819.0
258.0918019358748 824.0
258.35966038337796 822.0
258.6275111862668 824.0
258.8953543440582 826.0
259.163189856269 836.0
259.4310177224162 827.0
259.6988379420164 821.0
259.9666505145867 822.0
260.23445543964385 838.0
260.50225271670473 813.0
260.77004234528624 826.0
261.03782432490533 834.0
261.3055986550787 825.0
261.5733653353234 820.0
261.8411243651561 820.0
262.1088757440937 832.0
262.37661947165327 819.0
262.6443555473515 830.0
262.9120839707053 814.0
263.1798047412315 822.0
263.44751785844704 826.0
263.7152233218687 809.0
263.98292113101354 804.0
264.2506112853982 819.0
264.51829378453965 825.0
264.7859686279547 832.0
265.05363581516025 826.0
265.32129534567326 834.0
265.5889472190105 813.0
265.8565914346889 826.0
266.1242279922252 824.0
266.39185689113634 822.0
266.65947813093925 831.0
266.9270917111508 814.0
267.19469763128774 821.0
267.46229589086704 825.0
267.72988648940554 812.0
267.9974694264201 811.0
268.2650447014276 829.0
268.53261231394487 826.0
268.80017226348883 818.0
269.0677245495763 812.0
269.3352691717242 818.0
269.60280612944933 820.0
269.8703354222686 824.0
270.13785704969894 820.0
270.40537101125716 833.0
270.67287730646007 821.0
270.9403759348246 836.0
271.2078668958677 820.0
271.47535018910605 834.0
271.7428258140567 822.0
272.01029377023633 812.0
272.2777540571619 817.0
272.5452066743504 833.0
272.81265162131854 823.0
273.08008889758327 810.0
273.34751850266144 814.0
273.6149404360698 812.0
273.8823546973254 822.0
274.1497612859451 825.0
274.4171602014456 824.0
274.6845514433439 816.0
274.95193501115676 826.0
275.2193109044012 813.0
275.486679122594 817.0
275.7540396652521 825.0
276.02139253189216 821.0
276.2887377220313 821.0
276.55607523518626 825.0
276.82340507087395 818.0
277.09072722861123 813.0
277.3580417079149 816.0
277.62534850830195 821.0
277.8926476292892 803.0
278.1599390703934 809.0
278.4272228311316 810.0
278.69449891102056 822.0
278.96176730957717 827.0
279.22902802631836 819.0
279.4962810607609 817.0
279.76352641242164 799.0
280.0307640808177 830.0
280.29799406546556 823.0
280.5652163658824 821.0
280.8324309815849 829.0
281.09963791209003 827.0
281.3668371569146 818.0
281.6340287155756 813.0
281.9012125875897 807.0
282.168388772474 820.0
282.4355572697452 830.0
282.7027180789201 817.0
282.9698711995158 816.0
283.23701663104896 837.0
283.50415437303667 813.0
283.77128442499554 825.0
284.0384067864426 817.0
284.3055214568946 808.0
284.57262843586864 820.0
284.8397277228814 820.0
285.1068193174497 815.0
285.37390321909055 817.0
285.6409794273207 830.0
285.9080479416572 830.0
286.1751087616167 817.0
286.4421618867162 808.0
286.7092073164725 823.0
286.9762450504025 821.0
287.24327508802315 822.0
287.5102974288511 809.0
287.77731207240345 816.0
288.04431901819703 815.0
288.3113182657485 826.0
288.578309814575 822.0
288.84529366419326 825.0
289.1122698141201 823.0
289.37923826387254 826.0
289.6461990129674 815.0
289.91315206092133 814.0
290.18009740725154 817.0
290.44703505147464 816.0
290.7139649931077 820.0
290.98088723166734 810.0
291.24780176667065 818.0
291.5147085976344 820.0
291.78160772407557 814.0
292.04849914551085 821.0
292.3153828614572 822.0
292.58225887143146 825.0
292.8491271749505 832.0
293.1159877715313 825.0
293.3828406606906 820.0
293.6496858419453 817.0
293.9165233148123 828.0
294.1833530788084 823.0
294.4501751334505 812.0
294.71698947825547 822.0
294.9837961127402 819.0
295.2505950364216 820.0
295.5173862488164 827.0
295.78416974944156 813.0
296.050945537814 823.0
296.31771361345045 826.0
296.584473975868 816.0
296.8512266245832 816.0
297.11797155911313 810.0
297.38470877897464 822.0
297.6514382836846 832.0
297.9181600727598 832.0
298.18487414571723 822.0
298.4515805020736 835.0
298.71827914134593 826.0
298.9849700630511 833.0
299.2516532667058 807.0
299.518328751827 822.0
299.78499651793163 825.0
300.0516565645365 812.0
300.3183088911584 818.0
300.58495349731436 835.0
300.8515903825211 820.0
301.1182195462956 819.0
301.3848409881546 824.0
301.65145470761513 823.0
301.91806070419403 816.0
302.184658977408 812.0
302.4512495267741 833.0
302.7178323518091 819.0
302.9844074520298 832.0
303.2509748269532 822.0
303.5175344760962 811.0
303.78408639897555 814.0
304.0506305951082 826.0
304.31716706401096 830.0
304.58369580520065 821.0
304.8502168181943 830.0
305.1167301025086 827.0
305.3832356576606 830.0
305.649733483167 827.0
305.9162235785447 819.0
306.1827059433106 813.0
306.4491805769817 838.0
306.7156474790747 817.0
306.98210664910647 819.0
307.2485580865939 832.0
307.5150017910539 822.0
307.7814377620034 822.0
308.0478659989591 807.0
308.31428650143795 828.0
308.58069926895683 832.0
308.8471043010326 817.0
309.1135015971821 826.0
309.37989115692227 813.0
309.6462729797699 823.0
309.91264706524197 814.0
310.1790134128551 813.0
310.4453720221265 820.0
310.71172289257277 815.0
310.97806602371094 814.0
311.2444014150577 809.0
311.5107290661301 809.0
311.777048976445 810.0
312.04336114551904 825.0
312.30966557286945 816.0
312.5759622580128 829.0
312.8422512004661 827.0
313.1085323997461 827.0
313.3748058553698 824.0
313.641071566854 826.0
313.90732953371554 819.0
314.17357975547145 824.0
314.4398222316384 838.0
314.70605696173334 834.0
314.9722839452731 821.0
315.23850318177466 824.0
315.50471467075477 823.0
315.7709184117303 820.0
316.0371144042182 808.0
316.3033026477353 827.0
316.56948314179846 820.0
316.8356558859246 804.0
317.1018208796305 822.0
317.36797812243304 825.0
317.6341276138491 822.0
317.90026935339563 815.0
318.1664033405894 823.0
318.4325295749473 815.0
318.6986480559862 805.0
318.96475878322303 826.0
319.2308617561746 825.0
319.4969569743577 820.0
319.76304443728935 829.0
320.0291241444864 831.0
320.2951960954656 822.0
320.5612602897438 817.0
320.82731672683815 829.0
321.0933654062652 824.0
321.359406327542 817.0
321.6254394901853 831.0
321.891464893712 811.0
322.157482537639 815.0
322.4234924214832 824.0
322.68949454476143 827.0
322.95548890699064 821.0
323.2214755076875 825.0
323.487454346369 813.0
323.753425422552 822.0
324.01938873575347 834.0
324.2853442854901 819.0
324.55129207127885 820.0
324.8172320926366 826.0
325.08316434908016 813.0
325.34908884012646 815.0
325.61500556529234 818.0
325.8809145240947 813.0
326.14681571605024 822.0
326.4127091406761 819.0
326.6785947974889 814.0
326.9444726860058 823.0
327.2103428057433 824.0
327.47620515621855 812.0
327.74205973694836 833.0
328.00790654744947 825.0
328.2737455872389 817.0
328.5395768558335 833.0
328.80540035275004 819.0
329.0712160775054 809.0
329.33702402961654 821.0
329.6028242086002 826.0
329.86861661397353 816.0
330.13440124525306 827.0
330.4001781019559 820.0
330.66594718359863 823.0
330.9317084896984 814.0
331.19746201977205 825.0
331.46320777333636 827.0
331.7289457499082 810.0
331.9946759490044 823.0
332.2603983701419 825.0
332.5261130128375 822.0
332.79181987660826 816.0
333.05751896097087 823.0
333.3232102654422 828.0
333.58889378953916 826.0
333.85456953277856 827.0
334.1202374946774 822.0
334.38589767475247 836.0
334.6515500725206 837.0
334.9171946874987 825.0
335.18283151920355 819.0
335.4484605671522 819.0
335.7140818308614 812.0
335.97969530984807 805.0
336.245301003629 814.0
336.51089891172114 837.0
336.77648903364127 815.0
337.04207136890636 816.0
337.30764591703326 833.0
337.5732126775387 818.0
337.83877164993976 818.0
338.10432283375314 825.0
338.36986622849577 824.0
338.63540183368457 836.0
338.9009296488363 835.0
339.16644967346787 824.0
339.4319619070962 831.0
339.6974663492381 816.0
339.9629629994105 826.0
340.22845185713027 820.0
340.4939329219141 832.0
340.75940619327906 830.0
341.02487167074196 822.0
341.2903293538197 819.0
341.555779242029 799.0
341.821221334887 823.0
342.0866556319103 831.0
342.3520821326158 824.0
342.6175008365205 832.0
342.8829117431413 826.0
343.1483148519949 830.0
343.41371016259825 817.0
343.6790976744682 831.0
343.9444773871216 824.0
344.20984930007546 827.0
344.4752134128465 823.0
344.74056972495157 814.0
345.0059182359076 825.0
345.27125894523147 815.0
345.53659185244 834.0
345.80191695705014 832.0
346.0672342585787 823.0
346.3325437565426 811.0
346.5978454504585 828.0
346.8631393398436 834.0
347.1284254242145 825.0
347.3937037030882 822.0
347.6589741759816 816.0
347.92423684241146 830.0
348.1894917018946 821.0
348.4547387539481 844.0
348.71997799808867 832.0
348.9852094338332 837.0
349.2504330606986 842.0
349.51564887820166 819.0
349.7808568858593 822.0
350.0460570831885 823.0
350.31124946970584 811.0
350.57643404492853 830.0
350.84161080837316 826.0
351.1067797595568 824.0
351.3719408979961 830.0
351.63709422320824 832.0
351.90223973470984 840.0
352.16737743201776 826.0
352.43250731464894 825.0
352.69762938212034 832.0
352.9627436339487 811.0
353.2278500696509 835.0
353.49294868874387 820.0
353.7580394907444 811.0
354.02312247516943 821.0
354.28819764153576 833.0
354.55326498936034 819.0
354.81832451816 820.0
355.08337622745165 829.0
355.348420116752 833.0
355.613456185578 812.0
355.8784844334467 826.0
356.1435048598747 828.0
356.4085174643791 825.0
356.6735222464765 834.0
356.938519205684 830.0
357.2035083415184 830.0
357.46848965349653 830.0
357.73346314113536 825.0
357.9984288039516 818.0
358.2633866414622 822.0
358.528336653184 815.0
358.793278838634 807.0
359.05821319732894 811.0
359.3231397287857 810.0
359.5880584325211 822.0
359.8529693080521 835.0
360.1178723548955 826.0
360.3827675725683 831.0
360.64765496058726 822.0
360.9125345184692 815.0
361.1774062457311 823.0
361.44227014188965 812.0
361.707126206462 818.0
361.9719744389649 820.0
362.2368148389151 829.0
362.5016474058295 819.0
362.766472139225 819.0
363.0312890386186 826.0
363.296098103527 817.0
363.5608993334672 812.0
363.82569272795587 842.0
364.09047828651006 819.0
364.35525600864656 829.0
364.6200258938823 829.0
364.8847879417341 824.0
365.1495421517188 849.0
365.41428852335326 841.0
365.67902705615444 833.0
365.9437577496392 816.0
366.2084806033243 818.0
366.4731956167267 817.0
366.7379027893632 811.0
367.0026021207507 813.0
367.2672936104061 831.0
367.5319772578463 833.0
367.79665306258806 822.0
368.06132102414836 822.0
368.32598114204393 829.0
368.59063341579173 831.0
368.85527784490864 832.0
369.1199144289115 825.0
369.3845431673172 822.0
369.6491640596426 817.0
369.91377710540445 820.0
370.1783823041198 825.0
370.44297965530546 837.0
370.70756915847835 821.0
370.97215081315517 830.0
371.2367246188529 836.0
371.5012905750884 824.0
371.7658486813786 826.0
372.0303989372402 839.0
372.29494134219027 830.0
372.5594758957455 829.0
372.82400259742286 818.0
373.08852144673915 807.0
373.3530324432114 811.0
373.6175355863563 824.0
373.8820308756908 814.0
374.1465183107317 821.0
374.410997890996 830.0
374.6754696160004 812.0
374.93993348526186 817.0
375.2043894982973 823.0
375.4688376546235 817.0
375.7332779537573 823.0
375.9977103952157 815.0
376.26213497851546 817.0
376.52655170317354 830.0
376.7909605687067 828.0
377.05536157463183 816.0
377.3197547204658 822.0
377.5841400057256 833.0
377.84851742992794 835.0
378.11288699258984 812.0
378.37724869322795 824.0
378.64160253135935 822.0
378.90594850650075 817.0
379.1702866181692 812.0
379.4346168658814 818.0
379.69893924915425 807.0
379.9632537675047 850.0
380.2275604204495 833.0
380.49185920750574 842.0
380.75615012819 830.0
381.0204331820193 831.0
381.2847083685105 824.0
381.5489756871804 827.0
381.8132351375459 825.0
382.07748671912407 834.0
382.34173043143153 823.0
382.6059662739852 834.0
382.8701942463019 831.0
383.1344143478986 831.0
383.3986265782921 834.0
383.6628309369994 840.0
383.92702742353725 828.0
384.1912160374225 823.0
384.45539677817203 812.0
384.7195696453027 831.0
384.98373463833155 819.0
385.2478917567753 829.0
385.5120410001507 818.0
385.7761823679748 809.0
386.0403158597644 833.0
386.30444147503647 838.0
386.5685592133077 828.0
386.8326690740951 829.0
387.09677105691543 817.0
387.36086516128563 836.0
387.6249513867226 833.0
387.88902973274315 832.0
388.15310019886414 810.0
388.41716278460245 828.0
388.68121748947493 806.0
388.9452643129986 821.0
389.2093032546901 822.0
389.47333431406645 822.0
389.73735749064434 813.0
390.0013727839409 827.0
390.2653801934728 836.0
390.52937971875696 819.0
390.7933713593103 807.0
391.05735511464974 817.0
391.3213309842919 828.0
391.5852989677539 821.0
391.8492590645524 826.0
392.1132112742045 827.0
392.37715559622694 814.0
392.6410920301366 812.0
392.9050205754503 820.0
393.1689412316849 824.0
393.43285399835736 817.0
393.69675887498465 838.0
393.96065586108335 816.0
394.2245449561705 819.0
394.4884261597629 826.0
394.75229947137757 826.0
395.01616489053123 829.0
395.28002241674085 835.0
395.5438720495231 829.0
395.80771378839506 827.0
396.0715476328735 825.0
396.33537358247537 822.0
396.5991916367174 824.0
396.86300179511665 827.0
397.12680405718976 819.0
397.39059842245376 826.0
397.65438489042543 834.0
397.91816346062177 826.0
398.18193413255955 819.0
398.4456969057556 813.0
398.7094517797268 830.0
398.97319875399006 824.0
399.2369378280623 818.0
399.50066900146027 821.0
399.764392273701 816.0
400.02810764430114 819.0
400.2918151127777 818.0
400.55551467864757 812.0
400.81920634142756 818.0
401.08289010063453 820.0
401.34656595578537 818.0
401.6102339063969 825.0
401.8738939519861 820.0
402.1375460920697 830.0
402.4011903261647 813.0
402.6648266537879 828.0
402.92845507445617 820.0
403.1920755876863 814.0
403.4556881929953 804.0
403.71929288990003 828.0
403.98288967791734 827.0
404.246478556564 812.0
404.5100595253569 836.0
404.77363258381297 828.0
405.03719773144906 830.0
405.3007549677821 822.0
405.56430429232887 829.0
405.82784570460626 842.0
406.0913792041311 818.0
406.35490479042033 832.0
406.61842246299085 818.0
406.88193222135936 818.0
407.14543406504293 811.0
407.4089279935582 813.0
407.6724140064223 814.0
407.9358921031519 809.0
408.19936228326395 816.0
408.4628245462754 813.0
408.7262788917029 822.0
408.9897253190635 837.0
409.25316382787395 816.0
409.5165944176513 825.0
409.7800170879122 822.0
410.04343183817366 829.0
410.30683866795243 826.0
410.57023757676546 813.0
410.83362856412975 816.0
411.09701162956185 824.0
411.3603867725789 829.0
411.62375399269763 821.0
411.887113289435 843.0
412.1504646623078 814.0
412.4138081108329 842.0
412.6771436345273 834.0
412.94047123290767 810.0
413.20379090549096 825.0
413.46710265179405 817.0
413.7304064713339 834.0
413.9937023636272 825.0
414.25699032819097 825.0
414.52027036454194 822.0
414.78354247219704 832.0
415.0468066506732 836.0
415.31006289948726 837.0
415.5733112181561 846.0
415.83655160619645 846.0
416.0997840631253 856.0
416.3630085884595 833.0
416.62622518171594 823.0
416.8894338424115 824.0
417.152634570063 835.0
417.4158273641873 828.0
417.67901222430123 823.0
417.9421891499217 825.0
418.2053581405658 830.0
418.46851919575005 828.0
418.7316723149915 842.0
418.99481749780693 855.0
419.2579547437133 854.0
419.5210840522274 847.0
419.78420542286625 860.0
420.04731885514644 859.0
420.31042434858506 850.0
420.573521902699 841.0
420.83661151700494 834.0
421.0996931910199 822.0
421.3627669242608 825.0
421.6258327162443 817.0
421.88889056648736 811.0
422.1519404745069 817.0
422.41498243981977 818.0
422.6780164619429 819.0
422.9410425403929 820.0
423.2040606746869 821.0
423.46707086434174 808.0
423.7300731088742 810.0
423.9930674078012 827.0
424.25605376063965 821.0
424.5190321669063 818.0
424.782002626118 824.0
425.0449651377918 834.0
425.30791970144446 820.0
425.57086631659286 848.0
425.83380498275386 851.0
426.0967356994443 844.0
426.3596584661811 855.0
426.6225732824811 844.0
426.88548014786113 851.0
427.14837906183817 855.0
427.411270023929 825.0
427.6741530336505 829.0
427.9370280905195 819.0
428.199895194053 816.0
428.46275434376776 831.0
428.72560553918066 810.0
428.98844877980855 819.0
429.2512840651683 815.0
429.51411139477693 826.0
429.77693076815115 833.0
430.03974218480784 835.0
430.3025456442639 823.0
430.5653411460361 838.0
430.82812868964146 829.0
431.09090827459687 832.0
431.353679900419 821.0
431.61644356662487 836.0
431.87919927273134 813.0
432.1419470182551 840.0
432.40468680271334 822.0
432.66741862562276 813.0
432.93014248650013 834.0
433.1928583848624 825.0
433.45556632022647 839.0
433.7182662921092 832.0
433.9809583000275 823.0
434.24364234349815 819.0
434.506318422038 849.0
434.768986535164 825.0
435.031646682393 827.0
435.2942988632418 831.0
435.55694307722734 825.0
435.81957932386655 833.0
436.08220760267614 827.0
436.34482791317305 820.0
436.6074402548742 811.0
436.8700446272964 817.0
437.1326410299566 821.0
437.3952294623715 820.0
437.65780992405803 814.0
437.9203824145332 806.0
438.1829469333138 821.0
438.4455034799166 832.0
438.7080520538586 821.0
438.9705926546565 834.0
439.23312528182737 806.0
439.49564993488787 829.0
439.7581666133551 828.0
440.0206753167459 830.0
440.28317604457686 832.0
440.5456687963651 825.0
440.8081535716274 822.0
441.07063036988075 819.0
441.3330991906418 814.0
441.5955600334276 809.0
441.858012897755 811.0
442.12045778314075 828.0
442.3828946891018 822.0
442.6453236151551 841.0
442.9077445608174 824.0
443.17015752560553 832.0
443.4325625090365 845.0
443.69495951062703 830.0
443.95734852989415 818.0
444.21972956635454 820.0
444.4821026195253 816.0
444.74446768892307 824.0
445.00682477406485 822.0
445.2691738744674 827.0
445.5315149896478 822.0
445.79384811912274 824.0
446.05617326240906 823.0
446.31849041902376 817.0
446.58079958848356 821.0
446.8431007703055 826.0
447.10539396400634 814.0
447.367679169103 818.0
447.6299563851123 813.0
447.892225611551 810.0
448.15448684793625 834.0
448.4167400937847 817.0
448.67898534861325 825.0
448.9412226119389 829.0
449.2034518832783 819.0
449.46567316214856 818.0
449.72788644806633 820.0
449.99009174054856 841.0
450.2522890391122 823.0
450.514478343274 823.0
450.77665965255085 833.0
451.0388329664597 837.0
451.30099828451733 836.0
451.5631556062406 824.0
451.82530493114655 843.0
452.08744625875175 814.0
452.3495795885734 826.0
452.6117049201281 819.0
452.87382225293277 819.0
453.13593158650446 834.0
453.3980329203598 826.0
453.6601262540158 813.0
453.9222115869893 825.0
454.1842889187971 814.0
454.4463582489562 829.0
454.70841957698343 837.0
454.97047290239556 815.0
455.23251822470957 806.0
455.49455554344223 822.0
455.75658485811044 828.0
456.0186061682312 830.0
456.2806194733211 833.0
456.5426247728973 829.0
456.8046220664765 839.0
457.0666113535756 829.0
457.32859263371154 823.0
457.5905659064011 812.0
457.8525311711611 821.0
458.1144884275086 821.0
458.37643767496024 825.0
458.6383789130331 822.0
458.9003121412439 812.0
459.1622373591095 816.0
459.4241545661469 819.0
459.68606376187284 827.0
459.9479649458043 821.0
460.2098581174581 842.0
460.471743276351 829.0
460.733620422 817.0
460.9954895539219 842.0
461.2573506716337 833.0
461.51920377465206 838.0
461.78104886249406 828.0
462.0428859346764 816.0
462.304714990716 822.0
462.5665360301298 813.0
462.82834905243453 817.0
463.09015405714723 830.0
463.35195104378465 835.0
463.6137400118636 817.0
463.8755209609011 814.0
464.13729389041396 827.0
464.399058799919 814.0
464.6608156889332 828.0
464.92256455697327 825.0
465.18430540355615 810.0
465.4460382281988 816.0
465.707763030418 823.0
465.96947980973056 819.0
466.23118856565344 826.0
466.49288929770347 834.0
466.75458200539765 817.0
467.0162666882526 807.0
467.27794334578533 817.0
467.5396119775127 840.0
467.8012725829516 817.0
468.0629251616188 819.0
468.3245697130314 824.0
468.586206236706 830.0
468.8478347321596 828.0
469.109455198909 817.0
469.3710676364711 814.0
469.6326720443629 827.0
469.89426842210105 825.0
470.1558567692025 816.0
470.4174370851842 835.0
470.6790093695629 816.0
470.94057362185555 824.0
471.20212984157905 818.0
471.4636780282501 820.0
471.72521818138574 819.0
471.9867503005027 832.0
472.248274385118 828.0
472.5097904347484 823.0
472.7712984489108 830.0
473.03279842712203 822.0
473.29429036889906 822.0
473.55577427375863 814.0
473.8172501412177 824.0
474.07871797079315 834.0
474.34017776200176 837.0
474.6016295143605 820.0
474.8630732273861 816.0
475.1245089005955 832.0
475.3859365335057 817.0
475.64735612563334 826.0
475.9087676764954 829.0
476.1701711856088 818.0
476.4315666524903 822.0
476.6929540766569 844.0
476.95433345762535 824.0
477.2157047949125 802.0
477.47706808803537 825.0
477.7384233365106 815.0
477.9997705398553 810.0
478.26110969758616 820.0
478.52244080922014 833.0
478.78376387427414 825.0
479.04507889226494 822.0
479.3063858627094 805.0
479.5676847851245 829.0
479.828975659027 828.0
480.0902584839338 819.0
480.3515332593618 821.0
480.61279998482775 833.0
480.8740586598487 823.0
481.13530928394147 811.0
481.3965518566228 806.0
481.65778637740965 821.0
481.9190128458189 826.0
482.1802312613674 829.0
482.4414416235721 819.0
482.70264393194964 816.0
482.9638381860171 820.0
483.2250243852913 833.0
483.4862025292891 834.0
483.7473726175273 820.0
484.0085346495229 821.0
484.26968862479265 825.0
484.5308345428534 812.0
484.79197240322225 810.0
485.0531022054157 817.0
485.314223948951 831.0
485.57533763334476 821.0
485.8364432581139 832.0
486.0975408227754 828.0
486.35863032684597 822.0
486.61971176984247 824.0
486.880785151282 831.0
487.1418504706812 825.0
487.402907727557 823.0
487.66395692142635 834.0
487.92499805180597 830.0
488.18603111821284 824.0
488.44705612016384 816.0
488.7080730571757 839.0
488.9690819287655 841.0
489.2300827344499 833.0
489.49107547374587 812.0
489.75206014617027 818.0
490.01303675124 821.0
490.27400528847187 818.0
490.53496575738274 811.0
490.79591815748955 827.0
491.05686248830915 818.0
491.31779874935836 825.0
491.57872694015396 821.0
491.8396470602131 827.0
492.1005591090524 830.0
492.3614630861888 828.0
492.6223589911392 830.0
492.88324682342045 833.0
493.14412658254946 820.0
493.40499826804296 819.0
493.66586187941795 820.0
493.92671741619125 832.0
494.18756487787977 841.0
494.44840426400026 818.0
494.70923557406974 816.0
494.97005880760497 825.0
495.23087396412285 832.0
495.4916810431403 821.0
495.7524800441741 828.0
496.01327096674123 836.0
496.27405381035845 813.0
496.53482857454264 830.0
496.79559525881075 812.0
497.05635386267954 819.0
497.31710438566597 816.0
497.57784682728686 831.0
497.8385811870591 829.0
498.0993074644995 804.0
498.360025659125 839.0
498.6207357704524 808.0
498.88143779799873 836.0
499.14213174128065 821.0
499.40281759981514 817.0
499.6634953731191 819.0
499.92416506070924 822.0
500.1848266621026 817.0
500.445480176816 820.0
500.70612560436615 812.0
500.96676294427016 812.0
501.22739219604483 822.0
501.48801335920695 830.0
501.74862643327344 805.0
502.00923141776116 832.0
502.2698283121869 828.0
502.5304171160677 821.0
502.7909978289203 817.0
503.0515704502616 817.0
503.31213497960846 813.0
503.57269141647777 817.0
503.8332397603864 839.0
504.09378001085116 825.0
504.354312167389 833.0
504.6148362295168 846.0
504.8753521967513 828.0
505.1358600686094 828.0
505.3963598446082 826.0
505.6568515242642 836.0
505.9173351070945 840.0
506.17781059261597 837.0
506.4382779803454 817.0
506.69873726979966 823.0
506.95918846049574 808.0
507.2196315519502 829.0
507.4800665436803 849.0
507.74049343520267 830.0
508.00091222603425 828.0
508.261322915692 821.0
508.5217255036924 838.0
508.7821199895529 817.0
509.0425063727899 838.0
509.3028846529204 812.0
509.5632548294615 807.0
509.8236169019296 817.0
510.0839708698421 820.0
510.3443167327155 817.0
510.60465449006676 831.0
510.8649841414127 813.0
511.12530568627034 819.0
511.3856191241566 832.0
511.64592445458794 822.0
511.90622167708165 811.0
512.1665107911545 824.0
512.4267917963232 815.0
512.6870646921047 836.0
512.947329478016 810.0
513.2075861535739 820.0
513.467834718295 823.0
513.7280751716964 818.0
513.9883075132952 817.0
514.248531742608 841.0
514.5087478591515 820.0
514.7689558624429 812.0
515.0291557519989 831.0
515.2893475273365 836.0
515.5495311879723 813.0
515.8097067334235 849.0
516.0698741632067 854.0
516.3300334768389 851.0
516.5901846738369 844.0
516.8503277537177 824.0
517.1104627159981 838.0
517.3705895601947 830.0
517.630708285825 800.0
517.8908188924053 809.0
518.1509213794526 814.0
518.411015746484 825.0
518.6711019930159 839.0
518.9311801185657 843.0
519.19125012265 834.0
519.4513120047856 821.0
519.7113657644896 827.0
519.9714114012784 827.0
520.2314489146695 833.0
520.4914783041794 819.0
520.751499569325 817.0
521.0115127096234 830.0
521.271517724591 810.0
521.5315146137451 816.0
521.7915033766022 818.0
522.0514840126796 828.0
522.3114565214938 844.0
522.5714209025618 824.0
522.8313771554007 829.0
523.0913252795269 818.0
523.3512652744578 833.0
523.6111971397097 825.0
523.8711208747998 824.0
524.1310364792452 835.0
524.390943952562 828.0
524.6508432942679 822.0
524.9107345038794 841.0
525.1706175809132 830.0
525.4304925248866 819.0
525.690359335316 824.0
525.9502180117188 831.0
526.2100685536113 830.0
526.4699109605107 824.0
526.729745231934 816.0
526.9895713673975 819.0
527.2493893664187 830.0
527.5091992285141 825.0
527.7690009532007 842.0
528.0287945399953 820.0
528.2885799884149 825.0
528.5483572979764 817.0
528.8081264681963 834.0
529.0678874985917 821.0
529.3276403886796 822.0
529.5873851379768 835.0
529.8471217460001 833.0
530.1068502122662 822.0
530.3665705362923 831.0
530.6262827175951 837.0
530.8859867556915 838.0
531.1456826500984 811.0
531.4053704003326 819.0
531.6650500059111 822.0
531.9247214663504 825.0
532.1843847811678 821.0
532.4440399498801 824.0
532.7036869720038 816.0
532.9633258470562 833.0
533.222956574554 819.0
533.4825791540142 829.0
533.7421935849534 814.0
534.0017998668885 834.0
534.2613979993366 833.0
534.5209879818145 798.0
534.780569813839 812.0
535.0401434949268 825.0
535.2997090245951 821.0
535.5592664023607 833.0
535.8188156277402 823.0
536.0783567002508 829.0
536.3378896194092 819.0
536.5974143847321 818.0
536.8569309957369 826.0
537.1164394519398 802.0
537.3759397528582 829.0
537.6354318980087 810.0
537.8949158869082 821.0
538.1543917190737 827.0
538.4138593940218 830.0
538.6733189112697 811.0
538.932770270334 828.0
539.1922134707318 833.0
539.4516485119797 818.0
539.7110753935946 819.0
539.9704941150937 823.0
540.2299046759937 822.0
540.4893070758112 821.0
540.7487013140633 822.0
541.008087390267 825.0
541.2674653039389 822.0
541.526835054596 807.0
541.7861966417552 819.0
542.0455500649333 826.0
542.3048953236471 821.0
542.5642324174137 819.0
542.8235613457497 826.0
543.0828821081722 825.0
543.3421947041979 833.0
543.6014991333436 817.0
543.8607953951266 825.0
544.1200834890632 837.0
544.3793634146708 811.0
544.6386351714658 816.0
544.8978987589653 824.0
545.1571541766862 834.0
545.4164014241451 825.0
545.6756405008593 814.0
545.9348714063455 817.0
546.1940941401203 824.0
546.4533087017008 828.0
546.712515090604 828.0
546.9717133063466 817.0
547.2309033484453 808.0
547.4900852164174 819.0
547.7492589097793 826.0
548.0084244280482 826.0
548.2675817707409 823.0
548.526730937374 821.0
548.7858719274648 818.0
549.0450047405299 833.0
549.3041293760863 832.0
549.5632458336507 841.0
549.82235411274 854.0
550.0814542128714 835.0
550.3405461335612 836.0
550.5996298743269 837.0
550.8587054346848 820.0
551.117772814152 825.0
551.3768320122455 823.0
551.6358830284819 828.0
551.8949258623783 825.0
552.1539605134514 831.0
552.4129869812182 832.0
552.6720052651955 838.0
552.9310153649002 826.0
553.1900172798491 816.0
553.4490110095592 826.0
553.7079965535472 836.0
553.9669739113302 821.0
554.2259430824248 844.0
554.484904066348 833.0
554.7438568626167 823.0
555.0028014707476 811.0
555.261737890258 834.0
555.520666120664 837.0
555.7795861614834 840.0
556.0384980122324 841.0
556.2974016724281 814.0
556.5562971415874 831.0
556.8151844192269 821.0
557.0740635048638 834.0
557.3329343980148 827.0
557.5917970981968 820.0
557.8506516049267 823.0
558.1094979177213 813.0
558.3683360360976 836.0
558.6271659595724 833.0
558.8859876876625 820.0
559.1448012198848 831.0
559.4036065557561 830.0
559.6624036947936 832.0
559.9211926365136 836.0
560.1799733804337 827.0
560.43874592607 830.0
560.6975102729399 837.0
560.9562664205602 834.0
561.2150143684473 809.0
561.4737541161188 824.0
561.732485663091 833.0
561.9912090088809 824.0
562.2499241530056 819.0
562.5086310949818 820.0
562.7673298343262 820.0
563.026020370556 844.0
563.2847027031879 830.0
563.5433768317389 818.0
563.8020427557254 831.0
564.0607004746649 840.0
564.3193499880738 830.0
564.5779912954692 832.0
564.8366243963679 823.0
565.0952492902868 823.0
565.3538659767429 822.0
565.6124744552527 834.0
565.8710747253335 821.0
566.1296667865018 828.0
566.3882506382747 828.0
566.6468262801691 820.0
566.9053937117014 827.0
567.1639529323893 819.0
567.4225039417488 818.0
567.6810467392974 818.0
567.9395813245517 817.0
568.1981076970284 839.0
568.4566258562448 835.0
568.7151358017175 836.0
568.9736375329633 827.0
569.2321310494995 809.0
569.4906163508422 820.0
569.749093436509 835.0
570.0075623060163 811.0
570.2660229588813 833.0
570.5244753946206 821.0
570.7829196127512 835.0
571.0413556127901 826.0
571.2997833942537 838.0
571.5582029566596 833.0
571.8166142995238 833.0
572.075017422364 842.0
572.3334123246967 819.0
572.5917990060384 814.0
572.8501774659068 821.0
573.108547703818 809.0
573.3669097192892 810.0
573.6252635118373 810.0
573.8836090809789 833.0
574.1419464262314 823.0
574.400275547111 812.0
574.6585964431351 824.0
574.9169091138205 833.0
575.1752135586836 823.0
575.4335097772419 827.0
575.6917977690118 811.0
575.9500775335105 832.0
576.2083490702545 822.0
576.4666123787609 816.0
576.7248674585469 814.0
576.9831143091286 819.0
577.2413529300236 824.0
577.4995833207483 845.0
577.7578054808198 836.0
578.0160194097549 834.0
578.2742251070703 823.0
578.5324225722832 827.0
578.7906118049101 837.0
579.0487928044681 834.0
579.3069655704743 821.0
579.565130102445 808.0
579.8232863998975 822.0
580.0814344623485 827.0
580.339574289315 829.0
580.5977058803137 817.0
580.8558292348614 820.0
581.1139443524753 827.0
581.3720512326721 817.0
581.6301498749685 811.0
581.8882402788817 821.0
582.146322443928 833.0
582.4043963696251 821.0
582.6624620554893 821.0
582.9205195010375 812.0
583.1785687057866 824.0
583.4366096692537 824.0
583.6946423909554 818.0
583.9526668704085 822.0
584.2106831071303 820.0
584.4686911006373 822.0
584.7266908504463 837.0
584.9846823560746 831.0
585.2426656170385 818.0
585.5006406328554 811.0
585.7586074030418 802.0
586.0165659271148 823.0
586.2745162045912 821.0
586.5324582349878 826.0
586.7903920178214 835.0
587.0483175526091 829.0
587.3062348388676 828.0
587.5641438761138 818.0
587.8220446638645 825.0
588.0799372016369 828.0
588.3378214889474 813.0
588.5956975253132 847.0
588.8535653102509 835.0
589.1114248432776 823.0
589.3692761239103 829.0
589.6271191516653 827.0
589.88495392606 817.0
590.1427804466111 831.0
590.4005987128355 822.0
590.6584087242501 848.0
590.9162104803713 842.0
591.1740039807169 848.0
591.4317892248029 846.0
591.6895662121466 847.0
591.9473349422648 841.0
592.2050954146741 826.0
592.462847628892 828.0
592.7205915844347 821.0
592.9783272808194 842.0
593.236054717563 823.0
593.493773894182 832.0
593.7514848101939 830.0
594.009187465115 828.0
594.2668818584625 828.0
594.5245679897531 824.0
594.7822458585038 825.0
595.0399154642313 822.0
595.2975768064524 814.0
595.5552298846843 815.0
595.8128746984438 809.0
596.0705112472474 817.0
596.3281395306126 826.0
596.5857595480555 833.0
596.8433712990935 816.0
597.1009747832434 829.0
597.3585700000219 803.0
597.6161569489462 805.0
597.8737356295327 830.0
598.1313060412986 818.0
598.3888681837607 839.0
598.6464220564358 837.0
598.9039676588409 813.0
599.1615049904925 837.0
599.4190340509081 825.0
599.676554839604 821.0
599.9340673560972 812.0
600.1915715999048 819.0
600.4490675705435 810.0
600.7065552675302 821.0
600.9640346903817 810.0
601.221505838615 822.0
601.4789687117469 832.0
601.7364233092942 827.0
601.9938696307739 832.0
602.2513076757026 823.0
602.5087374435976 836.0
602.7661589339755 824.0
603.023572146353 870.0
603.2809770802475 866.0
603.5383737351752 848.0
603.7957621106534 839.0
604.053142206199 843.0
604.3105140213286 842.0
604.5678775555593 839.0
604.8252328084078 820.0
605.0825797793912 824.0
605.3399184680261 817.0
605.5972488738295 832.0
605.8545709963181 833.0
606.111884835009 824.0
606.3691903894193 834.0
606.6264876590651 817.0
606.883776643464 824.0
607.1410573421324 806.0
607.3983297545875 829.0
607.6555938803461 817.0
607.9128497189247 821.0
608.1700972698408 821.0
608.4273365326108 820.0
608.6845675067516 823.0
608.9417901917803 833.0
609.1990045872135 843.0
609.4562106925683 814.0
609.7134085073615 827.0
609.9705980311098 820.0
610.2277792633305 831.0
610.4849522035397 834.0
610.7421168512552 829.0
610.9992732059933 832.0
611.2564212672709 835.0
611.5135610346049 834.0
611.7706925075122 819.0
612.0278156855098 830.0
612.2849305681145 819.0
612.542037154843 821.0
612.7991354452124 817.0
613.0562254387393 820.0
613.3133071349409 806.0
613.5703805333337 827.0
613.8274456334349 825.0
614.0845024347612 820.0
614.3415509368294 820.0
614.5985911391567 809.0
614.8556230412595 826.0
615.1126466426551 825.0
615.36966194286 834.0
615.6266689413914 835.0
615.8836676377659 818.0
616.1406580315004 827.0
616.3976401221121 820.0
616.6546139091173 820.0
616.9115793920333 838.0
617.1685365703769 834.0
617.4254854436648 835.0
617.6824260114142 822.0
617.9393582731417 819.0
618.196282228364 819.0
618.4531978765983 834.0
618.7101052173614 828.0
618.9670042501702 829.0
619.2238949745413 796.0
619.4807773899919 810.0
619.7376514960388 801.0
619.9945172921986 817.0
620.2513747779885 831.0
620.508223952925 829.0
620.7650648165256 835.0
621.0218973683066 827.0
621.2787216077849 836.0
621.5355375344776 824.0
621.7923451479013 821.0
622.0491444475734 810.0
622.3059354330103 831.0
622.5627181037288 812.0
622.8194924592461 813.0
623.0762584990788 820.0
623.333016222744 822.0
623.5897656297584 813.0
623.8465067196389 833.0
624.1032394919024 828.0
624.3599639460657 827.0
624.6166800816459 834.0
624.8733878981594 824.0
625.1300873951237 818.0
625.3867785720552 827.0
625.6434614284708 817.0
625.9001359638876 827.0
626.1568021778221 826.0
626.4134600697917 834.0
626.6701096393127 815.0
626.9267508859024 813.0
627.1833838090776 813.0
627.4400084083547 818.0
627.6966246832512 827.0
627.9532326332837 837.0
628.2098322579691 820.0
628.4664235568243 836.0
628.723006529366 820.0
628.9795811751112 837.0
629.2361474935768 835.0
629.4927054842794 828.0
629.7492551467363 838.0
630.0057964804641 825.0
630.2623294849799 832.0
630.5188541598001 814.0
630.775370504442 844.0
631.0318785184223 820.0
631.2883782012578 810.0
631.5448695524658 809.0
631.8013525715625 842.0
632.0578272580652 833.0
632.3142936114906 817.0
632.5707516313557 811.0
632.8272013171775 813.0
633.0836426684723 814.0
633.3400756847575 819.0
633.5965003655499 815.0
633.8529167103661 818.0
634.1093247187234 814.0
634.3657243901381 813.0
634.6221157241276 817.0
634.8784987202085 812.0
635.1348733778977 816.0
635.3912396967121 818.0
635.6475976761684 827.0
635.9039473157839 814.0
636.1602886150749 810.0
636.4166215735588 826.0
636.6729461907521 821.0
636.9292624661718 813.0
637.1855703993349 823.0
637.4418699897578 829.0
637.6981612369581 804.0
637.9544441404521 804.0
638.2107186997567 819.0
638.4669849143892 836.0
638.7232427838659 825.0
638.979492307704 816.0
639.2357334854204 812.0
639.4919663165317 830.0
639.7481908005552 825.0
640.0044069370073 836.0
640.2606147254052 810.0
640.5168141652655 816.0
640.7730052561054 818.0
641.0291879974413 838.0
641.2853623887906 828.0
641.5415284296699 835.0
641.797686119596 853.0
642.0538354580859 834.0
642.3099764446565 821.0
642.5661090788245 823.0
642.8222333601069 817.0
643.0783492880205 804.0
643.3344568620822 816.0
643.5905560818089 821.0
643.8466469467173 821.0
644.1027294563247 833.0
644.3588036101473 825.0
644.6148694077026 818.0
644.8709268485071 825.0
645.1269759320778 809.0
645.3830166579316 816.0
645.6390490255851 817.0
645.8950730345556 834.0
646.1510886843597 824.0
646.4070959745143 807.0
646.6630949045363 827.0
646.9190854739425 825.0
647.17506768225 825.0
647.4310415289752 829.0
647.6870070136354 824.0
647.9429641357473 824.0
648.1989128948277 814.0
648.4548532903938 816.0
648.7107853219619 818.0
648.9667089890495 829.0
649.222624291173 822.0
649.4785312278494 815.0
649.7344297985958 813.0
649.9903200029287 813.0
650.2462018403652 814.0
650.502075310422 838.0
650.7579404126162 832.0
651.0137971464646 831.0
651.2696455114838 821.0
651.525485507191 809.0
651.7813171331029 814.0
652.0371403887364 805.0
652.2929552736086 836.0
652.5487617872358 809.0
652.8045599291355 819.0
653.0603496988242 817.0
653.3161310958188 811.0
653.5719041196362 817.0
653.8276687697933 830.0
654.0834250458071 818.0
654.3391729471941 834.0
654.5949124734717 817.0
654.8506436241562 824.0
655.1063663987647 822.0
655.3620807968144 815.0
655.6177868178215 833.0
655.8734844613035 822.0
656.129173726777 814.0
656.3848546137588 815.0
656.6405271217659 816.0
656.8961912503149 829.0
657.1518469989231 819.0
657.4074943671071 829.0
657.6631333543837 817.0
657.9187639602701 840.0
658.1743861842826 833.0
658.4300000259387 825.0
658.6856054847549 816.0
658.9412025602483 823.0
659.1967912519353 827.0
659.4523715593333 812.0
659.707943481959 812.0
659.9635070193291 827.0
660.2190621709606 837.0
660.4746089363705 823.0
660.7301473150753 816.0
660.9856773065924 815.0
661.2411989104381 817.0
661.4967121261298 825.0
661.7522169531838 822.0
662.0077133911174 827.0
662.2632014394475 824.0
662.5186810976904 830.0
662.7741523653638 813.0
663.029615241984 820.0
663.2850697270679 809.0
663.5405158201327 823.0
663.7959535206948 835.0
664.0513828282715 828.0
664.3068037423793 841.0
664.5622162625355 836.0
664.8176203882564 818.0
665.0730161190594 823.0
665.3284034544613 819.0
665.5837823939785 821.0
665.8391529371283 824.0
666.0945150834276 829.0
666.349868832393 819.0
666.6052141835415 819.0
666.8605511363899 813.0
667.1158796904554 830.0
667.3711998452544 831.0
667.626511600304 826.0
667.8818149551211 818.0
668.1371099092223 825.0
668.3923964621249 819.0
668.6476746133454 832.0
668.9029443624008 839.0
669.1582057088083 818.0
669.4134586520839 828.0
669.6687031917455 819.0
669.9239393273093 830.0
670.1791670582923 834.0
670.4343863842114 835.0
670.6895973045835 838.0
670.9447998189256 833.0
671.1999939267544 819.0
671.4551796275866 820.0
671.7103569209394 836.0
671.9655258063294 827.0
672.220686283274 820.0
672.475838351289 820.0
672.7309820098925 827.0
672.9861172586005 826.0
673.2412440969302 821.0
673.4963625243987 829.0
673.7514725405223 819.0
674.0065741448183 808.0
674.2616673368035 818.0
674.5167521159946 824.0
674.7718284819086 834.0
675.0268964340622 851.0
675.2819559719727 872.0
675.5370070951565 855.0
675.7920498031307 845.0
676.0470840954122 817.0
676.3021099715176 829.0
676.5571274309642 829.0
676.8121364732684 817.0
677.0671370979474 825.0
677.3221293045178 817.0
677.5771130924968 823.0
677.8320884614011 816.0
678.0870554107474 815.0
678.3420139400529 822.0
678.5969640488343 822.0
678.8519057366083 832.0
679.1068390028922 818.0
679.3617638472023 818.0
679.616680269056 824.0
679.8715882679699 832.0
680.1264878434607 822.0
680.3813789950458 807.0
680.6362617222414 819.0
680.8911360245651 816.0
681.146001901533 812.0
681.4008593526627 820.0
681.6557083774705 825.0
681.9105489754734 828.0
682.1653811461886 830.0
682.4202048891326 815.0
682.6750202038223 846.0
682.9298270897748 835.0
683.1846255465068 820.0
683.4394155735351 815.0
683.6941971703767 827.0
683.9489703365485 828.0
684.2037350715673 842.0
684.4584913749499 810.0
684.7132392462133 829.0
684.9679786848742 817.0
685.2227096904496 832.0
685.4774322624564 826.0
685.7321464004115 818.0
685.9868521038316 834.0
686.2415493722334 841.0
686.4962382051343 830.0
686.7509186020508 839.0
687.0055905624997 860.0
687.2602540859983 844.0
687.514909172063 833.0
687.7695558202109 837.0
688.0241940299587 833.0
688.2788238008236 836.0
688.5334451323221 837.0
688.7880580239712 834.0
689.042662475288 836.0
689.2972584857889 820.0
689.5518460549912 817.0
689.8064251824115 813.0
690.0609958675668 802.0
690.3155581099742 825.0
690.5701119091498 812.0
690.8246572646113 829.0
691.0791941758752 826.0
691.3337226424583 820.0
691.5882426638777 824.0
691.84275423965 835.0
692.0972573692924 832.0
692.3517520523214 828.0
692.6062382882542 827.0
692.8607160766074 817.0
693.1151854168979 829.0
693.3696463086428 825.0
693.6240987513587 849.0
693.8785427445628 821.0
694.1329782877717 833.0
694.3874053805022 841.0
694.6418240222713 825.0
694.8962342125958 826.0
695.1506359509929 833.0
695.405029236979 824.0
695.6594140700711 848.0
695.9137904497863 856.0
696.168158375641 938.0
696.4225178471527 991.0
696.676868863838 945.0
696.9312114252134 903.0
697.1855455307963 861.0
697.4398711801031 837.0
697.6941883726512 834.0
697.9484971079568 838.0
698.2027973855375 838.0
698.4570892049098 826.0
698.7113725655903 820.0
698.9656474670965 836.0
699.2199139089445 832.0
699.4741718906519 834.0
699.7284214117353 836.0
699.9826624717113 823.0
700.2368950700971 826.0
700.4911192064093 821.0
700.7453348801653 831.0
700.9995420908814 830.0
701.2537408380745 817.0
701.5079311212619 816.0
701.7621129399598 825.0
702.016286293686 802.0
702.2704511819566 818.0
702.5246076042886 830.0
702.778755560199 851.0
703.0328950492045 853.0
703.2870260708224 835.0
703.5411486245691 844.0
703.7952627099618 835.0
704.0493683265172 832.0
704.3034654737519 830.0
704.5575541511835 829.0
704.8116343583279 830.0
705.0657060947029 817.0
705.3197693598249 838.0
705.5738241532106 833.0
705.8278704743772 835.0
706.0819083228414 856.0
706.3359376981203 901.0
706.5899585997306 959.0
706.8439710271889 932.0
707.0979749800126 904.0
707.3519704577179 849.0
707.6059574598225 845.0
707.8599359858429 845.0
708.1139060352955 822.0
708.3678676076978 844.0
708.6218207025663 833.0
708.8757653194182 819.0
709.12970145777 833.0
709.3836291171389 820.0
709.6375482970416 837.0
709.8914589969946 823.0
710.1453612165157 824.0
710.3992549551208 822.0
710.6531402123275 827.0
710.9070169876522 838.0
711.1608852806118 838.0
711.4147450907236 824.0
711.6685964175037 822.0
711.9224392604699 817.0
712.1762736191384 809.0
712.4300994930262 817.0
712.6839168816504 823.0
712.9377257845274 809.0
713.1915262011746 821.0
713.4453181311087 813.0
713.6991015738463 834.0
713.9528765289045 829.0
714.2066429958 818.0
714.4604009740502 849.0
714.7141504631712 837.0
714.9678914626805 843.0
715.2216239720948 836.0
715.4753479909306 835.0
715.7290635187052 842.0
715.982770554935 845.0
716.2364690991376 840.0
716.4901591508293 832.0
716.743840709527 827.0
716.9975137747479 824.0
717.2511783460084 818.0
717.5048344228259 827.0
717.7584820047169 835.0
718.0121210911982 828.0
718.2657516817872 836.0
718.519373776 839.0
718.772987373354 823.0
719.026592473366 831.0
719.2801890755527 827.0
719.5337771794311 820.0
719.7873567845179 822.0
720.0409278903304 815.0
720.294490496385 816.0
720.5480446021987 840.0
720.8015902072887 838.0
721.0551273111711 830.0
721.3086559133636 821.0
721.5621760133826 831.0
721.815687610745 832.0
722.0691907049679 818.0
722.3226852955679 836.0
722.5761713820622 838.0
722.8296489639672 844.0
723.0831180408002 836.0
723.3365786120778 826.0
723.5900306773169 820.0
723.8434742360346 825.0
724.0969092877473 826.0
724.3503358319725 841.0
724.6037538682267 823.0
724.8571633960265 823.0
725.1105644148894 838.0
725.3639569243315 824.0
725.6173409238706 821.0
725.8707164130229 828.0
726.1240833913054 810.0
726.3774418582351 818.0
726.6307918133285 848.0
726.8841332561029 859.0
727.137466186075 877.0
727.3907906027619 849.0
727.6441065056802 846.0
727.8974138943464 826.0
728.1507127682783 825.0
728.4040031269918 834.0
728.6572849700045 839.0
728.9105582968331 814.0
729.1638231069941 815.0
729.4170794000048 829.0
729.6703271753817 834.0
729.923566432642 816.0
730.1767971713025 820.0
730.4300193908798 821.0
730.6832330908911 826.0
730.936438270853 834.0
731.1896349302828 849.0
731.442823068697 833.0
731.6960026856123 840.0
731.949173780546 835.0
732.2023363530145 821.0
732.4554904025351 826.0
732.7086359286245 825.0
732.9617729307997 822.0
733.2149014085775 826.0
733.4680213614745 814.0
733.7211327890079 818.0
733.9742356906943 833.0
734.2273300660511 818.0
734.4804159145946 825.0
734.7334932358416 820.0
734.9865620293094 834.0
735.2396222945147 845.0
735.4926740309744 850.0
735.7457172382054 838.0
735.9987519157243 855.0
736.2517780630484 841.0
736.504795679694 837.0
736.7578047651785 843.0
737.0108053190187 892.0
737.2637973407312 872.0
737.516780829833 871.0
737.769755785841 889.0
738.0227222082721 990.0
738.2756800966428 1066.0
738.5286294504706 995.0
738.781570269272 950.0
739.0345025525638 880.0
739.2874262998632 854.0
739.5403415106866 834.0
739.7932481845512 826.0
740.046146320974 829.0
740.2990359194714 820.0
740.5519169795606 822.0
740.8047895007583 843.0
741.0576534825816 829.0
741.3105089245472 824.0
741.563355826172 841.0
741.8161941869729 846.0
742.0690240064664 829.0
742.3218452841702 835.0
742.5746580196005 817.0
742.8274622122741 827.0
743.0802578617083 829.0
743.3330449674197 839.0
743.5858235289254 826.0
743.8385935457418 836.0
744.0913550173865 832.0
744.3441079433758 825.0
744.5968523232264 806.0
744.8495881564559 811.0
745.1023154425804 822.0
745.3550341811174 823.0
745.6077443715835 826.0
745.8604460134952 826.0
746.1131391063701 822.0
746.3658236497243 827.0
746.6184996430754 832.0
746.87116708594 831.0
747.1238259778346 841.0
747.3764763182764 834.0
747.6291181067822 838.0
747.8817513428692 830.0
748.1343760260539 836.0
748.3869921558529 842.0
748.6395997317837 842.0
748.8921987533628 835.0
749.1447892201071 849.0
749.3973711315336 846.0
749.6499444871589 890.0
749.9025092865003 1082.0
750.1550655290741 1430.0
750.4076132143978 1265.0
750.6601523419877 1190.0
750.912682911361 1105.0
751.1652049220347 1205.0
751.4177183735251 1118.0
751.6702232653497 1062.0
751.9227195970248 975.0
752.1752073680677 908.0
752.4276865779954 873.0
752.680157226324 833.0
752.9326193125712 850.0
753.1850728362533 834.0
753.4375177968876 846.0
753.6899541939908 850.0
753.9423820270795 837.0
754.194801295671 845.0
754.4472119992819 817.0
754.6996141374291 826.0
754.9520077096296 821.0
755.2043927154 826.0
755.4567691542577 820.0
755.7091370257187 824.0
755.9614963293008 831.0
756.2138470645202 820.0
756.4661892308942 836.0
756.7185228279395 822.0
756.9708478551728 834.0
757.2231643121112 838.0
757.4754721982714 834.0
757.7277715131704 839.0
757.9800622563251 821.0
758.2323444272521 841.0
758.4846180254688 835.0
758.7368830504913 824.0
758.9891395018373 834.0
759.2413873790232 818.0
759.4936266815657 825.0
759.7458574089821 843.0
759.9980795607888 834.0
760.2502931365033 836.0
760.502498135642 838.0
760.7546945577217 832.0
761.0068824022595 840.0
761.2590616687722 833.0
761.5112323567769 833.0
761.7633944657899 838.0
762.0155479953288 833.0
762.26769294491 846.0
762.5198293140501 871.0
762.7719571022666 918.0
763.024076309076 1160.0
763.2761869339953 1498.0
763.5282889765415 1318.0
763.780382436231 1266.0
764.032467312581 1062.0
764.2845436051083 924.0
764.53661131333 881.0
764.7886704367629 850.0
765.0407209749233 842.0
765.2927629273288 849.0
765.5447962934958 834.0
765.7968210729414 834.0
766.0488372651824 834.0
766.3008448697357 819.0
766.5528438861181 823.0
766.8048343138464 844.0
767.0568161524378 822.0
767.3087894014087 829.0
767.5607540602764 836.0
767.8127101285577 834.0
768.0646576057691 822.0
768.3165964914278 830.0
768.5685267850505 827.0
768.8204484861544 840.0
769.0723615942561 824.0
769.3242661088722 834.0
769.5761620295201 817.0
769.8280493557162 825.0
770.0799280869778 832.0
770.3317982228216 821.0
770.5836597627642 831.0
770.835512706323 828.0
771.0873570530143 826.0
771.3391928023555 833.0
771.591019953863 846.0
771.8428385070538 890.0
772.094648461445 1086.0
772.3464498165532 1041.0
772.5982425718955 998.0
772.8500267269885 926.0
773.1018022813494 868.0
773.3535692344948 829.0
773.6053275859415 832.0
773.8570773352067 835.0
774.108818481807 828.0
774.3605510252594 834.0
774.6122749650807 825.0
774.8639903007878 832.0
775.1156970318975 822.0
775.3673951579267 827.0
775.6190846783925 808.0
775.8707655928115 836.0
776.1224379007004 824.0
776.3741016015766 810.0
776.6257566949563 838.0
776.8774031803571 839.0
777.1290410572955 823.0
777.3806703252881 829.0
777.6322909838522 826.0
777.8839030325043 820.0
778.1355064707618 826.0
778.3871012981411 828.0
778.6386875141592 827.0
778.890265118333 834.0
779.1418341101793 842.0
779.3933944892151 836.0
779.6449462549571 832.0
779.8964894069222 821.0
780.1480239446275 825.0
780.3995498675895 832.0
780.6510671753255 834.0
780.9025758673517 810.0
781.1540759431858 828.0
781.4055674023442 820.0
781.6570502443437 822.0
781.9085244687013 829.0
782.159990074934 818.0
782.4114470625585 818.0
782.6628954310918 822.0
782.9143351800503 809.0
783.1657663089516 818.0
783.4171888173119 815.0
783.6686027046486 826.0
783.9200079704783 820.0
784.1714046143178 832.0
784.4227926356843 827.0
784.6741720340941 830.0
784.9255428090647 834.0
785.1769049601126 842.0
785.4282584867548 839.0
785.6796033885082 842.0
785.9309396648893 833.0
786.1822673154155 827.0
786.4335863396033 818.0
786.6848967369698 817.0
786.9361985070317 816.0
787.1874916493058 829.0
787.4387761633094 819.0
787.6900520485588 819.0
787.9413193045713 823.0
788.1925779308636 824.0
788.4438279269523 846.0
788.6950692923548 837.0
788.9463020265875 821.0
789.1975261291677 827.0
789.448741599612 823.0
789.6999484374371 831.0
789.9511466421604 830.0
790.2023362132982 823.0
790.4535171503677 843.0
790.7046894528855 833.0
790.9558531203689 822.0
791.2070081523347 827.0
791.458154548299 846.0
791.7092923077797 836.0
791.9604214302931 827.0
792.2115419153562 838.0
792.462653762486 834.0
792.7137569711989 806.0
792.9648515410123 828.0
793.2159374714428 834.0
793.4670147620074 818.0
793.718083412223 824.0
793.9691434216061 848.0
794.220194789674 878.0
794.4712375159432 1010.0
794.722271599931 1010.0
794.9732970411541 966.0
795.2243138391292 937.0
795.4753219933733 873.0
795.7263215034031 837.0
795.9773123687357 818.0
796.2282945888878 814.0
796.4792681633767 833.0
796.7302330917187 836.0
796.9811893734307 838.0
797.23213700803 837.0
797.483075995033 831.0
797.7340063339569 825.0
797.9849280243186 823.0
798.2358410656345 811.0
798.4867454574222 832.0
798.7376411991978 829.0
798.9885282904788 829.0
799.2394067307818 826.0
799.4902765196234 827.0
799.741137656521 836.0
799.9919901409909 848.0
800.2428339725506 1020.0
800.4936691507165 1021.0
800.7444956750055 1003.0
800.9953135449347 1040.0
801.2461227600207 1101.0
801.4969233197808 1018.0
801.7477152237312 960.0
801.9984984713894 919.0
802.2492730622722 864.0
802.5000389958959 840.0
802.7507962717781 826.0
803.0015448894349 830.0
803.252284848384 836.0
803.5030161481417 814.0
803.7537387882248 828.0
804.0044527681507 830.0
804.2551580874358 821.0
804.5058547455972 829.0
804.7565427421519 839.0
805.0072220766161 825.0
805.2578927485075 825.0
805.5085547573423 836.0
805.7592081026379 837.0
806.009852783911 829.0
806.2604888006782 838.0
806.5111161524568 834.0
806.7617348387631 809.0
807.0123448591147 840.0
807.2629462130279 832.0
807.5135389000196 834.0
807.7641229196071 828.0
808.0146982713067 846.0
808.2652649546358 845.0
808.5158229691108 832.0
808.7663723142489 842.0
809.016912989567 839.0
809.2674449945815 837.0
809.5179683288098 874.0
809.7684829917686 944.0
810.0189889829746 1155.0
810.269486301945 1159.0
810.5199749481961 1115.0
810.7704549212456 1201.0
811.0209262206095 1707.0
811.2713888458052 2699.0
811.5218427963496 2146.0
811.7722880717591 2100.0
812.022724671551 1633.0
812.2731525952421 1180.0
812.5235718423493 1020.0
812.7739824123893 949.0
813.0243843048788 916.0
813.2747775193352 881.0
813.5251620552749 864.0
813.7755379122152 855.0
814.0259050896724 834.0
814.276263587164 836.0
814.5266134042064 834.0
814.7769545403165 851.0
815.0272869950115 838.0
815.2776107678079 831.0
815.5279258582229 833.0
815.7782322657732 832.0
816.0285299899754 821.0
816.2788190303468 833.0
816.529099386404 820.0
816.7793710576641 819.0
817.0296340436439 823.0
817.2798883438601 813.0
817.5301339578298 836.0
817.7803708850694 838.0
818.0305991250964 823.0
818.2808186774273 821.0
818.531029541579 820.0
818.7812317170685 826.0
819.0314252034124 829.0
819.281610000128 805.0
819.5317861067317 825.0
819.7819535227408 804.0
820.0321122476719 840.0
820.2822622810417 829.0
820.5324036223675 823.0
820.7825362711658 814.0
821.0326602269538 830.0
821.2827754892483 834.0
821.5328820575656 820.0
821.7829799314234 823.0
822.033069110338 832.0
822.2831495938267 821.0
822.5332213814061 823.0
822.7832844725929 836.0
823.0333388669044 811.0
823.283384563857 829.0
823.533421562968 830.0
823.7834498637541 819.0
824.033469465732 816.0
824.2834803684189 828.0
824.5334825713311 835.0
824.7834760739862 837.0
825.0334608759005 830.0
825.2834369765912 833.0
825.5334043755751 833.0
825.7833630723688 856.0
826.0333130664897 930.0
826.2832543574541 956.0
826.5331869447793 907.0
826.783110827982 899.0
827.0330260065789 875.0
827.2829324800872 836.0
827.5328302480233 819.0
827.7827193099047 832.0
828.032599665248 830.0
828.2824713135695 839.0
828.532334254387 825.0
828.7821884872168 817.0
829.0320340115759 827.0
829.2818708269813 824.0
829.5316989329494 818.0
829.7815183289979 845.0
830.0313290146428 837.0
830.2811309894015 820.0
830.5309242527906 820.0
830.7807088043272 819.0
831.0304846435281 836.0
831.2802517699099 825.0
831.5300101829899 824.0
831.7797598822846 804.0
832.0295008673112 803.0
832.2792331375864 824.0
832.5289566926268 823.0
832.7786715319497 817.0
833.0283776550717 825.0
833.27807506151 827.0
833.5277637507811 825.0
833.7774437224018 827.0
834.0271149758895 809.0
834.2767775107606 823.0
834.526431326532 827.0
834.7760764227208 826.0
835.0257127988438 836.0
835.2753404544177 837.0
835.5249593889594 807.0
835.774569601986 819.0
836.0241710930143 823.0
836.2737638615607 828.0
836.5233479071428 809.0
836.7729232292768 818.0
837.0224898274802 812.0
837.2720477012693 817.0
837.5215968501614 812.0
837.7711372736733 815.0
838.0206689713215 830.0
838.2701919426232 834.0
838.5197061870952 810.0
838.7692117042545 819.0
839.0187084936177 832.0
839.2681965547017 847.0
839.5176758870236 830.0
839.7671464901001 840.0
840.0166083634483 842.0
840.2660615065847 902.0
840.5155059190262 1021.0
840.7649416002901 982.0
841.0143685498927 982.0
841.2637867673512 953.0
841.5131962521828 888.0
841.7625970039035 910.0
842.0119890220308 1142.0
842.2613723060813 1224.0
842.5107468555723 1097.0
842.76011267002 1095.0
843.0094697489418 986.0
843.2588180918546 887.0
843.5081576982747 863.0
843.7574885677194 844.0
844.0068106997054 846.0
844.25612409375 826.0
844.5054287493696 824.0
844.754724666081 815.0
845.0040118434015 816.0
845.2532902808475 816.0
845.5025599779364 840.0
845.7518209341847 819.0
846.0010731491091 827.0
846.2503166222269 821.0
846.4995513530547 817.0
846.7487773411094 816.0
846.9979945859081 823.0
847.2472030869674 823.0
847.4964028438043 821.0
847.7455938559353 838.0
847.994776122878 837.0
848.2439496441485 814.0
848.4931144192642 819.0
848.7422704477419 814.0
848.9914177290981 810.0
849.2405562628502 829.0
849.4896860485144 827.0
849.7388070856083 825.0
849.9879193736485 807.0
850.2370229121515 806.0
850.4861177006346 826.0
850.7352037386146 826.0
850.9842810256082 832.0
851.2333495611326 813.0
851.482409344704 849.0
851.7314603758401 944.0
851.9805026540571 949.0
852.2295361788724 912.0
852.4785609498026 897.0
852.7275769663643 869.0
852.9765842280748 840.0
853.2255827344507 852.0
853.4745724850093 827.0
853.7235534792667 817.0
853.9725257167406 812.0
854.2214891969475 818.0
854.4704439194039 804.0
854.7193898836274 826.0
854.9683270891342 801.0
855.2172555354416 806.0
855.4661752220665 817.0
855.7150861485252 826.0
855.9639883143353 816.0
856.212881719013 823.0
856.4617663620759 810.0
856.7106422430403 816.0
856.9595093614231 822.0
857.2083677167415 830.0
857.4572173085119 832.0
857.7060581362517 831.0
857.9548901994776 833.0
858.2037134977061 829.0
858.4525280304546 821.0
858.7013337972394 821.0
858.950130797578 819.0
859.1989190309868 825.0
859.4476984969828 825.0
859.696469195083 822.0
859.9452311248039 830.0
860.1939842856627 830.0
860.4427286771763 831.0
860.6914642988615 814.0
860.9401911502351 814.0
861.1889092308139 834.0
861.437618540115 825.0
861.686319077655 820.0
861.935010842951 816.0
862.1836938355198 824.0
862.432368054878 818.0
862.6810335005429 817.0
862.9296901720311 825.0
863.1783380688596 824.0
863.4269771905452 806.0
863.6756075366046 820.0
863.9242291065551 813.0
864.1728418999131 833.0
864.4214459161959 829.0
864.6700411549201 816.0
864.9186276156024 826.0
865.1672052977602 823.0
865.4157742009098 802.0
865.6643343245685 829.0
865.9128856682528 836.0
866.1614282314799 836.0
866.4099620137665 844.0
866.6584870146295 837.0
866.9070032335858 835.0
867.155510670152 838.0
867.4040093238455 818.0
867.6524991941827 837.0
867.9009802806806 826.0
868.1494525828563 827.0
868.3979161002262 811.0
868.6463708323078 827.0
868.8948167786174 818.0
869.1432539386718 823.0
869.3916823119887 811.0
869.6401018980839 810.0
869.8885126964751 811.0
870.1369147066789 815.0
870.3853079282118 817.0
870.6336923605911 826.0
870.8820680033335 826.0
871.1304348559562 830.0
871.3787929179755 817.0
871.6271421889087 824.0
871.8754826682726 818.0
872.1238143555837 805.0
872.3721372503595 830.0
872.6204513521162 810.0
872.8687566603713 811.0
873.1170531746413 835.0
873.365340894443 832.0
873.6136198192935 828.0
873.8618899487094 822.0
874.110151282208 821.0
874.3584038193057 824.0
874.6066475595196 837.0
874.8548825023668 827.0
875.1031086473636 815.0
875.3513259940273 826.0
875.5995345418747 829.0
875.8477342904224 838.0
876.0959252391877 819.0
876.3441073876871 830.0
876.5922807354377 821.0
876.8404452819562 821.0
877.0886010267599 829.0
877.3367479693651 833.0
877.5848861092887 820.0
877.8330154460481 814.0
878.0811359791594 820.0
878.3292477081402 803.0
878.5773506325071 809.0
878.8254447517768 802.0
879.0735300654665 812.0
879.3216065730924 826.0
879.5696742741723 817.0
879.8177331682225 814.0
880.0657832547598 821.0
880.3138245333014 815.0
880.5618570033639 816.0
880.8098806644645 813.0
881.0578955161196 822.0
881.3059015578464 824.0
881.5538987891618 813.0
881.8018872095822 814.0
882.0498668186252 825.0
882.297837615807 814.0
882.5457996006451 804.0
882.7937527726558 821.0
883.041697131356 817.0
883.2896326762632 805.0
883.5375594068934 813.0
883.7854773227642 824.0
884.0333864233922 810.0
884.2812867082938 816.0
884.5291781769868 810.0
884.7770608289871 809.0
885.0249346638125 832.0
885.2727996809792 812.0
885.5206558800041 808.0
885.7685032604046 822.0
886.0163418216969 822.0
886.2641715633982 801.0
886.5119924850256 817.0
886.7598045860955 813.0
887.007607866125 833.0
887.2554023246308 807.0
887.5031879611303 812.0
887.7509647751398 817.0
887.9987327661763 799.0
888.2464919337567 819.0
888.4942422773979 815.0
888.7419837966169 825.0
888.9897164909302 813.0
889.2374403598551 811.0
889.4851554029083 811.0
889.7328616196063 817.0
889.9805590094667 810.0
890.2282475720056 827.0
890.4759273067405 825.0
890.7235982131879 838.0
890.9712602908646 819.0
891.218913539288 802.0
891.4665579579743 811.0
891.7141935464408 828.0
891.9618203042044 811.0
892.2094382307815 824.0
892.4570473256895 816.0
892.7046475884449 834.0
892.9522390185649 822.0
893.1998216155661 820.0
893.4473953789653 811.0
893.6949603082797 829.0
893.9425164030258 821.0
894.1900636627211 807.0
894.4376020868815 816.0
894.6851316750246 802.0
894.9326524266672 821.0
895.1801643413257 830.0
895.4276674185177 820.0
895.6751616577593 816.0
895.922647058568 807.0
896.1701236204603 808.0
896.4175913429531 808.0
896.6650502255636 822.0
896.912500267808 812.0
897.159941469204 811.0
897.4073738292678 822.0
897.6547973475165 822.0
897.9022120234671 821.0
898.1496178566362 819.0
898.3970148465409 822.0
898.644402992698 828.0
898.8917822946241 810.0
899.1391527518367 810.0
899.386514363852 823.0
899.6338671301874 832.0
899.8812110503592 816.0
900.1285461238849 812.0
900.375872350281 814.0
900.6231897290643 817.0
900.8704982597519 817.0
901.1177979418604 816.0
901.3650887749071 825.0
901.6123707584086 804.0
901.8596438918815 817.0
902.106908174843 808.0
902.35416360681 810.0
902.6014101872993 804.0
902.8486479158278 823.0
903.095876791912 817.0
903.3430968150694 816.0
903.5903079848164 814.0
903.83751030067 829.0
904.0847037621473 817.0
904.3318883687646 811.0
904.5790641200394 797.0
904.826231015488 824.0
905.0733890546279 828.0
905.3205382369753 832.0
905.5676785620476 837.0
905.8148100293615 823.0
906.0619326384336 835.0
906.3090463887813 820.0
906.5561512799208 826.0
906.8032473113697 818.0
907.0503344826443 813.0
907.2974127932616 827.0
907.5444822427387 816.0
907.7915428305921 826.0
908.038594556339 829.0
908.2856374194963 823.0
908.5326714195803 814.0
908.7796965561088 820.0
909.0267128285976 819.0
909.2737202365645 812.0
909.520718779526 802.0
909.7677084569985 817.0
910.0146892684998 817.0
910.261661213546 846.0
910.5086242916544 817.0
910.7555785023416 816.0
911.0025238451248 817.0
911.2494603195206 820.0
911.4963879250456 838.0
911.7433066612174 918.0
911.9902165275522 1021.0
912.2371175235672 933.0
912.4840096487795 937.0
912.7308929027052 912.0
912.9777672848619 857.0
913.2246327947661 836.0
913.4714894319347 840.0
913.7183371958849 842.0
913.965176086133 827.0
914.2120061021965 826.0
914.4588272435916 834.0
914.7056395098358 825.0
914.9524429004457 806.0
915.1992374149379 814.0
915.4460230528298 812.0
915.6927998136375 826.0
915.9395676968788 824.0
916.1863267020701 821.0
916.4330768287281 822.0
916.67981807637 833.0
916.9265504445123 816.0
917.1732739326723 808.0
917.4199885403666 830.0
917.6666942671121 818.0
917.9133911124259 828.0
918.1600790758242 806.0
918.4067581568248 798.0
918.6534283549438 812.0
918.9000896696987 814.0
919.1467421006058 828.0
919.3933856471822 826.0
919.6400203089449 831.0
919.8866460854103 821.0
920.1332629760961 821.0
920.3798709805186 833.0
920.6264700981943 836.0
920.8730603286409 819.0
921.1196416713748 833.0
921.3662141259131 826.0
921.6127776917724 820.0
921.8593323684695 852.0
922.1058781555217 902.0
922.3524150524454 860.0
922.598943058758 856.0
922.8454621739758 842.0
923.0919723976159 834.0
923.3384737291954 835.0
923.5849661682307 837.0
923.8314497142393 824.0
924.0779243667373 806.0
924.3243901252423 811.0
924.5708469892709 826.0
924.8172949583395 816.0
925.0637340319656 818.0
925.3101642096658 814.0
925.5565854909571 817.0
925.8029978753563 825.0
926.04940136238 822.0
926.2957959515456 830.0
926.5421816423694 816.0
926.7885584343687 817.0
927.0349263270604 821.0
927.281285319961 828.0
927.5276354125876 821.0
927.7739766044568 825.0
928.020308895086 820.0
928.2666322839915 816.0
928.5129467706906 817.0
928.7592523547 819.0
929.0055490355364 824.0
929.2518368127171 817.0
929.4981156857584 798.0
929.7443856541778 806.0
929.9906467174917 802.0
930.2368988752169 821.0
930.4831421268707 820.0
930.7293764719695 815.0
930.9756019100306 806.0
931.2218184405708 812.0
931.4680260631065 818.0
931.7142247771553 814.0
931.9604145822334 824.0
932.2065954778582 814.0
932.4527674635461 827.0
932.6989305388141 822.0
932.9450847031794 833.0
933.1912299561584 811.0
933.4373662972685 824.0
933.6834937260257 812.0
933.929612241948 817.0
934.1757218445516 795.0
934.4218225333533 827.0
934.6679143078701 812.0
934.913997167619 816.0
935.1600711121167 819.0
935.4061361408803 806.0
935.6521922534262 823.0
935.8982394492718 815.0
936.1442777279336 819.0
936.3903070889288 816.0
936.636327531774 814.0
936.882339055986 819.0
937.128341661082 832.0
937.3743353465785 811.0
937.6203201119927 814.0
937.8662959568414 821.0
938.1122628806411 826.0
938.3582208829092 830.0
938.6041699631621 804.0
938.8501101209171 815.0
939.0960413556905 809.0
939.341963667 832.0
939.5878770543618 809.0
939.8337815172929 820.0
940.0796770553103 831.0
940.3255636679306 820.0
940.5714413546712 816.0
940.8173101150486 818.0
941.0631699485793 804.0
941.309020854781 827.0
941.5548628331699 818.0
941.8006958832632 809.0
942.0465200045778 814.0
942.2923351966301 832.0
942.5381414589376 824.0
942.7839387910167 809.0
943.0297271923846 815.0
943.275506662558 815.0
943.5212772010536 820.0
943.7670388073888 813.0
944.0127914810797 798.0
944.2585352216438 804.0
944.504270028598 814.0
944.7499959014584 821.0
944.9957128397427 811.0
945.2414208429674 816.0
945.4871199106495 827.0
945.7328100423057 819.0
945.978491237453 802.0
946.2241634956084 823.0
946.4698268162882 818.0
946.71548119901 837.0
946.9611266432901 808.0
947.2067631486459 823.0
947.4523907145939 820.0
947.6980093406509 813.0
947.943619026334 828.0
948.1892197711599 839.0
948.4348115746456 818.0
948.680394436308 834.0
948.9259683556636 828.0
949.17153333223 832.0
949.4170893655231 818.0
949.6626364550607 816.0
949.9081746003591 814.0
950.1537038009352 828.0
950.3992240563063 814.0
950.6447353659886 813.0
950.8902377294995 825.0
951.1357311463555 829.0
951.381215616074 814.0
951.6266911381715 804.0
951.8721577121647 809.0
952.1176153375708 816.0
952.3630640139064 823.0
952.6085037406887 811.0
952.8539345174344 813.0
953.09935634366 816.0
953.3447692188829 825.0
953.5901731426196 829.0
953.8355681143876 824.0
954.080954133703 831.0
954.326331200083 823.0
954.5716993130445 825.0
954.8170584721041 832.0
955.0624086767792 834.0
955.3077499265863 818.0
955.5530822210421 817.0
955.798405559664 815.0
956.0437199419682 810.0
956.2890253674723 814.0
956.5343218356925 824.0
956.7796093461461 802.0
957.02488789835 807.0
957.2701574918206 827.0
957.5154181260752 809.0
957.7606698006304 822.0
958.0059125150034 831.0
958.2511462687107 819.0
958.4963710612694 825.0
958.7415868921963 826.0
958.9867937610082 808.0
959.2319916672224 819.0
959.4771806103552 829.0
959.7223605899235 818.0
959.9675316054446 836.0
960.2126936564348 811.0
960.4578467424116 797.0
960.7029908628915 817.0
960.9481260173911 815.0
961.193252205428 818.0
961.4383694265184 822.0
961.6834776801796 814.0
961.9285769659282 823.0
962.1736672832812 822.0
962.4187486317555 827.0
962.6638210108677 805.0
962.908884420135 813.0
963.153938859074 801.0
963.3989843272019 818.0
963.6440208240352 822.0
963.889048349091 819.0
964.1340669018862 813.0
964.3790764819373 824.0
964.6240770887617 822.0
964.8690687218761 829.0
965.114051380797 842.0
965.3590250650417 873.0
965.6039897741268 871.0
965.8489455075695 853.0
966.0938922648864 820.0
966.3388300455941 835.0
966.5837588492103 833.0
966.8286786752509 818.0
967.0735895232334 833.0
967.3184913926743 802.0
967.5633842830911 828.0
967.808268194 821.0
968.0531431249179 818.0
968.2980090753622 826.0
968.5428660448491 823.0
968.7877140328961 820.0
969.0325530390197 836.0
969.2773830627367 804.0
969.5222041035643 818.0
969.7670161610189 821.0
970.0118192346179 798.0
970.2566133238779 817.0
970.5013984283155 818.0
970.746174547448 832.0
970.990941680792 821.0
971.2356998278649 814.0
971.480448988183 805.0
971.725189161263 825.0
971.9699203466223 833.0
972.2146425437775 823.0
972.4593557522456 833.0
972.7040599715434 837.0
972.9487552011876 825.0
973.1934414406954 813.0
973.4381186895833 806.0
973.6827869473685 821.0
973.9274462135677 813.0
974.1720964876979 808.0
974.4167377692759 826.0
974.6613700578182 832.0
974.9059933528424 810.0
975.1506076538647 824.0
975.3952129604023 811.0
975.6398092719721 828.0
975.8843965880908 819.0
976.1289749082755 816.0
976.3735442320426 828.0
976.6181045589096 808.0
976.862655888393 822.0
977.1071982200094 809.0
977.3517315532764 823.0
977.5962558877101 803.0
977.840771222828 816.0
978.0852775581467 820.0
978.3297748931827 807.0
978.5742632274536 809.0
978.8187425604756 816.0
979.063212891766 816.0
979.3076742208415 818.0
979.5521265472191 817.0
979.7965698704156 820.0
980.0410041899477 821.0
980.2854295053326 814.0
980.5298458160865 824.0
980.7742531217272 825.0
981.0186514217711 830.0
981.2630407157347 808.0
981.5074210031356 813.0
981.7517922834901 812.0
981.9961545563154 805.0
982.2405078211283 819.0
982.4848520774455 810.0
982.729187324784 816.0
982.9735135626606 820.0
983.2178307905924 816.0
983.4621390080961 818.0
983.7064382146882 824.0
983.9507284098863 818.0
984.1950095932067 830.0
984.4392817641666 820.0
984.6835449222825 820.0
984.9277990670716 817.0
985.1720441980509 821.0
985.4162803147366 820.0
985.6605074166464 816.0
985.9047255032964 813.0
986.1489345742042 818.0
986.3931346288863 817.0
986.6373256668593 832.0
986.8815076876406 822.0
987.1256806907464 811.0
987.3698446756944 817.0
987.613999642001 824.0
987.8581455891829 824.0
988.1022825167574 831.0
988.3464104242408 830.0
988.5905293111508 829.0
988.8346391770036 825.0
989.0787400213161 835.0
989.3228318436055 829.0
989.5669146433884 826.0
989.8109884201817 807.0
990.0550531735024 816.0
990.2991089028674 827.0
990.5431556077934 812.0
990.7871932877973 817.0
991.031221942396 837.0
991.2752415711062 811.0
991.5192521734452 835.0
991.7632537489297 822.0
992.0072462970761 813.0
992.251229817402 815.0
992.4952043094236 816.0
992.7391697726582 826.0
992.9831262066227 814.0
993.2270736108336 821.0
993.4710119848082 812.0
993.7149413280629 823.0
993.958861640115 821.0
994.2027729204812 817.0
994.4466751686781 832.0
994.6905683842231 817.0
994.9344525666326 814.0
995.1783277154237 815.0
995.4221938301132 822.0
995.6660509102181 813.0
995.9098989552552 823.0
996.1537379647411 814.0
996.3975679381932 807.0
996.6413888751279 816.0
996.8852007750622 812.0
997.1290036375133 801.0
997.3727974619973 817.0
997.6165822480319 816.0
997.8603579951333 818.0
998.104124702819 825.0
998.3478823706055 814.0
998.5916309980095 812.0
998.8353705845483 821.0
999.0791011297383 821.0
999.3228226330968 818.0
999.5665350941406 823.0
999.8102385123861 835.0
1000.0539328873509 816.0
1000.2976182185512 838.0
1000.5412945055043 817.0
1000.7849617477269 804.0
1001.0286199447357 820.0
1001.2722690960481 815.0
1001.5159092011804 836.0
1001.75954025965 823.0
1002.003162270973 832.0
1002.246775234667 827.0
1002.4903791502487 827.0
1002.7339740172346 817.0
1002.9775598351421 829.0
1003.2211366034876 807.0
1003.4647043217884 826.0
1003.7082629895611 826.0
1003.9518126063224 823.0
1004.1953531715895 828.0
1004.4388846848791 813.0
1004.6824071457083 817.0
1004.9259205535938 809.0
1005.1694249080521 834.0
1005.4129202086007 825.0
1005.6564064547559 836.0
1005.8998836460353 835.0
1006.1433517819551 818.0
1006.3868108620323 835.0
1006.6302608857841 842.0
1006.8737018527269 827.0
1007.1171337623779 819.0
1007.3605566142537 813.0
1007.6039704078715 813.0
1007.8473751427481 792.0
1008.0907708184001 809.0
1008.3341574343445 822.0
1008.5775349900982 820.0
1008.8209034851784 817.0
1009.0642629191013 807.0
1009.3076132913841 816.0
1009.5509546015439 812.0
1009.7942868490973 830.0
1010.0376100335611 816.0
1010.2809241544525 817.0
1010.5242292112879 817.0
1010.7675252035845 833.0
1011.010812130859 819.0
1011.2540899926286 815.0
1011.4973587884098 821.0
1011.7406185177194 805.0
1011.9838691800747 821.0
1012.2271107749921 816.0
1012.470343301989 817.0
1012.7135667605817 826.0
1012.9567811502875 809.0
1013.1999864706231 822.0
1013.4431827211052 814.0
1013.686369901251 831.0
1013.929548010577 833.0
1014.1727170486006 817.0
1014.4158770148383 816.0
1014.6590279088067 821.0
1014.9021697300233 807.0
1015.1453024780044 815.0
1015.3884261522674 825.0
1015.6315407523286 805.0
1015.8746462777051 808.0
1016.1177427279141 816.0
1016.3608301024719 826.0
1016.603908400896 826.0
1016.8469776227028 838.0
1017.0900377674091 822.0
1017.3330888345322 817.0
1017.5761308235883 821.0
1017.8191637340951 812.0
1018.0621875655689 807.0
1018.3052023175269 838.0
1018.5482079894858 825.0
1018.7912045809622 817.0
1019.0341920914735 809.0
1019.2771705205361 819.0
1019.5201398676672 828.0
1019.7631001323837 816.0
1020.006051314202 816.0
1020.2489934126395 826.0
1020.4919264272125 806.0
1020.7348503574386 816.0
1020.9777652028342 815.0
1021.2206709629161 825.0
1021.4635676372014 820.0
1021.7064552252067 816.0
1021.9493337264495 809.0
1022.1922031404459 829.0
1022.4350634667132 817.0
1022.6779147047681 811.0
1022.9207568541273 828.0
1023.1635899143083 820.0
1023.4064138848273 824.0
1023.6492287652015 808.0
1023.8920345549478 808.0
1024.134831253583 811.0
1024.377618860624 832.0
1024.6203973755871 810.0
1024.8631667979898 822.0
1025.1059271273493 815.0
1025.3486783631818 825.0
1025.5914205050044 812.0
1025.8341535523336 822.0
1026.076877504687 818.0
1026.3195923615808 812.0
1026.5622981225324 820.0
1026.8049947870584 834.0
1027.0476823546753 834.0
1027.2903608249007 826.0
1027.5330301972513 829.0
1027.7756904712435 833.0
1028.0183416463947 821.0
1028.260983722221 818.0
1028.5036166982402 823.0
1028.7462405739689 830.0
1028.9888553489234 820.0
1029.2314610226213 815.0
1029.474057594579 830.0
1029.7166450643138 817.0
1029.9592234313418 824.0
1030.2017926951808 830.0
1030.4443528553472 817.0
1030.6869039113576 827.0
1030.9294458627296 837.0
1031.1719787089794 832.0
1031.414502449624 826.0
1031.6570170841808 805.0
1031.8995226121658 811.0
1032.1420190330966 821.0
1032.3845063464896 824.0
1032.6269845518618 828.0
1032.8694536487305 830.0
1033.111913636612 804.0
1033.3543645150232 833.0
1033.596806283481 824.0
1033.8392389415026 816.0
1034.081662488605 817.0
1034.324076924304 821.0
1034.566482248118 814.0
1034.8088784595625 826.0
1035.0512655581551 822.0
1035.2936435434124 813.0
1035.5360124148515 834.0
1035.778372171989 822.0
1036.020722814342 817.0
1036.2630643414275 813.0
1036.5053967527615 828.0
1036.7477200478622 820.0
1036.9900342262456 825.0
1037.2323392874284 828.0
1037.4746352309282 807.0
1037.7169220562612 832.0
1037.9591997629448 824.0
1038.2014683504956 838.0
1038.4437278184303 833.0
1038.685978166266 820.0
1038.9282193935196 817.0
1039.170451499708 798.0
1039.4126744843477 814.0
1039.6548883469559 822.0
1039.8970930870496 824.0
1040.1392887041452 817.0
1040.3814751977598 820.0
1040.6236525674105 815.0
1040.8658208126137 828.0
1041.107979932887 827.0
1041.3501299277466 828.0
1041.5922707967095 810.0
1041.8344025392926 814.0
1042.0765251550129 809.0
1042.3186386433872 812.0
1042.5607430039322 822.0
1042.802838236165 820.0
1043.0449243396022 810.0
1043.2870013137613 834.0
1043.5290691581586 810.0
1043.7711278723107 816.0
1044.013177455735 811.0
1044.2552179079482 829.0
1044.4972492284676 840.0
1044.7392714168093 824.0
1044.9812844724902 830.0
1045.223288395028 816.0
1045.4652831839387 812.0
1045.70726883874 828.0
1045.949245358948 806.0
1046.1912127440798 819.0
1046.4331709936528 836.0
1046.675120107183 833.0
1046.9170600841878 827.0
1047.1589909241836 824.0
1047.400912626688 823.0
1047.6428251912175 817.0
1047.8847286172886 823.0
1048.1266229044188 828.0
1048.3685080521243 819.0
1048.6103840599228 819.0
1048.8522509273307 807.0
1049.0941086538646 809.0
1049.3359572390418 812.0
1049.577796682379 834.0
1049.819626983393 820.0
1050.061448141601 809.0
1050.3032601565194 810.0
1050.5450630276655 834.0
1050.7868567545556 806.0
1051.0286413367073 835.0
1051.270416773637 831.0
1051.5121830648616 821.0
1051.7539402098982 826.0
1051.9956882082631 823.0
1052.237427059474 804.0
1052.479156763047 820.0
1052.7208773184996 820.0
1052.9625887253483 816.0
1053.2042909831098 812.0
1053.4459840913016 826.0
1053.6876680494397 812.0
1053.929342857042 824.0
1054.1710085136244 820.0
1054.4126650187043 815.0
1054.6543123717986 821.0
1054.8959505724238 819.0
1055.1375796200969 822.0
1055.3791995143351 823.0
1055.620810254655 801.0
1055.8624118405735 805.0
1056.1040042716074 816.0
1056.3455875472737 818.0
1056.5871616670893 824.0
1056.8287266305706 812.0
1057.070282437235 812.0
1057.3118290865991 819.0
1057.5533665781802 817.0
1057.7948949114943 807.0
1058.0364140860593 810.0
1058.2779241013916 822.0
1058.5194249570077 806.0
1058.760916652425 834.0
1059.0023991871599 826.0
1059.24387256073 826.0
1059.4853367726514 825.0
1059.7267918224413 818.0
1059.968237709617 825.0
1060.2096744336943 832.0
1060.451101994191 825.0
1060.6925203906237 821.0
1060.933929622509 816.0
1061.1753296893642 830.0
1061.4167205907056 820.0
1061.6581023260508 813.0
1061.8994748949162 808.0
1062.1408382968189 825.0
1062.3821925312755 820.0
1062.6235375978026 816.0
1062.8648734959181 814.0
1063.1062002251376 801.0
1063.3475177849793 824.0
1063.588826174959 828.0
1063.830125394594 809.0
1064.0714154434013 822.0
1064.312696320897 829.0
1064.553968026599 821.0
1064.7952305600238 830.0
1065.036483920688 820.0
1065.2777281081087 824.0
1065.5189631218025 829.0
1065.7601889612868 818.0
1066.001405626078 822.0
1066.2426131156928 820.0
1066.4838114296492 836.0
1066.7250005674625 820.0
1066.9661805286507 837.0
1067.2073513127305 822.0
1067.4485129192178 828.0
1067.689665347631 824.0
1067.9308085974856 835.0
1068.1719426682996 813.0
1068.413067559589 816.0
1068.654183270871 825.0
1068.8952898016628 827.0
1069.1363871514804 818.0
1069.3774753198418 803.0
1069.618554306263 818.0
1069.8596241102612 805.0
1070.100684731353 821.0
1070.3417361690556 818.0
1070.582778422886 820.0
1070.8238114923604 827.0
1071.0648353769964 823.0
1071.3058500763104 820.0
1071.5468555898192 816.0
1071.7878519170404 818.0
1072.02883905749 832.0
1072.2698170106853 818.0
1072.5107857761434 807.0
1072.75174535338 818.0
1072.9926957419138 832.0
1073.23363694126 829.0
1073.4745689509368 808.0
1073.7154917704597 832.0
1073.9564053993467 823.0
1074.1973098371145 822.0
1074.4382050832794 806.0
1074.6790911373587 824.0
1074.9199679988692 832.0
1075.1608356673278 821.0
1075.4016941422512 819.0
1075.6425434231562 817.0
1075.8833835095604 819.0
1076.1242144009796 812.0
1076.3650360969316 834.0
1076.6058485969324 822.0
1076.8466519004996 810.0
1077.0874460071498 810.0
1077.3282309163997 833.0
1077.5690066277664 826.0
1077.8097731407665 805.0
1078.0505304549172 819.0
1078.2912785697354 829.0
1078.5320174847377 811.0
1078.772747199441 830.0
1079.0134677133622 825.0
1079.2541790260184 809.0
1079.4948811369263 803.0
1079.7355740456023 829.0
1079.9762577515642 823.0
1080.2169322543277 839.0
1080.4575975534112 820.0
1080.6982536483301 823.0
1080.9389005386022 822.0
1081.179538223744 834.0
1081.4201667032721 812.0
1081.6607859767041 818.0
1081.9013960435564 827.0
1082.1419969033457 829.0
1082.382588555589 815.0
1082.6231709998035 816.0
1082.863744235506 816.0
1083.104308262213 822.0
1083.3448630794412 806.0
1083.5854086867082 820.0
1083.8259450835303 816.0
1084.0664722694248 830.0
1084.306990243908 820.0
1084.5474990064974 830.0
1084.7879985567097 825.0
1085.0284888940612 823.0
1085.2689700180695 830.0
1085.509441928251 825.0
1085.749904624123 814.0
1085.990358105202 824.0
1086.2308023710048 835.0
1086.4712374210485 819.0
1086.71166325485 808.0
1086.9520798719261 792.0
1087.1924872717937 818.0
1087.4328854539694 812.0
1087.6732744179706 821.0
1087.9136541633134 832.0
1088.1540246895156 824.0
1088.3943859960934 810.0
1088.6347380825637 807.0
1088.8750809484436 803.0
1089.1154145932499 816.0
1089.3557390164995 805.0
1089.5960542177095 829.0
1089.836360196396 821.0
1090.0766569520767 818.0
1090.3169444842679 823.0
1090.557222792487 817.0
1090.7974918762502 811.0
1091.037751735075 823.0
1091.2780023684782 813.0
1091.518243775976 828.0
1091.7584759570861 822.0
1091.9986989113247 816.0
1092.2389126382093 826.0
1092.4791171372563 821.0
1092.7193124079827 801.0
1092.9594984499054 823.0
1093.1996752625412 822.0
1093.4398428454072 819.0
1093.68000119802 808.0
1093.9201503198965 816.0
1094.1602902105537 837.0
1094.4004208695083 823.0
1094.6405422962773 826.0
1094.8806544903778 822.0
1095.120757451326 810.0
1095.3608511786392 826.0
1095.6009356718341 820.0
1095.8410109304282 805.0
1096.0810769539376 816.0
1096.3211337418795 819.0
1096.5611812937707 819.0
1096.8012196091279 817.0
1097.0412486874682 826.0
1097.2812685283084 816.0
1097.5212791311658 824.0
1097.7612804955563 808.0
1098.0012726209975 811.0
1098.2412555070064 820.0
1098.4812291530989 824.0
1098.721193558793 829.0
1098.961148723605 826.0
1099.2010946470518 811.0
1099.4410313286503 806.0
1099.6809587679172 823.0
1099.92087696437 810.0
1100.1607859175251 804.0
1100.400685626899 824.0
1100.640576092009 805.0
1100.880457312372 815.0
1101.1203292875052 795.0
1101.3601920169247 828.0
1101.6000455001479 808.0
1101.8398897366915 811.0
1102.079724726072 813.0
1102.3195504678072 813.0
1102.559366961413 816.0
1102.7991742064069 810.0
1103.0389722023056 814.0
1103.2787609486254 821.0
1103.5185404448844 816.0
1103.7583106905984 804.0
1103.9980716852845 805.0
1104.23782342846 798.0
1104.4775659196412 828.0
1104.7172991583454 821.0
1104.9570231440887 830.0
1105.1967378763893 824.0
1105.436443354763 827.0
1105.6761395787273 829.0
1105.9158265477986 812.0
1106.1555042614937 806.0
1106.3951727193298 831.0
1106.6348319208234 809.0
1106.8744818654923 827.0
1107.1141225528525 830.0
1107.3537539824208 830.0
1107.5933761537144 821.0
1107.8329890662503 819.0
1108.072592719545 807.0
1108.3121871131157 821.0
1108.551772246479 819.0
1108.7913481191517 817.0
1109.030914730651 813.0
1109.2704720804938 833.0
1109.5100201681967 819.0
1109.7495589932764 805.0
1109.9890885552504 817.0
1110.2286088536348 822.0
1110.4681198879473 810.0
1110.707621657704 811.0
1110.9471141624224 799.0
1111.1865974016187 819.0
1111.4260713748101 817.0
1111.665536081514 815.0
1111.9049915212463 812.0
1112.1444376935244 815.0
1112.3838745978653 827.0
1112.6233022337854 830.0
1112.8627206008023 812.0
1113.102129698432 822.0
1113.3415295261918 834.0
1113.5809200835986 821.0
1113.820301370169 806.0
1114.0596733854206 813.0
1114.2990361288694 817.0
1114.5383896000326 817.0
1114.7777337984273 816.0
1115.0170687235698 817.0
1115.2563943749778 829.0
1115.4957107521673 811.0
1115.7350178546556 814.0
1115.9743156819598 805.0
1116.213604233596 816.0
1116.452883509082 826.0
1116.692153507934 816.0
1116.9314142296694 815.0
1117.1706656738045 796.0
1117.4099078398563 823.0
1117.6491407273422 820.0
1117.8883643357783 826.0
1118.1275786646822 826.0
1118.36678371357 810.0
1118.6059794819594 817.0
1118.8451659693665 813.0
1119.0843431753085 808.0
1119.3235110993026 819.0
1119.5626697408647 809.0
1119.8018190995128 820.0
1120.0409591747637 815.0
1120.2800899661331 827.0
1120.519211473139 821.0
1120.7583236952978 819.0
1120.9974266321262 837.0
1121.236520283142 806.0
1121.4756046478608 828.0
1121.7146797258001 830.0
1121.9537455164768 818.0
1122.192802019408 832.0
1122.4318492341101 818.0
1122.6708871601 821.0
1122.909915796895 802.0
1123.1489351440111 818.0
1123.3879452009662 833.0
1123.6269459672762 831.0
1123.865937442459 822.0
1124.1049196260308 817.0
1124.3438925175087 809.0
