shot=123_gas=Ar_height=50_RF=216.2W_massflow=1000_coils=50.0A_HR4000 spectrum
Wavelength [nm] // Intensity [u.a.] 
194.93414 794.0
195.2037815346219 805.0
195.47341553816543 792.0
195.74304201014752 789.0
196.012660950085 808.0
196.28227235749478 811.0
196.55187623189366 809.0
196.82147257279857 798.0
197.09106137972637 798.0
197.36064265219392 807.0
197.63021638971804 818.0
197.89978259181567 808.0
198.16934125800364 807.0
198.43889238779886 799.0
198.7084359807181 805.0
198.97797203627835 810.0
199.2475005539964 808.0
199.51702153338914 813.0
199.78653497397343 804.0
200.05604087526618 813.0
200.3255392367842 814.0
200.59503005804436 814.0
200.8645133385636 814.0
201.1339890778587 818.0
201.4034572754466 812.0
201.67291793084408 806.0
201.94237104356813 821.0
202.21181661313554 818.0
202.48125463906314 805.0
202.7506851208679 799.0
203.02010805806663 802.0
203.28952345017618 812.0
203.55893129671344 823.0
203.8283315971953 823.0
204.0977243511386 822.0
204.3671095580602 810.0
204.636487217477 806.0
204.90585732890585 799.0
205.17521989186366 794.0
205.44457490586717 809.0
205.7139223704334 817.0
205.98326228507918 796.0
206.2525946493213 802.0
206.5219194626767 805.0
206.79123672466224 807.0
207.06054643479476 813.0
207.32984859259116 810.0
207.59914319756828 812.0
207.86843024924303 816.0
208.13770974713225 806.0
208.40698169075276 804.0
208.6762460796215 801.0
208.94550291325532 814.0
209.2147521911711 813.0
209.48399391288567 814.0
209.75322807791594 811.0
210.02245468577874 807.0
210.29167373599094 804.0
210.56088522806942 805.0
210.83008916153108 803.0
211.09928553589276 807.0
211.3684743506713 818.0
211.63765560538363 806.0
211.9068292995466 819.0
212.175995432677 826.0
212.44515400429182 818.0
212.71430501390782 808.0
212.98344846104192 808.0
213.25258434521103 801.0
213.52171266593191 800.0
213.79083342272153 801.0
214.05994661509675 810.0
214.3290522425744 811.0
214.5981503046713 802.0
214.8672408009044 825.0
215.13632373079054 803.0
215.4053990938466 800.0
215.6744668895894 807.0
215.94352711753592 813.0
216.21257977720293 813.0
216.48162486810728 813.0
216.7506623897659 796.0
217.01969234169565 791.0
217.2887147234134 803.0
217.55772953443596 789.0
217.82673677428028 811.0
218.0957364424632 820.0
218.36472853850154 812.0
218.6337130619122 804.0
218.9026900122121 809.0
219.17165938891804 804.0
219.4406211915469 804.0
219.70957541961562 819.0
219.97852207264097 810.0
220.24746115013983 804.0
220.5163926516291 812.0
220.78531657662566 810.0
221.05423292464639 812.0
221.32314169520808 812.0
221.59204288782766 801.0
221.860936502022 815.0
222.12982253730797 817.0
222.39870099320237 803.0
222.66757186922214 817.0
222.93643516488416 818.0
223.20529087970525 813.0
223.47413901320226 802.0
223.74297956489212 813.0
224.01181253429166 813.0
224.28063792091777 788.0
224.5494557242873 806.0
224.8182659439171 812.0
225.08706857932413 802.0
225.35586363002508 812.0
225.62465109553705 826.0
225.89343097537673 816.0
226.16220326906105 812.0
226.43096797610687 811.0
226.69972509603105 815.0
226.9684746283505 805.0
227.237216572582 795.0
227.50595092824256 807.0
227.7746776948489 819.0
228.04339687191796 807.0
228.31210845896663 820.0
228.5808124555117 813.0
228.84950886107015 816.0
229.11819767515877 821.0
229.38687889729442 812.0
229.65555252699397 801.0
229.92421856377433 801.0
230.1928770071524 801.0
230.46152785664492 803.0
230.73017111176884 800.0
230.99880677204106 817.0
231.26743483697837 805.0
231.53605530609772 802.0
231.8046681789159 823.0
232.07327345494983 813.0
232.34187113371638 803.0
232.61046121473237 800.0
232.87904369751473 815.0
233.14761858158028 804.0
233.41618586644586 817.0
233.68474555162845 821.0
233.95329763664483 823.0
234.2218421210119 818.0
234.49037900424648 802.0
234.7589082858655 812.0
235.02742996538583 814.0
235.29594404232427 829.0
235.56445051619772 811.0
235.8329493865231 806.0
236.10144065281722 801.0
236.36992431459691 810.0
236.63840037137916 819.0
236.9068688226808 810.0
237.1753296680186 811.0
237.44378290690955 807.0
237.7122285388704 816.0
237.9806665634181 796.0
238.24909698006957 799.0
238.51751978834153 812.0
238.78593498775095 804.0
239.0543425778147 810.0
239.32274255804958 805.0
239.59113492797255 808.0
239.8595196871004 833.0
240.12789683495004 807.0
240.3962663710383 810.0
240.66462829488208 813.0
240.93298260599826 817.0
241.2013293039037 798.0
241.46966838811522 812.0
241.73799985814978 813.0
242.00632371352418 800.0
242.27463995375527 809.0
242.54294857835998 806.0
242.81124958685515 817.0
243.07954297875764 817.0
243.34782875358434 820.0
243.61610691085207 807.0
243.88437745007772 807.0
244.15264037077822 807.0
244.42089567247035 808.0
244.68914335467105 813.0
244.95738341689716 790.0
245.2256158586655 810.0
245.493840679493 817.0
245.76205787889654 813.0
246.03026745639292 808.0
246.29846941149904 805.0
246.5666637437318 804.0
246.834850452608 816.0
247.1030295376446 819.0
247.37120099835838 826.0
247.63936483426627 794.0
247.9075210448851 817.0
248.17566962973177 798.0
248.4438105883231 798.0
248.71194392017603 815.0
248.98006962480733 813.0
249.248187701734 806.0
249.51629815047275 825.0
249.78440097054056 791.0
250.05249616145431 812.0
250.32058372273076 808.0
250.5886636538869 804.0
250.85673595443953 805.0
251.12480062390551 794.0
251.39285766180177 823.0
251.6609070676451 818.0
251.92894884095242 803.0
252.19698298124058 798.0
252.46500948802645 813.0
252.73302836082692 815.0
253.00103959915882 810.0
253.26904320253902 824.0
253.53703917048443 815.0
253.80502750251188 807.0
254.07300819813827 807.0
254.34098125688044 804.0
254.60894667825525 805.0
254.87690446177962 823.0
255.14485460697037 807.0
255.41279711334434 812.0
255.6807319804185 815.0
255.94865920770962 808.0
256.2165787947346 810.0
256.48449074101035 808.0
256.75239504605366 802.0
257.02029170938147 791.0
257.28818073051065 807.0
257.556062108958 801.0
257.8239358442404 817.0
258.0918019358748 799.0
258.35966038337796 805.0
258.6275111862668 796.0
258.8953543440582 814.0
259.163189856269 810.0
259.4310177224162 818.0
259.6988379420164 819.0
259.9666505145867 802.0
260.23445543964385 804.0
260.50225271670473 813.0
260.77004234528624 805.0
261.03782432490533 795.0
261.3055986550787 814.0
261.5733653353234 800.0
261.8411243651561 815.0
262.1088757440937 829.0
262.37661947165327 802.0
262.6443555473515 803.0
262.9120839707053 809.0
263.1798047412315 813.0
263.44751785844704 807.0
263.7152233218687 796.0
263.98292113101354 805.0
264.2506112853982 808.0
264.51829378453965 811.0
264.7859686279547 811.0
265.05363581516025 796.0
265.32129534567326 790.0
265.5889472190105 809.0
265.8565914346889 807.0
266.1242279922252 806.0
266.39185689113634 803.0
266.65947813093925 816.0
266.9270917111508 823.0
267.19469763128774 808.0
267.46229589086704 813.0
267.72988648940554 805.0
267.9974694264201 794.0
268.2650447014276 813.0
268.53261231394487 814.0
268.80017226348883 809.0
269.0677245495763 829.0
269.3352691717242 808.0
269.60280612944933 816.0
269.8703354222686 808.0
270.13785704969894 816.0
270.40537101125716 813.0
270.67287730646007 807.0
270.9403759348246 809.0
271.2078668958677 814.0
271.47535018910605 806.0
271.7428258140567 810.0
272.01029377023633 809.0
272.2777540571619 805.0
272.5452066743504 810.0
272.81265162131854 809.0
273.08008889758327 798.0
273.34751850266144 817.0
273.6149404360698 801.0
273.8823546973254 805.0
274.1497612859451 803.0
274.4171602014456 787.0
274.6845514433439 798.0
274.95193501115676 812.0
275.2193109044012 814.0
275.486679122594 813.0
275.7540396652521 825.0
276.02139253189216 821.0
276.2887377220313 801.0
276.55607523518626 807.0
276.82340507087395 810.0
277.09072722861123 812.0
277.3580417079149 801.0
277.62534850830195 817.0
277.8926476292892 818.0
278.1599390703934 806.0
278.4272228311316 804.0
278.69449891102056 806.0
278.96176730957717 801.0
279.22902802631836 800.0
279.4962810607609 811.0
279.76352641242164 819.0
280.0307640808177 806.0
280.29799406546556 802.0
280.5652163658824 799.0
280.8324309815849 816.0
281.09963791209003 813.0
281.3668371569146 806.0
281.6340287155756 805.0
281.9012125875897 808.0
282.168388772474 820.0
282.4355572697452 811.0
282.7027180789201 821.0
282.9698711995158 801.0
283.23701663104896 805.0
283.50415437303667 808.0
283.77128442499554 801.0
284.0384067864426 818.0
284.3055214568946 805.0
284.57262843586864 805.0
284.8397277228814 807.0
285.1068193174497 814.0
285.37390321909055 809.0
285.6409794273207 818.0
285.9080479416572 817.0
286.1751087616167 805.0
286.4421618867162 816.0
286.7092073164725 807.0
286.9762450504025 789.0
287.24327508802315 792.0
287.5102974288511 805.0
287.77731207240345 813.0
288.04431901819703 809.0
288.3113182657485 816.0
288.578309814575 799.0
288.84529366419326 810.0
289.1122698141201 812.0
289.37923826387254 820.0
289.6461990129674 801.0
289.91315206092133 807.0
290.18009740725154 809.0
290.44703505147464 806.0
290.7139649931077 804.0
290.98088723166734 789.0
291.24780176667065 810.0
291.5147085976344 796.0
291.78160772407557 809.0
292.04849914551085 812.0
292.3153828614572 813.0
292.58225887143146 823.0
292.8491271749505 804.0
293.1159877715313 797.0
293.3828406606906 820.0
293.6496858419453 807.0
293.9165233148123 799.0
294.1833530788084 814.0
294.4501751334505 806.0
294.71698947825547 815.0
294.9837961127402 801.0
295.2505950364216 806.0
295.5173862488164 788.0
295.78416974944156 810.0
296.050945537814 814.0
296.31771361345045 802.0
296.584473975868 806.0
296.8512266245832 813.0
297.11797155911313 807.0
297.38470877897464 797.0
297.6514382836846 808.0
297.9181600727598 799.0
298.18487414571723 814.0
298.4515805020736 796.0
298.71827914134593 794.0
298.9849700630511 800.0
299.2516532667058 807.0
299.518328751827 805.0
299.78499651793163 814.0
300.0516565645365 824.0
300.3183088911584 807.0
300.58495349731436 807.0
300.8515903825211 816.0
301.1182195462956 817.0
301.3848409881546 811.0
301.65145470761513 818.0
301.91806070419403 815.0
302.184658977408 805.0
302.4512495267741 810.0
302.7178323518091 807.0
302.9844074520298 802.0
303.2509748269532 792.0
303.5175344760962 823.0
303.78408639897555 819.0
304.0506305951082 808.0
304.31716706401096 812.0
304.58369580520065 816.0
304.8502168181943 809.0
305.1167301025086 822.0
305.3832356576606 801.0
305.649733483167 803.0
305.9162235785447 809.0
306.1827059433106 807.0
306.4491805769817 810.0
306.7156474790747 809.0
306.98210664910647 810.0
307.2485580865939 810.0
307.5150017910539 810.0
307.7814377620034 802.0
308.0478659989591 808.0
308.31428650143795 797.0
308.58069926895683 803.0
308.8471043010326 816.0
309.1135015971821 811.0
309.37989115692227 813.0
309.6462729797699 815.0
309.91264706524197 809.0
310.1790134128551 801.0
310.4453720221265 814.0
310.71172289257277 813.0
310.97806602371094 794.0
311.2444014150577 800.0
311.5107290661301 809.0
311.777048976445 800.0
312.04336114551904 804.0
312.30966557286945 812.0
312.5759622580128 817.0
312.8422512004661 802.0
313.1085323997461 804.0
313.3748058553698 808.0
313.641071566854 812.0
313.90732953371554 803.0
314.17357975547145 807.0
314.4398222316384 810.0
314.70605696173334 807.0
314.9722839452731 793.0
315.23850318177466 804.0
315.50471467075477 817.0
315.7709184117303 810.0
316.0371144042182 827.0
316.3033026477353 808.0
316.56948314179846 799.0
316.8356558859246 812.0
317.1018208796305 813.0
317.36797812243304 806.0
317.6341276138491 805.0
317.90026935339563 797.0
318.1664033405894 810.0
318.4325295749473 802.0
318.6986480559862 799.0
318.96475878322303 805.0
319.2308617561746 816.0
319.4969569743577 804.0
319.76304443728935 812.0
320.0291241444864 801.0
320.2951960954656 817.0
320.5612602897438 793.0
320.82731672683815 814.0
321.0933654062652 792.0
321.359406327542 788.0
321.6254394901853 806.0
321.891464893712 815.0
322.157482537639 812.0
322.4234924214832 793.0
322.68949454476143 787.0
322.95548890699064 806.0
323.2214755076875 812.0
323.487454346369 803.0
323.753425422552 806.0
324.01938873575347 805.0
324.2853442854901 801.0
324.55129207127885 805.0
324.8172320926366 805.0
325.08316434908016 806.0
325.34908884012646 795.0
325.61500556529234 801.0
325.8809145240947 802.0
326.14681571605024 804.0
326.4127091406761 805.0
326.6785947974889 811.0
326.9444726860058 796.0
327.2103428057433 800.0
327.47620515621855 812.0
327.74205973694836 811.0
328.00790654744947 795.0
328.2737455872389 804.0
328.5395768558335 818.0
328.80540035275004 813.0
329.0712160775054 809.0
329.33702402961654 805.0
329.6028242086002 794.0
329.86861661397353 801.0
330.13440124525306 801.0
330.4001781019559 806.0
330.66594718359863 806.0
330.9317084896984 802.0
331.19746201977205 817.0
331.46320777333636 798.0
331.7289457499082 819.0
331.9946759490044 809.0
332.2603983701419 795.0
332.5261130128375 814.0
332.79181987660826 817.0
333.05751896097087 803.0
333.3232102654422 816.0
333.58889378953916 806.0
333.85456953277856 804.0
334.1202374946774 804.0
334.38589767475247 797.0
334.6515500725206 798.0
334.9171946874987 794.0
335.18283151920355 807.0
335.4484605671522 809.0
335.7140818308614 810.0
335.97969530984807 812.0
336.245301003629 814.0
336.51089891172114 804.0
336.77648903364127 804.0
337.04207136890636 806.0
337.30764591703326 812.0
337.5732126775387 795.0
337.83877164993976 810.0
338.10432283375314 816.0
338.36986622849577 813.0
338.63540183368457 813.0
338.9009296488363 806.0
339.16644967346787 810.0
339.4319619070962 804.0
339.6974663492381 806.0
339.9629629994105 805.0
340.22845185713027 793.0
340.4939329219141 804.0
340.75940619327906 810.0
341.02487167074196 806.0
341.2903293538197 800.0
341.555779242029 805.0
341.821221334887 811.0
342.0866556319103 819.0
342.3520821326158 823.0
342.6175008365205 804.0
342.8829117431413 814.0
343.1483148519949 802.0
343.41371016259825 805.0
343.6790976744682 808.0
343.9444773871216 807.0
344.20984930007546 810.0
344.4752134128465 823.0
344.74056972495157 812.0
345.0059182359076 818.0
345.27125894523147 820.0
345.53659185244 820.0
345.80191695705014 812.0
346.0672342585787 807.0
346.3325437565426 794.0
346.5978454504585 819.0
346.8631393398436 807.0
347.1284254242145 807.0
347.3937037030882 817.0
347.6589741759816 799.0
347.92423684241146 802.0
348.1894917018946 797.0
348.4547387539481 807.0
348.71997799808867 808.0
348.9852094338332 819.0
349.2504330606986 837.0
349.51564887820166 801.0
349.7808568858593 812.0
350.0460570831885 816.0
350.31124946970584 821.0
350.57643404492853 819.0
350.84161080837316 805.0
351.1067797595568 807.0
351.3719408979961 791.0
351.63709422320824 817.0
351.90223973470984 810.0
352.16737743201776 795.0
352.43250731464894 807.0
352.69762938212034 812.0
352.9627436339487 811.0
353.2278500696509 813.0
353.49294868874387 829.0
353.7580394907444 808.0
354.02312247516943 808.0
354.28819764153576 810.0
354.55326498936034 834.0
354.81832451816 803.0
355.08337622745165 808.0
355.348420116752 812.0
355.613456185578 811.0
355.8784844334467 810.0
356.1435048598747 804.0
356.4085174643791 811.0
356.6735222464765 821.0
356.938519205684 827.0
357.2035083415184 800.0
357.46848965349653 791.0
357.73346314113536 815.0
357.9984288039516 816.0
358.2633866414622 811.0
358.528336653184 815.0
358.793278838634 814.0
359.05821319732894 804.0
359.3231397287857 797.0
359.5880584325211 801.0
359.8529693080521 812.0
360.1178723548955 808.0
360.3827675725683 816.0
360.64765496058726 822.0
360.9125345184692 802.0
361.1774062457311 797.0
361.44227014188965 810.0
361.707126206462 806.0
361.9719744389649 808.0
362.2368148389151 811.0
362.5016474058295 797.0
362.766472139225 802.0
363.0312890386186 809.0
363.296098103527 805.0
363.5608993334672 809.0
363.82569272795587 797.0
364.09047828651006 802.0
364.35525600864656 806.0
364.6200258938823 797.0
364.8847879417341 808.0
365.1495421517188 820.0
365.41428852335326 807.0
365.67902705615444 810.0
365.9437577496392 817.0
366.2084806033243 814.0
366.4731956167267 818.0
366.7379027893632 803.0
367.0026021207507 804.0
367.2672936104061 793.0
367.5319772578463 812.0
367.79665306258806 806.0
368.06132102414836 829.0
368.32598114204393 812.0
368.59063341579173 801.0
368.85527784490864 803.0
369.1199144289115 815.0
369.3845431673172 810.0
369.6491640596426 823.0
369.91377710540445 819.0
370.1783823041198 812.0
370.44297965530546 820.0
370.70756915847835 820.0
370.97215081315517 817.0
371.2367246188529 807.0
371.5012905750884 814.0
371.7658486813786 830.0
372.0303989372402 819.0
372.29494134219027 815.0
372.5594758957455 814.0
372.82400259742286 795.0
373.08852144673915 812.0
373.3530324432114 821.0
373.6175355863563 820.0
373.8820308756908 809.0
374.1465183107317 813.0
374.410997890996 809.0
374.6754696160004 812.0
374.93993348526186 816.0
375.2043894982973 799.0
375.4688376546235 810.0
375.7332779537573 817.0
375.9977103952157 802.0
376.26213497851546 800.0
376.52655170317354 811.0
376.7909605687067 816.0
377.05536157463183 813.0
377.3197547204658 806.0
377.5841400057256 795.0
377.84851742992794 813.0
378.11288699258984 800.0
378.37724869322795 789.0
378.64160253135935 793.0
378.90594850650075 805.0
379.1702866181692 807.0
379.4346168658814 808.0
379.69893924915425 808.0
379.9632537675047 804.0
380.2275604204495 816.0
380.49185920750574 817.0
380.75615012819 800.0
381.0204331820193 792.0
381.2847083685105 804.0
381.5489756871804 805.0
381.8132351375459 819.0
382.07748671912407 801.0
382.34173043143153 813.0
382.6059662739852 808.0
382.8701942463019 813.0
383.1344143478986 805.0
383.3986265782921 803.0
383.6628309369994 805.0
383.92702742353725 813.0
384.1912160374225 804.0
384.45539677817203 805.0
384.7195696453027 805.0
384.98373463833155 809.0
385.2478917567753 808.0
385.5120410001507 803.0
385.7761823679748 816.0
386.0403158597644 812.0
386.30444147503647 812.0
386.5685592133077 809.0
386.8326690740951 805.0
387.09677105691543 802.0
387.36086516128563 796.0
387.6249513867226 821.0
387.88902973274315 814.0
388.15310019886414 806.0
388.41716278460245 820.0
388.68121748947493 807.0
388.9452643129986 798.0
389.2093032546901 805.0
389.47333431406645 792.0
389.73735749064434 807.0
390.0013727839409 795.0
390.2653801934728 800.0
390.52937971875696 795.0
390.7933713593103 820.0
391.05735511464974 806.0
391.3213309842919 807.0
391.5852989677539 805.0
391.8492590645524 798.0
392.1132112742045 819.0
392.37715559622694 830.0
392.6410920301366 809.0
392.9050205754503 796.0
393.1689412316849 821.0
393.43285399835736 805.0
393.69675887498465 808.0
393.96065586108335 808.0
394.2245449561705 812.0
394.4884261597629 814.0
394.75229947137757 816.0
395.01616489053123 829.0
395.28002241674085 807.0
395.5438720495231 803.0
395.80771378839506 813.0
396.0715476328735 808.0
396.33537358247537 809.0
396.5991916367174 805.0
396.86300179511665 801.0
397.12680405718976 806.0
397.39059842245376 792.0
397.65438489042543 798.0
397.91816346062177 821.0
398.18193413255955 817.0
398.4456969057556 801.0
398.7094517797268 806.0
398.97319875399006 802.0
399.2369378280623 812.0
399.50066900146027 795.0
399.764392273701 803.0
400.02810764430114 809.0
400.2918151127777 809.0
400.55551467864757 812.0
400.81920634142756 813.0
401.08289010063453 812.0
401.34656595578537 803.0
401.6102339063969 814.0
401.8738939519861 806.0
402.1375460920697 817.0
402.4011903261647 811.0
402.6648266537879 819.0
402.92845507445617 813.0
403.1920755876863 807.0
403.4556881929953 812.0
403.71929288990003 804.0
403.98288967791734 813.0
404.246478556564 808.0
404.5100595253569 808.0
404.77363258381297 814.0
405.03719773144906 813.0
405.3007549677821 809.0
405.56430429232887 805.0
405.82784570460626 806.0
406.0913792041311 793.0
406.35490479042033 804.0
406.61842246299085 816.0
406.88193222135936 809.0
407.14543406504293 803.0
407.4089279935582 818.0
407.6724140064223 805.0
407.9358921031519 803.0
408.19936228326395 808.0
408.4628245462754 800.0
408.7262788917029 813.0
408.9897253190635 808.0
409.25316382787395 804.0
409.5165944176513 817.0
409.7800170879122 806.0
410.04343183817366 805.0
410.30683866795243 790.0
410.57023757676546 810.0
410.83362856412975 812.0
411.09701162956185 809.0
411.3603867725789 798.0
411.62375399269763 825.0
411.887113289435 809.0
412.1504646623078 807.0
412.4138081108329 806.0
412.6771436345273 809.0
412.94047123290767 807.0
413.20379090549096 800.0
413.46710265179405 804.0
413.7304064713339 816.0
413.9937023636272 809.0
414.25699032819097 810.0
414.52027036454194 809.0
414.78354247219704 801.0
415.0468066506732 817.0
415.31006289948726 815.0
415.5733112181561 839.0
415.83655160619645 814.0
416.0997840631253 838.0
416.3630085884595 828.0
416.62622518171594 816.0
416.8894338424115 809.0
417.152634570063 803.0
417.4158273641873 806.0
417.67901222430123 815.0
417.9421891499217 812.0
418.2053581405658 815.0
418.46851919575005 808.0
418.7316723149915 817.0
418.99481749780693 839.0
419.2579547437133 849.0
419.5210840522274 859.0
419.78420542286625 842.0
420.04731885514644 856.0
420.31042434858506 850.0
420.573521902699 829.0
420.83661151700494 829.0
421.0996931910199 809.0
421.3627669242608 817.0
421.6258327162443 813.0
421.88889056648736 803.0
422.1519404745069 810.0
422.41498243981977 811.0
422.6780164619429 817.0
422.9410425403929 821.0
423.2040606746869 807.0
423.46707086434174 803.0
423.7300731088742 820.0
423.9930674078012 802.0
424.25605376063965 823.0
424.5190321669063 818.0
424.782002626118 809.0
425.0449651377918 811.0
425.30791970144446 801.0
425.57086631659286 825.0
425.83380498275386 829.0
426.0967356994443 834.0
426.3596584661811 824.0
426.6225732824811 830.0
426.88548014786113 820.0
427.14837906183817 831.0
427.411270023929 811.0
427.6741530336505 813.0
427.9370280905195 808.0
428.199895194053 801.0
428.46275434376776 795.0
428.72560553918066 816.0
428.98844877980855 817.0
429.2512840651683 807.0
429.51411139477693 831.0
429.77693076815115 814.0
430.03974218480784 811.0
430.3025456442639 814.0
430.5653411460361 812.0
430.82812868964146 819.0
431.09090827459687 810.0
431.353679900419 812.0
431.61644356662487 815.0
431.87919927273134 809.0
432.1419470182551 811.0
432.40468680271334 804.0
432.66741862562276 795.0
432.93014248650013 822.0
433.1928583848624 819.0
433.45556632022647 822.0
433.7182662921092 809.0
433.9809583000275 813.0
434.24364234349815 824.0
434.506318422038 826.0
434.768986535164 816.0
435.031646682393 802.0
435.2942988632418 787.0
435.55694307722734 811.0
435.81957932386655 810.0
436.08220760267614 816.0
436.34482791317305 796.0
436.6074402548742 813.0
436.8700446272964 807.0
437.1326410299566 799.0
437.3952294623715 805.0
437.65780992405803 816.0
437.9203824145332 809.0
438.1829469333138 800.0
438.4455034799166 810.0
438.7080520538586 825.0
438.9705926546565 801.0
439.23312528182737 794.0
439.49564993488787 802.0
439.7581666133551 804.0
440.0206753167459 810.0
440.28317604457686 820.0
440.5456687963651 793.0
440.8081535716274 807.0
441.07063036988075 813.0
441.3330991906418 787.0
441.5955600334276 797.0
441.858012897755 805.0
442.12045778314075 816.0
442.3828946891018 823.0
442.6453236151551 808.0
442.9077445608174 796.0
443.17015752560553 805.0
443.4325625090365 796.0
443.69495951062703 798.0
443.95734852989415 795.0
444.21972956635454 803.0
444.4821026195253 799.0
444.74446768892307 801.0
445.00682477406485 808.0
445.2691738744674 801.0
445.5315149896478 796.0
445.79384811912274 813.0
446.05617326240906 812.0
446.31849041902376 796.0
446.58079958848356 819.0
446.8431007703055 796.0
447.10539396400634 796.0
447.367679169103 811.0
447.6299563851123 796.0
447.892225611551 803.0
448.15448684793625 799.0
448.4167400937847 811.0
448.67898534861325 801.0
448.9412226119389 819.0
449.2034518832783 818.0
449.46567316214856 804.0
449.72788644806633 810.0
449.99009174054856 816.0
450.2522890391122 810.0
450.514478343274 803.0
450.77665965255085 807.0
451.0388329664597 828.0
451.30099828451733 820.0
451.5631556062406 818.0
451.82530493114655 820.0
452.08744625875175 813.0
452.3495795885734 822.0
452.6117049201281 805.0
452.87382225293277 805.0
453.13593158650446 808.0
453.3980329203598 799.0
453.6601262540158 814.0
453.9222115869893 810.0
454.1842889187971 798.0
454.4463582489562 806.0
454.70841957698343 814.0
454.97047290239556 795.0
455.23251822470957 805.0
455.49455554344223 822.0
455.75658485811044 824.0
456.0186061682312 798.0
456.2806194733211 815.0
456.5426247728973 793.0
456.8046220664765 805.0
457.0666113535756 790.0
457.32859263371154 800.0
457.5905659064011 798.0
457.8525311711611 802.0
458.1144884275086 797.0
458.37643767496024 809.0
458.6383789130331 817.0
458.9003121412439 812.0
459.1622373591095 816.0
459.4241545661469 812.0
459.68606376187284 816.0
459.9479649458043 832.0
460.2098581174581 822.0
460.471743276351 794.0
460.733620422 809.0
460.9954895539219 797.0
461.2573506716337 803.0
461.51920377465206 808.0
461.78104886249406 821.0
462.0428859346764 817.0
462.304714990716 814.0
462.5665360301298 805.0
462.82834905243453 809.0
463.09015405714723 812.0
463.35195104378465 814.0
463.6137400118636 794.0
463.8755209609011 802.0
464.13729389041396 806.0
464.399058799919 812.0
464.6608156889332 808.0
464.92256455697327 820.0
465.18430540355615 806.0
465.4460382281988 800.0
465.707763030418 802.0
465.96947980973056 817.0
466.23118856565344 807.0
466.49288929770347 814.0
466.75458200539765 804.0
467.0162666882526 809.0
467.27794334578533 814.0
467.5396119775127 815.0
467.8012725829516 802.0
468.0629251616188 808.0
468.3245697130314 802.0
468.586206236706 794.0
468.8478347321596 814.0
469.109455198909 818.0
469.3710676364711 806.0
469.6326720443629 812.0
469.89426842210105 811.0
470.1558567692025 815.0
470.4174370851842 822.0
470.6790093695629 814.0
470.94057362185555 825.0
471.20212984157905 804.0
471.4636780282501 814.0
471.72521818138574 808.0
471.9867503005027 803.0
472.248274385118 826.0
472.5097904347484 809.0
472.7712984489108 802.0
473.03279842712203 800.0
473.29429036889906 810.0
473.55577427375863 805.0
473.8172501412177 810.0
474.07871797079315 798.0
474.34017776200176 802.0
474.6016295143605 821.0
474.8630732273861 805.0
475.1245089005955 802.0
475.3859365335057 795.0
475.64735612563334 810.0
475.9087676764954 796.0
476.1701711856088 819.0
476.4315666524903 813.0
476.6929540766569 826.0
476.95433345762535 809.0
477.2157047949125 812.0
477.47706808803537 815.0
477.7384233365106 820.0
477.9997705398553 803.0
478.26110969758616 815.0
478.52244080922014 809.0
478.78376387427414 808.0
479.04507889226494 826.0
479.3063858627094 791.0
479.5676847851245 808.0
479.828975659027 828.0
480.0902584839338 809.0
480.3515332593618 813.0
480.61279998482775 809.0
480.8740586598487 827.0
481.13530928394147 822.0
481.3965518566228 811.0
481.65778637740965 798.0
481.9190128458189 812.0
482.1802312613674 806.0
482.4414416235721 801.0
482.70264393194964 814.0
482.9638381860171 820.0
483.2250243852913 811.0
483.4862025292891 802.0
483.7473726175273 818.0
484.0085346495229 804.0
484.26968862479265 801.0
484.5308345428534 791.0
484.79197240322225 808.0
485.0531022054157 800.0
485.314223948951 805.0
485.57533763334476 821.0
485.8364432581139 813.0
486.0975408227754 801.0
486.35863032684597 807.0
486.61971176984247 806.0
486.880785151282 816.0
487.1418504706812 810.0
487.402907727557 820.0
487.66395692142635 818.0
487.92499805180597 826.0
488.18603111821284 823.0
488.44705612016384 821.0
488.7080730571757 821.0
488.9690819287655 816.0
489.2300827344499 817.0
489.49107547374587 807.0
489.75206014617027 806.0
490.01303675124 817.0
490.27400528847187 824.0
490.53496575738274 813.0
490.79591815748955 812.0
491.05686248830915 809.0
491.31779874935836 826.0
491.57872694015396 817.0
491.8396470602131 818.0
492.1005591090524 812.0
492.3614630861888 806.0
492.6223589911392 806.0
492.88324682342045 809.0
493.14412658254946 805.0
493.40499826804296 812.0
493.66586187941795 817.0
493.92671741619125 806.0
494.18756487787977 820.0
494.44840426400026 800.0
494.70923557406974 808.0
494.97005880760497 821.0
495.23087396412285 817.0
495.4916810431403 815.0
495.7524800441741 808.0
496.01327096674123 803.0
496.27405381035845 812.0
496.53482857454264 814.0
496.79559525881075 804.0
497.05635386267954 806.0
497.31710438566597 817.0
497.57784682728686 808.0
497.8385811870591 812.0
498.0993074644995 803.0
498.360025659125 806.0
498.6207357704524 814.0
498.88143779799873 807.0
499.14213174128065 818.0
499.40281759981514 805.0
499.6634953731191 804.0
499.92416506070924 798.0
500.1848266621026 809.0
500.445480176816 816.0
500.70612560436615 809.0
500.96676294427016 811.0
501.22739219604483 812.0
501.48801335920695 813.0
501.74862643327344 812.0
502.00923141776116 805.0
502.2698283121869 794.0
502.5304171160677 822.0
502.7909978289203 816.0
503.0515704502616 811.0
503.31213497960846 808.0
503.57269141647777 816.0
503.8332397603864 813.0
504.09378001085116 808.0
504.354312167389 817.0
504.6148362295168 802.0
504.8753521967513 811.0
505.1358600686094 807.0
505.3963598446082 801.0
505.6568515242642 807.0
505.9173351070945 815.0
506.17781059261597 803.0
506.4382779803454 792.0
506.69873726979966 805.0
506.95918846049574 803.0
507.2196315519502 809.0
507.4800665436803 808.0
507.74049343520267 811.0
508.00091222603425 809.0
508.261322915692 809.0
508.5217255036924 816.0
508.7821199895529 822.0
509.0425063727899 809.0
509.3028846529204 806.0
509.5632548294615 817.0
509.8236169019296 802.0
510.0839708698421 803.0
510.3443167327155 811.0
510.60465449006676 827.0
510.8649841414127 804.0
511.12530568627034 798.0
511.3856191241566 814.0
511.64592445458794 790.0
511.90622167708165 796.0
512.1665107911545 807.0
512.4267917963232 785.0
512.6870646921047 817.0
512.947329478016 806.0
513.2075861535739 810.0
513.467834718295 812.0
513.7280751716964 805.0
513.9883075132952 813.0
514.248531742608 806.0
514.5087478591515 818.0
514.7689558624429 830.0
515.0291557519989 811.0
515.2893475273365 814.0
515.5495311879723 812.0
515.8097067334235 823.0
516.0698741632067 817.0
516.3300334768389 824.0
516.5901846738369 809.0
516.8503277537177 816.0
517.1104627159981 804.0
517.3705895601947 801.0
517.630708285825 807.0
517.8908188924053 825.0
518.1509213794526 825.0
518.411015746484 819.0
518.6711019930159 826.0
518.9311801185657 811.0
519.19125012265 819.0
519.4513120047856 813.0
519.7113657644896 815.0
519.9714114012784 820.0
520.2314489146695 811.0
520.4914783041794 804.0
520.751499569325 806.0
521.0115127096234 809.0
521.271517724591 808.0
521.5315146137451 806.0
521.7915033766022 794.0
522.0514840126796 812.0
522.3114565214938 814.0
522.5714209025618 806.0
522.8313771554007 823.0
523.0913252795269 821.0
523.3512652744578 804.0
523.6111971397097 818.0
523.8711208747998 809.0
524.1310364792452 808.0
524.390943952562 814.0
524.6508432942679 816.0
524.9107345038794 829.0
525.1706175809132 803.0
525.4304925248866 811.0
525.690359335316 801.0
525.9502180117188 805.0
526.2100685536113 810.0
526.4699109605107 816.0
526.729745231934 814.0
526.9895713673975 818.0
527.2493893664187 801.0
527.5091992285141 814.0
527.7690009532007 809.0
528.0287945399953 806.0
528.2885799884149 810.0
528.5483572979764 804.0
528.8081264681963 806.0
529.0678874985917 805.0
529.3276403886796 795.0
529.5873851379768 803.0
529.8471217460001 813.0
530.1068502122662 801.0
530.3665705362923 799.0
530.6262827175951 813.0
530.8859867556915 798.0
531.1456826500984 808.0
531.4053704003326 808.0
531.6650500059111 812.0
531.9247214663504 805.0
532.1843847811678 813.0
532.4440399498801 797.0
532.7036869720038 796.0
532.9633258470562 813.0
533.222956574554 809.0
533.4825791540142 810.0
533.7421935849534 820.0
534.0017998668885 813.0
534.2613979993366 816.0
534.5209879818145 818.0
534.780569813839 813.0
535.0401434949268 819.0
535.2997090245951 811.0
535.5592664023607 809.0
535.8188156277402 811.0
536.0783567002508 813.0
536.3378896194092 814.0
536.5974143847321 798.0
536.8569309957369 801.0
537.1164394519398 813.0
537.3759397528582 823.0
537.6354318980087 816.0
537.8949158869082 822.0
538.1543917190737 809.0
538.4138593940218 804.0
538.6733189112697 801.0
538.932770270334 811.0
539.1922134707318 808.0
539.4516485119797 807.0
539.7110753935946 806.0
539.9704941150937 821.0
540.2299046759937 812.0
540.4893070758112 802.0
540.7487013140633 810.0
541.008087390267 808.0
541.2674653039389 823.0
541.526835054596 810.0
541.7861966417552 816.0
542.0455500649333 810.0
542.3048953236471 830.0
542.5642324174137 807.0
542.8235613457497 823.0
543.0828821081722 813.0
543.3421947041979 808.0
543.6014991333436 818.0
543.8607953951266 814.0
544.1200834890632 826.0
544.3793634146708 816.0
544.6386351714658 810.0
544.8978987589653 807.0
545.1571541766862 820.0
545.4164014241451 803.0
545.6756405008593 805.0
545.9348714063455 802.0
546.1940941401203 810.0
546.4533087017008 822.0
546.712515090604 809.0
546.9717133063466 811.0
547.2309033484453 814.0
547.4900852164174 837.0
547.7492589097793 830.0
548.0084244280482 817.0
548.2675817707409 802.0
548.526730937374 806.0
548.7858719274648 806.0
549.0450047405299 813.0
549.3041293760863 823.0
549.5632458336507 849.0
549.82235411274 812.0
550.0814542128714 811.0
550.3405461335612 812.0
550.5996298743269 796.0
550.8587054346848 808.0
551.117772814152 807.0
551.3768320122455 808.0
551.6358830284819 813.0
551.8949258623783 808.0
552.1539605134514 816.0
552.4129869812182 814.0
552.6720052651955 790.0
552.9310153649002 793.0
553.1900172798491 805.0
553.4490110095592 822.0
553.7079965535472 812.0
553.9669739113302 821.0
554.2259430824248 817.0
554.484904066348 806.0
554.7438568626167 798.0
555.0028014707476 809.0
555.261737890258 819.0
555.520666120664 809.0
555.7795861614834 829.0
556.0384980122324 820.0
556.2974016724281 818.0
556.5562971415874 816.0
556.8151844192269 812.0
557.0740635048638 823.0
557.3329343980148 820.0
557.5917970981968 824.0
557.8506516049267 816.0
558.1094979177213 822.0
558.3683360360976 813.0
558.6271659595724 817.0
558.8859876876625 816.0
559.1448012198848 811.0
559.4036065557561 816.0
559.6624036947936 818.0
559.9211926365136 825.0
560.1799733804337 819.0
560.43874592607 821.0
560.6975102729399 837.0
560.9562664205602 822.0
561.2150143684473 822.0
561.4737541161188 803.0
561.732485663091 801.0
561.9912090088809 813.0
562.2499241530056 821.0
562.5086310949818 813.0
562.7673298343262 809.0
563.026020370556 804.0
563.2847027031879 811.0
563.5433768317389 807.0
563.8020427557254 818.0
564.0607004746649 820.0
564.3193499880738 825.0
564.5779912954692 820.0
564.8366243963679 807.0
565.0952492902868 814.0
565.3538659767429 818.0
565.6124744552527 814.0
565.8710747253335 805.0
566.1296667865018 817.0
566.3882506382747 813.0
566.6468262801691 817.0
566.9053937117014 810.0
567.1639529323893 795.0
567.4225039417488 806.0
567.6810467392974 796.0
567.9395813245517 805.0
568.1981076970284 802.0
568.4566258562448 809.0
568.7151358017175 803.0
568.9736375329633 820.0
569.2321310494995 818.0
569.4906163508422 812.0
569.749093436509 820.0
570.0075623060163 808.0
570.2660229588813 812.0
570.5244753946206 816.0
570.7829196127512 809.0
571.0413556127901 811.0
571.2997833942537 794.0
571.5582029566596 806.0
571.8166142995238 817.0
572.075017422364 809.0
572.3334123246967 810.0
572.5917990060384 811.0
572.8501774659068 802.0
573.108547703818 817.0
573.3669097192892 806.0
573.6252635118373 802.0
573.8836090809789 809.0
574.1419464262314 793.0
574.400275547111 808.0
574.6585964431351 805.0
574.9169091138205 808.0
575.1752135586836 815.0
575.4335097772419 813.0
575.6917977690118 811.0
575.9500775335105 816.0
576.2083490702545 816.0
576.4666123787609 811.0
576.7248674585469 805.0
576.9831143091286 820.0
577.2413529300236 817.0
577.4995833207483 820.0
577.7578054808198 799.0
578.0160194097549 803.0
578.2742251070703 806.0
578.5324225722832 801.0
578.7906118049101 812.0
579.0487928044681 807.0
579.3069655704743 809.0
579.565130102445 807.0
579.8232863998975 805.0
580.0814344623485 803.0
580.339574289315 805.0
580.5977058803137 806.0
580.8558292348614 813.0
581.1139443524753 795.0
581.3720512326721 811.0
581.6301498749685 817.0
581.8882402788817 804.0
582.146322443928 808.0
582.4043963696251 787.0
582.6624620554893 800.0
582.9205195010375 816.0
583.1785687057866 802.0
583.4366096692537 806.0
583.6946423909554 809.0
583.9526668704085 816.0
584.2106831071303 798.0
584.4686911006373 807.0
584.7266908504463 817.0
584.9846823560746 812.0
585.2426656170385 813.0
585.5006406328554 797.0
585.7586074030418 804.0
586.0165659271148 805.0
586.2745162045912 798.0
586.5324582349878 801.0
586.7903920178214 800.0
587.0483175526091 808.0
587.3062348388676 803.0
587.5641438761138 822.0
587.8220446638645 804.0
588.0799372016369 819.0
588.3378214889474 813.0
588.5956975253132 810.0
588.8535653102509 829.0
589.1114248432776 809.0
589.3692761239103 820.0
589.6271191516653 806.0
589.88495392606 801.0
590.1427804466111 806.0
590.4005987128355 813.0
590.6584087242501 804.0
590.9162104803713 827.0
591.1740039807169 825.0
591.4317892248029 810.0
591.6895662121466 825.0
591.9473349422648 824.0
592.2050954146741 815.0
592.462847628892 822.0
592.7205915844347 803.0
592.9783272808194 832.0
593.236054717563 821.0
593.493773894182 809.0
593.7514848101939 810.0
594.009187465115 803.0
594.2668818584625 820.0
594.5245679897531 825.0
594.7822458585038 818.0
595.0399154642313 837.0
595.2975768064524 815.0
595.5552298846843 810.0
595.8128746984438 816.0
596.0705112472474 828.0
596.3281395306126 803.0
596.5857595480555 820.0
596.8433712990935 812.0
597.1009747832434 802.0
597.3585700000219 817.0
597.6161569489462 797.0
597.8737356295327 803.0
598.1313060412986 817.0
598.3888681837607 802.0
598.6464220564358 812.0
598.9039676588409 810.0
599.1615049904925 804.0
599.4190340509081 802.0
599.676554839604 830.0
599.9340673560972 829.0
600.1915715999048 809.0
600.4490675705435 810.0
600.7065552675302 802.0
600.9640346903817 828.0
601.221505838615 805.0
601.4789687117469 830.0
601.7364233092942 813.0
601.9938696307739 813.0
602.2513076757026 815.0
602.5087374435976 826.0
602.7661589339755 846.0
603.023572146353 863.0
603.2809770802475 854.0
603.5383737351752 850.0
603.7957621106534 838.0
604.053142206199 828.0
604.3105140213286 831.0
604.5678775555593 829.0
604.8252328084078 808.0
605.0825797793912 804.0
605.3399184680261 823.0
605.5972488738295 823.0
605.8545709963181 818.0
606.111884835009 822.0
606.3691903894193 811.0
606.6264876590651 817.0
606.883776643464 801.0
607.1410573421324 808.0
607.3983297545875 806.0
607.6555938803461 818.0
607.9128497189247 809.0
608.1700972698408 814.0
608.4273365326108 836.0
608.6845675067516 802.0
608.9417901917803 813.0
609.1990045872135 817.0
609.4562106925683 820.0
609.7134085073615 818.0
609.9705980311098 812.0
610.2277792633305 821.0
610.4849522035397 810.0
610.7421168512552 826.0
610.9992732059933 834.0
611.2564212672709 811.0
611.5135610346049 826.0
611.7706925075122 803.0
612.0278156855098 826.0
612.2849305681145 829.0
612.542037154843 808.0
612.7991354452124 812.0
613.0562254387393 813.0
613.3133071349409 815.0
613.5703805333337 817.0
613.8274456334349 813.0
614.0845024347612 794.0
614.3415509368294 809.0
614.5985911391567 817.0
614.8556230412595 813.0
615.1126466426551 805.0
615.36966194286 816.0
615.6266689413914 822.0
615.8836676377659 817.0
616.1406580315004 805.0
616.3976401221121 808.0
616.6546139091173 820.0
616.9115793920333 816.0
617.1685365703769 836.0
617.4254854436648 820.0
617.6824260114142 806.0
617.9393582731417 806.0
618.196282228364 806.0
618.4531978765983 805.0
618.7101052173614 805.0
618.9670042501702 808.0
619.2238949745413 796.0
619.4807773899919 814.0
619.7376514960388 807.0
619.9945172921986 816.0
620.2513747779885 805.0
620.508223952925 815.0
620.7650648165256 828.0
621.0218973683066 815.0
621.2787216077849 819.0
621.5355375344776 831.0
621.7923451479013 813.0
622.0491444475734 804.0
622.3059354330103 813.0
622.5627181037288 804.0
622.8194924592461 804.0
623.0762584990788 802.0
623.333016222744 802.0
623.5897656297584 809.0
623.8465067196389 800.0
624.1032394919024 813.0
624.3599639460657 822.0
624.6166800816459 815.0
624.8733878981594 818.0
625.1300873951237 798.0
625.3867785720552 800.0
625.6434614284708 804.0
625.9001359638876 818.0
626.1568021778221 804.0
626.4134600697917 793.0
626.6701096393127 797.0
626.9267508859024 812.0
627.1833838090776 801.0
627.4400084083547 802.0
627.6966246832512 789.0
627.9532326332837 818.0
628.2098322579691 815.0
628.4664235568243 809.0
628.723006529366 812.0
628.9795811751112 804.0
629.2361474935768 807.0
629.4927054842794 818.0
629.7492551467363 818.0
630.0057964804641 816.0
630.2623294849799 814.0
630.5188541598001 811.0
630.775370504442 818.0
631.0318785184223 824.0
631.2883782012578 817.0
631.5448695524658 811.0
631.8013525715625 816.0
632.0578272580652 806.0
632.3142936114906 809.0
632.5707516313557 785.0
632.8272013171775 806.0
633.0836426684723 809.0
633.3400756847575 808.0
633.5965003655499 813.0
633.8529167103661 796.0
634.1093247187234 800.0
634.3657243901381 814.0
634.6221157241276 787.0
634.8784987202085 807.0
635.1348733778977 819.0
635.3912396967121 817.0
635.6475976761684 813.0
635.9039473157839 828.0
636.1602886150749 806.0
636.4166215735588 804.0
636.6729461907521 811.0
636.9292624661718 805.0
637.1855703993349 810.0
637.4418699897578 811.0
637.6981612369581 798.0
637.9544441404521 811.0
638.2107186997567 816.0
638.4669849143892 806.0
638.7232427838659 808.0
638.979492307704 815.0
639.2357334854204 806.0
639.4919663165317 812.0
639.7481908005552 810.0
640.0044069370073 820.0
640.2606147254052 807.0
640.5168141652655 808.0
640.7730052561054 807.0
641.0291879974413 810.0
641.2853623887906 825.0
641.5415284296699 827.0
641.797686119596 830.0
642.0538354580859 825.0
642.3099764446565 829.0
642.5661090788245 809.0
642.8222333601069 813.0
643.0783492880205 820.0
643.3344568620822 808.0
643.5905560818089 800.0
643.8466469467173 812.0
644.1027294563247 809.0
644.3588036101473 816.0
644.6148694077026 808.0
644.8709268485071 809.0
645.1269759320778 804.0
645.3830166579316 795.0
645.6390490255851 799.0
645.8950730345556 809.0
646.1510886843597 803.0
646.4070959745143 816.0
646.6630949045363 817.0
646.9190854739425 796.0
647.17506768225 805.0
647.4310415289752 800.0
647.6870070136354 808.0
647.9429641357473 813.0
648.1989128948277 813.0
648.4548532903938 802.0
648.7107853219619 801.0
648.9667089890495 798.0
649.222624291173 806.0
649.4785312278494 808.0
649.7344297985958 809.0
649.9903200029287 814.0
650.2462018403652 800.0
650.502075310422 800.0
650.7579404126162 811.0
651.0137971464646 801.0
651.2696455114838 813.0
651.525485507191 809.0
651.7813171331029 803.0
652.0371403887364 808.0
652.2929552736086 797.0
652.5487617872358 801.0
652.8045599291355 814.0
653.0603496988242 807.0
653.3161310958188 815.0
653.5719041196362 816.0
653.8276687697933 819.0
654.0834250458071 806.0
654.3391729471941 812.0
654.5949124734717 800.0
654.8506436241562 808.0
655.1063663987647 816.0
655.3620807968144 791.0
655.6177868178215 813.0
655.8734844613035 810.0
656.129173726777 806.0
656.3848546137588 799.0
656.6405271217659 808.0
656.8961912503149 815.0
657.1518469989231 798.0
657.4074943671071 812.0
657.6631333543837 803.0
657.9187639602701 804.0
658.1743861842826 805.0
658.4300000259387 800.0
658.6856054847549 814.0
658.9412025602483 801.0
659.1967912519353 812.0
659.4523715593333 821.0
659.707943481959 806.0
659.9635070193291 814.0
660.2190621709606 822.0
660.4746089363705 817.0
660.7301473150753 813.0
660.9856773065924 814.0
661.2411989104381 806.0
661.4967121261298 808.0
661.7522169531838 802.0
662.0077133911174 826.0
662.2632014394475 815.0
662.5186810976904 801.0
662.7741523653638 819.0
663.029615241984 803.0
663.2850697270679 803.0
663.5405158201327 802.0
663.7959535206948 807.0
664.0513828282715 799.0
664.3068037423793 804.0
664.5622162625355 816.0
664.8176203882564 823.0
665.0730161190594 811.0
665.3284034544613 802.0
665.5837823939785 807.0
665.8391529371283 807.0
666.0945150834276 818.0
666.349868832393 812.0
666.6052141835415 808.0
666.8605511363899 813.0
667.1158796904554 814.0
667.3711998452544 808.0
667.626511600304 821.0
667.8818149551211 818.0
668.1371099092223 827.0
668.3923964621249 812.0
668.6476746133454 810.0
668.9029443624008 790.0
669.1582057088083 800.0
669.4134586520839 810.0
669.6687031917455 798.0
669.9239393273093 826.0
670.1791670582923 813.0
670.4343863842114 801.0
670.6895973045835 824.0
670.9447998189256 820.0
671.1999939267544 810.0
671.4551796275866 798.0
671.7103569209394 813.0
671.9655258063294 822.0
672.220686283274 808.0
672.475838351289 814.0
672.7309820098925 812.0
672.9861172586005 822.0
673.2412440969302 818.0
673.4963625243987 808.0
673.7514725405223 823.0
674.0065741448183 804.0
674.2616673368035 835.0
674.5167521159946 825.0
674.7718284819086 827.0
675.0268964340622 855.0
675.2819559719727 866.0
675.5370070951565 851.0
675.7920498031307 840.0
676.0470840954122 819.0
676.3021099715176 804.0
676.5571274309642 814.0
676.8121364732684 812.0
677.0671370979474 809.0
677.3221293045178 828.0
677.5771130924968 808.0
677.8320884614011 821.0
678.0870554107474 820.0
678.3420139400529 809.0
678.5969640488343 802.0
678.8519057366083 813.0
679.1068390028922 822.0
679.3617638472023 808.0
679.616680269056 823.0
679.8715882679699 811.0
680.1264878434607 798.0
680.3813789950458 810.0
680.6362617222414 817.0
680.8911360245651 813.0
681.146001901533 799.0
681.4008593526627 810.0
681.6557083774705 806.0
681.9105489754734 801.0
682.1653811461886 811.0
682.4202048891326 808.0
682.6750202038223 813.0
682.9298270897748 824.0
683.1846255465068 805.0
683.4394155735351 810.0
683.6941971703767 807.0
683.9489703365485 813.0
684.2037350715673 806.0
684.4584913749499 816.0
684.7132392462133 817.0
684.9679786848742 816.0
685.2227096904496 820.0
685.4774322624564 809.0
685.7321464004115 812.0
685.9868521038316 821.0
686.2415493722334 826.0
686.4962382051343 814.0
686.7509186020508 834.0
687.0055905624997 856.0
687.2602540859983 861.0
687.514909172063 837.0
687.7695558202109 818.0
688.0241940299587 816.0
688.2788238008236 821.0
688.5334451323221 817.0
688.7880580239712 810.0
689.042662475288 804.0
689.2972584857889 808.0
689.5518460549912 810.0
689.8064251824115 806.0
690.0609958675668 822.0
690.3155581099742 813.0
690.5701119091498 818.0
690.8246572646113 809.0
691.0791941758752 815.0
691.3337226424583 810.0
691.5882426638777 805.0
691.84275423965 800.0
692.0972573692924 811.0
692.3517520523214 804.0
692.6062382882542 804.0
692.8607160766074 799.0
693.1151854168979 809.0
693.3696463086428 806.0
693.6240987513587 835.0
693.8785427445628 828.0
694.1329782877717 826.0
694.3874053805022 815.0
694.6418240222713 809.0
694.8962342125958 808.0
695.1506359509929 816.0
695.405029236979 825.0
695.6594140700711 830.0
695.9137904497863 884.0
696.168158375641 925.0
696.4225178471527 1020.0
696.676868863838 990.0
696.9312114252134 962.0
697.1855455307963 883.0
697.4398711801031 841.0
697.6941883726512 826.0
697.9484971079568 828.0
698.2027973855375 827.0
698.4570892049098 836.0
698.7113725655903 801.0
698.9656474670965 800.0
699.2199139089445 825.0
699.4741718906519 821.0
699.7284214117353 810.0
699.9826624717113 797.0
700.2368950700971 820.0
700.4911192064093 817.0
700.7453348801653 806.0
700.9995420908814 818.0
701.2537408380745 828.0
701.5079311212619 818.0
701.7621129399598 805.0
702.016286293686 817.0
702.2704511819566 809.0
702.5246076042886 845.0
702.778755560199 833.0
703.0328950492045 837.0
703.2870260708224 818.0
703.5411486245691 832.0
703.7952627099618 815.0
704.0493683265172 818.0
704.3034654737519 805.0
704.5575541511835 813.0
704.8116343583279 820.0
705.0657060947029 816.0
705.3197693598249 813.0
705.5738241532106 811.0
705.8278704743772 828.0
706.0819083228414 857.0
706.3359376981203 906.0
706.5899585997306 985.0
706.8439710271889 968.0
707.0979749800126 931.0
707.3519704577179 889.0
707.6059574598225 846.0
707.8599359858429 824.0
708.1139060352955 832.0
708.3678676076978 810.0
708.6218207025663 819.0
708.8757653194182 827.0
709.12970145777 801.0
709.3836291171389 804.0
709.6375482970416 807.0
709.8914589969946 806.0
710.1453612165157 817.0
710.3992549551208 817.0
710.6531402123275 820.0
710.9070169876522 809.0
711.1608852806118 817.0
711.4147450907236 824.0
711.6685964175037 809.0
711.9224392604699 816.0
712.1762736191384 809.0
712.4300994930262 810.0
712.6839168816504 801.0
712.9377257845274 807.0
713.1915262011746 812.0
713.4453181311087 812.0
713.6991015738463 817.0
713.9528765289045 809.0
714.2066429958 807.0
714.4604009740502 817.0
714.7141504631712 847.0
714.9678914626805 826.0
715.2216239720948 836.0
715.4753479909306 828.0
715.7290635187052 824.0
715.982770554935 823.0
716.2364690991376 814.0
716.4901591508293 813.0
716.743840709527 809.0
716.9975137747479 804.0
717.2511783460084 817.0
717.5048344228259 804.0
717.7584820047169 810.0
718.0121210911982 810.0
718.2657516817872 803.0
718.519373776 812.0
718.772987373354 810.0
719.026592473366 818.0
719.2801890755527 813.0
719.5337771794311 814.0
719.7873567845179 817.0
720.0409278903304 807.0
720.294490496385 811.0
720.5480446021987 838.0
720.8015902072887 819.0
721.0551273111711 824.0
721.3086559133636 810.0
721.5621760133826 800.0
721.815687610745 805.0
722.0691907049679 805.0
722.3226852955679 821.0
722.5761713820622 812.0
722.8296489639672 794.0
723.0831180408002 801.0
723.3365786120778 806.0
723.5900306773169 807.0
723.8434742360346 830.0
724.0969092877473 817.0
724.3503358319725 809.0
724.6037538682267 796.0
724.8571633960265 808.0
725.1105644148894 822.0
725.3639569243315 813.0
725.6173409238706 796.0
725.8707164130229 813.0
726.1240833913054 820.0
726.3774418582351 818.0
726.6307918133285 834.0
726.8841332561029 849.0
727.137466186075 865.0
727.3907906027619 852.0
727.6441065056802 855.0
727.8974138943464 851.0
728.1507127682783 824.0
728.4040031269918 832.0
728.6572849700045 810.0
728.9105582968331 797.0
729.1638231069941 811.0
729.4170794000048 805.0
729.6703271753817 811.0
729.923566432642 809.0
730.1767971713025 820.0
730.4300193908798 811.0
730.6832330908911 803.0
730.936438270853 820.0
731.1896349302828 831.0
731.442823068697 831.0
731.6960026856123 817.0
731.949173780546 817.0
732.2023363530145 809.0
732.4554904025351 816.0
732.7086359286245 810.0
732.9617729307997 824.0
733.2149014085775 814.0
733.4680213614745 804.0
733.7211327890079 809.0
733.9742356906943 807.0
734.2273300660511 816.0
734.4804159145946 830.0
734.7334932358416 834.0
734.9865620293094 833.0
735.2396222945147 827.0
735.4926740309744 828.0
735.7457172382054 829.0
735.9987519157243 821.0
736.2517780630484 824.0
736.504795679694 823.0
736.7578047651785 845.0
737.0108053190187 873.0
737.2637973407312 882.0
737.516780829833 890.0
737.769755785841 918.0
738.0227222082721 1022.0
738.2756800966428 1135.0
738.5286294504706 1064.0
738.781570269272 1012.0
739.0345025525638 923.0
739.2874262998632 865.0
739.5403415106866 845.0
739.7932481845512 831.0
740.046146320974 823.0
740.2990359194714 825.0
740.5519169795606 800.0
740.8047895007583 802.0
741.0576534825816 817.0
741.3105089245472 824.0
741.563355826172 818.0
741.8161941869729 808.0
742.0690240064664 828.0
742.3218452841702 806.0
742.5746580196005 810.0
742.8274622122741 820.0
743.0802578617083 811.0
743.3330449674197 830.0
743.5858235289254 830.0
743.8385935457418 817.0
744.0913550173865 812.0
744.3441079433758 820.0
744.5968523232264 813.0
744.8495881564559 810.0
745.1023154425804 808.0
745.3550341811174 811.0
745.6077443715835 809.0
745.8604460134952 812.0
746.1131391063701 820.0
746.3658236497243 814.0
746.6184996430754 820.0
746.87116708594 799.0
747.1238259778346 814.0
747.3764763182764 830.0
747.6291181067822 814.0
747.8817513428692 829.0
748.1343760260539 827.0
748.3869921558529 826.0
748.6395997317837 830.0
748.8921987533628 832.0
749.1447892201071 841.0
749.3973711315336 845.0
749.6499444871589 929.0
749.9025092865003 1164.0
750.1550655290741 1489.0
750.4076132143978 1465.0
750.6601523419877 1413.0
750.912682911361 1346.0
751.1652049220347 1304.0
751.4177183735251 1320.0
751.6702232653497 1166.0
751.9227195970248 1105.0
752.1752073680677 955.0
752.4276865779954 898.0
752.680157226324 861.0
752.9326193125712 854.0
753.1850728362533 834.0
753.4375177968876 822.0
753.6899541939908 829.0
753.9423820270795 829.0
754.194801295671 813.0
754.4472119992819 821.0
754.6996141374291 804.0
754.9520077096296 816.0
755.2043927154 819.0
755.4567691542577 827.0
755.7091370257187 798.0
755.9614963293008 796.0
756.2138470645202 810.0
756.4661892308942 828.0
756.7185228279395 814.0
756.9708478551728 822.0
757.2231643121112 813.0
757.4754721982714 809.0
757.7277715131704 810.0
757.9800622563251 813.0
758.2323444272521 810.0
758.4846180254688 822.0
758.7368830504913 820.0
758.9891395018373 821.0
759.2413873790232 817.0
759.4936266815657 810.0
759.7458574089821 804.0
759.9980795607888 817.0
760.2502931365033 815.0
760.502498135642 820.0
760.7546945577217 826.0
761.0068824022595 817.0
761.2590616687722 825.0
761.5112323567769 826.0
761.7633944657899 817.0
762.0155479953288 832.0
762.26769294491 838.0
762.5198293140501 864.0
762.7719571022666 939.0
763.024076309076 1214.0
763.2761869339953 1610.0
763.5282889765415 1573.0
763.780382436231 1484.0
764.032467312581 1338.0
764.2845436051083 1048.0
764.53661131333 923.0
764.7886704367629 880.0
765.0407209749233 841.0
765.2927629273288 826.0
765.5447962934958 820.0
765.7968210729414 825.0
766.0488372651824 826.0
766.3008448697357 807.0
766.5528438861181 813.0
766.8048343138464 809.0
767.0568161524378 822.0
767.3087894014087 816.0
767.5607540602764 818.0
767.8127101285577 807.0
768.0646576057691 828.0
768.3165964914278 809.0
768.5685267850505 816.0
768.8204484861544 796.0
769.0723615942561 803.0
769.3242661088722 802.0
769.5761620295201 826.0
769.8280493557162 816.0
770.0799280869778 826.0
770.3317982228216 806.0
770.5836597627642 818.0
770.835512706323 819.0
771.0873570530143 828.0
771.3391928023555 843.0
771.591019953863 858.0
771.8428385070538 930.0
772.094648461445 1111.0
772.3464498165532 1121.0
772.5982425718955 1050.0
772.8500267269885 1025.0
773.1018022813494 920.0
773.3535692344948 848.0
773.6053275859415 837.0
773.8570773352067 808.0
774.108818481807 817.0
774.3605510252594 820.0
774.6122749650807 820.0
774.8639903007878 814.0
775.1156970318975 812.0
775.3673951579267 801.0
775.6190846783925 811.0
775.8707655928115 824.0
776.1224379007004 813.0
776.3741016015766 820.0
776.6257566949563 804.0
776.8774031803571 811.0
777.1290410572955 812.0
777.3806703252881 823.0
777.6322909838522 819.0
777.8839030325043 801.0
778.1355064707618 805.0
778.3871012981411 808.0
778.6386875141592 817.0
778.890265118333 813.0
779.1418341101793 797.0
779.3933944892151 798.0
779.6449462549571 792.0
779.8964894069222 802.0
780.1480239446275 811.0
780.3995498675895 811.0
780.6510671753255 817.0
780.9025758673517 809.0
781.1540759431858 807.0
781.4055674023442 817.0
781.6570502443437 816.0
781.9085244687013 816.0
782.159990074934 820.0
782.4114470625585 807.0
782.6628954310918 818.0
782.9143351800503 830.0
783.1657663089516 824.0
783.4171888173119 824.0
783.6686027046486 808.0
783.9200079704783 810.0
784.1714046143178 812.0
784.4227926356843 801.0
784.6741720340941 792.0
784.9255428090647 802.0
785.1769049601126 801.0
785.4282584867548 808.0
785.6796033885082 811.0
785.9309396648893 809.0
786.1822673154155 817.0
786.4335863396033 825.0
786.6848967369698 824.0
786.9361985070317 803.0
787.1874916493058 814.0
787.4387761633094 814.0
787.6900520485588 795.0
787.9413193045713 801.0
788.1925779308636 809.0
788.4438279269523 802.0
788.6950692923548 801.0
788.9463020265875 811.0
789.1975261291677 817.0
789.448741599612 806.0
789.6999484374371 800.0
789.9511466421604 811.0
790.2023362132982 820.0
790.4535171503677 802.0
790.7046894528855 796.0
790.9558531203689 822.0
791.2070081523347 806.0
791.458154548299 817.0
791.7092923077797 811.0
791.9604214302931 802.0
792.2115419153562 818.0
792.462653762486 805.0
792.7137569711989 811.0
792.9648515410123 811.0
793.2159374714428 812.0
793.4670147620074 813.0
793.718083412223 807.0
793.9691434216061 827.0
794.220194789674 890.0
794.4712375159432 1042.0
794.722271599931 1093.0
794.9732970411541 1019.0
795.2243138391292 1015.0
795.4753219933733 926.0
795.7263215034031 847.0
795.9773123687357 839.0
796.2282945888878 812.0
796.4792681633767 803.0
796.7302330917187 833.0
796.9811893734307 819.0
797.23213700803 806.0
797.483075995033 809.0
797.7340063339569 809.0
797.9849280243186 802.0
798.2358410656345 812.0
798.4867454574222 808.0
798.7376411991978 813.0
798.9885282904788 813.0
799.2394067307818 811.0
799.4902765196234 838.0
799.741137656521 840.0
799.9919901409909 880.0
800.2428339725506 1032.0
800.4936691507165 1113.0
800.7444956750055 1062.0
800.9953135449347 1180.0
801.2461227600207 1244.0
801.4969233197808 1098.0
801.7477152237312 1037.0
801.9984984713894 982.0
802.2492730622722 889.0
802.5000389958959 844.0
802.7507962717781 830.0
803.0015448894349 842.0
803.252284848384 817.0
803.5030161481417 825.0
803.7537387882248 814.0
804.0044527681507 824.0
804.2551580874358 812.0
804.5058547455972 825.0
804.7565427421519 830.0
805.0072220766161 812.0
805.2578927485075 811.0
805.5085547573423 812.0
805.7592081026379 807.0
806.009852783911 815.0
806.2604888006782 799.0
806.5111161524568 823.0
806.7617348387631 819.0
807.0123448591147 813.0
807.2629462130279 815.0
807.5135389000196 828.0
807.7641229196071 814.0
808.0146982713067 812.0
808.2652649546358 818.0
808.5158229691108 824.0
808.7663723142489 825.0
809.016912989567 848.0
809.2674449945815 855.0
809.5179683288098 881.0
809.7684829917686 970.0
810.0189889829746 1198.0
810.269486301945 1264.0
810.5199749481961 1242.0
810.7704549212456 1435.0
811.0209262206095 1924.0
811.2713888458052 3205.0
811.5218427963496 2816.0
811.7722880717591 2662.0
812.022724671551 2376.0
812.2731525952421 1560.0
812.5235718423493 1188.0
812.7739824123893 1024.0
813.0243843048788 945.0
813.2747775193352 881.0
813.5251620552749 873.0
813.7755379122152 857.0
814.0259050896724 859.0
814.276263587164 842.0
814.5266134042064 828.0
814.7769545403165 833.0
815.0272869950115 810.0
815.2776107678079 805.0
815.5279258582229 825.0
815.7782322657732 813.0
816.0285299899754 809.0
816.2788190303468 826.0
816.529099386404 813.0
816.7793710576641 810.0
817.0296340436439 805.0
817.2798883438601 819.0
817.5301339578298 820.0
817.7803708850694 818.0
818.0305991250964 812.0
818.2808186774273 823.0
818.531029541579 816.0
818.7812317170685 822.0
819.0314252034124 816.0
819.281610000128 809.0
819.5317861067317 809.0
819.7819535227408 829.0
820.0321122476719 804.0
820.2822622810417 833.0
820.5324036223675 814.0
820.7825362711658 804.0
821.0326602269538 816.0
821.2827754892483 812.0
821.5328820575656 815.0
821.7829799314234 810.0
822.033069110338 813.0
822.2831495938267 811.0
822.5332213814061 805.0
822.7832844725929 806.0
823.0333388669044 800.0
823.283384563857 801.0
823.533421562968 806.0
823.7834498637541 803.0
824.033469465732 812.0
824.2834803684189 829.0
824.5334825713311 818.0
824.7834760739862 806.0
825.0334608759005 816.0
825.2834369765912 813.0
825.5334043755751 825.0
825.7833630723688 844.0
826.0333130664897 934.0
826.2832543574541 972.0
826.5331869447793 946.0
826.783110827982 954.0
827.0330260065789 910.0
827.2829324800872 846.0
827.5328302480233 822.0
827.7827193099047 821.0
828.032599665248 822.0
828.2824713135695 818.0
828.532334254387 812.0
828.7821884872168 830.0
829.0320340115759 812.0
829.2818708269813 805.0
829.5316989329494 801.0
829.7815183289979 796.0
830.0313290146428 796.0
830.2811309894015 806.0
830.5309242527906 819.0
830.7807088043272 806.0
831.0304846435281 809.0
831.2802517699099 817.0
831.5300101829899 799.0
831.7797598822846 802.0
832.0295008673112 805.0
832.2792331375864 829.0
832.5289566926268 807.0
832.7786715319497 786.0
833.0283776550717 808.0
833.27807506151 808.0
833.5277637507811 806.0
833.7774437224018 802.0
834.0271149758895 820.0
834.2767775107606 798.0
834.526431326532 811.0
834.7760764227208 809.0
835.0257127988438 798.0
835.2753404544177 809.0
835.5249593889594 818.0
835.774569601986 804.0
836.0241710930143 818.0
836.2737638615607 822.0
836.5233479071428 810.0
836.7729232292768 820.0
837.0224898274802 797.0
837.2720477012693 816.0
837.5215968501614 816.0
837.7711372736733 812.0
838.0206689713215 800.0
838.2701919426232 817.0
838.5197061870952 821.0
838.7692117042545 810.0
839.0187084936177 798.0
839.2681965547017 817.0
839.5176758870236 818.0
839.7671464901001 836.0
840.0166083634483 848.0
840.2660615065847 903.0
840.5155059190262 1062.0
840.7649416002901 1051.0
841.0143685498927 1021.0
841.2637867673512 1044.0
841.5131962521828 957.0
841.7625970039035 919.0
842.0119890220308 1148.0
842.2613723060813 1383.0
842.5107468555723 1227.0
842.76011267002 1262.0
843.0094697489418 1166.0
843.2588180918546 949.0
843.5081576982747 891.0
843.7574885677194 851.0
844.0068106997054 841.0
844.25612409375 827.0
844.5054287493696 804.0
844.754724666081 819.0
845.0040118434015 802.0
845.2532902808475 805.0
845.5025599779364 809.0
845.7518209341847 813.0
846.0010731491091 815.0
846.2503166222269 804.0
846.4995513530547 811.0
846.7487773411094 808.0
846.9979945859081 801.0
847.2472030869674 801.0
847.4964028438043 817.0
847.7455938559353 808.0
847.994776122878 806.0
848.2439496441485 796.0
848.4931144192642 813.0
848.7422704477419 814.0
848.9914177290981 798.0
849.2405562628502 801.0
849.4896860485144 809.0
849.7388070856083 809.0
849.9879193736485 817.0
850.2370229121515 809.0
850.4861177006346 809.0
850.7352037386146 806.0
850.9842810256082 818.0
851.2333495611326 829.0
851.482409344704 840.0
851.7314603758401 935.0
851.9805026540571 981.0
852.2295361788724 917.0
852.4785609498026 947.0
852.7275769663643 907.0
852.9765842280748 833.0
853.2255827344507 812.0
853.4745724850093 813.0
853.7235534792667 818.0
853.9725257167406 812.0
854.2214891969475 805.0
854.4704439194039 813.0
854.7193898836274 809.0
854.9683270891342 813.0
855.2172555354416 814.0
855.4661752220665 818.0
855.7150861485252 812.0
855.9639883143353 793.0
856.212881719013 811.0
856.4617663620759 807.0
856.7106422430403 806.0
856.9595093614231 813.0
857.2083677167415 832.0
857.4572173085119 810.0
857.7060581362517 807.0
857.9548901994776 796.0
858.2037134977061 818.0
858.4525280304546 811.0
858.7013337972394 802.0
858.950130797578 793.0
859.1989190309868 797.0
859.4476984969828 814.0
859.696469195083 797.0
859.9452311248039 805.0
860.1939842856627 811.0
860.4427286771763 810.0
860.6914642988615 793.0
860.9401911502351 807.0
861.1889092308139 793.0
861.437618540115 815.0
861.686319077655 812.0
861.935010842951 808.0
862.1836938355198 806.0
862.432368054878 799.0
862.6810335005429 811.0
862.9296901720311 810.0
863.1783380688596 796.0
863.4269771905452 792.0
863.6756075366046 791.0
863.9242291065551 807.0
864.1728418999131 797.0
864.4214459161959 788.0
864.6700411549201 786.0
864.9186276156024 797.0
865.1672052977602 798.0
865.4157742009098 797.0
865.6643343245685 807.0
865.9128856682528 805.0
866.1614282314799 811.0
866.4099620137665 812.0
866.6584870146295 837.0
866.9070032335858 805.0
867.155510670152 799.0
867.4040093238455 814.0
867.6524991941827 812.0
867.9009802806806 809.0
868.1494525828563 828.0
868.3979161002262 815.0
868.6463708323078 821.0
868.8948167786174 811.0
869.1432539386718 807.0
869.3916823119887 805.0
869.6401018980839 808.0
869.8885126964751 808.0
870.1369147066789 791.0
870.3853079282118 796.0
870.6336923605911 807.0
870.8820680033335 800.0
871.1304348559562 797.0
871.3787929179755 801.0
871.6271421889087 806.0
871.8754826682726 804.0
872.1238143555837 810.0
872.3721372503595 793.0
872.6204513521162 791.0
872.8687566603713 805.0
873.1170531746413 795.0
873.365340894443 796.0
873.6136198192935 796.0
873.8618899487094 788.0
874.110151282208 812.0
874.3584038193057 817.0
874.6066475595196 807.0
874.8548825023668 801.0
875.1031086473636 800.0
875.3513259940273 803.0
875.5995345418747 801.0
875.8477342904224 808.0
876.0959252391877 806.0
876.3441073876871 815.0
876.5922807354377 805.0
876.8404452819562 806.0
877.0886010267599 810.0
877.3367479693651 802.0
877.5848861092887 811.0
877.8330154460481 793.0
878.0811359791594 796.0
878.3292477081402 820.0
878.5773506325071 811.0
878.8254447517768 824.0
879.0735300654665 812.0
879.3216065730924 808.0
879.5696742741723 810.0
879.8177331682225 795.0
880.0657832547598 816.0
880.3138245333014 809.0
880.5618570033639 817.0
880.8098806644645 808.0
881.0578955161196 793.0
881.3059015578464 816.0
881.5538987891618 809.0
881.8018872095822 812.0
882.0498668186252 797.0
882.297837615807 793.0
882.5457996006451 816.0
882.7937527726558 805.0
883.041697131356 798.0
883.2896326762632 797.0
883.5375594068934 798.0
883.7854773227642 805.0
884.0333864233922 798.0
884.2812867082938 812.0
884.5291781769868 821.0
884.7770608289871 809.0
885.0249346638125 804.0
885.2727996809792 802.0
885.5206558800041 806.0
885.7685032604046 816.0
886.0163418216969 807.0
886.2641715633982 800.0
886.5119924850256 816.0
886.7598045860955 814.0
887.007607866125 813.0
887.2554023246308 800.0
887.5031879611303 811.0
887.7509647751398 815.0
887.9987327661763 805.0
888.2464919337567 795.0
888.4942422773979 798.0
888.7419837966169 798.0
888.9897164909302 811.0
889.2374403598551 816.0
889.4851554029083 807.0
889.7328616196063 813.0
889.9805590094667 796.0
890.2282475720056 804.0
890.4759273067405 795.0
890.7235982131879 808.0
890.9712602908646 798.0
891.218913539288 821.0
891.4665579579743 810.0
891.7141935464408 802.0
891.9618203042044 803.0
892.2094382307815 799.0
892.4570473256895 796.0
892.7046475884449 800.0
892.9522390185649 797.0
893.1998216155661 804.0
893.4473953789653 808.0
893.6949603082797 789.0
893.9425164030258 808.0
894.1900636627211 795.0
894.4376020868815 795.0
894.6851316750246 803.0
894.9326524266672 805.0
895.1801643413257 804.0
895.4276674185177 802.0
895.6751616577593 800.0
895.922647058568 800.0
896.1701236204603 798.0
896.4175913429531 795.0
896.6650502255636 802.0
896.912500267808 804.0
897.159941469204 809.0
897.4073738292678 804.0
897.6547973475165 806.0
897.9022120234671 801.0
898.1496178566362 805.0
898.3970148465409 793.0
898.644402992698 804.0
898.8917822946241 796.0
899.1391527518367 802.0
899.386514363852 795.0
899.6338671301874 802.0
899.8812110503592 794.0
900.1285461238849 804.0
900.375872350281 808.0
900.6231897290643 797.0
900.8704982597519 807.0
901.1177979418604 814.0
901.3650887749071 806.0
901.6123707584086 808.0
901.8596438918815 794.0
902.106908174843 791.0
902.35416360681 797.0
902.6014101872993 801.0
902.8486479158278 801.0
903.095876791912 804.0
903.3430968150694 807.0
903.5903079848164 798.0
903.83751030067 808.0
904.0847037621473 799.0
904.3318883687646 812.0
904.5790641200394 795.0
904.826231015488 801.0
905.0733890546279 809.0
905.3205382369753 802.0
905.5676785620476 801.0
905.8148100293615 805.0
906.0619326384336 811.0
906.3090463887813 802.0
906.5561512799208 801.0
906.8032473113697 805.0
907.0503344826443 805.0
907.2974127932616 787.0
907.5444822427387 804.0
907.7915428305921 810.0
908.038594556339 823.0
908.2856374194963 792.0
908.5326714195803 804.0
908.7796965561088 801.0
909.0267128285976 811.0
909.2737202365645 806.0
909.520718779526 813.0
909.7677084569985 804.0
910.0146892684998 818.0
910.261661213546 811.0
910.5086242916544 807.0
910.7555785023416 799.0
911.0025238451248 802.0
911.2494603195206 818.0
911.4963879250456 833.0
911.7433066612174 900.0
911.9902165275522 1094.0
912.2371175235672 1009.0
912.4840096487795 960.0
912.7308929027052 1008.0
912.9777672848619 939.0
913.2246327947661 866.0
913.4714894319347 836.0
913.7183371958849 822.0
913.965176086133 826.0
914.2120061021965 811.0
914.4588272435916 808.0
914.7056395098358 806.0
914.9524429004457 805.0
915.1992374149379 817.0
915.4460230528298 806.0
915.6927998136375 805.0
915.9395676968788 816.0
916.1863267020701 812.0
916.4330768287281 821.0
916.67981807637 811.0
916.9265504445123 811.0
917.1732739326723 801.0
917.4199885403666 808.0
917.6666942671121 817.0
917.9133911124259 806.0
918.1600790758242 811.0
918.4067581568248 802.0
918.6534283549438 803.0
918.9000896696987 808.0
919.1467421006058 815.0
919.3933856471822 808.0
919.6400203089449 800.0
919.8866460854103 796.0
920.1332629760961 806.0
920.3798709805186 821.0
920.6264700981943 810.0
920.8730603286409 808.0
921.1196416713748 815.0
921.3662141259131 818.0
921.6127776917724 816.0
921.8593323684695 837.0
922.1058781555217 924.0
922.3524150524454 892.0
922.598943058758 868.0
922.8454621739758 858.0
923.0919723976159 838.0
923.3384737291954 834.0
923.5849661682307 810.0
923.8314497142393 806.0
924.0779243667373 806.0
924.3243901252423 806.0
924.5708469892709 807.0
924.8172949583395 806.0
925.0637340319656 818.0
925.3101642096658 793.0
925.5565854909571 795.0
925.8029978753563 801.0
926.04940136238 805.0
926.2957959515456 812.0
926.5421816423694 810.0
926.7885584343687 810.0
927.0349263270604 821.0
927.281285319961 815.0
927.5276354125876 804.0
927.7739766044568 802.0
928.020308895086 792.0
928.2666322839915 801.0
928.5129467706906 804.0
928.7592523547 807.0
929.0055490355364 801.0
929.2518368127171 805.0
929.4981156857584 813.0
929.7443856541778 802.0
929.9906467174917 813.0
930.2368988752169 802.0
930.4831421268707 804.0
930.7293764719695 803.0
930.9756019100306 813.0
931.2218184405708 803.0
931.4680260631065 796.0
931.7142247771553 803.0
931.9604145822334 817.0
932.2065954778582 806.0
932.4527674635461 807.0
932.6989305388141 806.0
932.9450847031794 805.0
933.1912299561584 818.0
933.4373662972685 813.0
933.6834937260257 804.0
933.929612241948 802.0
934.1757218445516 816.0
934.4218225333533 807.0
934.6679143078701 801.0
934.913997167619 808.0
935.1600711121167 811.0
935.4061361408803 816.0
935.6521922534262 809.0
935.8982394492718 805.0
936.1442777279336 826.0
936.3903070889288 814.0
936.636327531774 797.0
936.882339055986 811.0
937.128341661082 819.0
937.3743353465785 817.0
937.6203201119927 800.0
937.8662959568414 800.0
938.1122628806411 798.0
938.3582208829092 807.0
938.6041699631621 796.0
938.8501101209171 797.0
939.0960413556905 799.0
939.341963667 816.0
939.5878770543618 820.0
939.8337815172929 803.0
940.0796770553103 802.0
940.3255636679306 807.0
940.5714413546712 810.0
940.8173101150486 804.0
941.0631699485793 813.0
941.309020854781 809.0
941.5548628331699 798.0
941.8006958832632 806.0
942.0465200045778 823.0
942.2923351966301 797.0
942.5381414589376 795.0
942.7839387910167 794.0
943.0297271923846 802.0
943.275506662558 794.0
943.5212772010536 802.0
943.7670388073888 811.0
944.0127914810797 798.0
944.2585352216438 799.0
944.504270028598 805.0
944.7499959014584 803.0
944.9957128397427 804.0
945.2414208429674 789.0
945.4871199106495 813.0
945.7328100423057 809.0
945.978491237453 813.0
946.2241634956084 795.0
946.4698268162882 811.0
946.71548119901 804.0
946.9611266432901 798.0
947.2067631486459 802.0
947.4523907145939 801.0
947.6980093406509 812.0
947.943619026334 797.0
948.1892197711599 800.0
948.4348115746456 805.0
948.680394436308 793.0
948.9259683556636 802.0
949.17153333223 786.0
949.4170893655231 817.0
949.6626364550607 810.0
949.9081746003591 825.0
950.1537038009352 801.0
950.3992240563063 801.0
950.6447353659886 824.0
950.8902377294995 797.0
951.1357311463555 815.0
951.381215616074 805.0
951.6266911381715 807.0
951.8721577121647 816.0
952.1176153375708 807.0
952.3630640139064 805.0
952.6085037406887 806.0
952.8539345174344 800.0
953.09935634366 797.0
953.3447692188829 803.0
953.5901731426196 807.0
953.8355681143876 806.0
954.080954133703 798.0
954.326331200083 799.0
954.5716993130445 811.0
954.8170584721041 803.0
955.0624086767792 812.0
955.3077499265863 801.0
955.5530822210421 816.0
955.798405559664 814.0
956.0437199419682 813.0
956.2890253674723 815.0
956.5343218356925 817.0
956.7796093461461 809.0
957.02488789835 802.0
957.2701574918206 802.0
957.5154181260752 797.0
957.7606698006304 799.0
958.0059125150034 804.0
958.2511462687107 810.0
958.4963710612694 796.0
958.7415868921963 795.0
958.9867937610082 818.0
959.2319916672224 805.0
959.4771806103552 807.0
959.7223605899235 803.0
959.9675316054446 813.0
960.2126936564348 800.0
960.4578467424116 809.0
960.7029908628915 792.0
960.9481260173911 812.0
961.193252205428 806.0
961.4383694265184 804.0
961.6834776801796 805.0
961.9285769659282 801.0
962.1736672832812 811.0
962.4187486317555 798.0
962.6638210108677 799.0
962.908884420135 819.0
963.153938859074 810.0
963.3989843272019 796.0
963.6440208240352 806.0
963.889048349091 815.0
964.1340669018862 819.0
964.3790764819373 805.0
964.6240770887617 812.0
964.8690687218761 825.0
965.114051380797 822.0
965.3590250650417 872.0
965.6039897741268 900.0
965.8489455075695 836.0
966.0938922648864 842.0
966.3388300455941 828.0
966.5837588492103 812.0
966.8286786752509 832.0
967.0735895232334 799.0
967.3184913926743 822.0
967.5633842830911 808.0
967.808268194 818.0
968.0531431249179 806.0
968.2980090753622 810.0
968.5428660448491 810.0
968.7877140328961 796.0
969.0325530390197 812.0
969.2773830627367 813.0
969.5222041035643 797.0
969.7670161610189 799.0
970.0118192346179 802.0
970.2566133238779 817.0
970.5013984283155 800.0
970.746174547448 795.0
970.990941680792 794.0
971.2356998278649 784.0
971.480448988183 801.0
971.725189161263 802.0
971.9699203466223 814.0
972.2146425437775 807.0
972.4593557522456 801.0
972.7040599715434 805.0
972.9487552011876 796.0
973.1934414406954 798.0
973.4381186895833 806.0
973.6827869473685 797.0
973.9274462135677 806.0
974.1720964876979 805.0
974.4167377692759 794.0
974.6613700578182 812.0
974.9059933528424 813.0
975.1506076538647 804.0
975.3952129604023 800.0
975.6398092719721 809.0
975.8843965880908 795.0
976.1289749082755 809.0
976.3735442320426 802.0
976.6181045589096 794.0
976.862655888393 810.0
977.1071982200094 813.0
977.3517315532764 799.0
977.5962558877101 804.0
977.840771222828 782.0
978.0852775581467 799.0
978.3297748931827 816.0
978.5742632274536 807.0
978.8187425604756 813.0
979.063212891766 800.0
979.3076742208415 797.0
979.5521265472191 804.0
979.7965698704156 814.0
980.0410041899477 814.0
980.2854295053326 817.0
980.5298458160865 801.0
980.7742531217272 800.0
981.0186514217711 801.0
981.2630407157347 806.0
981.5074210031356 809.0
981.7517922834901 814.0
981.9961545563154 800.0
982.2405078211283 800.0
982.4848520774455 801.0
982.729187324784 796.0
982.9735135626606 804.0
983.2178307905924 811.0
983.4621390080961 803.0
983.7064382146882 809.0
983.9507284098863 800.0
984.1950095932067 813.0
984.4392817641666 813.0
984.6835449222825 802.0
984.9277990670716 800.0
985.1720441980509 806.0
985.4162803147366 825.0
985.6605074166464 823.0
985.9047255032964 817.0
986.1489345742042 817.0
986.3931346288863 798.0
986.6373256668593 812.0
986.8815076876406 812.0
987.1256806907464 822.0
987.3698446756944 816.0
987.613999642001 810.0
987.8581455891829 802.0
988.1022825167574 797.0
988.3464104242408 798.0
988.5905293111508 812.0
988.8346391770036 802.0
989.0787400213161 806.0
989.3228318436055 794.0
989.5669146433884 804.0
989.8109884201817 810.0
990.0550531735024 807.0
990.2991089028674 794.0
990.5431556077934 813.0
990.7871932877973 803.0
991.031221942396 809.0
991.2752415711062 818.0
991.5192521734452 810.0
991.7632537489297 813.0
992.0072462970761 797.0
992.251229817402 793.0
992.4952043094236 810.0
992.7391697726582 817.0
992.9831262066227 814.0
993.2270736108336 797.0
993.4710119848082 805.0
993.7149413280629 806.0
993.958861640115 811.0
994.2027729204812 798.0
994.4466751686781 813.0
994.6905683842231 822.0
994.9344525666326 790.0
995.1783277154237 791.0
995.4221938301132 803.0
995.6660509102181 793.0
995.9098989552552 789.0
996.1537379647411 808.0
996.3975679381932 817.0
996.6413888751279 808.0
996.8852007750622 809.0
997.1290036375133 803.0
997.3727974619973 801.0
997.6165822480319 809.0
997.8603579951333 811.0
998.104124702819 797.0
998.3478823706055 814.0
998.5916309980095 811.0
998.8353705845483 804.0
999.0791011297383 812.0
999.3228226330968 798.0
999.5665350941406 804.0
999.8102385123861 804.0
1000.0539328873509 806.0
1000.2976182185512 804.0
1000.5412945055043 801.0
1000.7849617477269 805.0
1001.0286199447357 797.0
1001.2722690960481 804.0
1001.5159092011804 808.0
1001.75954025965 813.0
1002.003162270973 809.0
1002.246775234667 800.0
1002.4903791502487 804.0
1002.7339740172346 822.0
1002.9775598351421 808.0
1003.2211366034876 800.0
1003.4647043217884 805.0
1003.7082629895611 802.0
1003.9518126063224 798.0
1004.1953531715895 793.0
1004.4388846848791 815.0
1004.6824071457083 809.0
1004.9259205535938 810.0
1005.1694249080521 801.0
1005.4129202086007 801.0
1005.6564064547559 804.0
1005.8998836460353 814.0
1006.1433517819551 806.0
1006.3868108620323 809.0
1006.6302608857841 792.0
1006.8737018527269 811.0
1007.1171337623779 801.0
1007.3605566142537 819.0
1007.6039704078715 806.0
1007.8473751427481 804.0
1008.0907708184001 785.0
1008.3341574343445 798.0
1008.5775349900982 810.0
1008.8209034851784 805.0
1009.0642629191013 804.0
1009.3076132913841 810.0
1009.5509546015439 796.0
1009.7942868490973 811.0
1010.0376100335611 797.0
1010.2809241544525 794.0
1010.5242292112879 805.0
1010.7675252035845 804.0
1011.010812130859 799.0
1011.2540899926286 804.0
1011.4973587884098 805.0
1011.7406185177194 813.0
1011.9838691800747 825.0
1012.2271107749921 816.0
1012.470343301989 817.0
1012.7135667605817 808.0
1012.9567811502875 805.0
1013.1999864706231 804.0
1013.4431827211052 794.0
1013.686369901251 828.0
1013.929548010577 798.0
1014.1727170486006 808.0
1014.4158770148383 804.0
1014.6590279088067 809.0
1014.9021697300233 793.0
1015.1453024780044 802.0
1015.3884261522674 803.0
1015.6315407523286 802.0
1015.8746462777051 805.0
1016.1177427279141 808.0
1016.3608301024719 827.0
1016.603908400896 799.0
1016.8469776227028 801.0
1017.0900377674091 802.0
1017.3330888345322 810.0
1017.5761308235883 806.0
1017.8191637340951 811.0
1018.0621875655689 802.0
1018.3052023175269 812.0
1018.5482079894858 823.0
1018.7912045809622 792.0
1019.0341920914735 793.0
1019.2771705205361 811.0
1019.5201398676672 816.0
1019.7631001323837 807.0
1020.006051314202 798.0
1020.2489934126395 805.0
1020.4919264272125 803.0
1020.7348503574386 807.0
1020.9777652028342 784.0
1021.2206709629161 798.0
1021.4635676372014 809.0
1021.7064552252067 810.0
1021.9493337264495 811.0
1022.1922031404459 807.0
1022.4350634667132 812.0
1022.6779147047681 794.0
1022.9207568541273 808.0
1023.1635899143083 800.0
1023.4064138848273 812.0
1023.6492287652015 805.0
1023.8920345549478 806.0
1024.134831253583 800.0
1024.377618860624 820.0
1024.6203973755871 802.0
1024.8631667979898 804.0
1025.1059271273493 792.0
1025.3486783631818 798.0
1025.5914205050044 808.0
1025.8341535523336 803.0
1026.076877504687 802.0
1026.3195923615808 804.0
1026.5622981225324 798.0
1026.8049947870584 809.0
1027.0476823546753 808.0
1027.2903608249007 798.0
1027.5330301972513 797.0
1027.7756904712435 814.0
1028.0183416463947 803.0
1028.260983722221 794.0
1028.5036166982402 812.0
1028.7462405739689 797.0
1028.9888553489234 806.0
1029.2314610226213 806.0
1029.474057594579 798.0
1029.7166450643138 797.0
1029.9592234313418 804.0
1030.2017926951808 809.0
1030.4443528553472 799.0
1030.6869039113576 791.0
1030.9294458627296 812.0
1031.1719787089794 807.0
1031.414502449624 808.0
1031.6570170841808 796.0
1031.8995226121658 801.0
1032.1420190330966 797.0
1032.3845063464896 803.0
1032.6269845518618 801.0
1032.8694536487305 810.0
1033.111913636612 802.0
1033.3543645150232 800.0
1033.596806283481 803.0
1033.8392389415026 804.0
1034.081662488605 799.0
1034.324076924304 817.0
1034.566482248118 810.0
1034.8088784595625 809.0
1035.0512655581551 805.0
1035.2936435434124 798.0
1035.5360124148515 817.0
1035.778372171989 808.0
1036.020722814342 813.0
1036.2630643414275 801.0
1036.5053967527615 806.0
1036.7477200478622 807.0
1036.9900342262456 810.0
1037.2323392874284 811.0
1037.4746352309282 809.0
1037.7169220562612 801.0
1037.9591997629448 818.0
1038.2014683504956 794.0
1038.4437278184303 802.0
1038.685978166266 809.0
1038.9282193935196 795.0
1039.170451499708 802.0
1039.4126744843477 808.0
1039.6548883469559 819.0
1039.8970930870496 803.0
1040.1392887041452 793.0
1040.3814751977598 810.0
1040.6236525674105 795.0
1040.8658208126137 806.0
1041.107979932887 810.0
1041.3501299277466 801.0
1041.5922707967095 796.0
1041.8344025392926 804.0
1042.0765251550129 817.0
1042.3186386433872 805.0
1042.5607430039322 803.0
1042.802838236165 812.0
1043.0449243396022 802.0
1043.2870013137613 809.0
1043.5290691581586 816.0
1043.7711278723107 804.0
1044.013177455735 801.0
1044.2552179079482 791.0
1044.4972492284676 791.0
1044.7392714168093 790.0
1044.9812844724902 816.0
1045.223288395028 802.0
1045.4652831839387 794.0
1045.70726883874 800.0
1045.949245358948 824.0
1046.1912127440798 797.0
1046.4331709936528 806.0
1046.675120107183 797.0
1046.9170600841878 807.0
1047.1589909241836 793.0
1047.400912626688 827.0
1047.6428251912175 801.0
1047.8847286172886 812.0
1048.1266229044188 813.0
1048.3685080521243 817.0
1048.6103840599228 804.0
1048.8522509273307 802.0
1049.0941086538646 814.0
1049.3359572390418 798.0
1049.577796682379 809.0
1049.819626983393 800.0
1050.061448141601 799.0
1050.3032601565194 797.0
1050.5450630276655 800.0
1050.7868567545556 811.0
1051.0286413367073 810.0
1051.270416773637 795.0
1051.5121830648616 800.0
1051.7539402098982 805.0
1051.9956882082631 815.0
1052.237427059474 817.0
1052.479156763047 806.0
1052.7208773184996 800.0
1052.9625887253483 810.0
1053.2042909831098 804.0
1053.4459840913016 823.0
1053.6876680494397 809.0
1053.929342857042 805.0
1054.1710085136244 802.0
1054.4126650187043 800.0
1054.6543123717986 797.0
1054.8959505724238 805.0
1055.1375796200969 808.0
1055.3791995143351 812.0
1055.620810254655 794.0
1055.8624118405735 804.0
1056.1040042716074 822.0
1056.3455875472737 798.0
1056.5871616670893 798.0
1056.8287266305706 811.0
1057.070282437235 801.0
1057.3118290865991 805.0
1057.5533665781802 807.0
1057.7948949114943 796.0
1058.0364140860593 816.0
1058.2779241013916 802.0
1058.5194249570077 802.0
1058.760916652425 809.0
1059.0023991871599 791.0
1059.24387256073 798.0
1059.4853367726514 792.0
1059.7267918224413 816.0
1059.968237709617 815.0
1060.2096744336943 802.0
1060.451101994191 800.0
1060.6925203906237 795.0
1060.933929622509 794.0
1061.1753296893642 794.0
1061.4167205907056 793.0
1061.6581023260508 813.0
1061.8994748949162 803.0
1062.1408382968189 818.0
1062.3821925312755 807.0
1062.6235375978026 807.0
1062.8648734959181 804.0
1063.1062002251376 801.0
1063.3475177849793 801.0
1063.588826174959 790.0
1063.830125394594 811.0
1064.0714154434013 794.0
1064.312696320897 809.0
1064.553968026599 796.0
1064.7952305600238 789.0
1065.036483920688 816.0
1065.2777281081087 791.0
1065.5189631218025 795.0
1065.7601889612868 800.0
1066.001405626078 795.0
1066.2426131156928 811.0
1066.4838114296492 810.0
1066.7250005674625 802.0
1066.9661805286507 803.0
1067.2073513127305 801.0
1067.4485129192178 801.0
1067.689665347631 791.0
1067.9308085974856 798.0
1068.1719426682996 810.0
1068.413067559589 807.0
1068.654183270871 788.0
1068.8952898016628 792.0
1069.1363871514804 792.0
1069.3774753198418 798.0
1069.618554306263 795.0
1069.8596241102612 806.0
1070.100684731353 808.0
1070.3417361690556 810.0
1070.582778422886 813.0
1070.8238114923604 803.0
1071.0648353769964 807.0
1071.3058500763104 805.0
1071.5468555898192 796.0
1071.7878519170404 801.0
1072.02883905749 814.0
1072.2698170106853 813.0
1072.5107857761434 818.0
1072.75174535338 808.0
1072.9926957419138 799.0
1073.23363694126 802.0
1073.4745689509368 800.0
1073.7154917704597 800.0
1073.9564053993467 809.0
1074.1973098371145 789.0
1074.4382050832794 802.0
1074.6790911373587 815.0
1074.9199679988692 805.0
1075.1608356673278 796.0
1075.4016941422512 797.0
1075.6425434231562 799.0
1075.8833835095604 814.0
1076.1242144009796 798.0
1076.3650360969316 798.0
1076.6058485969324 795.0
1076.8466519004996 803.0
1077.0874460071498 809.0
1077.3282309163997 804.0
1077.5690066277664 808.0
1077.8097731407665 806.0
1078.0505304549172 810.0
1078.2912785697354 796.0
1078.5320174847377 810.0
1078.772747199441 796.0
1079.0134677133622 785.0
1079.2541790260184 811.0
1079.4948811369263 797.0
1079.7355740456023 805.0
1079.9762577515642 810.0
1080.2169322543277 806.0
1080.4575975534112 811.0
1080.6982536483301 811.0
1080.9389005386022 822.0
1081.179538223744 808.0
1081.4201667032721 806.0
1081.6607859767041 796.0
1081.9013960435564 797.0
1082.1419969033457 813.0
1082.382588555589 816.0
1082.6231709998035 805.0
1082.863744235506 787.0
1083.104308262213 801.0
1083.3448630794412 805.0
1083.5854086867082 804.0
1083.8259450835303 798.0
1084.0664722694248 800.0
1084.306990243908 801.0
1084.5474990064974 799.0
1084.7879985567097 800.0
1085.0284888940612 808.0
1085.2689700180695 811.0
1085.509441928251 796.0
1085.749904624123 796.0
1085.990358105202 795.0
1086.2308023710048 807.0
1086.4712374210485 815.0
1086.71166325485 808.0
1086.9520798719261 805.0
1087.1924872717937 803.0
1087.4328854539694 804.0
1087.6732744179706 809.0
1087.9136541633134 800.0
1088.1540246895156 798.0
1088.3943859960934 802.0
1088.6347380825637 802.0
1088.8750809484436 801.0
1089.1154145932499 811.0
1089.3557390164995 821.0
1089.5960542177095 818.0
1089.836360196396 791.0
1090.0766569520767 803.0
1090.3169444842679 805.0
1090.557222792487 806.0
1090.7974918762502 802.0
1091.037751735075 816.0
1091.2780023684782 798.0
1091.518243775976 798.0
1091.7584759570861 804.0
1091.9986989113247 817.0
1092.2389126382093 805.0
1092.4791171372563 803.0
1092.7193124079827 801.0
1092.9594984499054 798.0
1093.1996752625412 802.0
1093.4398428454072 794.0
1093.68000119802 809.0
1093.9201503198965 806.0
1094.1602902105537 798.0
1094.4004208695083 799.0
1094.6405422962773 798.0
1094.8806544903778 804.0
1095.120757451326 813.0
1095.3608511786392 803.0
1095.6009356718341 795.0
1095.8410109304282 803.0
1096.0810769539376 796.0
1096.3211337418795 806.0
1096.5611812937707 803.0
1096.8012196091279 790.0
1097.0412486874682 806.0
1097.2812685283084 798.0
1097.5212791311658 789.0
1097.7612804955563 804.0
1098.0012726209975 799.0
1098.2412555070064 799.0
1098.4812291530989 806.0
1098.721193558793 812.0
1098.961148723605 804.0
1099.2010946470518 797.0
1099.4410313286503 808.0
1099.6809587679172 790.0
1099.92087696437 816.0
1100.1607859175251 805.0
1100.400685626899 803.0
1100.640576092009 807.0
1100.880457312372 795.0
1101.1203292875052 802.0
1101.3601920169247 801.0
1101.6000455001479 802.0
1101.8398897366915 799.0
1102.079724726072 797.0
1102.3195504678072 803.0
1102.559366961413 802.0
1102.7991742064069 816.0
1103.0389722023056 813.0
1103.2787609486254 807.0
1103.5185404448844 809.0
1103.7583106905984 793.0
1103.9980716852845 789.0
1104.23782342846 809.0
1104.4775659196412 798.0
1104.7172991583454 800.0
1104.9570231440887 808.0
1105.1967378763893 788.0
1105.436443354763 794.0
1105.6761395787273 787.0
1105.9158265477986 797.0
1106.1555042614937 807.0
1106.3951727193298 804.0
1106.6348319208234 803.0
1106.8744818654923 792.0
1107.1141225528525 818.0
1107.3537539824208 813.0
1107.5933761537144 799.0
1107.8329890662503 799.0
1108.072592719545 803.0
1108.3121871131157 785.0
1108.551772246479 805.0
1108.7913481191517 805.0
1109.030914730651 805.0
1109.2704720804938 796.0
1109.5100201681967 809.0
1109.7495589932764 812.0
1109.9890885552504 799.0
1110.2286088536348 808.0
1110.4681198879473 808.0
1110.707621657704 798.0
1110.9471141624224 805.0
1111.1865974016187 801.0
1111.4260713748101 802.0
1111.665536081514 794.0
1111.9049915212463 797.0
1112.1444376935244 804.0
1112.3838745978653 803.0
1112.6233022337854 801.0
1112.8627206008023 806.0
1113.102129698432 802.0
1113.3415295261918 799.0
1113.5809200835986 799.0
1113.820301370169 798.0
1114.0596733854206 786.0
1114.2990361288694 796.0
1114.5383896000326 809.0
1114.7777337984273 812.0
1115.0170687235698 810.0
1115.2563943749778 802.0
1115.4957107521673 793.0
1115.7350178546556 796.0
1115.9743156819598 808.0
1116.213604233596 800.0
1116.452883509082 797.0
1116.692153507934 813.0
1116.9314142296694 807.0
1117.1706656738045 804.0
1117.4099078398563 801.0
1117.6491407273422 808.0
1117.8883643357783 802.0
1118.1275786646822 804.0
1118.36678371357 809.0
1118.6059794819594 806.0
1118.8451659693665 806.0
1119.0843431753085 802.0
1119.3235110993026 807.0
1119.5626697408647 811.0
1119.8018190995128 795.0
1120.0409591747637 804.0
1120.2800899661331 794.0
1120.519211473139 801.0
1120.7583236952978 803.0
1120.9974266321262 791.0
1121.236520283142 791.0
1121.4756046478608 799.0
1121.7146797258001 805.0
1121.9537455164768 816.0
1122.192802019408 808.0
1122.4318492341101 791.0
1122.6708871601 795.0
1122.909915796895 804.0
1123.1489351440111 797.0
1123.3879452009662 801.0
1123.6269459672762 798.0
1123.865937442459 794.0
1124.1049196260308 795.0
1124.3438925175087 800.0
