shot=76_gas=Ne_height=110_RF=200.0W_massflow=8000_coils=100.0A_HR4000 spectrum
Wavelength [nm] // Intensity [u.a.] 
194.93414 789.0
195.2037815346219 777.0
195.47341553816543 762.0
195.74304201014752 778.0
196.012660950085 781.0
196.28227235749478 779.0
196.55187623189366 790.0
196.82147257279857 786.0
197.09106137972637 790.0
197.36064265219392 783.0
197.63021638971804 801.0
197.89978259181567 792.0
198.16934125800364 788.0
198.43889238779886 795.0
198.7084359807181 800.0
198.97797203627835 798.0
199.2475005539964 795.0
199.51702153338914 802.0
199.78653497397343 789.0
200.05604087526618 789.0
200.3255392367842 790.0
200.59503005804436 794.0
200.8645133385636 782.0
201.1339890778587 797.0
201.4034572754466 791.0
201.67291793084408 791.0
201.94237104356813 786.0
202.21181661313554 795.0
202.48125463906314 795.0
202.7506851208679 807.0
203.02010805806663 781.0
203.28952345017618 801.0
203.55893129671344 802.0
203.8283315971953 802.0
204.0977243511386 800.0
204.3671095580602 783.0
204.636487217477 790.0
204.90585732890585 789.0
205.17521989186366 790.0
205.44457490586717 796.0
205.7139223704334 791.0
205.98326228507918 796.0
206.2525946493213 806.0
206.5219194626767 794.0
206.79123672466224 794.0
207.06054643479476 788.0
207.32984859259116 808.0
207.59914319756828 797.0
207.86843024924303 776.0
208.13770974713225 794.0
208.40698169075276 797.0
208.6762460796215 806.0
208.94550291325532 806.0
209.2147521911711 802.0
209.48399391288567 782.0
209.75322807791594 801.0
210.02245468577874 798.0
210.29167373599094 792.0
210.56088522806942 794.0
210.83008916153108 790.0
211.09928553589276 786.0
211.3684743506713 787.0
211.63765560538363 796.0
211.9068292995466 792.0
212.175995432677 790.0
212.44515400429182 791.0
212.71430501390782 795.0
212.98344846104192 798.0
213.25258434521103 799.0
213.52171266593191 805.0
213.79083342272153 784.0
214.05994661509675 779.0
214.3290522425744 787.0
214.5981503046713 799.0
214.8672408009044 789.0
215.13632373079054 786.0
215.4053990938466 795.0
215.6744668895894 802.0
215.94352711753592 804.0
216.21257977720293 786.0
216.48162486810728 787.0
216.7506623897659 796.0
217.01969234169565 805.0
217.2887147234134 787.0
217.55772953443596 791.0
217.82673677428028 780.0
218.0957364424632 784.0
218.36472853850154 785.0
218.6337130619122 797.0
218.9026900122121 772.0
219.17165938891804 794.0
219.4406211915469 795.0
219.70957541961562 801.0
219.97852207264097 788.0
220.24746115013983 797.0
220.5163926516291 793.0
220.78531657662566 795.0
221.05423292464639 790.0
221.32314169520808 795.0
221.59204288782766 793.0
221.860936502022 801.0
222.12982253730797 792.0
222.39870099320237 795.0
222.66757186922214 792.0
222.93643516488416 792.0
223.20529087970525 801.0
223.47413901320226 804.0
223.74297956489212 789.0
224.01181253429166 791.0
224.28063792091777 804.0
224.5494557242873 802.0
224.8182659439171 793.0
225.08706857932413 799.0
225.35586363002508 786.0
225.62465109553705 793.0
225.89343097537673 782.0
226.16220326906105 783.0
226.43096797610687 795.0
226.69972509603105 797.0
226.9684746283505 806.0
227.237216572582 787.0
227.50595092824256 786.0
227.7746776948489 799.0
228.04339687191796 801.0
228.31210845896663 797.0
228.5808124555117 792.0
228.84950886107015 784.0
229.11819767515877 793.0
229.38687889729442 782.0
229.65555252699397 790.0
229.92421856377433 803.0
230.1928770071524 811.0
230.46152785664492 810.0
230.73017111176884 797.0
230.99880677204106 807.0
231.26743483697837 806.0
231.53605530609772 791.0
231.8046681789159 792.0
232.07327345494983 806.0
232.34187113371638 804.0
232.61046121473237 802.0
232.87904369751473 799.0
233.14761858158028 789.0
233.41618586644586 796.0
233.68474555162845 787.0
233.95329763664483 796.0
234.2218421210119 806.0
234.49037900424648 804.0
234.7589082858655 804.0
235.02742996538583 798.0
235.29594404232427 781.0
235.56445051619772 787.0
235.8329493865231 797.0
236.10144065281722 790.0
236.36992431459691 795.0
236.63840037137916 795.0
236.9068688226808 802.0
237.1753296680186 801.0
237.44378290690955 808.0
237.7122285388704 807.0
237.9806665634181 808.0
238.24909698006957 800.0
238.51751978834153 790.0
238.78593498775095 787.0
239.0543425778147 779.0
239.32274255804958 777.0
239.59113492797255 803.0
239.8595196871004 795.0
240.12789683495004 788.0
240.3962663710383 802.0
240.66462829488208 791.0
240.93298260599826 772.0
241.2013293039037 788.0
241.46966838811522 782.0
241.73799985814978 781.0
242.00632371352418 787.0
242.27463995375527 791.0
242.54294857835998 786.0
242.81124958685515 801.0
243.07954297875764 798.0
243.34782875358434 767.0
243.61610691085207 793.0
243.88437745007772 793.0
244.15264037077822 798.0
244.42089567247035 796.0
244.68914335467105 785.0
244.95738341689716 789.0
245.2256158586655 793.0
245.493840679493 802.0
245.76205787889654 800.0
246.03026745639292 790.0
246.29846941149904 793.0
246.5666637437318 793.0
246.834850452608 801.0
247.1030295376446 780.0
247.37120099835838 802.0
247.63936483426627 802.0
247.9075210448851 785.0
248.17566962973177 792.0
248.4438105883231 797.0
248.71194392017603 791.0
248.98006962480733 793.0
249.248187701734 793.0
249.51629815047275 794.0
249.78440097054056 787.0
250.05249616145431 795.0
250.32058372273076 796.0
250.5886636538869 794.0
250.85673595443953 802.0
251.12480062390551 791.0
251.39285766180177 812.0
251.6609070676451 789.0
251.92894884095242 802.0
252.19698298124058 807.0
252.46500948802645 793.0
252.73302836082692 804.0
253.00103959915882 802.0
253.26904320253902 789.0
253.53703917048443 803.0
253.80502750251188 792.0
254.07300819813827 784.0
254.34098125688044 778.0
254.60894667825525 784.0
254.87690446177962 800.0
255.14485460697037 796.0
255.41279711334434 793.0
255.6807319804185 786.0
255.94865920770962 780.0
256.2165787947346 804.0
256.48449074101035 810.0
256.75239504605366 793.0
257.02029170938147 782.0
257.28818073051065 789.0
257.556062108958 784.0
257.8239358442404 795.0
258.0918019358748 801.0
258.35966038337796 799.0
258.6275111862668 785.0
258.8953543440582 815.0
259.163189856269 798.0
259.4310177224162 795.0
259.6988379420164 798.0
259.9666505145867 799.0
260.23445543964385 789.0
260.50225271670473 801.0
260.77004234528624 810.0
261.03782432490533 794.0
261.3055986550787 786.0
261.5733653353234 782.0
261.8411243651561 797.0
262.1088757440937 788.0
262.37661947165327 789.0
262.6443555473515 804.0
262.9120839707053 798.0
263.1798047412315 786.0
263.44751785844704 784.0
263.7152233218687 789.0
263.98292113101354 793.0
264.2506112853982 796.0
264.51829378453965 796.0
264.7859686279547 802.0
265.05363581516025 781.0
265.32129534567326 784.0
265.5889472190105 787.0
265.8565914346889 801.0
266.1242279922252 794.0
266.39185689113634 806.0
266.65947813093925 791.0
266.9270917111508 791.0
267.19469763128774 806.0
267.46229589086704 794.0
267.72988648940554 801.0
267.9974694264201 809.0
268.2650447014276 800.0
268.53261231394487 794.0
268.80017226348883 794.0
269.0677245495763 786.0
269.3352691717242 802.0
269.60280612944933 793.0
269.8703354222686 784.0
270.13785704969894 783.0
270.40537101125716 786.0
270.67287730646007 793.0
270.9403759348246 805.0
271.2078668958677 789.0
271.47535018910605 789.0
271.7428258140567 795.0
272.01029377023633 790.0
272.2777540571619 802.0
272.5452066743504 804.0
272.81265162131854 786.0
273.08008889758327 789.0
273.34751850266144 798.0
273.6149404360698 793.0
273.8823546973254 786.0
274.1497612859451 775.0
274.4171602014456 802.0
274.6845514433439 798.0
274.95193501115676 786.0
275.2193109044012 799.0
275.486679122594 808.0
275.7540396652521 799.0
276.02139253189216 797.0
276.2887377220313 793.0
276.55607523518626 794.0
276.82340507087395 796.0
277.09072722861123 786.0
277.3580417079149 801.0
277.62534850830195 785.0
277.8926476292892 797.0
278.1599390703934 781.0
278.4272228311316 788.0
278.69449891102056 806.0
278.96176730957717 789.0
279.22902802631836 804.0
279.4962810607609 801.0
279.76352641242164 799.0
280.0307640808177 782.0
280.29799406546556 778.0
280.5652163658824 778.0
280.8324309815849 791.0
281.09963791209003 789.0
281.3668371569146 789.0
281.6340287155756 778.0
281.9012125875897 787.0
282.168388772474 805.0
282.4355572697452 797.0
282.7027180789201 797.0
282.9698711995158 790.0
283.23701663104896 794.0
283.50415437303667 799.0
283.77128442499554 795.0
284.0384067864426 796.0
284.3055214568946 794.0
284.57262843586864 799.0
284.8397277228814 788.0
285.1068193174497 788.0
285.37390321909055 781.0
285.6409794273207 771.0
285.9080479416572 792.0
286.1751087616167 785.0
286.4421618867162 779.0
286.7092073164725 787.0
286.9762450504025 783.0
287.24327508802315 802.0
287.5102974288511 794.0
287.77731207240345 793.0
288.04431901819703 802.0
288.3113182657485 789.0
288.578309814575 789.0
288.84529366419326 793.0
289.1122698141201 803.0
289.37923826387254 790.0
289.6461990129674 797.0
289.91315206092133 805.0
290.18009740725154 793.0
290.44703505147464 780.0
290.7139649931077 790.0
290.98088723166734 805.0
291.24780176667065 806.0
291.5147085976344 798.0
291.78160772407557 791.0
292.04849914551085 798.0
292.3153828614572 781.0
292.58225887143146 786.0
292.8491271749505 794.0
293.1159877715313 798.0
293.3828406606906 785.0
293.6496858419453 792.0
293.9165233148123 801.0
294.1833530788084 804.0
294.4501751334505 787.0
294.71698947825547 802.0
294.9837961127402 792.0
295.2505950364216 791.0
295.5173862488164 798.0
295.78416974944156 801.0
296.050945537814 789.0
296.31771361345045 795.0
296.584473975868 796.0
296.8512266245832 797.0
297.11797155911313 790.0
297.38470877897464 795.0
297.6514382836846 786.0
297.9181600727598 800.0
298.18487414571723 799.0
298.4515805020736 800.0
298.71827914134593 787.0
298.9849700630511 790.0
299.2516532667058 775.0
299.518328751827 782.0
299.78499651793163 794.0
300.0516565645365 794.0
300.3183088911584 790.0
300.58495349731436 788.0
300.8515903825211 781.0
301.1182195462956 785.0
301.3848409881546 798.0
301.65145470761513 806.0
301.91806070419403 788.0
302.184658977408 791.0
302.4512495267741 786.0
302.7178323518091 801.0
302.9844074520298 798.0
303.2509748269532 810.0
303.5175344760962 784.0
303.78408639897555 789.0
304.0506305951082 802.0
304.31716706401096 805.0
304.58369580520065 797.0
304.8502168181943 803.0
305.1167301025086 799.0
305.3832356576606 809.0
305.649733483167 817.0
305.9162235785447 786.0
306.1827059433106 800.0
306.4491805769817 801.0
306.7156474790747 775.0
306.98210664910647 807.0
307.2485580865939 789.0
307.5150017910539 806.0
307.7814377620034 796.0
308.0478659989591 803.0
308.31428650143795 801.0
308.58069926895683 794.0
308.8471043010326 781.0
309.1135015971821 787.0
309.37989115692227 795.0
309.6462729797699 789.0
309.91264706524197 792.0
310.1790134128551 797.0
310.4453720221265 804.0
310.71172289257277 804.0
310.97806602371094 806.0
311.2444014150577 797.0
311.5107290661301 783.0
311.777048976445 792.0
312.04336114551904 794.0
312.30966557286945 786.0
312.5759622580128 788.0
312.8422512004661 796.0
313.1085323997461 794.0
313.3748058553698 792.0
313.641071566854 781.0
313.90732953371554 794.0
314.17357975547145 792.0
314.4398222316384 790.0
314.70605696173334 789.0
314.9722839452731 798.0
315.23850318177466 800.0
315.50471467075477 793.0
315.7709184117303 803.0
316.0371144042182 788.0
316.3033026477353 783.0
316.56948314179846 786.0
316.8356558859246 781.0
317.1018208796305 799.0
317.36797812243304 782.0
317.6341276138491 776.0
317.90026935339563 788.0
318.1664033405894 809.0
318.4325295749473 789.0
318.6986480559862 790.0
318.96475878322303 781.0
319.2308617561746 786.0
319.4969569743577 788.0
319.76304443728935 801.0
320.0291241444864 804.0
320.2951960954656 792.0
320.5612602897438 783.0
320.82731672683815 794.0
321.0933654062652 786.0
321.359406327542 792.0
321.6254394901853 799.0
321.891464893712 793.0
322.157482537639 798.0
322.4234924214832 799.0
322.68949454476143 777.0
322.95548890699064 801.0
323.2214755076875 782.0
323.487454346369 800.0
323.753425422552 795.0
324.01938873575347 792.0
324.2853442854901 789.0
324.55129207127885 786.0
324.8172320926366 783.0
325.08316434908016 787.0
325.34908884012646 780.0
325.61500556529234 778.0
325.8809145240947 781.0
326.14681571605024 786.0
326.4127091406761 790.0
326.6785947974889 781.0
326.9444726860058 811.0
327.2103428057433 784.0
327.47620515621855 792.0
327.74205973694836 794.0
328.00790654744947 778.0
328.2737455872389 786.0
328.5395768558335 788.0
328.80540035275004 796.0
329.0712160775054 791.0
329.33702402961654 769.0
329.6028242086002 787.0
329.86861661397353 804.0
330.13440124525306 782.0
330.4001781019559 789.0
330.66594718359863 778.0
330.9317084896984 791.0
331.19746201977205 802.0
331.46320777333636 796.0
331.7289457499082 790.0
331.9946759490044 788.0
332.2603983701419 791.0
332.5261130128375 805.0
332.79181987660826 782.0
333.05751896097087 793.0
333.3232102654422 784.0
333.58889378953916 791.0
333.85456953277856 774.0
334.1202374946774 791.0
334.38589767475247 802.0
334.6515500725206 787.0
334.9171946874987 794.0
335.18283151920355 793.0
335.4484605671522 780.0
335.7140818308614 784.0
335.97969530984807 799.0
336.245301003629 794.0
336.51089891172114 785.0
336.77648903364127 790.0
337.04207136890636 811.0
337.30764591703326 804.0
337.5732126775387 818.0
337.83877164993976 797.0
338.10432283375314 803.0
338.36986622849577 807.0
338.63540183368457 791.0
338.9009296488363 789.0
339.16644967346787 787.0
339.4319619070962 788.0
339.6974663492381 793.0
339.9629629994105 802.0
340.22845185713027 792.0
340.4939329219141 793.0
340.75940619327906 790.0
341.02487167074196 810.0
341.2903293538197 797.0
341.555779242029 789.0
341.821221334887 795.0
342.0866556319103 786.0
342.3520821326158 782.0
342.6175008365205 786.0
342.8829117431413 795.0
343.1483148519949 778.0
343.41371016259825 798.0
343.6790976744682 796.0
343.9444773871216 787.0
344.20984930007546 787.0
344.4752134128465 800.0
344.74056972495157 794.0
345.0059182359076 793.0
345.27125894523147 784.0
345.53659185244 785.0
345.80191695705014 795.0
346.0672342585787 791.0
346.3325437565426 799.0
346.5978454504585 796.0
346.8631393398436 796.0
347.1284254242145 796.0
347.3937037030882 791.0
347.6589741759816 793.0
347.92423684241146 798.0
348.1894917018946 784.0
348.4547387539481 801.0
348.71997799808867 785.0
348.9852094338332 803.0
349.2504330606986 784.0
349.51564887820166 803.0
349.7808568858593 789.0
350.0460570831885 795.0
350.31124946970584 781.0
350.57643404492853 808.0
350.84161080837316 807.0
351.1067797595568 799.0
351.3719408979961 790.0
351.63709422320824 789.0
351.90223973470984 803.0
352.16737743201776 805.0
352.43250731464894 800.0
352.69762938212034 775.0
352.9627436339487 782.0
353.2278500696509 807.0
353.49294868874387 789.0
353.7580394907444 806.0
354.02312247516943 798.0
354.28819764153576 794.0
354.55326498936034 789.0
354.81832451816 803.0
355.08337622745165 796.0
355.348420116752 796.0
355.613456185578 781.0
355.8784844334467 789.0
356.1435048598747 802.0
356.4085174643791 802.0
356.6735222464765 799.0
356.938519205684 796.0
357.2035083415184 785.0
357.46848965349653 810.0
357.73346314113536 804.0
357.9984288039516 801.0
358.2633866414622 778.0
358.528336653184 792.0
358.793278838634 804.0
359.05821319732894 793.0
359.3231397287857 796.0
359.5880584325211 804.0
359.8529693080521 791.0
360.1178723548955 804.0
360.3827675725683 804.0
360.64765496058726 799.0
360.9125345184692 796.0
361.1774062457311 797.0
361.44227014188965 791.0
361.707126206462 782.0
361.9719744389649 785.0
362.2368148389151 791.0
362.5016474058295 795.0
362.766472139225 781.0
363.0312890386186 785.0
363.296098103527 808.0
363.5608993334672 781.0
363.82569272795587 809.0
364.09047828651006 806.0
364.35525600864656 782.0
364.6200258938823 802.0
364.8847879417341 783.0
365.1495421517188 801.0
365.41428852335326 789.0
365.67902705615444 805.0
365.9437577496392 786.0
366.2084806033243 781.0
366.4731956167267 794.0
366.7379027893632 791.0
367.0026021207507 797.0
367.2672936104061 805.0
367.5319772578463 789.0
367.79665306258806 788.0
368.06132102414836 804.0
368.32598114204393 796.0
368.59063341579173 796.0
368.85527784490864 812.0
369.1199144289115 812.0
369.3845431673172 793.0
369.6491640596426 805.0
369.91377710540445 799.0
370.1783823041198 792.0
370.44297965530546 794.0
370.70756915847835 798.0
370.97215081315517 793.0
371.2367246188529 804.0
371.5012905750884 794.0
371.7658486813786 792.0
372.0303989372402 782.0
372.29494134219027 796.0
372.5594758957455 803.0
372.82400259742286 800.0
373.08852144673915 800.0
373.3530324432114 799.0
373.6175355863563 798.0
373.8820308756908 811.0
374.1465183107317 806.0
374.410997890996 801.0
374.6754696160004 792.0
374.93993348526186 796.0
375.2043894982973 797.0
375.4688376546235 799.0
375.7332779537573 792.0
375.9977103952157 794.0
376.26213497851546 784.0
376.52655170317354 780.0
376.7909605687067 796.0
377.05536157463183 798.0
377.3197547204658 795.0
377.5841400057256 795.0
377.84851742992794 785.0
378.11288699258984 800.0
378.37724869322795 795.0
378.64160253135935 788.0
378.90594850650075 770.0
379.1702866181692 791.0
379.4346168658814 797.0
379.69893924915425 790.0
379.9632537675047 802.0
380.2275604204495 801.0
380.49185920750574 798.0
380.75615012819 793.0
381.0204331820193 817.0
381.2847083685105 795.0
381.5489756871804 793.0
381.8132351375459 807.0
382.07748671912407 794.0
382.34173043143153 803.0
382.6059662739852 790.0
382.8701942463019 798.0
383.1344143478986 789.0
383.3986265782921 805.0
383.6628309369994 790.0
383.92702742353725 796.0
384.1912160374225 802.0
384.45539677817203 791.0
384.7195696453027 801.0
384.98373463833155 790.0
385.2478917567753 785.0
385.5120410001507 803.0
385.7761823679748 799.0
386.0403158597644 789.0
386.30444147503647 777.0
386.5685592133077 786.0
386.8326690740951 791.0
387.09677105691543 780.0
387.36086516128563 782.0
387.6249513867226 802.0
387.88902973274315 803.0
388.15310019886414 795.0
388.41716278460245 799.0
388.68121748947493 788.0
388.9452643129986 777.0
389.2093032546901 790.0
389.47333431406645 793.0
389.73735749064434 791.0
390.0013727839409 795.0
390.2653801934728 789.0
390.52937971875696 803.0
390.7933713593103 783.0
391.05735511464974 790.0
391.3213309842919 798.0
391.5852989677539 804.0
391.8492590645524 784.0
392.1132112742045 795.0
392.37715559622694 778.0
392.6410920301366 788.0
392.9050205754503 789.0
393.1689412316849 798.0
393.43285399835736 776.0
393.69675887498465 783.0
393.96065586108335 794.0
394.2245449561705 802.0
394.4884261597629 782.0
394.75229947137757 796.0
395.01616489053123 802.0
395.28002241674085 780.0
395.5438720495231 796.0
395.80771378839506 785.0
396.0715476328735 814.0
396.33537358247537 795.0
396.5991916367174 793.0
396.86300179511665 790.0
397.12680405718976 800.0
397.39059842245376 794.0
397.65438489042543 795.0
397.91816346062177 801.0
398.18193413255955 803.0
398.4456969057556 806.0
398.7094517797268 790.0
398.97319875399006 798.0
399.2369378280623 810.0
399.50066900146027 793.0
399.764392273701 798.0
400.02810764430114 799.0
400.2918151127777 805.0
400.55551467864757 787.0
400.81920634142756 773.0
401.08289010063453 782.0
401.34656595578537 780.0
401.6102339063969 790.0
401.8738939519861 784.0
402.1375460920697 802.0
402.4011903261647 786.0
402.6648266537879 796.0
402.92845507445617 791.0
403.1920755876863 800.0
403.4556881929953 784.0
403.71929288990003 783.0
403.98288967791734 786.0
404.246478556564 801.0
404.5100595253569 810.0
404.77363258381297 807.0
405.03719773144906 794.0
405.3007549677821 791.0
405.56430429232887 796.0
405.82784570460626 789.0
406.0913792041311 810.0
406.35490479042033 795.0
406.61842246299085 793.0
406.88193222135936 780.0
407.14543406504293 787.0
407.4089279935582 798.0
407.6724140064223 801.0
407.9358921031519 788.0
408.19936228326395 784.0
408.4628245462754 792.0
408.7262788917029 782.0
408.9897253190635 792.0
409.25316382787395 786.0
409.5165944176513 784.0
409.7800170879122 786.0
410.04343183817366 801.0
410.30683866795243 803.0
410.57023757676546 801.0
410.83362856412975 789.0
411.09701162956185 788.0
411.3603867725789 787.0
411.62375399269763 782.0
411.887113289435 797.0
412.1504646623078 776.0
412.4138081108329 797.0
412.6771436345273 790.0
412.94047123290767 790.0
413.20379090549096 793.0
413.46710265179405 786.0
413.7304064713339 799.0
413.9937023636272 783.0
414.25699032819097 802.0
414.52027036454194 804.0
414.78354247219704 797.0
415.0468066506732 788.0
415.31006289948726 782.0
415.5733112181561 788.0
415.83655160619645 787.0
416.0997840631253 790.0
416.3630085884595 786.0
416.62622518171594 781.0
416.8894338424115 806.0
417.152634570063 785.0
417.4158273641873 777.0
417.67901222430123 777.0
417.9421891499217 797.0
418.2053581405658 800.0
418.46851919575005 805.0
418.7316723149915 806.0
418.99481749780693 790.0
419.2579547437133 795.0
419.5210840522274 802.0
419.78420542286625 802.0
420.04731885514644 794.0
420.31042434858506 793.0
420.573521902699 802.0
420.83661151700494 791.0
421.0996931910199 796.0
421.3627669242608 800.0
421.6258327162443 777.0
421.88889056648736 789.0
422.1519404745069 778.0
422.41498243981977 784.0
422.6780164619429 802.0
422.9410425403929 803.0
423.2040606746869 806.0
423.46707086434174 793.0
423.7300731088742 797.0
423.9930674078012 789.0
424.25605376063965 778.0
424.5190321669063 794.0
424.782002626118 808.0
425.0449651377918 781.0
425.30791970144446 791.0
425.57086631659286 786.0
425.83380498275386 788.0
426.0967356994443 786.0
426.3596584661811 801.0
426.6225732824811 805.0
426.88548014786113 796.0
427.14837906183817 800.0
427.411270023929 798.0
427.6741530336505 789.0
427.9370280905195 790.0
428.199895194053 788.0
428.46275434376776 793.0
428.72560553918066 810.0
428.98844877980855 785.0
429.2512840651683 790.0
429.51411139477693 800.0
429.77693076815115 797.0
430.03974218480784 794.0
430.3025456442639 793.0
430.5653411460361 803.0
430.82812868964146 790.0
431.09090827459687 784.0
431.353679900419 795.0
431.61644356662487 779.0
431.87919927273134 788.0
432.1419470182551 794.0
432.40468680271334 799.0
432.66741862562276 796.0
432.93014248650013 797.0
433.1928583848624 782.0
433.45556632022647 801.0
433.7182662921092 790.0
433.9809583000275 804.0
434.24364234349815 800.0
434.506318422038 796.0
434.768986535164 802.0
435.031646682393 801.0
435.2942988632418 802.0
435.55694307722734 802.0
435.81957932386655 790.0
436.08220760267614 790.0
436.34482791317305 787.0
436.6074402548742 794.0
436.8700446272964 802.0
437.1326410299566 797.0
437.3952294623715 780.0
437.65780992405803 797.0
437.9203824145332 779.0
438.1829469333138 773.0
438.4455034799166 790.0
438.7080520538586 797.0
438.9705926546565 790.0
439.23312528182737 798.0
439.49564993488787 787.0
439.7581666133551 783.0
440.0206753167459 779.0
440.28317604457686 788.0
440.5456687963651 795.0
440.8081535716274 808.0
441.07063036988075 790.0
441.3330991906418 796.0
441.5955600334276 793.0
441.858012897755 800.0
442.12045778314075 780.0
442.3828946891018 774.0
442.6453236151551 789.0
442.9077445608174 787.0
443.17015752560553 800.0
443.4325625090365 794.0
443.69495951062703 808.0
443.95734852989415 798.0
444.21972956635454 794.0
444.4821026195253 796.0
444.74446768892307 792.0
445.00682477406485 779.0
445.2691738744674 804.0
445.5315149896478 798.0
445.79384811912274 794.0
446.05617326240906 801.0
446.31849041902376 800.0
446.58079958848356 799.0
446.8431007703055 789.0
447.10539396400634 796.0
447.367679169103 795.0
447.6299563851123 799.0
447.892225611551 821.0
448.15448684793625 795.0
448.4167400937847 786.0
448.67898534861325 796.0
448.9412226119389 788.0
449.2034518832783 801.0
449.46567316214856 796.0
449.72788644806633 799.0
449.99009174054856 778.0
450.2522890391122 790.0
450.514478343274 801.0
450.77665965255085 794.0
451.0388329664597 801.0
451.30099828451733 789.0
451.5631556062406 808.0
451.82530493114655 780.0
452.08744625875175 801.0
452.3495795885734 803.0
452.6117049201281 801.0
452.87382225293277 802.0
453.13593158650446 782.0
453.3980329203598 790.0
453.6601262540158 776.0
453.9222115869893 790.0
454.1842889187971 795.0
454.4463582489562 785.0
454.70841957698343 802.0
454.97047290239556 786.0
455.23251822470957 798.0
455.49455554344223 803.0
455.75658485811044 785.0
456.0186061682312 789.0
456.2806194733211 806.0
456.5426247728973 797.0
456.8046220664765 792.0
457.0666113535756 792.0
457.32859263371154 784.0
457.5905659064011 793.0
457.8525311711611 797.0
458.1144884275086 797.0
458.37643767496024 792.0
458.6383789130331 787.0
458.9003121412439 790.0
459.1622373591095 763.0
459.4241545661469 790.0
459.68606376187284 790.0
459.9479649458043 802.0
460.2098581174581 800.0
460.471743276351 784.0
460.733620422 798.0
460.9954895539219 779.0
461.2573506716337 795.0
461.51920377465206 778.0
461.78104886249406 795.0
462.0428859346764 787.0
462.304714990716 796.0
462.5665360301298 805.0
462.82834905243453 796.0
463.09015405714723 802.0
463.35195104378465 788.0
463.6137400118636 789.0
463.8755209609011 804.0
464.13729389041396 806.0
464.399058799919 803.0
464.6608156889332 810.0
464.92256455697327 801.0
465.18430540355615 795.0
465.4460382281988 786.0
465.707763030418 803.0
465.96947980973056 794.0
466.23118856565344 799.0
466.49288929770347 796.0
466.75458200539765 768.0
467.0162666882526 797.0
467.27794334578533 792.0
467.5396119775127 789.0
467.8012725829516 809.0
468.0629251616188 802.0
468.3245697130314 790.0
468.586206236706 792.0
468.8478347321596 778.0
469.109455198909 807.0
469.3710676364711 801.0
469.6326720443629 802.0
469.89426842210105 796.0
470.1558567692025 792.0
470.4174370851842 780.0
470.6790093695629 786.0
470.94057362185555 793.0
471.20212984157905 804.0
471.4636780282501 805.0
471.72521818138574 782.0
471.9867503005027 798.0
472.248274385118 800.0
472.5097904347484 784.0
472.7712984489108 790.0
473.03279842712203 804.0
473.29429036889906 793.0
473.55577427375863 799.0
473.8172501412177 787.0
474.07871797079315 775.0
474.34017776200176 797.0
474.6016295143605 795.0
474.8630732273861 791.0
475.1245089005955 804.0
475.3859365335057 797.0
475.64735612563334 799.0
475.9087676764954 795.0
476.1701711856088 793.0
476.4315666524903 805.0
476.6929540766569 793.0
476.95433345762535 782.0
477.2157047949125 794.0
477.47706808803537 790.0
477.7384233365106 786.0
477.9997705398553 811.0
478.26110969758616 802.0
478.52244080922014 802.0
478.78376387427414 804.0
479.04507889226494 797.0
479.3063858627094 798.0
479.5676847851245 797.0
479.828975659027 795.0
480.0902584839338 772.0
480.3515332593618 803.0
480.61279998482775 799.0
480.8740586598487 793.0
481.13530928394147 796.0
481.3965518566228 799.0
481.65778637740965 796.0
481.9190128458189 788.0
482.1802312613674 803.0
482.4414416235721 790.0
482.70264393194964 799.0
482.9638381860171 788.0
483.2250243852913 794.0
483.4862025292891 788.0
483.7473726175273 773.0
484.0085346495229 790.0
484.26968862479265 795.0
484.5308345428534 796.0
484.79197240322225 803.0
485.0531022054157 794.0
485.314223948951 798.0
485.57533763334476 801.0
485.8364432581139 804.0
486.0975408227754 798.0
486.35863032684597 790.0
486.61971176984247 808.0
486.880785151282 784.0
487.1418504706812 792.0
487.402907727557 792.0
487.66395692142635 794.0
487.92499805180597 793.0
488.18603111821284 796.0
488.44705612016384 802.0
488.7080730571757 805.0
488.9690819287655 800.0
489.2300827344499 786.0
489.49107547374587 797.0
489.75206014617027 794.0
490.01303675124 797.0
490.27400528847187 769.0
490.53496575738274 788.0
490.79591815748955 809.0
491.05686248830915 794.0
491.31779874935836 790.0
491.57872694015396 794.0
491.8396470602131 799.0
492.1005591090524 790.0
492.3614630861888 787.0
492.6223589911392 797.0
492.88324682342045 797.0
493.14412658254946 795.0
493.40499826804296 774.0
493.66586187941795 784.0
493.92671741619125 792.0
494.18756487787977 794.0
494.44840426400026 788.0
494.70923557406974 791.0
494.97005880760497 807.0
495.23087396412285 805.0
495.4916810431403 785.0
495.7524800441741 790.0
496.01327096674123 782.0
496.27405381035845 812.0
496.53482857454264 809.0
496.79559525881075 804.0
497.05635386267954 804.0
497.31710438566597 793.0
497.57784682728686 826.0
497.8385811870591 806.0
498.0993074644995 813.0
498.360025659125 804.0
498.6207357704524 790.0
498.88143779799873 805.0
499.14213174128065 795.0
499.40281759981514 811.0
499.6634953731191 800.0
499.92416506070924 797.0
500.1848266621026 801.0
500.445480176816 793.0
500.70612560436615 801.0
500.96676294427016 796.0
501.22739219604483 785.0
501.48801335920695 806.0
501.74862643327344 796.0
502.00923141776116 805.0
502.2698283121869 789.0
502.5304171160677 799.0
502.7909978289203 795.0
503.0515704502616 809.0
503.31213497960846 803.0
503.57269141647777 788.0
503.8332397603864 788.0
504.09378001085116 790.0
504.354312167389 808.0
504.6148362295168 771.0
504.8753521967513 808.0
505.1358600686094 803.0
505.3963598446082 788.0
505.6568515242642 800.0
505.9173351070945 804.0
506.17781059261597 797.0
506.4382779803454 788.0
506.69873726979966 803.0
506.95918846049574 786.0
507.2196315519502 803.0
507.4800665436803 801.0
507.74049343520267 788.0
508.00091222603425 782.0
508.261322915692 788.0
508.5217255036924 804.0
508.7821199895529 798.0
509.0425063727899 789.0
509.3028846529204 792.0
509.5632548294615 789.0
509.8236169019296 792.0
510.0839708698421 775.0
510.3443167327155 794.0
510.60465449006676 797.0
510.8649841414127 795.0
511.12530568627034 802.0
511.3856191241566 808.0
511.64592445458794 786.0
511.90622167708165 804.0
512.1665107911545 791.0
512.4267917963232 799.0
512.6870646921047 800.0
512.947329478016 799.0
513.2075861535739 806.0
513.467834718295 799.0
513.7280751716964 780.0
513.9883075132952 788.0
514.248531742608 778.0
514.5087478591515 781.0
514.7689558624429 795.0
515.0291557519989 802.0
515.2893475273365 805.0
515.5495311879723 793.0
515.8097067334235 796.0
516.0698741632067 794.0
516.3300334768389 797.0
516.5901846738369 805.0
516.8503277537177 797.0
517.1104627159981 790.0
517.3705895601947 797.0
517.630708285825 788.0
517.8908188924053 781.0
518.1509213794526 783.0
518.411015746484 785.0
518.6711019930159 795.0
518.9311801185657 794.0
519.19125012265 796.0
519.4513120047856 808.0
519.7113657644896 793.0
519.9714114012784 780.0
520.2314489146695 806.0
520.4914783041794 796.0
520.751499569325 796.0
521.0115127096234 788.0
521.271517724591 790.0
521.5315146137451 805.0
521.7915033766022 791.0
522.0514840126796 793.0
522.3114565214938 797.0
522.5714209025618 787.0
522.8313771554007 806.0
523.0913252795269 792.0
523.3512652744578 810.0
523.6111971397097 798.0
523.8711208747998 799.0
524.1310364792452 784.0
524.390943952562 788.0
524.6508432942679 789.0
524.9107345038794 797.0
525.1706175809132 783.0
525.4304925248866 790.0
525.690359335316 780.0
525.9502180117188 793.0
526.2100685536113 792.0
526.4699109605107 800.0
526.729745231934 784.0
526.9895713673975 804.0
527.2493893664187 801.0
527.5091992285141 799.0
527.7690009532007 786.0
528.0287945399953 790.0
528.2885799884149 782.0
528.5483572979764 791.0
528.8081264681963 799.0
529.0678874985917 791.0
529.3276403886796 788.0
529.5873851379768 798.0
529.8471217460001 792.0
530.1068502122662 792.0
530.3665705362923 799.0
530.6262827175951 795.0
530.8859867556915 787.0
531.1456826500984 797.0
531.4053704003326 800.0
531.6650500059111 802.0
531.9247214663504 790.0
532.1843847811678 800.0
532.4440399498801 794.0
532.7036869720038 803.0
532.9633258470562 805.0
533.222956574554 796.0
533.4825791540142 793.0
533.7421935849534 800.0
534.0017998668885 790.0
534.2613979993366 801.0
534.5209879818145 806.0
534.780569813839 788.0
535.0401434949268 801.0
535.2997090245951 791.0
535.5592664023607 782.0
535.8188156277402 791.0
536.0783567002508 784.0
536.3378896194092 805.0
536.5974143847321 801.0
536.8569309957369 801.0
537.1164394519398 796.0
537.3759397528582 794.0
537.6354318980087 790.0
537.8949158869082 809.0
538.1543917190737 798.0
538.4138593940218 798.0
538.6733189112697 784.0
538.932770270334 785.0
539.1922134707318 786.0
539.4516485119797 805.0
539.7110753935946 792.0
539.9704941150937 787.0
540.2299046759937 789.0
540.4893070758112 778.0
540.7487013140633 795.0
541.008087390267 804.0
541.2674653039389 803.0
541.526835054596 805.0
541.7861966417552 802.0
542.0455500649333 778.0
542.3048953236471 801.0
542.5642324174137 798.0
542.8235613457497 801.0
543.0828821081722 791.0
543.3421947041979 803.0
543.6014991333436 797.0
543.8607953951266 788.0
544.1200834890632 790.0
544.3793634146708 794.0
544.6386351714658 784.0
544.8978987589653 794.0
545.1571541766862 795.0
545.4164014241451 789.0
545.6756405008593 787.0
545.9348714063455 796.0
546.1940941401203 790.0
546.4533087017008 789.0
546.712515090604 788.0
546.9717133063466 792.0
547.2309033484453 798.0
547.4900852164174 804.0
547.7492589097793 804.0
548.0084244280482 794.0
548.2675817707409 775.0
548.526730937374 786.0
548.7858719274648 797.0
549.0450047405299 802.0
549.3041293760863 778.0
549.5632458336507 807.0
549.82235411274 804.0
550.0814542128714 804.0
550.3405461335612 812.0
550.5996298743269 799.0
550.8587054346848 775.0
551.117772814152 788.0
551.3768320122455 788.0
551.6358830284819 792.0
551.8949258623783 789.0
552.1539605134514 801.0
552.4129869812182 801.0
552.6720052651955 794.0
552.9310153649002 797.0
553.1900172798491 788.0
553.4490110095592 798.0
553.7079965535472 791.0
553.9669739113302 794.0
554.2259430824248 779.0
554.484904066348 790.0
554.7438568626167 787.0
555.0028014707476 801.0
555.261737890258 781.0
555.520666120664 792.0
555.7795861614834 786.0
556.0384980122324 801.0
556.2974016724281 799.0
556.5562971415874 789.0
556.8151844192269 802.0
557.0740635048638 798.0
557.3329343980148 801.0
557.5917970981968 811.0
557.8506516049267 801.0
558.1094979177213 791.0
558.3683360360976 795.0
558.6271659595724 797.0
558.8859876876625 797.0
559.1448012198848 798.0
559.4036065557561 796.0
559.6624036947936 787.0
559.9211926365136 806.0
560.1799733804337 790.0
560.43874592607 805.0
560.6975102729399 786.0
560.9562664205602 793.0
561.2150143684473 792.0
561.4737541161188 796.0
561.732485663091 788.0
561.9912090088809 803.0
562.2499241530056 793.0
562.5086310949818 781.0
562.7673298343262 779.0
563.026020370556 792.0
563.2847027031879 805.0
563.5433768317389 798.0
563.8020427557254 777.0
564.0607004746649 787.0
564.3193499880738 804.0
564.5779912954692 784.0
564.8366243963679 782.0
565.0952492902868 781.0
565.3538659767429 779.0
565.6124744552527 816.0
565.8710747253335 806.0
566.1296667865018 787.0
566.3882506382747 781.0
566.6468262801691 792.0
566.9053937117014 776.0
567.1639529323893 784.0
567.4225039417488 790.0
567.6810467392974 792.0
567.9395813245517 796.0
568.1981076970284 786.0
568.4566258562448 787.0
568.7151358017175 787.0
568.9736375329633 795.0
569.2321310494995 784.0
569.4906163508422 797.0
569.749093436509 802.0
570.0075623060163 799.0
570.2660229588813 798.0
570.5244753946206 793.0
570.7829196127512 776.0
571.0413556127901 800.0
571.2997833942537 787.0
571.5582029566596 794.0
571.8166142995238 797.0
572.075017422364 806.0
572.3334123246967 781.0
572.5917990060384 779.0
572.8501774659068 779.0
573.108547703818 808.0
573.3669097192892 796.0
573.6252635118373 790.0
573.8836090809789 781.0
574.1419464262314 786.0
574.400275547111 786.0
574.6585964431351 786.0
574.9169091138205 798.0
575.1752135586836 789.0
575.4335097772419 786.0
575.6917977690118 788.0
575.9500775335105 800.0
576.2083490702545 806.0
576.4666123787609 801.0
576.7248674585469 796.0
576.9831143091286 798.0
577.2413529300236 794.0
577.4995833207483 792.0
577.7578054808198 800.0
578.0160194097549 788.0
578.2742251070703 785.0
578.5324225722832 779.0
578.7906118049101 785.0
579.0487928044681 793.0
579.3069655704743 785.0
579.565130102445 804.0
579.8232863998975 788.0
580.0814344623485 779.0
580.339574289315 794.0
580.5977058803137 802.0
580.8558292348614 803.0
581.1139443524753 785.0
581.3720512326721 797.0
581.6301498749685 795.0
581.8882402788817 818.0
582.146322443928 782.0
582.4043963696251 792.0
582.6624620554893 793.0
582.9205195010375 792.0
583.1785687057866 785.0
583.4366096692537 806.0
583.6946423909554 789.0
583.9526668704085 809.0
584.2106831071303 821.0
584.4686911006373 861.0
584.7266908504463 903.0
584.9846823560746 954.0
585.2426656170385 1100.0
585.5006406328554 1040.0
585.7586074030418 956.0
586.0165659271148 879.0
586.2745162045912 820.0
586.5324582349878 811.0
586.7903920178214 802.0
587.0483175526091 806.0
587.3062348388676 804.0
587.5641438761138 808.0
587.8220446638645 803.0
588.0799372016369 830.0
588.3378214889474 827.0
588.5956975253132 818.0
588.8535653102509 809.0
589.1114248432776 805.0
589.3692761239103 799.0
589.6271191516653 809.0
589.88495392606 788.0
590.1427804466111 795.0
590.4005987128355 792.0
590.6584087242501 792.0
590.9162104803713 794.0
591.1740039807169 785.0
591.4317892248029 776.0
591.6895662121466 787.0
591.9473349422648 798.0
592.2050954146741 793.0
592.462847628892 801.0
592.7205915844347 801.0
592.9783272808194 802.0
593.236054717563 803.0
593.493773894182 799.0
593.7514848101939 816.0
594.009187465115 814.0
594.2668818584625 834.0
594.5245679897531 836.0
594.7822458585038 830.0
595.0399154642313 805.0
595.2975768064524 804.0
595.5552298846843 806.0
595.8128746984438 802.0
596.0705112472474 803.0
596.3281395306126 802.0
596.5857595480555 809.0
596.8433712990935 801.0
597.1009747832434 778.0
597.3585700000219 808.0
597.6161569489462 817.0
597.8737356295327 816.0
598.1313060412986 810.0
598.3888681837607 792.0
598.6464220564358 800.0
598.9039676588409 791.0
599.1615049904925 793.0
599.4190340509081 806.0
599.676554839604 787.0
599.9340673560972 794.0
600.1915715999048 807.0
600.4490675705435 784.0
600.7065552675302 783.0
600.9640346903817 783.0
601.221505838615 803.0
601.4789687117469 785.0
601.7364233092942 787.0
601.9938696307739 780.0
602.2513076757026 789.0
602.5087374435976 794.0
602.7661589339755 798.0
603.023572146353 807.0
603.2809770802475 797.0
603.5383737351752 803.0
603.7957621106534 809.0
604.053142206199 795.0
604.3105140213286 798.0
604.5678775555593 788.0
604.8252328084078 794.0
605.0825797793912 778.0
605.3399184680261 779.0
605.5972488738295 810.0
605.8545709963181 804.0
606.111884835009 793.0
606.3691903894193 802.0
606.6264876590651 817.0
606.883776643464 797.0
607.1410573421324 833.0
607.3983297545875 838.0
607.6555938803461 840.0
607.9128497189247 835.0
608.1700972698408 813.0
608.4273365326108 801.0
608.6845675067516 805.0
608.9417901917803 805.0
609.1990045872135 819.0
609.4562106925683 846.0
609.7134085073615 867.0
609.9705980311098 841.0
610.2277792633305 816.0
610.4849522035397 816.0
610.7421168512552 815.0
610.9992732059933 789.0
611.2564212672709 798.0
611.5135610346049 791.0
611.7706925075122 797.0
612.0278156855098 792.0
612.2849305681145 809.0
612.542037154843 780.0
612.7991354452124 799.0
613.0562254387393 811.0
613.3133071349409 806.0
613.5703805333337 823.0
613.8274456334349 861.0
614.0845024347612 908.0
614.3415509368294 964.0
614.5985911391567 929.0
614.8556230412595 880.0
615.1126466426551 832.0
615.36966194286 819.0
615.6266689413914 797.0
615.8836676377659 806.0
616.1406580315004 811.0
616.3976401221121 821.0
616.6546139091173 814.0
616.9115793920333 809.0
617.1685365703769 800.0
617.4254854436648 792.0
617.6824260114142 792.0
617.9393582731417 789.0
618.196282228364 793.0
618.4531978765983 798.0
618.7101052173614 782.0
618.9670042501702 822.0
619.2238949745413 801.0
619.4807773899919 797.0
619.7376514960388 809.0
619.9945172921986 800.0
620.2513747779885 796.0
620.508223952925 794.0
620.7650648165256 809.0
621.0218973683066 803.0
621.2787216077849 811.0
621.5355375344776 809.0
621.7923451479013 809.0
622.0491444475734 796.0
622.3059354330103 795.0
622.5627181037288 807.0
622.8194924592461 804.0
623.0762584990788 793.0
623.333016222744 798.0
623.5897656297584 787.0
623.8465067196389 783.0
624.1032394919024 798.0
624.3599639460657 794.0
624.6166800816459 795.0
624.8733878981594 793.0
625.1300873951237 805.0
625.3867785720552 795.0
625.6434614284708 795.0
625.9001359638876 808.0
626.1568021778221 805.0
626.4134600697917 832.0
626.6701096393127 859.0
626.9267508859024 849.0
627.1833838090776 816.0
627.4400084083547 799.0
627.6966246832512 798.0
627.9532326332837 802.0
628.2098322579691 795.0
628.4664235568243 798.0
628.723006529366 803.0
628.9795811751112 815.0
629.2361474935768 799.0
629.4927054842794 781.0
629.7492551467363 791.0
630.0057964804641 801.0
630.2623294849799 820.0
630.5188541598001 836.0
630.775370504442 825.0
631.0318785184223 802.0
631.2883782012578 792.0
631.5448695524658 786.0
631.8013525715625 799.0
632.0578272580652 802.0
632.3142936114906 800.0
632.5707516313557 805.0
632.8272013171775 814.0
633.0836426684723 824.0
633.3400756847575 865.0
633.5965003655499 854.0
633.8529167103661 828.0
634.1093247187234 800.0
634.3657243901381 801.0
634.6221157241276 806.0
634.8784987202085 801.0
635.1348733778977 774.0
635.3912396967121 801.0
635.6475976761684 801.0
635.9039473157839 810.0
636.1602886150749 797.0
636.4166215735588 791.0
636.6729461907521 785.0
636.9292624661718 787.0
637.1855703993349 798.0
637.4418699897578 801.0
637.6981612369581 808.0
637.9544441404521 816.0
638.2107186997567 877.0
638.4669849143892 865.0
638.7232427838659 862.0
638.979492307704 847.0
639.2357334854204 863.0
639.4919663165317 944.0
639.7481908005552 1049.0
640.0044069370073 1236.0
640.2606147254052 1387.0
640.5168141652655 1307.0
640.7730052561054 1136.0
641.0291879974413 962.0
641.2853623887906 871.0
641.5415284296699 829.0
641.797686119596 800.0
642.0538354580859 799.0
642.3099764446565 805.0
642.5661090788245 807.0
642.8222333601069 814.0
643.0783492880205 810.0
643.3344568620822 791.0
643.5905560818089 793.0
643.8466469467173 791.0
644.1027294563247 784.0
644.3588036101473 795.0
644.6148694077026 796.0
644.8709268485071 807.0
645.1269759320778 802.0
645.3830166579316 786.0
645.6390490255851 791.0
645.8950730345556 810.0
646.1510886843597 805.0
646.4070959745143 790.0
646.6630949045363 790.0
646.9190854739425 808.0
647.17506768225 801.0
647.4310415289752 795.0
647.6870070136354 795.0
647.9429641357473 802.0
648.1989128948277 811.0
648.4548532903938 803.0
648.7107853219619 807.0
648.9667089890495 803.0
649.222624291173 807.0
649.4785312278494 799.0
649.7344297985958 801.0
649.9903200029287 837.0
650.2462018403652 855.0
650.502075310422 915.0
650.7579404126162 894.0
651.0137971464646 886.0
651.2696455114838 851.0
651.525485507191 808.0
651.7813171331029 807.0
652.0371403887364 798.0
652.2929552736086 804.0
652.5487617872358 806.0
652.8045599291355 798.0
653.0603496988242 811.0
653.3161310958188 811.0
653.5719041196362 805.0
653.8276687697933 804.0
654.0834250458071 810.0
654.3391729471941 791.0
654.5949124734717 778.0
654.8506436241562 801.0
655.1063663987647 792.0
655.3620807968144 802.0
655.6177868178215 798.0
655.8734844613035 811.0
656.129173726777 805.0
656.3848546137588 806.0
656.6405271217659 808.0
656.8961912503149 792.0
657.1518469989231 795.0
657.4074943671071 789.0
657.6631333543837 798.0
657.9187639602701 803.0
658.1743861842826 793.0
658.4300000259387 805.0
658.6856054847549 788.0
658.9412025602483 802.0
659.1967912519353 802.0
659.4523715593333 808.0
659.707943481959 822.0
659.9635070193291 836.0
660.2190621709606 830.0
660.4746089363705 812.0
660.7301473150753 799.0
660.9856773065924 805.0
661.2411989104381 800.0
661.4967121261298 795.0
661.7522169531838 794.0
662.0077133911174 799.0
662.2632014394475 802.0
662.5186810976904 789.0
662.7741523653638 791.0
663.029615241984 802.0
663.2850697270679 810.0
663.5405158201327 786.0
663.7959535206948 805.0
664.0513828282715 793.0
664.3068037423793 800.0
664.5622162625355 797.0
664.8176203882564 798.0
665.0730161190594 795.0
665.3284034544613 791.0
665.5837823939785 793.0
665.8391529371283 792.0
666.0945150834276 803.0
666.349868832393 789.0
666.6052141835415 786.0
666.8605511363899 805.0
667.1158796904554 824.0
667.3711998452544 817.0
667.626511600304 858.0
667.8818149551211 876.0
668.1371099092223 852.0
668.3923964621249 847.0
668.6476746133454 811.0
668.9029443624008 795.0
669.1582057088083 809.0
669.4134586520839 803.0
669.6687031917455 805.0
669.9239393273093 790.0
670.1791670582923 796.0
670.4343863842114 803.0
670.6895973045835 799.0
670.9447998189256 805.0
671.1999939267544 796.0
671.4551796275866 835.0
671.7103569209394 839.0
671.9655258063294 830.0
672.220686283274 836.0
672.475838351289 830.0
672.7309820098925 820.0
672.9861172586005 800.0
673.2412440969302 794.0
673.4963625243987 793.0
673.7514725405223 802.0
674.0065741448183 788.0
674.2616673368035 794.0
674.5167521159946 803.0
674.7718284819086 802.0
675.0268964340622 788.0
675.2819559719727 790.0
675.5370070951565 795.0
675.7920498031307 793.0
676.0470840954122 784.0
676.3021099715176 795.0
676.5571274309642 786.0
676.8121364732684 785.0
677.0671370979474 785.0
677.3221293045178 797.0
677.5771130924968 798.0
677.8320884614011 784.0
678.0870554107474 785.0
678.3420139400529 767.0
678.5969640488343 781.0
678.8519057366083 786.0
679.1068390028922 800.0
679.3617638472023 792.0
679.616680269056 794.0
679.8715882679699 800.0
680.1264878434607 794.0
680.3813789950458 792.0
680.6362617222414 798.0
680.8911360245651 792.0
681.146001901533 792.0
681.4008593526627 795.0
681.6557083774705 801.0
681.9105489754734 796.0
682.1653811461886 800.0
682.4202048891326 795.0
682.6750202038223 787.0
682.9298270897748 788.0
683.1846255465068 799.0
683.4394155735351 801.0
683.6941971703767 788.0
683.9489703365485 796.0
684.2037350715673 793.0
684.4584913749499 812.0
684.7132392462133 785.0
684.9679786848742 794.0
685.2227096904496 795.0
685.4774322624564 782.0
685.7321464004115 782.0
685.9868521038316 794.0
686.2415493722334 804.0
686.4962382051343 781.0
686.7509186020508 794.0
687.0055905624997 793.0
687.2602540859983 792.0
687.514909172063 794.0
687.7695558202109 804.0
688.0241940299587 803.0
688.2788238008236 802.0
688.5334451323221 804.0
688.7880580239712 785.0
689.042662475288 801.0
689.2972584857889 788.0
689.5518460549912 784.0
689.8064251824115 782.0
690.0609958675668 794.0
690.3155581099742 779.0
690.5701119091498 804.0
690.8246572646113 784.0
691.0791941758752 809.0
691.3337226424583 786.0
691.5882426638777 785.0
691.84275423965 794.0
692.0972573692924 806.0
692.3517520523214 828.0
692.6062382882542 834.0
692.8607160766074 873.0
693.1151854168979 861.0
693.3696463086428 857.0
693.6240987513587 838.0
693.8785427445628 806.0
694.1329782877717 803.0
694.3874053805022 789.0
694.6418240222713 800.0
694.8962342125958 812.0
695.1506359509929 799.0
695.405029236979 791.0
695.6594140700711 796.0
695.9137904497863 787.0
696.168158375641 792.0
696.4225178471527 794.0
696.676868863838 810.0
696.9312114252134 793.0
697.1855455307963 788.0
697.4398711801031 795.0
697.6941883726512 786.0
697.9484971079568 796.0
698.2027973855375 799.0
698.4570892049098 787.0
698.7113725655903 797.0
698.9656474670965 789.0
699.2199139089445 788.0
699.4741718906519 799.0
699.7284214117353 804.0
699.9826624717113 790.0
700.2368950700971 807.0
700.4911192064093 803.0
700.7453348801653 790.0
700.9995420908814 796.0
701.2537408380745 791.0
701.5079311212619 803.0
701.7621129399598 799.0
702.016286293686 787.0
702.2704511819566 809.0
702.5246076042886 817.0
702.778755560199 850.0
703.0328950492045 875.0
703.2870260708224 887.0
703.5411486245691 875.0
703.7952627099618 860.0
704.0493683265172 812.0
704.3034654737519 820.0
704.5575541511835 823.0
704.8116343583279 791.0
705.0657060947029 797.0
705.3197693598249 794.0
705.5738241532106 804.0
705.8278704743772 796.0
706.0819083228414 794.0
706.3359376981203 788.0
706.5899585997306 800.0
706.8439710271889 806.0
707.0979749800126 794.0
707.3519704577179 796.0
707.6059574598225 789.0
707.8599359858429 789.0
708.1139060352955 795.0
708.3678676076978 788.0
708.6218207025663 808.0
708.8757653194182 797.0
709.12970145777 801.0
709.3836291171389 806.0
709.6375482970416 797.0
709.8914589969946 811.0
710.1453612165157 810.0
710.3992549551208 789.0
710.6531402123275 794.0
710.9070169876522 801.0
711.1608852806118 792.0
711.4147450907236 789.0
711.6685964175037 796.0
711.9224392604699 792.0
712.1762736191384 778.0
712.4300994930262 774.0
712.6839168816504 794.0
712.9377257845274 796.0
713.1915262011746 788.0
713.4453181311087 777.0
713.6991015738463 798.0
713.9528765289045 791.0
714.2066429958 791.0
714.4604009740502 794.0
714.7141504631712 787.0
714.9678914626805 806.0
715.2216239720948 800.0
715.4753479909306 794.0
715.7290635187052 804.0
715.982770554935 805.0
716.2364690991376 797.0
716.4901591508293 787.0
716.743840709527 804.0
716.9975137747479 808.0
717.2511783460084 802.0
717.5048344228259 799.0
717.7584820047169 803.0
718.0121210911982 786.0
718.2657516817872 810.0
718.519373776 793.0
718.772987373354 794.0
719.026592473366 789.0
719.2801890755527 797.0
719.5337771794311 821.0
719.7873567845179 801.0
720.0409278903304 800.0
720.294490496385 798.0
720.5480446021987 799.0
720.8015902072887 789.0
721.0551273111711 784.0
721.3086559133636 786.0
721.5621760133826 783.0
721.815687610745 791.0
722.0691907049679 798.0
722.3226852955679 787.0
722.5761713820622 796.0
722.8296489639672 813.0
723.0831180408002 797.0
723.3365786120778 784.0
723.5900306773169 789.0
723.8434742360346 810.0
724.0969092877473 822.0
724.3503358319725 817.0
724.6037538682267 828.0
724.8571633960265 829.0
725.1105644148894 813.0
725.3639569243315 811.0
725.6173409238706 810.0
725.8707164130229 795.0
726.1240833913054 799.0
726.3774418582351 796.0
726.6307918133285 793.0
726.8841332561029 792.0
727.137466186075 806.0
727.3907906027619 793.0
727.6441065056802 798.0
727.8974138943464 794.0
728.1507127682783 798.0
728.4040031269918 810.0
728.6572849700045 796.0
728.9105582968331 802.0
729.1638231069941 793.0
729.4170794000048 787.0
729.6703271753817 794.0
729.923566432642 796.0
730.1767971713025 801.0
730.4300193908798 795.0
730.6832330908911 792.0
730.936438270853 789.0
731.1896349302828 800.0
731.442823068697 805.0
731.6960026856123 802.0
731.949173780546 796.0
732.2023363530145 781.0
732.4554904025351 784.0
732.7086359286245 787.0
732.9617729307997 788.0
733.2149014085775 808.0
733.4680213614745 804.0
733.7211327890079 802.0
733.9742356906943 795.0
734.2273300660511 804.0
734.4804159145946 792.0
734.7334932358416 791.0
734.9865620293094 806.0
735.2396222945147 809.0
735.4926740309744 810.0
735.7457172382054 788.0
735.9987519157243 790.0
736.2517780630484 800.0
736.504795679694 793.0
736.7578047651785 790.0
737.0108053190187 796.0
737.2637973407312 801.0
737.516780829833 798.0
737.769755785841 785.0
738.0227222082721 787.0
738.2756800966428 803.0
738.5286294504706 802.0
738.781570269272 806.0
739.0345025525638 786.0
739.2874262998632 795.0
739.5403415106866 790.0
739.7932481845512 797.0
740.046146320974 797.0
740.2990359194714 794.0
740.5519169795606 800.0
740.8047895007583 792.0
741.0576534825816 799.0
741.3105089245472 800.0
741.563355826172 799.0
741.8161941869729 792.0
742.0690240064664 800.0
742.3218452841702 790.0
742.5746580196005 790.0
742.8274622122741 796.0
743.0802578617083 793.0
743.3330449674197 795.0
743.5858235289254 806.0
743.8385935457418 816.0
744.0913550173865 798.0
744.3441079433758 807.0
744.5968523232264 798.0
744.8495881564559 798.0
745.1023154425804 798.0
745.3550341811174 790.0
745.6077443715835 797.0
745.8604460134952 805.0
746.1131391063701 797.0
746.3658236497243 780.0
746.6184996430754 799.0
746.87116708594 786.0
747.1238259778346 800.0
747.3764763182764 792.0
747.6291181067822 795.0
747.8817513428692 782.0
748.1343760260539 794.0
748.3869921558529 789.0
748.6395997317837 793.0
748.8921987533628 786.0
749.1447892201071 784.0
749.3973711315336 787.0
749.6499444871589 790.0
749.9025092865003 799.0
750.1550655290741 799.0
750.4076132143978 802.0
750.6601523419877 801.0
750.912682911361 801.0
751.1652049220347 804.0
751.4177183735251 791.0
751.6702232653497 790.0
751.9227195970248 802.0
752.1752073680677 795.0
752.4276865779954 790.0
752.680157226324 799.0
752.9326193125712 789.0
753.1850728362533 780.0
753.4375177968876 807.0
753.6899541939908 805.0
753.9423820270795 802.0
754.194801295671 798.0
754.4472119992819 799.0
754.6996141374291 798.0
754.9520077096296 791.0
755.2043927154 794.0
755.4567691542577 807.0
755.7091370257187 777.0
755.9614963293008 783.0
756.2138470645202 784.0
756.4661892308942 812.0
756.7185228279395 799.0
756.9708478551728 795.0
757.2231643121112 797.0
757.4754721982714 790.0
757.7277715131704 800.0
757.9800622563251 802.0
758.2323444272521 797.0
758.4846180254688 798.0
758.7368830504913 801.0
758.9891395018373 785.0
759.2413873790232 776.0
759.4936266815657 802.0
759.7458574089821 793.0
759.9980795607888 804.0
760.2502931365033 790.0
760.502498135642 806.0
760.7546945577217 801.0
761.0068824022595 782.0
761.2590616687722 804.0
761.5112323567769 797.0
761.7633944657899 811.0
762.0155479953288 797.0
762.26769294491 782.0
762.5198293140501 801.0
762.7719571022666 788.0
763.024076309076 802.0
763.2761869339953 807.0
763.5282889765415 799.0
763.780382436231 806.0
764.032467312581 806.0
764.2845436051083 796.0
764.53661131333 776.0
764.7886704367629 801.0
765.0407209749233 784.0
765.2927629273288 785.0
765.5447962934958 793.0
765.7968210729414 807.0
766.0488372651824 799.0
766.3008448697357 802.0
766.5528438861181 799.0
766.8048343138464 801.0
767.0568161524378 791.0
767.3087894014087 796.0
767.5607540602764 799.0
767.8127101285577 793.0
768.0646576057691 811.0
768.3165964914278 802.0
768.5685267850505 794.0
768.8204484861544 781.0
769.0723615942561 793.0
769.3242661088722 785.0
769.5761620295201 800.0
769.8280493557162 786.0
770.0799280869778 794.0
770.3317982228216 793.0
770.5836597627642 801.0
770.835512706323 796.0
771.0873570530143 782.0
771.3391928023555 783.0
771.591019953863 784.0
771.8428385070538 776.0
772.094648461445 796.0
772.3464498165532 785.0
772.5982425718955 803.0
772.8500267269885 796.0
773.1018022813494 786.0
773.3535692344948 788.0
773.6053275859415 802.0
773.8570773352067 799.0
774.108818481807 796.0
774.3605510252594 777.0
774.6122749650807 784.0
774.8639903007878 792.0
775.1156970318975 788.0
775.3673951579267 800.0
775.6190846783925 796.0
775.8707655928115 799.0
776.1224379007004 810.0
776.3741016015766 794.0
776.6257566949563 798.0
776.8774031803571 788.0
777.1290410572955 788.0
777.3806703252881 800.0
777.6322909838522 790.0
777.8839030325043 795.0
778.1355064707618 789.0
778.3871012981411 780.0
778.6386875141592 802.0
778.890265118333 800.0
779.1418341101793 810.0
779.3933944892151 790.0
779.6449462549571 788.0
779.8964894069222 784.0
780.1480239446275 794.0
780.3995498675895 790.0
780.6510671753255 782.0
780.9025758673517 790.0
781.1540759431858 791.0
781.4055674023442 796.0
781.6570502443437 793.0
781.9085244687013 781.0
782.159990074934 791.0
782.4114470625585 793.0
782.6628954310918 785.0
782.9143351800503 798.0
783.1657663089516 800.0
783.4171888173119 788.0
783.6686027046486 791.0
783.9200079704783 797.0
784.1714046143178 787.0
784.4227926356843 788.0
784.6741720340941 805.0
784.9255428090647 795.0
785.1769049601126 801.0
785.4282584867548 812.0
785.6796033885082 802.0
785.9309396648893 784.0
786.1822673154155 795.0
786.4335863396033 795.0
786.6848967369698 814.0
786.9361985070317 804.0
787.1874916493058 785.0
787.4387761633094 777.0
787.6900520485588 798.0
787.9413193045713 802.0
788.1925779308636 814.0
788.4438279269523 789.0
788.6950692923548 799.0
788.9463020265875 800.0
789.1975261291677 799.0
789.448741599612 792.0
789.6999484374371 779.0
789.9511466421604 804.0
790.2023362132982 803.0
790.4535171503677 794.0
790.7046894528855 806.0
790.9558531203689 788.0
791.2070081523347 778.0
791.458154548299 777.0
791.7092923077797 779.0
791.9604214302931 785.0
792.2115419153562 798.0
792.462653762486 803.0
792.7137569711989 800.0
792.9648515410123 787.0
793.2159374714428 786.0
793.4670147620074 781.0
793.718083412223 801.0
793.9691434216061 809.0
794.220194789674 785.0
794.4712375159432 789.0
794.722271599931 802.0
794.9732970411541 783.0
795.2243138391292 778.0
795.4753219933733 787.0
795.7263215034031 794.0
795.9773123687357 787.0
796.2282945888878 786.0
796.4792681633767 797.0
796.7302330917187 802.0
796.9811893734307 782.0
797.23213700803 780.0
797.483075995033 794.0
797.7340063339569 799.0
797.9849280243186 787.0
798.2358410656345 789.0
798.4867454574222 794.0
798.7376411991978 788.0
798.9885282904788 793.0
799.2394067307818 789.0
799.4902765196234 786.0
799.741137656521 795.0
799.9919901409909 788.0
800.2428339725506 792.0
800.4936691507165 795.0
800.7444956750055 786.0
800.9953135449347 776.0
801.2461227600207 796.0
801.4969233197808 794.0
801.7477152237312 793.0
801.9984984713894 796.0
802.2492730622722 796.0
802.5000389958959 805.0
802.7507962717781 788.0
803.0015448894349 797.0
803.252284848384 800.0
803.5030161481417 795.0
803.7537387882248 791.0
804.0044527681507 771.0
804.2551580874358 785.0
804.5058547455972 785.0
804.7565427421519 788.0
805.0072220766161 783.0
805.2578927485075 785.0
805.5085547573423 794.0
805.7592081026379 797.0
806.009852783911 786.0
806.2604888006782 784.0
806.5111161524568 794.0
806.7617348387631 792.0
807.0123448591147 780.0
807.2629462130279 789.0
807.5135389000196 788.0
807.7641229196071 797.0
808.0146982713067 799.0
808.2652649546358 789.0
808.5158229691108 794.0
808.7663723142489 794.0
809.016912989567 781.0
809.2674449945815 789.0
809.5179683288098 791.0
809.7684829917686 792.0
810.0189889829746 796.0
810.269486301945 792.0
810.5199749481961 798.0
810.7704549212456 799.0
811.0209262206095 781.0
811.2713888458052 794.0
811.5218427963496 777.0
811.7722880717591 803.0
812.022724671551 810.0
812.2731525952421 795.0
812.5235718423493 788.0
812.7739824123893 790.0
813.0243843048788 786.0
813.2747775193352 785.0
813.5251620552749 796.0
813.7755379122152 800.0
814.0259050896724 792.0
814.276263587164 799.0
814.5266134042064 792.0
814.7769545403165 801.0
815.0272869950115 791.0
815.2776107678079 796.0
815.5279258582229 794.0
815.7782322657732 799.0
816.0285299899754 785.0
816.2788190303468 790.0
816.529099386404 780.0
816.7793710576641 778.0
817.0296340436439 791.0
817.2798883438601 796.0
817.5301339578298 796.0
817.7803708850694 785.0
818.0305991250964 797.0
818.2808186774273 796.0
818.531029541579 778.0
818.7812317170685 789.0
819.0314252034124 798.0
819.281610000128 795.0
819.5317861067317 788.0
819.7819535227408 784.0
820.0321122476719 799.0
820.2822622810417 795.0
820.5324036223675 789.0
820.7825362711658 794.0
821.0326602269538 787.0
821.2827754892483 785.0
821.5328820575656 793.0
821.7829799314234 803.0
822.033069110338 799.0
822.2831495938267 800.0
822.5332213814061 796.0
822.7832844725929 795.0
823.0333388669044 798.0
823.283384563857 792.0
823.533421562968 791.0
823.7834498637541 807.0
824.033469465732 795.0
824.2834803684189 795.0
824.5334825713311 788.0
824.7834760739862 798.0
825.0334608759005 795.0
825.2834369765912 788.0
825.5334043755751 811.0
825.7833630723688 797.0
826.0333130664897 787.0
826.2832543574541 799.0
826.5331869447793 788.0
826.783110827982 793.0
827.0330260065789 780.0
827.2829324800872 796.0
827.5328302480233 787.0
827.7827193099047 789.0
828.032599665248 790.0
828.2824713135695 807.0
828.532334254387 792.0
828.7821884872168 789.0
829.0320340115759 774.0
829.2818708269813 798.0
829.5316989329494 794.0
829.7815183289979 791.0
830.0313290146428 777.0
830.2811309894015 788.0
830.5309242527906 798.0
830.7807088043272 793.0
831.0304846435281 790.0
831.2802517699099 795.0
831.5300101829899 787.0
831.7797598822846 781.0
832.0295008673112 775.0
832.2792331375864 766.0
832.5289566926268 794.0
832.7786715319497 784.0
833.0283776550717 796.0
833.27807506151 793.0
833.5277637507811 787.0
833.7774437224018 796.0
834.0271149758895 804.0
834.2767775107606 792.0
834.526431326532 800.0
834.7760764227208 805.0
835.0257127988438 797.0
835.2753404544177 795.0
835.5249593889594 785.0
835.774569601986 792.0
836.0241710930143 801.0
836.2737638615607 817.0
836.5233479071428 791.0
836.7729232292768 796.0
837.0224898274802 789.0
837.2720477012693 792.0
837.5215968501614 790.0
837.7711372736733 796.0
838.0206689713215 789.0
838.2701919426232 793.0
838.5197061870952 786.0
838.7692117042545 779.0
839.0187084936177 789.0
839.2681965547017 800.0
839.5176758870236 789.0
839.7671464901001 783.0
840.0166083634483 791.0
840.2660615065847 779.0
840.5155059190262 784.0
840.7649416002901 789.0
841.0143685498927 784.0
841.2637867673512 788.0
841.5131962521828 791.0
841.7625970039035 815.0
842.0119890220308 796.0
842.2613723060813 794.0
842.5107468555723 793.0
842.76011267002 777.0
843.0094697489418 779.0
843.2588180918546 787.0
843.5081576982747 785.0
843.7574885677194 791.0
844.0068106997054 780.0
844.25612409375 782.0
844.5054287493696 783.0
844.754724666081 802.0
845.0040118434015 788.0
845.2532902808475 795.0
845.5025599779364 793.0
845.7518209341847 789.0
846.0010731491091 791.0
846.2503166222269 779.0
846.4995513530547 790.0
846.7487773411094 798.0
846.9979945859081 800.0
847.2472030869674 790.0
847.4964028438043 782.0
847.7455938559353 789.0
847.994776122878 789.0
848.2439496441485 802.0
848.4931144192642 793.0
848.7422704477419 791.0
848.9914177290981 794.0
849.2405562628502 796.0
849.4896860485144 784.0
849.7388070856083 785.0
849.9879193736485 800.0
850.2370229121515 790.0
850.4861177006346 795.0
850.7352037386146 787.0
850.9842810256082 785.0
851.2333495611326 799.0
851.482409344704 798.0
851.7314603758401 804.0
851.9805026540571 784.0
852.2295361788724 801.0
852.4785609498026 785.0
852.7275769663643 792.0
852.9765842280748 813.0
853.2255827344507 800.0
853.4745724850093 789.0
853.7235534792667 790.0
853.9725257167406 786.0
854.2214891969475 789.0
854.4704439194039 801.0
854.7193898836274 798.0
854.9683270891342 788.0
855.2172555354416 797.0
855.4661752220665 784.0
855.7150861485252 796.0
855.9639883143353 790.0
856.212881719013 792.0
856.4617663620759 792.0
856.7106422430403 800.0
856.9595093614231 792.0
857.2083677167415 783.0
857.4572173085119 786.0
857.7060581362517 798.0
857.9548901994776 780.0
858.2037134977061 778.0
858.4525280304546 792.0
858.7013337972394 792.0
858.950130797578 774.0
859.1989190309868 779.0
859.4476984969828 788.0
859.696469195083 791.0
859.9452311248039 797.0
860.1939842856627 790.0
860.4427286771763 792.0
860.6914642988615 802.0
860.9401911502351 789.0
861.1889092308139 801.0
861.437618540115 795.0
861.686319077655 800.0
861.935010842951 788.0
862.1836938355198 796.0
862.432368054878 800.0
862.6810335005429 794.0
862.9296901720311 788.0
863.1783380688596 798.0
863.4269771905452 780.0
863.6756075366046 801.0
863.9242291065551 793.0
864.1728418999131 783.0
864.4214459161959 779.0
864.6700411549201 792.0
864.9186276156024 794.0
865.1672052977602 790.0
865.4157742009098 783.0
865.6643343245685 789.0
865.9128856682528 788.0
866.1614282314799 786.0
866.4099620137665 788.0
866.6584870146295 792.0
866.9070032335858 784.0
867.155510670152 780.0
867.4040093238455 779.0
867.6524991941827 795.0
867.9009802806806 789.0
868.1494525828563 791.0
868.3979161002262 789.0
868.6463708323078 779.0
868.8948167786174 786.0
869.1432539386718 799.0
869.3916823119887 795.0
869.6401018980839 789.0
869.8885126964751 789.0
870.1369147066789 791.0
870.3853079282118 800.0
870.6336923605911 801.0
870.8820680033335 793.0
871.1304348559562 792.0
871.3787929179755 794.0
871.6271421889087 801.0
871.8754826682726 793.0
872.1238143555837 786.0
872.3721372503595 779.0
872.6204513521162 788.0
872.8687566603713 769.0
873.1170531746413 796.0
873.365340894443 795.0
873.6136198192935 784.0
873.8618899487094 792.0
874.110151282208 790.0
874.3584038193057 790.0
874.6066475595196 788.0
874.8548825023668 782.0
875.1031086473636 798.0
875.3513259940273 794.0
875.5995345418747 803.0
875.8477342904224 771.0
876.0959252391877 786.0
876.3441073876871 779.0
876.5922807354377 789.0
876.8404452819562 806.0
877.0886010267599 790.0
877.3367479693651 784.0
877.5848861092887 787.0
877.8330154460481 796.0
878.0811359791594 795.0
878.3292477081402 780.0
878.5773506325071 797.0
878.8254447517768 790.0
879.0735300654665 792.0
879.3216065730924 788.0
879.5696742741723 777.0
879.8177331682225 782.0
880.0657832547598 783.0
880.3138245333014 778.0
880.5618570033639 769.0
880.8098806644645 799.0
881.0578955161196 781.0
881.3059015578464 789.0
881.5538987891618 797.0
881.8018872095822 778.0
882.0498668186252 793.0
882.297837615807 794.0
882.5457996006451 796.0
882.7937527726558 799.0
883.041697131356 786.0
883.2896326762632 797.0
883.5375594068934 780.0
883.7854773227642 775.0
884.0333864233922 789.0
884.2812867082938 785.0
884.5291781769868 782.0
884.7770608289871 793.0
885.0249346638125 797.0
885.2727996809792 785.0
885.5206558800041 776.0
885.7685032604046 798.0
886.0163418216969 796.0
886.2641715633982 778.0
886.5119924850256 807.0
886.7598045860955 798.0
887.007607866125 792.0
887.2554023246308 787.0
887.5031879611303 788.0
887.7509647751398 784.0
887.9987327661763 790.0
888.2464919337567 785.0
888.4942422773979 793.0
888.7419837966169 787.0
888.9897164909302 801.0
889.2374403598551 797.0
889.4851554029083 789.0
889.7328616196063 774.0
889.9805590094667 785.0
890.2282475720056 807.0
890.4759273067405 800.0
890.7235982131879 800.0
890.9712602908646 779.0
891.218913539288 783.0
891.4665579579743 788.0
891.7141935464408 776.0
891.9618203042044 775.0
892.2094382307815 773.0
892.4570473256895 796.0
892.7046475884449 778.0
892.9522390185649 790.0
893.1998216155661 805.0
893.4473953789653 781.0
893.6949603082797 792.0
893.9425164030258 790.0
894.1900636627211 803.0
894.4376020868815 793.0
894.6851316750246 778.0
894.9326524266672 797.0
895.1801643413257 775.0
895.4276674185177 798.0
895.6751616577593 802.0
895.922647058568 790.0
896.1701236204603 764.0
896.4175913429531 791.0
896.6650502255636 782.0
896.912500267808 802.0
897.159941469204 782.0
897.4073738292678 790.0
897.6547973475165 793.0
897.9022120234671 789.0
898.1496178566362 777.0
898.3970148465409 794.0
898.644402992698 796.0
898.8917822946241 787.0
899.1391527518367 788.0
899.386514363852 787.0
899.6338671301874 794.0
899.8812110503592 777.0
900.1285461238849 792.0
900.375872350281 797.0
900.6231897290643 799.0
900.8704982597519 791.0
901.1177979418604 787.0
901.3650887749071 797.0
901.6123707584086 803.0
901.8596438918815 786.0
902.106908174843 799.0
902.35416360681 778.0
902.6014101872993 788.0
902.8486479158278 793.0
903.095876791912 809.0
903.3430968150694 804.0
903.5903079848164 791.0
903.83751030067 793.0
904.0847037621473 791.0
904.3318883687646 798.0
904.5790641200394 786.0
904.826231015488 795.0
905.0733890546279 792.0
905.3205382369753 790.0
905.5676785620476 794.0
905.8148100293615 797.0
906.0619326384336 797.0
906.3090463887813 784.0
906.5561512799208 790.0
906.8032473113697 785.0
907.0503344826443 770.0
907.2974127932616 779.0
907.5444822427387 780.0
907.7915428305921 776.0
908.038594556339 784.0
908.2856374194963 786.0
908.5326714195803 783.0
908.7796965561088 787.0
909.0267128285976 789.0
909.2737202365645 806.0
909.520718779526 786.0
909.7677084569985 787.0
910.0146892684998 776.0
910.261661213546 792.0
910.5086242916544 790.0
910.7555785023416 798.0
911.0025238451248 788.0
911.2494603195206 791.0
911.4963879250456 784.0
911.7433066612174 793.0
911.9902165275522 791.0
912.2371175235672 782.0
912.4840096487795 789.0
912.7308929027052 792.0
912.9777672848619 786.0
913.2246327947661 794.0
913.4714894319347 779.0
913.7183371958849 788.0
913.965176086133 789.0
914.2120061021965 791.0
914.4588272435916 781.0
914.7056395098358 794.0
914.9524429004457 794.0
915.1992374149379 794.0
915.4460230528298 781.0
915.6927998136375 781.0
915.9395676968788 789.0
916.1863267020701 791.0
916.4330768287281 796.0
916.67981807637 796.0
916.9265504445123 785.0
917.1732739326723 778.0
917.4199885403666 789.0
917.6666942671121 788.0
917.9133911124259 794.0
918.1600790758242 786.0
918.4067581568248 777.0
918.6534283549438 797.0
918.9000896696987 795.0
919.1467421006058 804.0
919.3933856471822 789.0
919.6400203089449 789.0
919.8866460854103 779.0
920.1332629760961 782.0
920.3798709805186 780.0
920.6264700981943 787.0
920.8730603286409 788.0
921.1196416713748 795.0
921.3662141259131 792.0
921.6127776917724 785.0
921.8593323684695 776.0
922.1058781555217 784.0
922.3524150524454 789.0
922.598943058758 808.0
922.8454621739758 792.0
923.0919723976159 797.0
923.3384737291954 803.0
923.5849661682307 794.0
923.8314497142393 780.0
924.0779243667373 784.0
924.3243901252423 791.0
924.5708469892709 797.0
924.8172949583395 774.0
925.0637340319656 786.0
925.3101642096658 786.0
925.5565854909571 788.0
925.8029978753563 794.0
926.04940136238 769.0
926.2957959515456 787.0
926.5421816423694 786.0
926.7885584343687 792.0
927.0349263270604 791.0
927.281285319961 785.0
927.5276354125876 778.0
927.7739766044568 789.0
928.020308895086 797.0
928.2666322839915 779.0
928.5129467706906 791.0
928.7592523547 794.0
929.0055490355364 788.0
929.2518368127171 794.0
929.4981156857584 789.0
929.7443856541778 792.0
929.9906467174917 798.0
930.2368988752169 788.0
930.4831421268707 780.0
930.7293764719695 781.0
930.9756019100306 786.0
931.2218184405708 776.0
931.4680260631065 787.0
931.7142247771553 770.0
931.9604145822334 796.0
932.2065954778582 789.0
932.4527674635461 773.0
932.6989305388141 779.0
932.9450847031794 793.0
933.1912299561584 777.0
933.4373662972685 791.0
933.6834937260257 780.0
933.929612241948 806.0
934.1757218445516 799.0
934.4218225333533 786.0
934.6679143078701 782.0
934.913997167619 791.0
935.1600711121167 790.0
935.4061361408803 798.0
935.6521922534262 781.0
935.8982394492718 793.0
936.1442777279336 787.0
936.3903070889288 792.0
936.636327531774 791.0
936.882339055986 785.0
937.128341661082 782.0
937.3743353465785 790.0
937.6203201119927 785.0
937.8662959568414 788.0
938.1122628806411 780.0
938.3582208829092 776.0
938.6041699631621 793.0
938.8501101209171 793.0
939.0960413556905 784.0
939.341963667 792.0
939.5878770543618 788.0
939.8337815172929 766.0
940.0796770553103 790.0
940.3255636679306 786.0
940.5714413546712 779.0
940.8173101150486 783.0
941.0631699485793 793.0
941.309020854781 796.0
941.5548628331699 792.0
941.8006958832632 790.0
942.0465200045778 785.0
942.2923351966301 783.0
942.5381414589376 775.0
942.7839387910167 789.0
943.0297271923846 798.0
943.275506662558 788.0
943.5212772010536 794.0
943.7670388073888 802.0
944.0127914810797 786.0
944.2585352216438 789.0
944.504270028598 782.0
944.7499959014584 790.0
944.9957128397427 799.0
945.2414208429674 794.0
945.4871199106495 800.0
945.7328100423057 784.0
945.978491237453 787.0
946.2241634956084 809.0
946.4698268162882 788.0
946.71548119901 799.0
946.9611266432901 802.0
947.2067631486459 789.0
947.4523907145939 778.0
947.6980093406509 795.0
947.943619026334 787.0
948.1892197711599 773.0
948.4348115746456 800.0
948.680394436308 779.0
948.9259683556636 792.0
949.17153333223 778.0
949.4170893655231 781.0
949.6626364550607 795.0
949.9081746003591 792.0
950.1537038009352 790.0
950.3992240563063 781.0
950.6447353659886 791.0
950.8902377294995 776.0
951.1357311463555 783.0
951.381215616074 788.0
951.6266911381715 788.0
951.8721577121647 797.0
952.1176153375708 795.0
952.3630640139064 793.0
952.6085037406887 784.0
952.8539345174344 794.0
953.09935634366 788.0
953.3447692188829 800.0
953.5901731426196 776.0
953.8355681143876 780.0
954.080954133703 795.0
954.326331200083 794.0
954.5716993130445 798.0
954.8170584721041 782.0
955.0624086767792 791.0
955.3077499265863 798.0
955.5530822210421 793.0
955.798405559664 793.0
956.0437199419682 794.0
956.2890253674723 779.0
956.5343218356925 779.0
956.7796093461461 790.0
957.02488789835 792.0
957.2701574918206 803.0
957.5154181260752 789.0
957.7606698006304 800.0
958.0059125150034 782.0
958.2511462687107 793.0
958.4963710612694 794.0
958.7415868921963 787.0
958.9867937610082 792.0
959.2319916672224 793.0
959.4771806103552 790.0
959.7223605899235 782.0
959.9675316054446 785.0
960.2126936564348 783.0
960.4578467424116 792.0
960.7029908628915 788.0
960.9481260173911 794.0
961.193252205428 795.0
961.4383694265184 791.0
961.6834776801796 794.0
961.9285769659282 801.0
962.1736672832812 795.0
962.4187486317555 792.0
962.6638210108677 782.0
962.908884420135 780.0
963.153938859074 774.0
963.3989843272019 788.0
963.6440208240352 792.0
963.889048349091 800.0
964.1340669018862 799.0
964.3790764819373 790.0
964.6240770887617 789.0
964.8690687218761 773.0
965.114051380797 794.0
965.3590250650417 779.0
965.6039897741268 791.0
965.8489455075695 783.0
966.0938922648864 789.0
966.3388300455941 798.0
966.5837588492103 795.0
966.8286786752509 777.0
967.0735895232334 791.0
967.3184913926743 794.0
967.5633842830911 794.0
967.808268194 797.0
968.0531431249179 779.0
968.2980090753622 796.0
968.5428660448491 779.0
968.7877140328961 777.0
969.0325530390197 807.0
969.2773830627367 787.0
969.5222041035643 790.0
969.7670161610189 798.0
970.0118192346179 801.0
970.2566133238779 790.0
970.5013984283155 796.0
970.746174547448 788.0
970.990941680792 801.0
971.2356998278649 795.0
971.480448988183 794.0
971.725189161263 801.0
971.9699203466223 797.0
972.2146425437775 791.0
972.4593557522456 781.0
972.7040599715434 797.0
972.9487552011876 785.0
973.1934414406954 794.0
973.4381186895833 793.0
973.6827869473685 798.0
973.9274462135677 780.0
974.1720964876979 779.0
974.4167377692759 777.0
974.6613700578182 788.0
974.9059933528424 776.0
975.1506076538647 793.0
975.3952129604023 801.0
975.6398092719721 803.0
975.8843965880908 796.0
976.1289749082755 779.0
976.3735442320426 785.0
976.6181045589096 793.0
976.862655888393 788.0
977.1071982200094 796.0
977.3517315532764 810.0
977.5962558877101 787.0
977.840771222828 786.0
978.0852775581467 801.0
978.3297748931827 791.0
978.5742632274536 782.0
978.8187425604756 794.0
979.063212891766 793.0
979.3076742208415 790.0
979.5521265472191 785.0
979.7965698704156 782.0
980.0410041899477 783.0
980.2854295053326 771.0
980.5298458160865 778.0
980.7742531217272 797.0
981.0186514217711 790.0
981.2630407157347 781.0
981.5074210031356 798.0
981.7517922834901 792.0
981.9961545563154 787.0
982.2405078211283 792.0
982.4848520774455 782.0
982.729187324784 786.0
982.9735135626606 790.0
983.2178307905924 802.0
983.4621390080961 784.0
983.7064382146882 787.0
983.9507284098863 792.0
984.1950095932067 801.0
984.4392817641666 768.0
984.6835449222825 793.0
984.9277990670716 795.0
985.1720441980509 790.0
985.4162803147366 796.0
985.6605074166464 810.0
985.9047255032964 786.0
986.1489345742042 781.0
986.3931346288863 782.0
986.6373256668593 784.0
986.8815076876406 805.0
987.1256806907464 785.0
987.3698446756944 773.0
987.613999642001 805.0
987.8581455891829 796.0
988.1022825167574 789.0
988.3464104242408 801.0
988.5905293111508 796.0
988.8346391770036 793.0
989.0787400213161 788.0
989.3228318436055 786.0
989.5669146433884 784.0
989.8109884201817 786.0
990.0550531735024 785.0
990.2991089028674 797.0
990.5431556077934 774.0
990.7871932877973 784.0
991.031221942396 786.0
991.2752415711062 784.0
991.5192521734452 798.0
991.7632537489297 787.0
992.0072462970761 793.0
992.251229817402 791.0
992.4952043094236 804.0
992.7391697726582 793.0
992.9831262066227 798.0
993.2270736108336 798.0
993.4710119848082 781.0
993.7149413280629 781.0
993.958861640115 795.0
994.2027729204812 800.0
994.4466751686781 800.0
994.6905683842231 790.0
994.9344525666326 789.0
995.1783277154237 789.0
995.4221938301132 805.0
995.6660509102181 798.0
995.9098989552552 792.0
996.1537379647411 787.0
996.3975679381932 800.0
996.6413888751279 776.0
996.8852007750622 796.0
997.1290036375133 803.0
997.3727974619973 789.0
997.6165822480319 816.0
997.8603579951333 801.0
998.104124702819 791.0
998.3478823706055 794.0
998.5916309980095 800.0
998.8353705845483 781.0
999.0791011297383 785.0
999.3228226330968 779.0
999.5665350941406 790.0
999.8102385123861 783.0
1000.0539328873509 790.0
1000.2976182185512 782.0
1000.5412945055043 793.0
1000.7849617477269 795.0
1001.0286199447357 800.0
1001.2722690960481 798.0
1001.5159092011804 777.0
1001.75954025965 806.0
1002.003162270973 802.0
1002.246775234667 801.0
1002.4903791502487 802.0
1002.7339740172346 796.0
1002.9775598351421 789.0
1003.2211366034876 779.0
1003.4647043217884 778.0
1003.7082629895611 792.0
1003.9518126063224 786.0
1004.1953531715895 790.0
1004.4388846848791 794.0
1004.6824071457083 784.0
1004.9259205535938 783.0
1005.1694249080521 785.0
1005.4129202086007 796.0
1005.6564064547559 785.0
1005.8998836460353 792.0
1006.1433517819551 784.0
1006.3868108620323 790.0
1006.6302608857841 799.0
1006.8737018527269 797.0
1007.1171337623779 786.0
1007.3605566142537 785.0
1007.6039704078715 795.0
1007.8473751427481 792.0
1008.0907708184001 783.0
1008.3341574343445 796.0
1008.5775349900982 782.0
1008.8209034851784 787.0
1009.0642629191013 797.0
1009.3076132913841 798.0
1009.5509546015439 811.0
1009.7942868490973 802.0
1010.0376100335611 777.0
1010.2809241544525 789.0
1010.5242292112879 802.0
1010.7675252035845 795.0
1011.010812130859 788.0
1011.2540899926286 795.0
1011.4973587884098 806.0
1011.7406185177194 789.0
1011.9838691800747 792.0
1012.2271107749921 805.0
1012.470343301989 792.0
1012.7135667605817 790.0
1012.9567811502875 796.0
1013.1999864706231 793.0
1013.4431827211052 793.0
1013.686369901251 806.0
1013.929548010577 792.0
1014.1727170486006 798.0
1014.4158770148383 784.0
1014.6590279088067 784.0
1014.9021697300233 781.0
1015.1453024780044 785.0
1015.3884261522674 787.0
1015.6315407523286 812.0
1015.8746462777051 803.0
1016.1177427279141 803.0
1016.3608301024719 786.0
1016.603908400896 796.0
1016.8469776227028 780.0
1017.0900377674091 795.0
1017.3330888345322 781.0
1017.5761308235883 791.0
1017.8191637340951 785.0
1018.0621875655689 782.0
1018.3052023175269 787.0
1018.5482079894858 786.0
1018.7912045809622 804.0
1019.0341920914735 792.0
1019.2771705205361 789.0
1019.5201398676672 784.0
1019.7631001323837 778.0
1020.006051314202 794.0
1020.2489934126395 795.0
1020.4919264272125 797.0
1020.7348503574386 793.0
1020.9777652028342 785.0
1021.2206709629161 781.0
1021.4635676372014 802.0
1021.7064552252067 810.0
1021.9493337264495 785.0
1022.1922031404459 795.0
1022.4350634667132 789.0
1022.6779147047681 797.0
1022.9207568541273 789.0
1023.1635899143083 810.0
1023.4064138848273 796.0
1023.6492287652015 796.0
1023.8920345549478 793.0
1024.134831253583 793.0
1024.377618860624 793.0
1024.6203973755871 793.0
1024.8631667979898 798.0
1025.1059271273493 785.0
1025.3486783631818 788.0
1025.5914205050044 800.0
1025.8341535523336 786.0
1026.076877504687 797.0
1026.3195923615808 783.0
1026.5622981225324 788.0
1026.8049947870584 787.0
1027.0476823546753 795.0
1027.2903608249007 782.0
1027.5330301972513 774.0
1027.7756904712435 784.0
1028.0183416463947 789.0
1028.260983722221 789.0
1028.5036166982402 794.0
1028.7462405739689 788.0
1028.9888553489234 773.0
1029.2314610226213 778.0
1029.474057594579 794.0
1029.7166450643138 796.0
1029.9592234313418 789.0
1030.2017926951808 793.0
1030.4443528553472 805.0
1030.6869039113576 798.0
1030.9294458627296 775.0
1031.1719787089794 792.0
1031.414502449624 793.0
1031.6570170841808 791.0
1031.8995226121658 801.0
1032.1420190330966 786.0
1032.3845063464896 781.0
1032.6269845518618 799.0
1032.8694536487305 808.0
1033.111913636612 807.0
1033.3543645150232 789.0
1033.596806283481 790.0
1033.8392389415026 789.0
1034.081662488605 785.0
1034.324076924304 780.0
1034.566482248118 780.0
1034.8088784595625 799.0
1035.0512655581551 799.0
1035.2936435434124 790.0
1035.5360124148515 798.0
1035.778372171989 805.0
1036.020722814342 793.0
1036.2630643414275 790.0
1036.5053967527615 785.0
1036.7477200478622 779.0
1036.9900342262456 786.0
1037.2323392874284 800.0
1037.4746352309282 776.0
1037.7169220562612 785.0
1037.9591997629448 796.0
1038.2014683504956 785.0
1038.4437278184303 812.0
1038.685978166266 802.0
1038.9282193935196 803.0
1039.170451499708 809.0
1039.4126744843477 798.0
1039.6548883469559 790.0
1039.8970930870496 801.0
1040.1392887041452 791.0
1040.3814751977598 796.0
1040.6236525674105 791.0
1040.8658208126137 798.0
1041.107979932887 807.0
1041.3501299277466 781.0
1041.5922707967095 780.0
1041.8344025392926 787.0
1042.0765251550129 793.0
1042.3186386433872 795.0
1042.5607430039322 815.0
1042.802838236165 791.0
1043.0449243396022 793.0
1043.2870013137613 791.0
1043.5290691581586 793.0
1043.7711278723107 789.0
1044.013177455735 791.0
1044.2552179079482 795.0
1044.4972492284676 788.0
1044.7392714168093 781.0
1044.9812844724902 784.0
1045.223288395028 805.0
1045.4652831839387 784.0
1045.70726883874 785.0
1045.949245358948 789.0
1046.1912127440798 801.0
1046.4331709936528 778.0
1046.675120107183 784.0
1046.9170600841878 788.0
1047.1589909241836 790.0
1047.400912626688 786.0
1047.6428251912175 778.0
1047.8847286172886 774.0
1048.1266229044188 790.0
1048.3685080521243 782.0
1048.6103840599228 791.0
1048.8522509273307 794.0
1049.0941086538646 804.0
1049.3359572390418 781.0
1049.577796682379 772.0
1049.819626983393 796.0
1050.061448141601 792.0
1050.3032601565194 779.0
1050.5450630276655 787.0
1050.7868567545556 792.0
1051.0286413367073 801.0
1051.270416773637 791.0
1051.5121830648616 794.0
1051.7539402098982 801.0
1051.9956882082631 794.0
1052.237427059474 793.0
1052.479156763047 798.0
1052.7208773184996 786.0
1052.9625887253483 798.0
1053.2042909831098 784.0
1053.4459840913016 796.0
1053.6876680494397 788.0
1053.929342857042 810.0
1054.1710085136244 805.0
1054.4126650187043 796.0
1054.6543123717986 781.0
1054.8959505724238 806.0
1055.1375796200969 809.0
1055.3791995143351 800.0
1055.620810254655 801.0
1055.8624118405735 782.0
1056.1040042716074 787.0
1056.3455875472737 798.0
1056.5871616670893 790.0
1056.8287266305706 782.0
1057.070282437235 792.0
1057.3118290865991 790.0
1057.5533665781802 801.0
1057.7948949114943 798.0
1058.0364140860593 782.0
1058.2779241013916 793.0
1058.5194249570077 797.0
1058.760916652425 789.0
1059.0023991871599 779.0
1059.24387256073 778.0
1059.4853367726514 809.0
1059.7267918224413 784.0
1059.968237709617 776.0
1060.2096744336943 795.0
1060.451101994191 796.0
1060.6925203906237 796.0
1060.933929622509 801.0
1061.1753296893642 778.0
1061.4167205907056 796.0
1061.6581023260508 793.0
1061.8994748949162 789.0
1062.1408382968189 785.0
1062.3821925312755 781.0
1062.6235375978026 790.0
1062.8648734959181 800.0
1063.1062002251376 795.0
1063.3475177849793 797.0
1063.588826174959 794.0
1063.830125394594 807.0
1064.0714154434013 793.0
1064.312696320897 799.0
1064.553968026599 792.0
1064.7952305600238 784.0
1065.036483920688 782.0
1065.2777281081087 791.0
1065.5189631218025 787.0
1065.7601889612868 781.0
1066.001405626078 797.0
1066.2426131156928 796.0
1066.4838114296492 795.0
1066.7250005674625 796.0
1066.9661805286507 796.0
1067.2073513127305 781.0
1067.4485129192178 788.0
1067.689665347631 784.0
1067.9308085974856 780.0
1068.1719426682996 785.0
1068.413067559589 782.0
1068.654183270871 797.0
1068.8952898016628 800.0
1069.1363871514804 790.0
1069.3774753198418 800.0
1069.618554306263 786.0
1069.8596241102612 780.0
1070.100684731353 811.0
1070.3417361690556 772.0
1070.582778422886 782.0
1070.8238114923604 789.0
1071.0648353769964 795.0
1071.3058500763104 785.0
1071.5468555898192 797.0
1071.7878519170404 800.0
1072.02883905749 794.0
1072.2698170106853 785.0
1072.5107857761434 786.0
1072.75174535338 786.0
1072.9926957419138 784.0
1073.23363694126 788.0
1073.4745689509368 780.0
1073.7154917704597 777.0
1073.9564053993467 797.0
1074.1973098371145 794.0
1074.4382050832794 805.0
1074.6790911373587 793.0
1074.9199679988692 784.0
1075.1608356673278 785.0
1075.4016941422512 776.0
1075.6425434231562 781.0
1075.8833835095604 794.0
1076.1242144009796 797.0
1076.3650360969316 780.0
1076.6058485969324 791.0
1076.8466519004996 770.0
1077.0874460071498 782.0
1077.3282309163997 784.0
1077.5690066277664 772.0
1077.8097731407665 777.0
1078.0505304549172 794.0
1078.2912785697354 785.0
1078.5320174847377 785.0
1078.772747199441 796.0
1079.0134677133622 790.0
1079.2541790260184 799.0
1079.4948811369263 789.0
1079.7355740456023 778.0
1079.9762577515642 790.0
1080.2169322543277 794.0
1080.4575975534112 800.0
1080.6982536483301 792.0
1080.9389005386022 786.0
1081.179538223744 788.0
1081.4201667032721 790.0
1081.6607859767041 795.0
1081.9013960435564 791.0
1082.1419969033457 789.0
1082.382588555589 787.0
1082.6231709998035 796.0
1082.863744235506 791.0
1083.104308262213 789.0
1083.3448630794412 783.0
1083.5854086867082 797.0
1083.8259450835303 788.0
1084.0664722694248 782.0
1084.306990243908 797.0
1084.5474990064974 788.0
1084.7879985567097 794.0
1085.0284888940612 790.0
1085.2689700180695 788.0
1085.509441928251 772.0
1085.749904624123 786.0
1085.990358105202 791.0
1086.2308023710048 791.0
1086.4712374210485 797.0
1086.71166325485 781.0
1086.9520798719261 784.0
1087.1924872717937 788.0
1087.4328854539694 794.0
1087.6732744179706 783.0
1087.9136541633134 795.0
1088.1540246895156 791.0
1088.3943859960934 782.0
1088.6347380825637 785.0
1088.8750809484436 785.0
1089.1154145932499 794.0
1089.3557390164995 783.0
1089.5960542177095 774.0
1089.836360196396 781.0
1090.0766569520767 782.0
1090.3169444842679 797.0
1090.557222792487 790.0
1090.7974918762502 795.0
1091.037751735075 801.0
1091.2780023684782 769.0
1091.518243775976 792.0
1091.7584759570861 799.0
1091.9986989113247 795.0
1092.2389126382093 777.0
1092.4791171372563 786.0
1092.7193124079827 788.0
1092.9594984499054 792.0
1093.1996752625412 775.0
1093.4398428454072 782.0
1093.68000119802 796.0
1093.9201503198965 805.0
1094.1602902105537 796.0
1094.4004208695083 793.0
1094.6405422962773 784.0
1094.8806544903778 780.0
1095.120757451326 785.0
1095.3608511786392 785.0
1095.6009356718341 786.0
1095.8410109304282 788.0
1096.0810769539376 788.0
1096.3211337418795 777.0
1096.5611812937707 790.0
1096.8012196091279 787.0
1097.0412486874682 788.0
1097.2812685283084 797.0
1097.5212791311658 794.0
1097.7612804955563 772.0
1098.0012726209975 800.0
1098.2412555070064 784.0
1098.4812291530989 775.0
1098.721193558793 799.0
1098.961148723605 795.0
1099.2010946470518 798.0
1099.4410313286503 794.0
1099.6809587679172 788.0
1099.92087696437 786.0
1100.1607859175251 801.0
1100.400685626899 791.0
1100.640576092009 789.0
1100.880457312372 785.0
1101.1203292875052 788.0
1101.3601920169247 783.0
1101.6000455001479 791.0
1101.8398897366915 779.0
1102.079724726072 789.0
1102.3195504678072 788.0
1102.559366961413 789.0
1102.7991742064069 795.0
1103.0389722023056 797.0
1103.2787609486254 792.0
1103.5185404448844 801.0
1103.7583106905984 794.0
1103.9980716852845 797.0
1104.23782342846 789.0
1104.4775659196412 790.0
1104.7172991583454 785.0
1104.9570231440887 792.0
1105.1967378763893 785.0
1105.436443354763 780.0
1105.6761395787273 780.0
1105.9158265477986 777.0
1106.1555042614937 795.0
1106.3951727193298 789.0
1106.6348319208234 793.0
1106.8744818654923 775.0
1107.1141225528525 777.0
1107.3537539824208 790.0
1107.5933761537144 780.0
1107.8329890662503 789.0
1108.072592719545 791.0
1108.3121871131157 789.0
1108.551772246479 780.0
1108.7913481191517 783.0
1109.030914730651 783.0
1109.2704720804938 789.0
1109.5100201681967 782.0
1109.7495589932764 787.0
1109.9890885552504 791.0
1110.2286088536348 794.0
1110.4681198879473 789.0
1110.707621657704 778.0
1110.9471141624224 792.0
1111.1865974016187 793.0
1111.4260713748101 785.0
1111.665536081514 785.0
1111.9049915212463 794.0
1112.1444376935244 787.0
1112.3838745978653 789.0
1112.6233022337854 793.0
1112.8627206008023 778.0
1113.102129698432 785.0
1113.3415295261918 788.0
1113.5809200835986 775.0
1113.820301370169 795.0
1114.0596733854206 801.0
1114.2990361288694 787.0
1114.5383896000326 782.0
1114.7777337984273 789.0
1115.0170687235698 790.0
1115.2563943749778 797.0
1115.4957107521673 794.0
1115.7350178546556 780.0
1115.9743156819598 788.0
1116.213604233596 789.0
1116.452883509082 782.0
1116.692153507934 780.0
1116.9314142296694 789.0
1117.1706656738045 786.0
1117.4099078398563 773.0
1117.6491407273422 787.0
1117.8883643357783 782.0
1118.1275786646822 786.0
1118.36678371357 788.0
1118.6059794819594 784.0
1118.8451659693665 793.0
1119.0843431753085 768.0
1119.3235110993026 781.0
1119.5626697408647 775.0
1119.8018190995128 792.0
1120.0409591747637 798.0
1120.2800899661331 773.0
1120.519211473139 794.0
1120.7583236952978 801.0
1120.9974266321262 779.0
1121.236520283142 777.0
1121.4756046478608 793.0
1121.7146797258001 787.0
1121.9537455164768 804.0
1122.192802019408 802.0
1122.4318492341101 799.0
1122.6708871601 785.0
1122.909915796895 780.0
1123.1489351440111 787.0
1123.3879452009662 776.0
1123.6269459672762 790.0
1123.865937442459 793.0
1124.1049196260308 809.0
1124.3438925175087 780.0
