shot=184_gas=Ar_height=50_RF=249.0W_massflow=1000_coils=100.0A_HR4000 spectrum
Wavelength [nm] // Intensity [u.a.] 
194.93414 839.0
195.2037815346219 827.0
195.47341553816543 813.0
195.74304201014752 809.0
196.012660950085 821.0
196.28227235749478 833.0
196.55187623189366 814.0
196.82147257279857 815.0
197.09106137972637 826.0
197.36064265219392 818.0
197.63021638971804 825.0
197.89978259181567 823.0
198.16934125800364 831.0
198.43889238779886 842.0
198.7084359807181 830.0
198.97797203627835 826.0
199.2475005539964 817.0
199.51702153338914 830.0
199.78653497397343 824.0
200.05604087526618 820.0
200.3255392367842 821.0
200.59503005804436 830.0
200.8645133385636 828.0
201.1339890778587 814.0
201.4034572754466 822.0
201.67291793084408 832.0
201.94237104356813 836.0
202.21181661313554 824.0
202.48125463906314 817.0
202.7506851208679 817.0
203.02010805806663 826.0
203.28952345017618 824.0
203.55893129671344 830.0
203.8283315971953 826.0
204.0977243511386 817.0
204.3671095580602 822.0
204.636487217477 813.0
204.90585732890585 823.0
205.17521989186366 840.0
205.44457490586717 820.0
205.7139223704334 837.0
205.98326228507918 834.0
206.2525946493213 832.0
206.5219194626767 818.0
206.79123672466224 813.0
207.06054643479476 817.0
207.32984859259116 823.0
207.59914319756828 837.0
207.86843024924303 833.0
208.13770974713225 837.0
208.40698169075276 836.0
208.6762460796215 825.0
208.94550291325532 816.0
209.2147521911711 845.0
209.48399391288567 817.0
209.75322807791594 825.0
210.02245468577874 835.0
210.29167373599094 832.0
210.56088522806942 812.0
210.83008916153108 816.0
211.09928553589276 805.0
211.3684743506713 812.0
211.63765560538363 806.0
211.9068292995466 829.0
212.175995432677 827.0
212.44515400429182 820.0
212.71430501390782 824.0
212.98344846104192 826.0
213.25258434521103 835.0
213.52171266593191 826.0
213.79083342272153 837.0
214.05994661509675 824.0
214.3290522425744 836.0
214.5981503046713 821.0
214.8672408009044 834.0
215.13632373079054 830.0
215.4053990938466 829.0
215.6744668895894 829.0
215.94352711753592 830.0
216.21257977720293 817.0
216.48162486810728 824.0
216.7506623897659 823.0
217.01969234169565 827.0
217.2887147234134 831.0
217.55772953443596 820.0
217.82673677428028 844.0
218.0957364424632 838.0
218.36472853850154 815.0
218.6337130619122 818.0
218.9026900122121 825.0
219.17165938891804 823.0
219.4406211915469 841.0
219.70957541961562 836.0
219.97852207264097 820.0
220.24746115013983 833.0
220.5163926516291 837.0
220.78531657662566 824.0
221.05423292464639 830.0
221.32314169520808 827.0
221.59204288782766 829.0
221.860936502022 827.0
222.12982253730797 818.0
222.39870099320237 837.0
222.66757186922214 815.0
222.93643516488416 816.0
223.20529087970525 823.0
223.47413901320226 822.0
223.74297956489212 819.0
224.01181253429166 817.0
224.28063792091777 842.0
224.5494557242873 834.0
224.8182659439171 826.0
225.08706857932413 814.0
225.35586363002508 835.0
225.62465109553705 809.0
225.89343097537673 820.0
226.16220326906105 827.0
226.43096797610687 835.0
226.69972509603105 832.0
226.9684746283505 825.0
227.237216572582 816.0
227.50595092824256 829.0
227.7746776948489 821.0
228.04339687191796 832.0
228.31210845896663 849.0
228.5808124555117 836.0
228.84950886107015 832.0
229.11819767515877 832.0
229.38687889729442 829.0
229.65555252699397 841.0
229.92421856377433 819.0
230.1928770071524 834.0
230.46152785664492 827.0
230.73017111176884 817.0
230.99880677204106 830.0
231.26743483697837 815.0
231.53605530609772 829.0
231.8046681789159 840.0
232.07327345494983 840.0
232.34187113371638 821.0
232.61046121473237 816.0
232.87904369751473 831.0
233.14761858158028 824.0
233.41618586644586 834.0
233.68474555162845 834.0
233.95329763664483 819.0
234.2218421210119 825.0
234.49037900424648 819.0
234.7589082858655 812.0
235.02742996538583 833.0
235.29594404232427 823.0
235.56445051619772 826.0
235.8329493865231 828.0
236.10144065281722 837.0
236.36992431459691 823.0
236.63840037137916 820.0
236.9068688226808 836.0
237.1753296680186 822.0
237.44378290690955 829.0
237.7122285388704 822.0
237.9806665634181 815.0
238.24909698006957 841.0
238.51751978834153 836.0
238.78593498775095 825.0
239.0543425778147 833.0
239.32274255804958 820.0
239.59113492797255 823.0
239.8595196871004 833.0
240.12789683495004 823.0
240.3962663710383 826.0
240.66462829488208 817.0
240.93298260599826 833.0
241.2013293039037 841.0
241.46966838811522 830.0
241.73799985814978 829.0
242.00632371352418 829.0
242.27463995375527 821.0
242.54294857835998 824.0
242.81124958685515 836.0
243.07954297875764 840.0
243.34782875358434 811.0
243.61610691085207 825.0
243.88437745007772 821.0
244.15264037077822 825.0
244.42089567247035 850.0
244.68914335467105 826.0
244.95738341689716 844.0
245.2256158586655 823.0
245.493840679493 824.0
245.76205787889654 837.0
246.03026745639292 837.0
246.29846941149904 838.0
246.5666637437318 832.0
246.834850452608 820.0
247.1030295376446 825.0
247.37120099835838 823.0
247.63936483426627 832.0
247.9075210448851 836.0
248.17566962973177 826.0
248.4438105883231 822.0
248.71194392017603 828.0
248.98006962480733 827.0
249.248187701734 828.0
249.51629815047275 839.0
249.78440097054056 823.0
250.05249616145431 832.0
250.32058372273076 827.0
250.5886636538869 824.0
250.85673595443953 840.0
251.12480062390551 821.0
251.39285766180177 841.0
251.6609070676451 840.0
251.92894884095242 833.0
252.19698298124058 826.0
252.46500948802645 812.0
252.73302836082692 847.0
253.00103959915882 825.0
253.26904320253902 839.0
253.53703917048443 843.0
253.80502750251188 827.0
254.07300819813827 841.0
254.34098125688044 825.0
254.60894667825525 813.0
254.87690446177962 823.0
255.14485460697037 808.0
255.41279711334434 827.0
255.6807319804185 804.0
255.94865920770962 819.0
256.2165787947346 829.0
256.48449074101035 827.0
256.75239504605366 837.0
257.02029170938147 833.0
257.28818073051065 836.0
257.556062108958 826.0
257.8239358442404 835.0
258.0918019358748 834.0
258.35966038337796 837.0
258.6275111862668 833.0
258.8953543440582 810.0
259.163189856269 838.0
259.4310177224162 819.0
259.6988379420164 820.0
259.9666505145867 831.0
260.23445543964385 836.0
260.50225271670473 828.0
260.77004234528624 829.0
261.03782432490533 836.0
261.3055986550787 831.0
261.5733653353234 810.0
261.8411243651561 830.0
262.1088757440937 849.0
262.37661947165327 827.0
262.6443555473515 821.0
262.9120839707053 828.0
263.1798047412315 840.0
263.44751785844704 827.0
263.7152233218687 824.0
263.98292113101354 832.0
264.2506112853982 819.0
264.51829378453965 821.0
264.7859686279547 823.0
265.05363581516025 826.0
265.32129534567326 846.0
265.5889472190105 821.0
265.8565914346889 838.0
266.1242279922252 838.0
266.39185689113634 829.0
266.65947813093925 828.0
266.9270917111508 826.0
267.19469763128774 822.0
267.46229589086704 834.0
267.72988648940554 811.0
267.9974694264201 829.0
268.2650447014276 837.0
268.53261231394487 822.0
268.80017226348883 821.0
269.0677245495763 811.0
269.3352691717242 830.0
269.60280612944933 843.0
269.8703354222686 829.0
270.13785704969894 824.0
270.40537101125716 824.0
270.67287730646007 836.0
270.9403759348246 811.0
271.2078668958677 834.0
271.47535018910605 807.0
271.7428258140567 834.0
272.01029377023633 828.0
272.2777540571619 818.0
272.5452066743504 830.0
272.81265162131854 821.0
273.08008889758327 808.0
273.34751850266144 820.0
273.6149404360698 829.0
273.8823546973254 834.0
274.1497612859451 814.0
274.4171602014456 818.0
274.6845514433439 818.0
274.95193501115676 820.0
275.2193109044012 826.0
275.486679122594 825.0
275.7540396652521 826.0
276.02139253189216 827.0
276.2887377220313 824.0
276.55607523518626 824.0
276.82340507087395 822.0
277.09072722861123 841.0
277.3580417079149 822.0
277.62534850830195 830.0
277.8926476292892 829.0
278.1599390703934 826.0
278.4272228311316 818.0
278.69449891102056 838.0
278.96176730957717 830.0
279.22902802631836 831.0
279.4962810607609 808.0
279.76352641242164 835.0
280.0307640808177 842.0
280.29799406546556 835.0
280.5652163658824 828.0
280.8324309815849 824.0
281.09963791209003 826.0
281.3668371569146 833.0
281.6340287155756 804.0
281.9012125875897 823.0
282.168388772474 806.0
282.4355572697452 824.0
282.7027180789201 830.0
282.9698711995158 841.0
283.23701663104896 827.0
283.50415437303667 821.0
283.77128442499554 809.0
284.0384067864426 809.0
284.3055214568946 815.0
284.57262843586864 837.0
284.8397277228814 820.0
285.1068193174497 826.0
285.37390321909055 819.0
285.6409794273207 821.0
285.9080479416572 820.0
286.1751087616167 827.0
286.4421618867162 842.0
286.7092073164725 826.0
286.9762450504025 834.0
287.24327508802315 828.0
287.5102974288511 830.0
287.77731207240345 814.0
288.04431901819703 829.0
288.3113182657485 825.0
288.578309814575 839.0
288.84529366419326 827.0
289.1122698141201 834.0
289.37923826387254 813.0
289.6461990129674 822.0
289.91315206092133 819.0
290.18009740725154 828.0
290.44703505147464 829.0
290.7139649931077 840.0
290.98088723166734 834.0
291.24780176667065 823.0
291.5147085976344 828.0
291.78160772407557 830.0
292.04849914551085 824.0
292.3153828614572 820.0
292.58225887143146 835.0
292.8491271749505 823.0
293.1159877715313 842.0
293.3828406606906 840.0
293.6496858419453 824.0
293.9165233148123 817.0
294.1833530788084 830.0
294.4501751334505 835.0
294.71698947825547 819.0
294.9837961127402 817.0
295.2505950364216 828.0
295.5173862488164 825.0
295.78416974944156 816.0
296.050945537814 825.0
296.31771361345045 814.0
296.584473975868 821.0
296.8512266245832 832.0
297.11797155911313 818.0
297.38470877897464 804.0
297.6514382836846 812.0
297.9181600727598 821.0
298.18487414571723 830.0
298.4515805020736 820.0
298.71827914134593 813.0
298.9849700630511 832.0
299.2516532667058 844.0
299.518328751827 818.0
299.78499651793163 830.0
300.0516565645365 814.0
300.3183088911584 814.0
300.58495349731436 824.0
300.8515903825211 835.0
301.1182195462956 821.0
301.3848409881546 822.0
301.65145470761513 816.0
301.91806070419403 825.0
302.184658977408 817.0
302.4512495267741 823.0
302.7178323518091 830.0
302.9844074520298 830.0
303.2509748269532 828.0
303.5175344760962 811.0
303.78408639897555 822.0
304.0506305951082 812.0
304.31716706401096 829.0
304.58369580520065 821.0
304.8502168181943 818.0
305.1167301025086 838.0
305.3832356576606 825.0
305.649733483167 806.0
305.9162235785447 837.0
306.1827059433106 816.0
306.4491805769817 835.0
306.7156474790747 828.0
306.98210664910647 829.0
307.2485580865939 813.0
307.5150017910539 817.0
307.7814377620034 825.0
308.0478659989591 845.0
308.31428650143795 821.0
308.58069926895683 829.0
308.8471043010326 824.0
309.1135015971821 820.0
309.37989115692227 838.0
309.6462729797699 829.0
309.91264706524197 827.0
310.1790134128551 829.0
310.4453720221265 823.0
310.71172289257277 825.0
310.97806602371094 812.0
311.2444014150577 839.0
311.5107290661301 820.0
311.777048976445 838.0
312.04336114551904 812.0
312.30966557286945 822.0
312.5759622580128 830.0
312.8422512004661 827.0
313.1085323997461 836.0
313.3748058553698 825.0
313.641071566854 819.0
313.90732953371554 819.0
314.17357975547145 824.0
314.4398222316384 827.0
314.70605696173334 827.0
314.9722839452731 831.0
315.23850318177466 822.0
315.50471467075477 809.0
315.7709184117303 828.0
316.0371144042182 820.0
316.3033026477353 831.0
316.56948314179846 833.0
316.8356558859246 813.0
317.1018208796305 818.0
317.36797812243304 825.0
317.6341276138491 825.0
317.90026935339563 822.0
318.1664033405894 824.0
318.4325295749473 833.0
318.6986480559862 816.0
318.96475878322303 829.0
319.2308617561746 836.0
319.4969569743577 815.0
319.76304443728935 842.0
320.0291241444864 835.0
320.2951960954656 815.0
320.5612602897438 828.0
320.82731672683815 845.0
321.0933654062652 828.0
321.359406327542 828.0
321.6254394901853 828.0
321.891464893712 833.0
322.157482537639 832.0
322.4234924214832 829.0
322.68949454476143 834.0
322.95548890699064 837.0
323.2214755076875 838.0
323.487454346369 840.0
323.753425422552 830.0
324.01938873575347 822.0
324.2853442854901 827.0
324.55129207127885 819.0
324.8172320926366 814.0
325.08316434908016 827.0
325.34908884012646 827.0
325.61500556529234 833.0
325.8809145240947 843.0
326.14681571605024 825.0
326.4127091406761 829.0
326.6785947974889 837.0
326.9444726860058 836.0
327.2103428057433 816.0
327.47620515621855 819.0
327.74205973694836 816.0
328.00790654744947 825.0
328.2737455872389 821.0
328.5395768558335 827.0
328.80540035275004 805.0
329.0712160775054 816.0
329.33702402961654 828.0
329.6028242086002 825.0
329.86861661397353 823.0
330.13440124525306 824.0
330.4001781019559 837.0
330.66594718359863 831.0
330.9317084896984 826.0
331.19746201977205 817.0
331.46320777333636 828.0
331.7289457499082 826.0
331.9946759490044 825.0
332.2603983701419 817.0
332.5261130128375 823.0
332.79181987660826 824.0
333.05751896097087 845.0
333.3232102654422 836.0
333.58889378953916 817.0
333.85456953277856 837.0
334.1202374946774 834.0
334.38589767475247 825.0
334.6515500725206 827.0
334.9171946874987 826.0
335.18283151920355 838.0
335.4484605671522 829.0
335.7140818308614 842.0
335.97969530984807 834.0
336.245301003629 846.0
336.51089891172114 838.0
336.77648903364127 820.0
337.04207136890636 819.0
337.30764591703326 836.0
337.5732126775387 822.0
337.83877164993976 829.0
338.10432283375314 821.0
338.36986622849577 833.0
338.63540183368457 828.0
338.9009296488363 814.0
339.16644967346787 816.0
339.4319619070962 832.0
339.6974663492381 814.0
339.9629629994105 841.0
340.22845185713027 830.0
340.4939329219141 832.0
340.75940619327906 822.0
341.02487167074196 826.0
341.2903293538197 824.0
341.555779242029 827.0
341.821221334887 811.0
342.0866556319103 842.0
342.3520821326158 820.0
342.6175008365205 821.0
342.8829117431413 837.0
343.1483148519949 848.0
343.41371016259825 838.0
343.6790976744682 823.0
343.9444773871216 829.0
344.20984930007546 818.0
344.4752134128465 844.0
344.74056972495157 814.0
345.0059182359076 840.0
345.27125894523147 827.0
345.53659185244 827.0
345.80191695705014 825.0
346.0672342585787 835.0
346.3325437565426 814.0
346.5978454504585 821.0
346.8631393398436 831.0
347.1284254242145 814.0
347.3937037030882 814.0
347.6589741759816 816.0
347.92423684241146 827.0
348.1894917018946 821.0
348.4547387539481 821.0
348.71997799808867 818.0
348.9852094338332 825.0
349.2504330606986 812.0
349.51564887820166 838.0
349.7808568858593 845.0
350.0460570831885 826.0
350.31124946970584 819.0
350.57643404492853 823.0
350.84161080837316 822.0
351.1067797595568 827.0
351.3719408979961 833.0
351.63709422320824 832.0
351.90223973470984 839.0
352.16737743201776 813.0
352.43250731464894 823.0
352.69762938212034 834.0
352.9627436339487 809.0
353.2278500696509 824.0
353.49294868874387 828.0
353.7580394907444 828.0
354.02312247516943 816.0
354.28819764153576 824.0
354.55326498936034 825.0
354.81832451816 830.0
355.08337622745165 827.0
355.348420116752 823.0
355.613456185578 818.0
355.8784844334467 848.0
356.1435048598747 845.0
356.4085174643791 839.0
356.6735222464765 825.0
356.938519205684 835.0
357.2035083415184 828.0
357.46848965349653 828.0
357.73346314113536 829.0
357.9984288039516 825.0
358.2633866414622 822.0
358.528336653184 822.0
358.793278838634 817.0
359.05821319732894 820.0
359.3231397287857 812.0
359.5880584325211 829.0
359.8529693080521 834.0
360.1178723548955 828.0
360.3827675725683 830.0
360.64765496058726 826.0
360.9125345184692 842.0
361.1774062457311 856.0
361.44227014188965 821.0
361.707126206462 823.0
361.9719744389649 819.0
362.2368148389151 830.0
362.5016474058295 817.0
362.766472139225 816.0
363.0312890386186 839.0
363.296098103527 831.0
363.5608993334672 833.0
363.82569272795587 825.0
364.09047828651006 823.0
364.35525600864656 825.0
364.6200258938823 836.0
364.8847879417341 836.0
365.1495421517188 830.0
365.41428852335326 825.0
365.67902705615444 829.0
365.9437577496392 832.0
366.2084806033243 837.0
366.4731956167267 819.0
366.7379027893632 816.0
367.0026021207507 836.0
367.2672936104061 831.0
367.5319772578463 823.0
367.79665306258806 844.0
368.06132102414836 836.0
368.32598114204393 829.0
368.59063341579173 815.0
368.85527784490864 827.0
369.1199144289115 832.0
369.3845431673172 825.0
369.6491640596426 813.0
369.91377710540445 820.0
370.1783823041198 809.0
370.44297965530546 835.0
370.70756915847835 825.0
370.97215081315517 811.0
371.2367246188529 829.0
371.5012905750884 818.0
371.7658486813786 824.0
372.0303989372402 823.0
372.29494134219027 816.0
372.5594758957455 822.0
372.82400259742286 833.0
373.08852144673915 834.0
373.3530324432114 816.0
373.6175355863563 837.0
373.8820308756908 833.0
374.1465183107317 840.0
374.410997890996 822.0
374.6754696160004 833.0
374.93993348526186 828.0
375.2043894982973 820.0
375.4688376546235 823.0
375.7332779537573 827.0
375.9977103952157 816.0
376.26213497851546 839.0
376.52655170317354 828.0
376.7909605687067 849.0
377.05536157463183 834.0
377.3197547204658 841.0
377.5841400057256 820.0
377.84851742992794 820.0
378.11288699258984 817.0
378.37724869322795 812.0
378.64160253135935 828.0
378.90594850650075 840.0
379.1702866181692 830.0
379.4346168658814 826.0
379.69893924915425 825.0
379.9632537675047 846.0
380.2275604204495 823.0
380.49185920750574 824.0
380.75615012819 808.0
381.0204331820193 840.0
381.2847083685105 828.0
381.5489756871804 818.0
381.8132351375459 826.0
382.07748671912407 820.0
382.34173043143153 834.0
382.6059662739852 826.0
382.8701942463019 835.0
383.1344143478986 830.0
383.3986265782921 813.0
383.6628309369994 838.0
383.92702742353725 835.0
384.1912160374225 834.0
384.45539677817203 831.0
384.7195696453027 836.0
384.98373463833155 810.0
385.2478917567753 838.0
385.5120410001507 834.0
385.7761823679748 842.0
386.0403158597644 821.0
386.30444147503647 818.0
386.5685592133077 805.0
386.8326690740951 818.0
387.09677105691543 836.0
387.36086516128563 832.0
387.6249513867226 840.0
387.88902973274315 829.0
388.15310019886414 822.0
388.41716278460245 819.0
388.68121748947493 823.0
388.9452643129986 824.0
389.2093032546901 825.0
389.47333431406645 831.0
389.73735749064434 816.0
390.0013727839409 830.0
390.2653801934728 832.0
390.52937971875696 835.0
390.7933713593103 830.0
391.05735511464974 811.0
391.3213309842919 835.0
391.5852989677539 822.0
391.8492590645524 837.0
392.1132112742045 833.0
392.37715559622694 823.0
392.6410920301366 826.0
392.9050205754503 831.0
393.1689412316849 834.0
393.43285399835736 823.0
393.69675887498465 839.0
393.96065586108335 834.0
394.2245449561705 829.0
394.4884261597629 813.0
394.75229947137757 833.0
395.01616489053123 834.0
395.28002241674085 838.0
395.5438720495231 841.0
395.80771378839506 831.0
396.0715476328735 827.0
396.33537358247537 820.0
396.5991916367174 830.0
396.86300179511665 828.0
397.12680405718976 829.0
397.39059842245376 810.0
397.65438489042543 816.0
397.91816346062177 826.0
398.18193413255955 822.0
398.4456969057556 837.0
398.7094517797268 828.0
398.97319875399006 824.0
399.2369378280623 823.0
399.50066900146027 814.0
399.764392273701 840.0
400.02810764430114 833.0
400.2918151127777 812.0
400.55551467864757 815.0
400.81920634142756 823.0
401.08289010063453 824.0
401.34656595578537 829.0
401.6102339063969 823.0
401.8738939519861 809.0
402.1375460920697 825.0
402.4011903261647 829.0
402.6648266537879 829.0
402.92845507445617 812.0
403.1920755876863 836.0
403.4556881929953 841.0
403.71929288990003 821.0
403.98288967791734 823.0
404.246478556564 822.0
404.5100595253569 841.0
404.77363258381297 840.0
405.03719773144906 834.0
405.3007549677821 826.0
405.56430429232887 821.0
405.82784570460626 814.0
406.0913792041311 831.0
406.35490479042033 822.0
406.61842246299085 815.0
406.88193222135936 827.0
407.14543406504293 824.0
407.4089279935582 820.0
407.6724140064223 850.0
407.9358921031519 828.0
408.19936228326395 826.0
408.4628245462754 828.0
408.7262788917029 830.0
408.9897253190635 816.0
409.25316382787395 812.0
409.5165944176513 816.0
409.7800170879122 822.0
410.04343183817366 823.0
410.30683866795243 840.0
410.57023757676546 817.0
410.83362856412975 812.0
411.09701162956185 818.0
411.3603867725789 822.0
411.62375399269763 821.0
411.887113289435 825.0
412.1504646623078 828.0
412.4138081108329 818.0
412.6771436345273 824.0
412.94047123290767 810.0
413.20379090549096 822.0
413.46710265179405 843.0
413.7304064713339 818.0
413.9937023636272 833.0
414.25699032819097 826.0
414.52027036454194 837.0
414.78354247219704 829.0
415.0468066506732 843.0
415.31006289948726 852.0
415.5733112181561 847.0
415.83655160619645 881.0
416.0997840631253 862.0
416.3630085884595 836.0
416.62622518171594 829.0
416.8894338424115 825.0
417.152634570063 839.0
417.4158273641873 825.0
417.67901222430123 829.0
417.9421891499217 840.0
418.2053581405658 821.0
418.46851919575005 833.0
418.7316723149915 852.0
418.99481749780693 844.0
419.2579547437133 857.0
419.5210840522274 867.0
419.78420542286625 874.0
420.04731885514644 864.0
420.31042434858506 831.0
420.573521902699 842.0
420.83661151700494 836.0
421.0996931910199 829.0
421.3627669242608 827.0
421.6258327162443 840.0
421.88889056648736 824.0
422.1519404745069 825.0
422.41498243981977 829.0
422.6780164619429 830.0
422.9410425403929 811.0
423.2040606746869 816.0
423.46707086434174 826.0
423.7300731088742 818.0
423.9930674078012 835.0
424.25605376063965 835.0
424.5190321669063 820.0
424.782002626118 849.0
425.0449651377918 825.0
425.30791970144446 829.0
425.57086631659286 837.0
425.83380498275386 842.0
426.0967356994443 844.0
426.3596584661811 844.0
426.6225732824811 833.0
426.88548014786113 855.0
427.14837906183817 846.0
427.411270023929 829.0
427.6741530336505 839.0
427.9370280905195 840.0
428.199895194053 820.0
428.46275434376776 830.0
428.72560553918066 836.0
428.98844877980855 832.0
429.2512840651683 835.0
429.51411139477693 824.0
429.77693076815115 835.0
430.03974218480784 847.0
430.3025456442639 829.0
430.5653411460361 814.0
430.82812868964146 819.0
431.09090827459687 838.0
431.353679900419 821.0
431.61644356662487 826.0
431.87919927273134 841.0
432.1419470182551 837.0
432.40468680271334 828.0
432.66741862562276 828.0
432.93014248650013 843.0
433.1928583848624 837.0
433.45556632022647 837.0
433.7182662921092 828.0
433.9809583000275 820.0
434.24364234349815 817.0
434.506318422038 823.0
434.768986535164 843.0
435.031646682393 816.0
435.2942988632418 815.0
435.55694307722734 823.0
435.81957932386655 833.0
436.08220760267614 810.0
436.34482791317305 828.0
436.6074402548742 830.0
436.8700446272964 825.0
437.1326410299566 833.0
437.3952294623715 842.0
437.65780992405803 806.0
437.9203824145332 827.0
438.1829469333138 832.0
438.4455034799166 816.0
438.7080520538586 830.0
438.9705926546565 814.0
439.23312528182737 836.0
439.49564993488787 811.0
439.7581666133551 829.0
440.0206753167459 827.0
440.28317604457686 828.0
440.5456687963651 809.0
440.8081535716274 827.0
441.07063036988075 826.0
441.3330991906418 826.0
441.5955600334276 818.0
441.858012897755 820.0
442.12045778314075 821.0
442.3828946891018 828.0
442.6453236151551 831.0
442.9077445608174 826.0
443.17015752560553 807.0
443.4325625090365 814.0
443.69495951062703 809.0
443.95734852989415 817.0
444.21972956635454 817.0
444.4821026195253 825.0
444.74446768892307 826.0
445.00682477406485 807.0
445.2691738744674 834.0
445.5315149896478 813.0
445.79384811912274 829.0
446.05617326240906 820.0
446.31849041902376 823.0
446.58079958848356 820.0
446.8431007703055 827.0
447.10539396400634 829.0
447.367679169103 827.0
447.6299563851123 837.0
447.892225611551 823.0
448.15448684793625 833.0
448.4167400937847 819.0
448.67898534861325 822.0
448.9412226119389 817.0
449.2034518832783 820.0
449.46567316214856 812.0
449.72788644806633 814.0
449.99009174054856 821.0
450.2522890391122 830.0
450.514478343274 814.0
450.77665965255085 840.0
451.0388329664597 840.0
451.30099828451733 834.0
451.5631556062406 822.0
451.82530493114655 834.0
452.08744625875175 833.0
452.3495795885734 838.0
452.6117049201281 830.0
452.87382225293277 834.0
453.13593158650446 814.0
453.3980329203598 833.0
453.6601262540158 823.0
453.9222115869893 831.0
454.1842889187971 826.0
454.4463582489562 839.0
454.70841957698343 836.0
454.97047290239556 828.0
455.23251822470957 829.0
455.49455554344223 829.0
455.75658485811044 822.0
456.0186061682312 834.0
456.2806194733211 822.0
456.5426247728973 806.0
456.8046220664765 822.0
457.0666113535756 824.0
457.32859263371154 828.0
457.5905659064011 828.0
457.8525311711611 827.0
458.1144884275086 828.0
458.37643767496024 823.0
458.6383789130331 819.0
458.9003121412439 833.0
459.1622373591095 834.0
459.4241545661469 829.0
459.68606376187284 829.0
459.9479649458043 805.0
460.2098581174581 815.0
460.471743276351 827.0
460.733620422 829.0
460.9954895539219 819.0
461.2573506716337 833.0
461.51920377465206 828.0
461.78104886249406 820.0
462.0428859346764 813.0
462.304714990716 832.0
462.5665360301298 825.0
462.82834905243453 818.0
463.09015405714723 821.0
463.35195104378465 820.0
463.6137400118636 818.0
463.8755209609011 835.0
464.13729389041396 828.0
464.399058799919 826.0
464.6608156889332 819.0
464.92256455697327 811.0
465.18430540355615 824.0
465.4460382281988 824.0
465.707763030418 828.0
465.96947980973056 811.0
466.23118856565344 827.0
466.49288929770347 829.0
466.75458200539765 826.0
467.0162666882526 821.0
467.27794334578533 816.0
467.5396119775127 809.0
467.8012725829516 827.0
468.0629251616188 840.0
468.3245697130314 809.0
468.586206236706 828.0
468.8478347321596 830.0
469.109455198909 828.0
469.3710676364711 824.0
469.6326720443629 806.0
469.89426842210105 832.0
470.1558567692025 819.0
470.4174370851842 818.0
470.6790093695629 813.0
470.94057362185555 836.0
471.20212984157905 820.0
471.4636780282501 822.0
471.72521818138574 835.0
471.9867503005027 814.0
472.248274385118 805.0
472.5097904347484 830.0
472.7712984489108 820.0
473.03279842712203 826.0
473.29429036889906 825.0
473.55577427375863 826.0
473.8172501412177 837.0
474.07871797079315 814.0
474.34017776200176 838.0
474.6016295143605 843.0
474.8630732273861 821.0
475.1245089005955 827.0
475.3859365335057 830.0
475.64735612563334 837.0
475.9087676764954 827.0
476.1701711856088 825.0
476.4315666524903 825.0
476.6929540766569 838.0
476.95433345762535 838.0
477.2157047949125 833.0
477.47706808803537 837.0
477.7384233365106 824.0
477.9997705398553 822.0
478.26110969758616 819.0
478.52244080922014 835.0
478.78376387427414 806.0
479.04507889226494 830.0
479.3063858627094 828.0
479.5676847851245 825.0
479.828975659027 833.0
480.0902584839338 834.0
480.3515332593618 815.0
480.61279998482775 827.0
480.8740586598487 810.0
481.13530928394147 826.0
481.3965518566228 815.0
481.65778637740965 837.0
481.9190128458189 822.0
482.1802312613674 829.0
482.4414416235721 829.0
482.70264393194964 816.0
482.9638381860171 816.0
483.2250243852913 817.0
483.4862025292891 808.0
483.7473726175273 813.0
484.0085346495229 838.0
484.26968862479265 823.0
484.5308345428534 804.0
484.79197240322225 839.0
485.0531022054157 830.0
485.314223948951 824.0
485.57533763334476 835.0
485.8364432581139 824.0
486.0975408227754 820.0
486.35863032684597 826.0
486.61971176984247 815.0
486.880785151282 823.0
487.1418504706812 828.0
487.402907727557 840.0
487.66395692142635 832.0
487.92499805180597 836.0
488.18603111821284 827.0
488.44705612016384 824.0
488.7080730571757 821.0
488.9690819287655 846.0
489.2300827344499 825.0
489.49107547374587 821.0
489.75206014617027 820.0
490.01303675124 838.0
490.27400528847187 820.0
490.53496575738274 832.0
490.79591815748955 824.0
491.05686248830915 833.0
491.31779874935836 841.0
491.57872694015396 831.0
491.8396470602131 827.0
492.1005591090524 831.0
492.3614630861888 828.0
492.6223589911392 828.0
492.88324682342045 821.0
493.14412658254946 829.0
493.40499826804296 834.0
493.66586187941795 836.0
493.92671741619125 830.0
494.18756487787977 820.0
494.44840426400026 831.0
494.70923557406974 827.0
494.97005880760497 811.0
495.23087396412285 808.0
495.4916810431403 818.0
495.7524800441741 823.0
496.01327096674123 823.0
496.27405381035845 854.0
496.53482857454264 830.0
496.79559525881075 830.0
497.05635386267954 839.0
497.31710438566597 829.0
497.57784682728686 824.0
497.8385811870591 834.0
498.0993074644995 808.0
498.360025659125 841.0
498.6207357704524 813.0
498.88143779799873 823.0
499.14213174128065 826.0
499.40281759981514 822.0
499.6634953731191 814.0
499.92416506070924 830.0
500.1848266621026 824.0
500.445480176816 837.0
500.70612560436615 824.0
500.96676294427016 822.0
501.22739219604483 819.0
501.48801335920695 833.0
501.74862643327344 836.0
502.00923141776116 820.0
502.2698283121869 826.0
502.5304171160677 825.0
502.7909978289203 835.0
503.0515704502616 850.0
503.31213497960846 821.0
503.57269141647777 842.0
503.8332397603864 826.0
504.09378001085116 823.0
504.354312167389 828.0
504.6148362295168 837.0
504.8753521967513 820.0
505.1358600686094 845.0
505.3963598446082 829.0
505.6568515242642 823.0
505.9173351070945 822.0
506.17781059261597 826.0
506.4382779803454 831.0
506.69873726979966 836.0
506.95918846049574 831.0
507.2196315519502 827.0
507.4800665436803 825.0
507.74049343520267 823.0
508.00091222603425 834.0
508.261322915692 833.0
508.5217255036924 827.0
508.7821199895529 822.0
509.0425063727899 819.0
509.3028846529204 826.0
509.5632548294615 822.0
509.8236169019296 835.0
510.0839708698421 830.0
510.3443167327155 820.0
510.60465449006676 822.0
510.8649841414127 827.0
511.12530568627034 820.0
511.3856191241566 827.0
511.64592445458794 822.0
511.90622167708165 813.0
512.1665107911545 823.0
512.4267917963232 829.0
512.6870646921047 835.0
512.947329478016 837.0
513.2075861535739 822.0
513.467834718295 818.0
513.7280751716964 822.0
513.9883075132952 832.0
514.248531742608 842.0
514.5087478591515 817.0
514.7689558624429 834.0
515.0291557519989 839.0
515.2893475273365 825.0
515.5495311879723 830.0
515.8097067334235 828.0
516.0698741632067 840.0
516.3300334768389 852.0
516.5901846738369 842.0
516.8503277537177 829.0
517.1104627159981 825.0
517.3705895601947 826.0
517.630708285825 811.0
517.8908188924053 823.0
518.1509213794526 835.0
518.411015746484 829.0
518.6711019930159 836.0
518.9311801185657 838.0
519.19125012265 843.0
519.4513120047856 831.0
519.7113657644896 818.0
519.9714114012784 817.0
520.2314489146695 826.0
520.4914783041794 837.0
520.751499569325 820.0
521.0115127096234 823.0
521.271517724591 825.0
521.5315146137451 824.0
521.7915033766022 821.0
522.0514840126796 837.0
522.3114565214938 827.0
522.5714209025618 821.0
522.8313771554007 822.0
523.0913252795269 818.0
523.3512652744578 849.0
523.6111971397097 828.0
523.8711208747998 821.0
524.1310364792452 829.0
524.390943952562 826.0
524.6508432942679 842.0
524.9107345038794 822.0
525.1706175809132 834.0
525.4304925248866 834.0
525.690359335316 833.0
525.9502180117188 814.0
526.2100685536113 834.0
526.4699109605107 826.0
526.729745231934 833.0
526.9895713673975 812.0
527.2493893664187 810.0
527.5091992285141 835.0
527.7690009532007 830.0
528.0287945399953 844.0
528.2885799884149 820.0
528.5483572979764 819.0
528.8081264681963 826.0
529.0678874985917 835.0
529.3276403886796 817.0
529.5873851379768 836.0
529.8471217460001 842.0
530.1068502122662 834.0
530.3665705362923 831.0
530.6262827175951 842.0
530.8859867556915 834.0
531.1456826500984 819.0
531.4053704003326 813.0
531.6650500059111 832.0
531.9247214663504 834.0
532.1843847811678 826.0
532.4440399498801 838.0
532.7036869720038 818.0
532.9633258470562 814.0
533.222956574554 824.0
533.4825791540142 828.0
533.7421935849534 825.0
534.0017998668885 829.0
534.2613979993366 828.0
534.5209879818145 838.0
534.780569813839 819.0
535.0401434949268 828.0
535.2997090245951 816.0
535.5592664023607 834.0
535.8188156277402 836.0
536.0783567002508 824.0
536.3378896194092 828.0
536.5974143847321 825.0
536.8569309957369 826.0
537.1164394519398 835.0
537.3759397528582 830.0
537.6354318980087 830.0
537.8949158869082 827.0
538.1543917190737 830.0
538.4138593940218 821.0
538.6733189112697 821.0
538.932770270334 810.0
539.1922134707318 816.0
539.4516485119797 831.0
539.7110753935946 818.0
539.9704941150937 817.0
540.2299046759937 825.0
540.4893070758112 833.0
540.7487013140633 822.0
541.008087390267 822.0
541.2674653039389 831.0
541.526835054596 833.0
541.7861966417552 816.0
542.0455500649333 827.0
542.3048953236471 826.0
542.5642324174137 830.0
542.8235613457497 829.0
543.0828821081722 815.0
543.3421947041979 830.0
543.6014991333436 834.0
543.8607953951266 828.0
544.1200834890632 832.0
544.3793634146708 839.0
544.6386351714658 841.0
544.8978987589653 822.0
545.1571541766862 836.0
545.4164014241451 833.0
545.6756405008593 841.0
545.9348714063455 839.0
546.1940941401203 841.0
546.4533087017008 841.0
546.712515090604 835.0
546.9717133063466 832.0
547.2309033484453 822.0
547.4900852164174 834.0
547.7492589097793 833.0
548.0084244280482 833.0
548.2675817707409 814.0
548.526730937374 823.0
548.7858719274648 818.0
549.0450047405299 839.0
549.3041293760863 834.0
549.5632458336507 839.0
549.82235411274 829.0
550.0814542128714 821.0
550.3405461335612 839.0
550.5996298743269 851.0
550.8587054346848 827.0
551.117772814152 821.0
551.3768320122455 822.0
551.6358830284819 823.0
551.8949258623783 823.0
552.1539605134514 831.0
552.4129869812182 825.0
552.6720052651955 824.0
552.9310153649002 827.0
553.1900172798491 833.0
553.4490110095592 823.0
553.7079965535472 824.0
553.9669739113302 805.0
554.2259430824248 813.0
554.484904066348 841.0
554.7438568626167 828.0
555.0028014707476 825.0
555.261737890258 826.0
555.520666120664 839.0
555.7795861614834 839.0
556.0384980122324 836.0
556.2974016724281 827.0
556.5562971415874 821.0
556.8151844192269 834.0
557.0740635048638 832.0
557.3329343980148 823.0
557.5917970981968 818.0
557.8506516049267 825.0
558.1094979177213 823.0
558.3683360360976 832.0
558.6271659595724 822.0
558.8859876876625 830.0
559.1448012198848 836.0
559.4036065557561 819.0
559.6624036947936 829.0
559.9211926365136 840.0
560.1799733804337 832.0
560.43874592607 843.0
560.6975102729399 840.0
560.9562664205602 822.0
561.2150143684473 833.0
561.4737541161188 834.0
561.732485663091 840.0
561.9912090088809 839.0
562.2499241530056 835.0
562.5086310949818 825.0
562.7673298343262 809.0
563.026020370556 824.0
563.2847027031879 840.0
563.5433768317389 844.0
563.8020427557254 833.0
564.0607004746649 830.0
564.3193499880738 840.0
564.5779912954692 836.0
564.8366243963679 829.0
565.0952492902868 830.0
565.3538659767429 829.0
565.6124744552527 834.0
565.8710747253335 822.0
566.1296667865018 826.0
566.3882506382747 824.0
566.6468262801691 823.0
566.9053937117014 817.0
567.1639529323893 826.0
567.4225039417488 827.0
567.6810467392974 822.0
567.9395813245517 836.0
568.1981076970284 826.0
568.4566258562448 817.0
568.7151358017175 810.0
568.9736375329633 828.0
569.2321310494995 832.0
569.4906163508422 830.0
569.749093436509 844.0
570.0075623060163 837.0
570.2660229588813 820.0
570.5244753946206 827.0
570.7829196127512 824.0
571.0413556127901 834.0
571.2997833942537 814.0
571.5582029566596 833.0
571.8166142995238 820.0
572.075017422364 808.0
572.3334123246967 817.0
572.5917990060384 834.0
572.8501774659068 832.0
573.108547703818 827.0
573.3669097192892 826.0
573.6252635118373 836.0
573.8836090809789 836.0
574.1419464262314 823.0
574.400275547111 823.0
574.6585964431351 840.0
574.9169091138205 828.0
575.1752135586836 832.0
575.4335097772419 821.0
575.6917977690118 826.0
575.9500775335105 823.0
576.2083490702545 822.0
576.4666123787609 823.0
576.7248674585469 826.0
576.9831143091286 837.0
577.2413529300236 824.0
577.4995833207483 826.0
577.7578054808198 846.0
578.0160194097549 826.0
578.2742251070703 834.0
578.5324225722832 835.0
578.7906118049101 830.0
579.0487928044681 834.0
579.3069655704743 829.0
579.565130102445 841.0
579.8232863998975 832.0
580.0814344623485 826.0
580.339574289315 824.0
580.5977058803137 833.0
580.8558292348614 837.0
581.1139443524753 816.0
581.3720512326721 830.0
581.6301498749685 822.0
581.8882402788817 819.0
582.146322443928 833.0
582.4043963696251 818.0
582.6624620554893 815.0
582.9205195010375 820.0
583.1785687057866 835.0
583.4366096692537 825.0
583.6946423909554 827.0
583.9526668704085 829.0
584.2106831071303 813.0
584.4686911006373 829.0
584.7266908504463 814.0
584.9846823560746 827.0
585.2426656170385 819.0
585.5006406328554 822.0
585.7586074030418 827.0
586.0165659271148 825.0
586.2745162045912 824.0
586.5324582349878 815.0
586.7903920178214 819.0
587.0483175526091 827.0
587.3062348388676 820.0
587.5641438761138 822.0
587.8220446638645 840.0
588.0799372016369 822.0
588.3378214889474 833.0
588.5956975253132 835.0
588.8535653102509 833.0
589.1114248432776 830.0
589.3692761239103 827.0
589.6271191516653 816.0
589.88495392606 817.0
590.1427804466111 842.0
590.4005987128355 832.0
590.6584087242501 837.0
590.9162104803713 827.0
591.1740039807169 855.0
591.4317892248029 828.0
591.6895662121466 839.0
591.9473349422648 828.0
592.2050954146741 838.0
592.462847628892 840.0
592.7205915844347 831.0
592.9783272808194 826.0
593.236054717563 818.0
593.493773894182 833.0
593.7514848101939 827.0
594.009187465115 817.0
594.2668818584625 834.0
594.5245679897531 836.0
594.7822458585038 822.0
595.0399154642313 829.0
595.2975768064524 823.0
595.5552298846843 802.0
595.8128746984438 814.0
596.0705112472474 851.0
596.3281395306126 841.0
596.5857595480555 813.0
596.8433712990935 829.0
597.1009747832434 823.0
597.3585700000219 847.0
597.6161569489462 837.0
597.8737356295327 821.0
598.1313060412986 823.0
598.3888681837607 851.0
598.6464220564358 829.0
598.9039676588409 835.0
599.1615049904925 836.0
599.4190340509081 830.0
599.676554839604 820.0
599.9340673560972 838.0
600.1915715999048 825.0
600.4490675705435 819.0
600.7065552675302 834.0
600.9640346903817 820.0
601.221505838615 820.0
601.4789687117469 818.0
601.7364233092942 839.0
601.9938696307739 836.0
602.2513076757026 825.0
602.5087374435976 833.0
602.7661589339755 875.0
603.023572146353 885.0
603.2809770802475 879.0
603.5383737351752 856.0
603.7957621106534 842.0
604.053142206199 855.0
604.3105140213286 836.0
604.5678775555593 833.0
604.8252328084078 846.0
605.0825797793912 817.0
605.3399184680261 821.0
605.5972488738295 845.0
605.8545709963181 844.0
606.111884835009 829.0
606.3691903894193 839.0
606.6264876590651 829.0
606.883776643464 827.0
607.1410573421324 825.0
607.3983297545875 828.0
607.6555938803461 827.0
607.9128497189247 822.0
608.1700972698408 814.0
608.4273365326108 822.0
608.6845675067516 828.0
608.9417901917803 824.0
609.1990045872135 836.0
609.4562106925683 841.0
609.7134085073615 819.0
609.9705980311098 836.0
610.2277792633305 835.0
610.4849522035397 839.0
610.7421168512552 832.0
610.9992732059933 837.0
611.2564212672709 835.0
611.5135610346049 840.0
611.7706925075122 828.0
612.0278156855098 828.0
612.2849305681145 827.0
612.542037154843 822.0
612.7991354452124 821.0
613.0562254387393 828.0
613.3133071349409 820.0
613.5703805333337 835.0
613.8274456334349 822.0
614.0845024347612 818.0
614.3415509368294 833.0
614.5985911391567 832.0
614.8556230412595 837.0
615.1126466426551 837.0
615.36966194286 823.0
615.6266689413914 840.0
615.8836676377659 829.0
616.1406580315004 822.0
616.3976401221121 842.0
616.6546139091173 837.0
616.9115793920333 836.0
617.1685365703769 834.0
617.4254854436648 861.0
617.6824260114142 835.0
617.9393582731417 818.0
618.196282228364 826.0
618.4531978765983 817.0
618.7101052173614 827.0
618.9670042501702 819.0
619.2238949745413 821.0
619.4807773899919 812.0
619.7376514960388 841.0
619.9945172921986 840.0
620.2513747779885 827.0
620.508223952925 828.0
620.7650648165256 831.0
621.0218973683066 813.0
621.2787216077849 835.0
621.5355375344776 839.0
621.7923451479013 835.0
622.0491444475734 824.0
622.3059354330103 821.0
622.5627181037288 820.0
622.8194924592461 827.0
623.0762584990788 831.0
623.333016222744 823.0
623.5897656297584 827.0
623.8465067196389 822.0
624.1032394919024 844.0
624.3599639460657 821.0
624.6166800816459 833.0
624.8733878981594 814.0
625.1300873951237 834.0
625.3867785720552 822.0
625.6434614284708 834.0
625.9001359638876 819.0
626.1568021778221 836.0
626.4134600697917 848.0
626.6701096393127 829.0
626.9267508859024 834.0
627.1833838090776 813.0
627.4400084083547 831.0
627.6966246832512 812.0
627.9532326332837 823.0
628.2098322579691 821.0
628.4664235568243 834.0
628.723006529366 837.0
628.9795811751112 826.0
629.2361474935768 819.0
629.4927054842794 825.0
629.7492551467363 838.0
630.0057964804641 829.0
630.2623294849799 842.0
630.5188541598001 838.0
630.775370504442 845.0
631.0318785184223 813.0
631.2883782012578 820.0
631.5448695524658 842.0
631.8013525715625 837.0
632.0578272580652 820.0
632.3142936114906 804.0
632.5707516313557 797.0
632.8272013171775 816.0
633.0836426684723 819.0
633.3400756847575 817.0
633.5965003655499 818.0
633.8529167103661 813.0
634.1093247187234 838.0
634.3657243901381 820.0
634.6221157241276 837.0
634.8784987202085 841.0
635.1348733778977 832.0
635.3912396967121 839.0
635.6475976761684 819.0
635.9039473157839 818.0
636.1602886150749 838.0
636.4166215735588 839.0
636.6729461907521 828.0
636.9292624661718 827.0
637.1855703993349 843.0
637.4418699897578 821.0
637.6981612369581 817.0
637.9544441404521 822.0
638.2107186997567 838.0
638.4669849143892 840.0
638.7232427838659 824.0
638.979492307704 818.0
639.2357334854204 821.0
639.4919663165317 833.0
639.7481908005552 829.0
640.0044069370073 810.0
640.2606147254052 829.0
640.5168141652655 820.0
640.7730052561054 844.0
641.0291879974413 829.0
641.2853623887906 846.0
641.5415284296699 855.0
641.797686119596 856.0
642.0538354580859 840.0
642.3099764446565 840.0
642.5661090788245 837.0
642.8222333601069 828.0
643.0783492880205 841.0
643.3344568620822 824.0
643.5905560818089 829.0
643.8466469467173 832.0
644.1027294563247 830.0
644.3588036101473 834.0
644.6148694077026 836.0
644.8709268485071 837.0
645.1269759320778 836.0
645.3830166579316 830.0
645.6390490255851 839.0
645.8950730345556 820.0
646.1510886843597 824.0
646.4070959745143 822.0
646.6630949045363 828.0
646.9190854739425 812.0
647.17506768225 829.0
647.4310415289752 817.0
647.6870070136354 830.0
647.9429641357473 814.0
648.1989128948277 837.0
648.4548532903938 841.0
648.7107853219619 828.0
648.9667089890495 827.0
649.222624291173 829.0
649.4785312278494 830.0
649.7344297985958 820.0
649.9903200029287 822.0
650.2462018403652 836.0
650.502075310422 824.0
650.7579404126162 817.0
651.0137971464646 817.0
651.2696455114838 828.0
651.525485507191 828.0
651.7813171331029 835.0
652.0371403887364 843.0
652.2929552736086 829.0
652.5487617872358 823.0
652.8045599291355 810.0
653.0603496988242 818.0
653.3161310958188 842.0
653.5719041196362 822.0
653.8276687697933 828.0
654.0834250458071 834.0
654.3391729471941 833.0
654.5949124734717 824.0
654.8506436241562 821.0
655.1063663987647 820.0
655.3620807968144 822.0
655.6177868178215 843.0
655.8734844613035 818.0
656.129173726777 828.0
656.3848546137588 843.0
656.6405271217659 830.0
656.8961912503149 827.0
657.1518469989231 827.0
657.4074943671071 827.0
657.6631333543837 820.0
657.9187639602701 826.0
658.1743861842826 830.0
658.4300000259387 805.0
658.6856054847549 824.0
658.9412025602483 826.0
659.1967912519353 812.0
659.4523715593333 829.0
659.707943481959 842.0
659.9635070193291 842.0
660.2190621709606 838.0
660.4746089363705 819.0
660.7301473150753 815.0
660.9856773065924 822.0
661.2411989104381 822.0
661.4967121261298 837.0
661.7522169531838 823.0
662.0077133911174 826.0
662.2632014394475 832.0
662.5186810976904 834.0
662.7741523653638 816.0
663.029615241984 824.0
663.2850697270679 800.0
663.5405158201327 821.0
663.7959535206948 841.0
664.0513828282715 830.0
664.3068037423793 830.0
664.5622162625355 824.0
664.8176203882564 810.0
665.0730161190594 826.0
665.3284034544613 825.0
665.5837823939785 832.0
665.8391529371283 837.0
666.0945150834276 823.0
666.349868832393 837.0
666.6052141835415 843.0
666.8605511363899 830.0
667.1158796904554 832.0
667.3711998452544 808.0
667.626511600304 837.0
667.8818149551211 846.0
668.1371099092223 833.0
668.3923964621249 819.0
668.6476746133454 814.0
668.9029443624008 819.0
669.1582057088083 825.0
669.4134586520839 824.0
669.6687031917455 823.0
669.9239393273093 826.0
670.1791670582923 827.0
670.4343863842114 830.0
670.6895973045835 832.0
670.9447998189256 814.0
671.1999939267544 828.0
671.4551796275866 818.0
671.7103569209394 834.0
671.9655258063294 821.0
672.220686283274 818.0
672.475838351289 840.0
672.7309820098925 827.0
672.9861172586005 836.0
673.2412440969302 833.0
673.4963625243987 825.0
673.7514725405223 829.0
674.0065741448183 822.0
674.2616673368035 819.0
674.5167521159946 837.0
674.7718284819086 837.0
675.0268964340622 867.0
675.2819559719727 881.0
675.5370070951565 862.0
675.7920498031307 849.0
676.0470840954122 853.0
676.3021099715176 838.0
676.5571274309642 819.0
676.8121364732684 823.0
677.0671370979474 819.0
677.3221293045178 840.0
677.5771130924968 828.0
677.8320884614011 822.0
678.0870554107474 809.0
678.3420139400529 816.0
678.5969640488343 811.0
678.8519057366083 837.0
679.1068390028922 823.0
679.3617638472023 828.0
679.616680269056 843.0
679.8715882679699 834.0
680.1264878434607 832.0
680.3813789950458 830.0
680.6362617222414 818.0
680.8911360245651 821.0
681.146001901533 811.0
681.4008593526627 820.0
681.6557083774705 832.0
681.9105489754734 824.0
682.1653811461886 822.0
682.4202048891326 825.0
682.6750202038223 827.0
682.9298270897748 823.0
683.1846255465068 826.0
683.4394155735351 823.0
683.6941971703767 832.0
683.9489703365485 821.0
684.2037350715673 843.0
684.4584913749499 827.0
684.7132392462133 826.0
684.9679786848742 833.0
685.2227096904496 836.0
685.4774322624564 832.0
685.7321464004115 833.0
685.9868521038316 837.0
686.2415493722334 836.0
686.4962382051343 848.0
686.7509186020508 852.0
687.0055905624997 857.0
687.2602540859983 860.0
687.514909172063 832.0
687.7695558202109 842.0
688.0241940299587 839.0
688.2788238008236 819.0
688.5334451323221 829.0
688.7880580239712 834.0
689.042662475288 833.0
689.2972584857889 822.0
689.5518460549912 833.0
689.8064251824115 828.0
690.0609958675668 822.0
690.3155581099742 838.0
690.5701119091498 841.0
690.8246572646113 837.0
691.0791941758752 827.0
691.3337226424583 827.0
691.5882426638777 816.0
691.84275423965 812.0
692.0972573692924 831.0
692.3517520523214 838.0
692.6062382882542 833.0
692.8607160766074 837.0
693.1151854168979 823.0
693.3696463086428 846.0
693.6240987513587 845.0
693.8785427445628 833.0
694.1329782877717 829.0
694.3874053805022 826.0
694.6418240222713 817.0
694.8962342125958 841.0
695.1506359509929 845.0
695.405029236979 839.0
695.6594140700711 867.0
695.9137904497863 878.0
696.168158375641 997.0
696.4225178471527 1074.0
696.676868863838 1000.0
696.9312114252134 940.0
697.1855455307963 854.0
697.4398711801031 827.0
697.6941883726512 835.0
697.9484971079568 835.0
698.2027973855375 827.0
698.4570892049098 820.0
698.7113725655903 811.0
698.9656474670965 820.0
699.2199139089445 822.0
699.4741718906519 841.0
699.7284214117353 816.0
699.9826624717113 823.0
700.2368950700971 800.0
700.4911192064093 829.0
700.7453348801653 823.0
700.9995420908814 819.0
701.2537408380745 821.0
701.5079311212619 829.0
701.7621129399598 839.0
702.016286293686 838.0
702.2704511819566 828.0
702.5246076042886 836.0
702.778755560199 865.0
703.0328950492045 861.0
703.2870260708224 839.0
703.5411486245691 825.0
703.7952627099618 830.0
704.0493683265172 831.0
704.3034654737519 828.0
704.5575541511835 822.0
704.8116343583279 834.0
705.0657060947029 822.0
705.3197693598249 844.0
705.5738241532106 837.0
705.8278704743772 854.0
706.0819083228414 871.0
706.3359376981203 950.0
706.5899585997306 1041.0
706.8439710271889 963.0
707.0979749800126 933.0
707.3519704577179 881.0
707.6059574598225 843.0
707.8599359858429 852.0
708.1139060352955 849.0
708.3678676076978 833.0
708.6218207025663 812.0
708.8757653194182 852.0
709.12970145777 830.0
709.3836291171389 831.0
709.6375482970416 832.0
709.8914589969946 828.0
710.1453612165157 821.0
710.3992549551208 822.0
710.6531402123275 841.0
710.9070169876522 848.0
711.1608852806118 840.0
711.4147450907236 834.0
711.6685964175037 822.0
711.9224392604699 836.0
712.1762736191384 841.0
712.4300994930262 839.0
712.6839168816504 842.0
712.9377257845274 827.0
713.1915262011746 828.0
713.4453181311087 807.0
713.6991015738463 816.0
713.9528765289045 840.0
714.2066429958 845.0
714.4604009740502 864.0
714.7141504631712 860.0
714.9678914626805 858.0
715.2216239720948 838.0
715.4753479909306 834.0
715.7290635187052 824.0
715.982770554935 824.0
716.2364690991376 841.0
716.4901591508293 831.0
716.743840709527 816.0
716.9975137747479 824.0
717.2511783460084 823.0
717.5048344228259 835.0
717.7584820047169 832.0
718.0121210911982 826.0
718.2657516817872 825.0
718.519373776 825.0
718.772987373354 817.0
719.026592473366 834.0
719.2801890755527 828.0
719.5337771794311 806.0
719.7873567845179 825.0
720.0409278903304 827.0
720.294490496385 824.0
720.5480446021987 833.0
720.8015902072887 827.0
721.0551273111711 832.0
721.3086559133636 827.0
721.5621760133826 835.0
721.815687610745 831.0
722.0691907049679 832.0
722.3226852955679 834.0
722.5761713820622 848.0
722.8296489639672 829.0
723.0831180408002 836.0
723.3365786120778 837.0
723.5900306773169 825.0
723.8434742360346 817.0
724.0969092877473 818.0
724.3503358319725 821.0
724.6037538682267 842.0
724.8571633960265 814.0
725.1105644148894 828.0
725.3639569243315 841.0
725.6173409238706 832.0
725.8707164130229 812.0
726.1240833913054 822.0
726.3774418582351 833.0
726.6307918133285 847.0
726.8841332561029 875.0
727.137466186075 894.0
727.3907906027619 867.0
727.6441065056802 849.0
727.8974138943464 840.0
728.1507127682783 830.0
728.4040031269918 839.0
728.6572849700045 832.0
728.9105582968331 818.0
729.1638231069941 832.0
729.4170794000048 828.0
729.6703271753817 842.0
729.923566432642 833.0
730.1767971713025 840.0
730.4300193908798 838.0
730.6832330908911 836.0
730.936438270853 854.0
731.1896349302828 842.0
731.442823068697 852.0
731.6960026856123 838.0
731.949173780546 814.0
732.2023363530145 828.0
732.4554904025351 818.0
732.7086359286245 816.0
732.9617729307997 837.0
733.2149014085775 839.0
733.4680213614745 845.0
733.7211327890079 826.0
733.9742356906943 834.0
734.2273300660511 837.0
734.4804159145946 811.0
734.7334932358416 836.0
734.9865620293094 861.0
735.2396222945147 847.0
735.4926740309744 842.0
735.7457172382054 843.0
735.9987519157243 851.0
736.2517780630484 835.0
736.504795679694 842.0
736.7578047651785 870.0
737.0108053190187 905.0
737.2637973407312 892.0
737.516780829833 904.0
737.769755785841 917.0
738.0227222082721 1096.0
738.2756800966428 1176.0
738.5286294504706 1054.0
738.781570269272 967.0
739.0345025525638 897.0
739.2874262998632 872.0
739.5403415106866 832.0
739.7932481845512 843.0
740.046146320974 848.0
740.2990359194714 829.0
740.5519169795606 822.0
740.8047895007583 841.0
741.0576534825816 850.0
741.3105089245472 838.0
741.563355826172 828.0
741.8161941869729 831.0
742.0690240064664 833.0
742.3218452841702 845.0
742.5746580196005 826.0
742.8274622122741 820.0
743.0802578617083 833.0
743.3330449674197 835.0
743.5858235289254 839.0
743.8385935457418 841.0
744.0913550173865 850.0
744.3441079433758 840.0
744.5968523232264 820.0
744.8495881564559 832.0
745.1023154425804 832.0
745.3550341811174 827.0
745.6077443715835 835.0
745.8604460134952 839.0
746.1131391063701 838.0
746.3658236497243 816.0
746.6184996430754 824.0
746.87116708594 833.0
747.1238259778346 834.0
747.3764763182764 835.0
747.6291181067822 843.0
747.8817513428692 843.0
748.1343760260539 851.0
748.3869921558529 850.0
748.6395997317837 838.0
748.8921987533628 844.0
749.1447892201071 859.0
749.3973711315336 887.0
749.6499444871589 933.0
749.9025092865003 1219.0
750.1550655290741 1626.0
750.4076132143978 1439.0
750.6601523419877 1353.0
750.912682911361 1221.0
751.1652049220347 1372.0
751.4177183735251 1249.0
751.6702232653497 1147.0
751.9227195970248 1014.0
752.1752073680677 923.0
752.4276865779954 868.0
752.680157226324 859.0
752.9326193125712 853.0
753.1850728362533 824.0
753.4375177968876 847.0
753.6899541939908 846.0
753.9423820270795 843.0
754.194801295671 827.0
754.4472119992819 850.0
754.6996141374291 858.0
754.9520077096296 834.0
755.2043927154 826.0
755.4567691542577 834.0
755.7091370257187 839.0
755.9614963293008 826.0
756.2138470645202 809.0
756.4661892308942 826.0
756.7185228279395 837.0
756.9708478551728 835.0
757.2231643121112 840.0
757.4754721982714 821.0
757.7277715131704 828.0
757.9800622563251 828.0
758.2323444272521 846.0
758.4846180254688 818.0
758.7368830504913 833.0
758.9891395018373 843.0
759.2413873790232 832.0
759.4936266815657 837.0
759.7458574089821 834.0
759.9980795607888 842.0
760.2502931365033 837.0
760.502498135642 838.0
760.7546945577217 841.0
761.0068824022595 837.0
761.2590616687722 843.0
761.5112323567769 852.0
761.7633944657899 837.0
762.0155479953288 841.0
762.26769294491 846.0
762.5198293140501 887.0
762.7719571022666 945.0
763.024076309076 1317.0
763.2761869339953 1821.0
763.5282889765415 1564.0
763.780382436231 1434.0
764.032467312581 1151.0
764.2845436051083 987.0
764.53661131333 915.0
764.7886704367629 885.0
765.0407209749233 857.0
765.2927629273288 847.0
765.5447962934958 856.0
765.7968210729414 856.0
766.0488372651824 835.0
766.3008448697357 851.0
766.5528438861181 832.0
766.8048343138464 825.0
767.0568161524378 857.0
767.3087894014087 833.0
767.5607540602764 828.0
767.8127101285577 833.0
768.0646576057691 822.0
768.3165964914278 830.0
768.5685267850505 821.0
768.8204484861544 825.0
769.0723615942561 818.0
769.3242661088722 821.0
769.5761620295201 844.0
769.8280493557162 828.0
770.0799280869778 818.0
770.3317982228216 821.0
770.5836597627642 831.0
770.835512706323 862.0
771.0873570530143 841.0
771.3391928023555 856.0
771.591019953863 864.0
771.8428385070538 947.0
772.094648461445 1178.0
772.3464498165532 1120.0
772.5982425718955 1067.0
772.8500267269885 971.0
773.1018022813494 894.0
773.3535692344948 858.0
773.6053275859415 851.0
773.8570773352067 837.0
774.108818481807 833.0
774.3605510252594 845.0
774.6122749650807 835.0
774.8639903007878 837.0
775.1156970318975 835.0
775.3673951579267 821.0
775.6190846783925 821.0
775.8707655928115 828.0
776.1224379007004 824.0
776.3741016015766 817.0
776.6257566949563 826.0
776.8774031803571 833.0
777.1290410572955 855.0
777.3806703252881 843.0
777.6322909838522 853.0
777.8839030325043 835.0
778.1355064707618 837.0
778.3871012981411 827.0
778.6386875141592 822.0
778.890265118333 816.0
779.1418341101793 820.0
779.3933944892151 836.0
779.6449462549571 843.0
779.8964894069222 819.0
780.1480239446275 837.0
780.3995498675895 818.0
780.6510671753255 829.0
780.9025758673517 829.0
781.1540759431858 834.0
781.4055674023442 821.0
781.6570502443437 808.0
781.9085244687013 810.0
782.159990074934 824.0
782.4114470625585 834.0
782.6628954310918 820.0
782.9143351800503 841.0
783.1657663089516 827.0
783.4171888173119 828.0
783.6686027046486 838.0
783.9200079704783 832.0
784.1714046143178 851.0
784.4227926356843 830.0
784.6741720340941 830.0
784.9255428090647 838.0
785.1769049601126 824.0
785.4282584867548 833.0
785.6796033885082 826.0
785.9309396648893 833.0
786.1822673154155 823.0
786.4335863396033 834.0
786.6848967369698 836.0
786.9361985070317 822.0
787.1874916493058 822.0
787.4387761633094 816.0
787.6900520485588 840.0
787.9413193045713 837.0
788.1925779308636 834.0
788.4438279269523 836.0
788.6950692923548 844.0
788.9463020265875 855.0
789.1975261291677 830.0
789.448741599612 828.0
789.6999484374371 844.0
789.9511466421604 822.0
790.2023362132982 822.0
790.4535171503677 825.0
790.7046894528855 829.0
790.9558531203689 839.0
791.2070081523347 836.0
791.458154548299 834.0
791.7092923077797 820.0
791.9604214302931 814.0
792.2115419153562 819.0
792.462653762486 826.0
792.7137569711989 834.0
792.9648515410123 822.0
793.2159374714428 832.0
793.4670147620074 815.0
793.718083412223 826.0
793.9691434216061 858.0
794.220194789674 906.0
794.4712375159432 1126.0
794.722271599931 1100.0
794.9732970411541 1048.0
795.2243138391292 969.0
795.4753219933733 887.0
795.7263215034031 867.0
795.9773123687357 846.0
796.2282945888878 855.0
796.4792681633767 826.0
796.7302330917187 833.0
796.9811893734307 834.0
797.23213700803 835.0
797.483075995033 825.0
797.7340063339569 827.0
797.9849280243186 844.0
798.2358410656345 838.0
798.4867454574222 840.0
798.7376411991978 850.0
798.9885282904788 842.0
799.2394067307818 845.0
799.4902765196234 830.0
799.741137656521 863.0
799.9919901409909 891.0
800.2428339725506 1117.0
800.4936691507165 1116.0
800.7444956750055 1072.0
800.9953135449347 1186.0
801.2461227600207 1229.0
801.4969233197808 1075.0
801.7477152237312 1039.0
801.9984984713894 940.0
802.2492730622722 886.0
802.5000389958959 859.0
802.7507962717781 842.0
803.0015448894349 827.0
803.252284848384 850.0
803.5030161481417 835.0
803.7537387882248 835.0
804.0044527681507 826.0
804.2551580874358 842.0
804.5058547455972 825.0
804.7565427421519 838.0
805.0072220766161 837.0
805.2578927485075 841.0
805.5085547573423 833.0
805.7592081026379 834.0
806.009852783911 821.0
806.2604888006782 835.0
806.5111161524568 840.0
806.7617348387631 829.0
807.0123448591147 841.0
807.2629462130279 836.0
807.5135389000196 855.0
807.7641229196071 839.0
808.0146982713067 848.0
808.2652649546358 855.0
808.5158229691108 858.0
808.7663723142489 846.0
809.016912989567 860.0
809.2674449945815 869.0
809.5179683288098 912.0
809.7684829917686 1005.0
810.0189889829746 1304.0
810.269486301945 1269.0
810.5199749481961 1242.0
810.7704549212456 1320.0
811.0209262206095 2170.0
811.2713888458052 3491.0
811.5218427963496 2632.0
811.7722880717591 2538.0
812.022724671551 1823.0
812.2731525952421 1273.0
812.5235718423493 1096.0
812.7739824123893 990.0
813.0243843048788 923.0
813.2747775193352 901.0
813.5251620552749 875.0
813.7755379122152 875.0
814.0259050896724 861.0
814.276263587164 858.0
814.5266134042064 851.0
814.7769545403165 836.0
815.0272869950115 843.0
815.2776107678079 850.0
815.5279258582229 844.0
815.7782322657732 849.0
816.0285299899754 836.0
816.2788190303468 839.0
816.529099386404 836.0
816.7793710576641 820.0
817.0296340436439 823.0
817.2798883438601 841.0
817.5301339578298 830.0
817.7803708850694 828.0
818.0305991250964 840.0
818.2808186774273 841.0
818.531029541579 828.0
818.7812317170685 824.0
819.0314252034124 833.0
819.281610000128 820.0
819.5317861067317 833.0
819.7819535227408 842.0
820.0321122476719 835.0
820.2822622810417 834.0
820.5324036223675 830.0
820.7825362711658 826.0
821.0326602269538 835.0
821.2827754892483 818.0
821.5328820575656 826.0
821.7829799314234 824.0
822.033069110338 831.0
822.2831495938267 823.0
822.5332213814061 834.0
822.7832844725929 840.0
823.0333388669044 839.0
823.283384563857 838.0
823.533421562968 836.0
823.7834498637541 836.0
824.033469465732 835.0
824.2834803684189 827.0
824.5334825713311 819.0
824.7834760739862 819.0
825.0334608759005 834.0
825.2834369765912 839.0
825.5334043755751 837.0
825.7833630723688 869.0
826.0333130664897 987.0
826.2832543574541 993.0
826.5331869447793 967.0
826.783110827982 953.0
827.0330260065789 878.0
827.2829324800872 851.0
827.5328302480233 851.0
827.7827193099047 838.0
828.032599665248 833.0
828.2824713135695 847.0
828.532334254387 837.0
828.7821884872168 828.0
829.0320340115759 833.0
829.2818708269813 832.0
829.5316989329494 835.0
829.7815183289979 849.0
830.0313290146428 845.0
830.2811309894015 821.0
830.5309242527906 827.0
830.7807088043272 822.0
831.0304846435281 820.0
831.2802517699099 811.0
831.5300101829899 818.0
831.7797598822846 821.0
832.0295008673112 824.0
832.2792331375864 818.0
832.5289566926268 828.0
832.7786715319497 830.0
833.0283776550717 834.0
833.27807506151 840.0
833.5277637507811 836.0
833.7774437224018 822.0
834.0271149758895 836.0
834.2767775107606 815.0
834.526431326532 825.0
834.7760764227208 834.0
835.0257127988438 832.0
835.2753404544177 834.0
835.5249593889594 822.0
835.774569601986 822.0
836.0241710930143 817.0
836.2737638615607 841.0
836.5233479071428 819.0
836.7729232292768 813.0
837.0224898274802 836.0
837.2720477012693 826.0
837.5215968501614 816.0
837.7711372736733 843.0
838.0206689713215 809.0
838.2701919426232 829.0
838.5197061870952 824.0
838.7692117042545 837.0
839.0187084936177 842.0
839.2681965547017 832.0
839.5176758870236 850.0
839.7671464901001 827.0
840.0166083634483 867.0
840.2660615065847 933.0
840.5155059190262 1167.0
840.7649416002901 1046.0
841.0143685498927 1022.0
841.2637867673512 982.0
841.5131962521828 917.0
841.7625970039035 968.0
842.0119890220308 1253.0
842.2613723060813 1389.0
842.5107468555723 1242.0
842.76011267002 1247.0
843.0094697489418 1056.0
843.2588180918546 902.0
843.5081576982747 879.0
843.7574885677194 852.0
844.0068106997054 842.0
844.25612409375 832.0
844.5054287493696 842.0
844.754724666081 833.0
845.0040118434015 834.0
845.2532902808475 823.0
845.5025599779364 834.0
845.7518209341847 816.0
846.0010731491091 811.0
846.2503166222269 828.0
846.4995513530547 830.0
846.7487773411094 826.0
846.9979945859081 822.0
847.2472030869674 817.0
847.4964028438043 815.0
847.7455938559353 828.0
847.994776122878 827.0
848.2439496441485 825.0
848.4931144192642 808.0
848.7422704477419 824.0
848.9914177290981 829.0
849.2405562628502 826.0
849.4896860485144 828.0
849.7388070856083 816.0
849.9879193736485 816.0
850.2370229121515 824.0
850.4861177006346 830.0
850.7352037386146 823.0
850.9842810256082 837.0
851.2333495611326 838.0
851.482409344704 858.0
851.7314603758401 977.0
851.9805026540571 997.0
852.2295361788724 958.0
852.4785609498026 957.0
852.7275769663643 891.0
852.9765842280748 857.0
853.2255827344507 834.0
853.4745724850093 827.0
853.7235534792667 832.0
853.9725257167406 825.0
854.2214891969475 838.0
854.4704439194039 834.0
854.7193898836274 834.0
854.9683270891342 827.0
855.2172555354416 814.0
855.4661752220665 838.0
855.7150861485252 840.0
855.9639883143353 826.0
856.212881719013 826.0
856.4617663620759 824.0
856.7106422430403 815.0
856.9595093614231 819.0
857.2083677167415 816.0
857.4572173085119 825.0
857.7060581362517 843.0
857.9548901994776 831.0
858.2037134977061 836.0
858.4525280304546 812.0
858.7013337972394 818.0
858.950130797578 829.0
859.1989190309868 834.0
859.4476984969828 817.0
859.696469195083 814.0
859.9452311248039 836.0
860.1939842856627 820.0
860.4427286771763 819.0
860.6914642988615 818.0
860.9401911502351 810.0
861.1889092308139 820.0
861.437618540115 826.0
861.686319077655 832.0
861.935010842951 834.0
862.1836938355198 815.0
862.432368054878 811.0
862.6810335005429 828.0
862.9296901720311 817.0
863.1783380688596 836.0
863.4269771905452 814.0
863.6756075366046 813.0
863.9242291065551 830.0
864.1728418999131 820.0
864.4214459161959 809.0
864.6700411549201 822.0
864.9186276156024 816.0
865.1672052977602 810.0
865.4157742009098 828.0
865.6643343245685 830.0
865.9128856682528 829.0
866.1614282314799 825.0
866.4099620137665 843.0
866.6584870146295 846.0
866.9070032335858 841.0
867.155510670152 849.0
867.4040093238455 834.0
867.6524991941827 820.0
867.9009802806806 834.0
868.1494525828563 832.0
868.3979161002262 817.0
868.6463708323078 833.0
868.8948167786174 822.0
869.1432539386718 820.0
869.3916823119887 832.0
869.6401018980839 807.0
869.8885126964751 825.0
870.1369147066789 816.0
870.3853079282118 806.0
870.6336923605911 836.0
870.8820680033335 839.0
871.1304348559562 812.0
871.3787929179755 816.0
871.6271421889087 826.0
871.8754826682726 824.0
872.1238143555837 812.0
872.3721372503595 816.0
872.6204513521162 821.0
872.8687566603713 828.0
873.1170531746413 818.0
873.365340894443 821.0
873.6136198192935 816.0
873.8618899487094 839.0
874.110151282208 823.0
874.3584038193057 806.0
874.6066475595196 826.0
874.8548825023668 818.0
875.1031086473636 843.0
875.3513259940273 828.0
875.5995345418747 813.0
875.8477342904224 835.0
876.0959252391877 841.0
876.3441073876871 829.0
876.5922807354377 821.0
876.8404452819562 838.0
877.0886010267599 821.0
877.3367479693651 822.0
877.5848861092887 827.0
877.8330154460481 836.0
878.0811359791594 829.0
878.3292477081402 828.0
878.5773506325071 841.0
878.8254447517768 836.0
879.0735300654665 820.0
879.3216065730924 831.0
879.5696742741723 841.0
879.8177331682225 824.0
880.0657832547598 826.0
880.3138245333014 818.0
880.5618570033639 824.0
880.8098806644645 817.0
881.0578955161196 813.0
881.3059015578464 815.0
881.5538987891618 833.0
881.8018872095822 817.0
882.0498668186252 817.0
882.297837615807 812.0
882.5457996006451 816.0
882.7937527726558 822.0
883.041697131356 817.0
883.2896326762632 827.0
883.5375594068934 835.0
883.7854773227642 816.0
884.0333864233922 825.0
884.2812867082938 821.0
884.5291781769868 815.0
884.7770608289871 826.0
885.0249346638125 818.0
885.2727996809792 829.0
885.5206558800041 831.0
885.7685032604046 829.0
886.0163418216969 821.0
886.2641715633982 819.0
886.5119924850256 824.0
886.7598045860955 821.0
887.007607866125 833.0
887.2554023246308 824.0
887.5031879611303 821.0
887.7509647751398 823.0
887.9987327661763 826.0
888.2464919337567 825.0
888.4942422773979 832.0
888.7419837966169 814.0
888.9897164909302 826.0
889.2374403598551 801.0
889.4851554029083 824.0
889.7328616196063 819.0
889.9805590094667 835.0
890.2282475720056 825.0
890.4759273067405 805.0
890.7235982131879 818.0
890.9712602908646 814.0
891.218913539288 830.0
891.4665579579743 814.0
891.7141935464408 829.0
891.9618203042044 811.0
892.2094382307815 826.0
892.4570473256895 827.0
892.7046475884449 813.0
892.9522390185649 823.0
893.1998216155661 819.0
893.4473953789653 824.0
893.6949603082797 829.0
893.9425164030258 817.0
894.1900636627211 818.0
894.4376020868815 815.0
894.6851316750246 833.0
894.9326524266672 827.0
895.1801643413257 806.0
895.4276674185177 826.0
895.6751616577593 826.0
895.922647058568 809.0
896.1701236204603 823.0
896.4175913429531 814.0
896.6650502255636 813.0
896.912500267808 808.0
897.159941469204 812.0
897.4073738292678 806.0
897.6547973475165 806.0
897.9022120234671 824.0
898.1496178566362 810.0
898.3970148465409 838.0
898.644402992698 832.0
898.8917822946241 813.0
899.1391527518367 816.0
899.386514363852 830.0
899.6338671301874 825.0
899.8812110503592 824.0
900.1285461238849 835.0
900.375872350281 829.0
900.6231897290643 821.0
900.8704982597519 820.0
901.1177979418604 822.0
901.3650887749071 814.0
901.6123707584086 816.0
901.8596438918815 823.0
902.106908174843 817.0
902.35416360681 801.0
902.6014101872993 808.0
902.8486479158278 823.0
903.095876791912 822.0
903.3430968150694 816.0
903.5903079848164 818.0
903.83751030067 822.0
904.0847037621473 824.0
904.3318883687646 821.0
904.5790641200394 836.0
904.826231015488 830.0
905.0733890546279 813.0
905.3205382369753 814.0
905.5676785620476 817.0
905.8148100293615 826.0
906.0619326384336 822.0
906.3090463887813 817.0
906.5561512799208 817.0
906.8032473113697 818.0
907.0503344826443 816.0
907.2974127932616 831.0
907.5444822427387 826.0
907.7915428305921 836.0
908.038594556339 834.0
908.2856374194963 825.0
908.5326714195803 814.0
908.7796965561088 810.0
909.0267128285976 826.0
909.2737202365645 830.0
909.520718779526 826.0
909.7677084569985 824.0
910.0146892684998 818.0
910.261661213546 827.0
910.5086242916544 810.0
910.7555785023416 834.0
911.0025238451248 835.0
911.2494603195206 835.0
911.4963879250456 844.0
911.7433066612174 977.0
911.9902165275522 1105.0
912.2371175235672 994.0
912.4840096487795 985.0
912.7308929027052 972.0
912.9777672848619 917.0
913.2246327947661 858.0
913.4714894319347 844.0
913.7183371958849 829.0
913.965176086133 832.0
914.2120061021965 839.0
914.4588272435916 829.0
914.7056395098358 837.0
914.9524429004457 819.0
915.1992374149379 830.0
915.4460230528298 819.0
915.6927998136375 798.0
915.9395676968788 816.0
916.1863267020701 819.0
916.4330768287281 813.0
916.67981807637 826.0
916.9265504445123 814.0
917.1732739326723 822.0
917.4199885403666 836.0
917.6666942671121 817.0
917.9133911124259 820.0
918.1600790758242 806.0
918.4067581568248 814.0
918.6534283549438 832.0
918.9000896696987 829.0
919.1467421006058 816.0
919.3933856471822 832.0
919.6400203089449 822.0
919.8866460854103 830.0
920.1332629760961 833.0
920.3798709805186 819.0
920.6264700981943 833.0
920.8730603286409 821.0
921.1196416713748 830.0
921.3662141259131 814.0
921.6127776917724 830.0
921.8593323684695 867.0
922.1058781555217 935.0
922.3524150524454 865.0
922.598943058758 859.0
922.8454621739758 865.0
923.0919723976159 847.0
923.3384737291954 845.0
923.5849661682307 817.0
923.8314497142393 823.0
924.0779243667373 828.0
924.3243901252423 829.0
924.5708469892709 806.0
924.8172949583395 822.0
925.0637340319656 839.0
925.3101642096658 823.0
925.5565854909571 821.0
925.8029978753563 814.0
926.04940136238 809.0
926.2957959515456 822.0
926.5421816423694 830.0
926.7885584343687 810.0
927.0349263270604 814.0
927.281285319961 818.0
927.5276354125876 821.0
927.7739766044568 829.0
928.020308895086 814.0
928.2666322839915 836.0
928.5129467706906 824.0
928.7592523547 826.0
929.0055490355364 814.0
929.2518368127171 816.0
929.4981156857584 833.0
929.7443856541778 810.0
929.9906467174917 813.0
930.2368988752169 816.0
930.4831421268707 818.0
930.7293764719695 822.0
930.9756019100306 822.0
931.2218184405708 818.0
931.4680260631065 828.0
931.7142247771553 813.0
931.9604145822334 821.0
932.2065954778582 822.0
932.4527674635461 826.0
932.6989305388141 807.0
932.9450847031794 817.0
933.1912299561584 805.0
933.4373662972685 818.0
933.6834937260257 821.0
933.929612241948 812.0
934.1757218445516 816.0
934.4218225333533 810.0
934.6679143078701 818.0
934.913997167619 831.0
935.1600711121167 843.0
935.4061361408803 836.0
935.6521922534262 820.0
935.8982394492718 818.0
936.1442777279336 818.0
936.3903070889288 836.0
936.636327531774 819.0
936.882339055986 817.0
937.128341661082 822.0
937.3743353465785 825.0
937.6203201119927 804.0
937.8662959568414 813.0
938.1122628806411 821.0
938.3582208829092 818.0
938.6041699631621 826.0
938.8501101209171 818.0
939.0960413556905 821.0
939.341963667 820.0
939.5878770543618 824.0
939.8337815172929 835.0
940.0796770553103 834.0
940.3255636679306 829.0
940.5714413546712 828.0
940.8173101150486 818.0
941.0631699485793 818.0
941.309020854781 817.0
941.5548628331699 814.0
941.8006958832632 802.0
942.0465200045778 816.0
942.2923351966301 829.0
942.5381414589376 827.0
942.7839387910167 807.0
943.0297271923846 816.0
943.275506662558 835.0
943.5212772010536 828.0
943.7670388073888 827.0
944.0127914810797 822.0
944.2585352216438 805.0
944.504270028598 801.0
944.7499959014584 820.0
944.9957128397427 808.0
945.2414208429674 812.0
945.4871199106495 805.0
945.7328100423057 829.0
945.978491237453 830.0
946.2241634956084 822.0
946.4698268162882 826.0
946.71548119901 820.0
946.9611266432901 825.0
947.2067631486459 835.0
947.4523907145939 835.0
947.6980093406509 837.0
947.943619026334 833.0
948.1892197711599 824.0
948.4348115746456 821.0
948.680394436308 810.0
948.9259683556636 832.0
949.17153333223 814.0
949.4170893655231 821.0
949.6626364550607 827.0
949.9081746003591 826.0
950.1537038009352 827.0
950.3992240563063 816.0
950.6447353659886 813.0
950.8902377294995 818.0
951.1357311463555 827.0
951.381215616074 820.0
951.6266911381715 824.0
951.8721577121647 813.0
952.1176153375708 816.0
952.3630640139064 820.0
952.6085037406887 826.0
952.8539345174344 818.0
953.09935634366 823.0
953.3447692188829 828.0
953.5901731426196 821.0
953.8355681143876 834.0
954.080954133703 826.0
954.326331200083 817.0
954.5716993130445 812.0
954.8170584721041 835.0
955.0624086767792 825.0
955.3077499265863 824.0
955.5530822210421 817.0
955.798405559664 829.0
956.0437199419682 829.0
956.2890253674723 812.0
956.5343218356925 815.0
956.7796093461461 835.0
957.02488789835 832.0
957.2701574918206 809.0
957.5154181260752 815.0
957.7606698006304 833.0
958.0059125150034 813.0
958.2511462687107 823.0
958.4963710612694 834.0
958.7415868921963 845.0
958.9867937610082 816.0
959.2319916672224 819.0
959.4771806103552 818.0
959.7223605899235 817.0
959.9675316054446 833.0
960.2126936564348 832.0
960.4578467424116 818.0
960.7029908628915 818.0
960.9481260173911 807.0
961.193252205428 809.0
961.4383694265184 827.0
961.6834776801796 818.0
961.9285769659282 823.0
962.1736672832812 820.0
962.4187486317555 826.0
962.6638210108677 823.0
962.908884420135 833.0
963.153938859074 812.0
963.3989843272019 827.0
963.6440208240352 833.0
963.889048349091 834.0
964.1340669018862 820.0
964.3790764819373 833.0
964.6240770887617 811.0
964.8690687218761 833.0
965.114051380797 838.0
965.3590250650417 908.0
965.6039897741268 865.0
965.8489455075695 855.0
966.0938922648864 838.0
966.3388300455941 828.0
966.5837588492103 829.0
966.8286786752509 840.0
967.0735895232334 820.0
967.3184913926743 827.0
967.5633842830911 825.0
967.808268194 821.0
968.0531431249179 813.0
968.2980090753622 811.0
968.5428660448491 809.0
968.7877140328961 816.0
969.0325530390197 816.0
969.2773830627367 836.0
969.5222041035643 836.0
969.7670161610189 846.0
970.0118192346179 827.0
970.2566133238779 828.0
970.5013984283155 826.0
970.746174547448 800.0
970.990941680792 814.0
971.2356998278649 830.0
971.480448988183 828.0
971.725189161263 814.0
971.9699203466223 814.0
972.2146425437775 812.0
972.4593557522456 819.0
972.7040599715434 812.0
972.9487552011876 820.0
973.1934414406954 842.0
973.4381186895833 823.0
973.6827869473685 836.0
973.9274462135677 823.0
974.1720964876979 826.0
974.4167377692759 827.0
974.6613700578182 832.0
974.9059933528424 808.0
975.1506076538647 823.0
975.3952129604023 817.0
975.6398092719721 809.0
975.8843965880908 811.0
976.1289749082755 835.0
976.3735442320426 824.0
976.6181045589096 830.0
976.862655888393 826.0
977.1071982200094 812.0
977.3517315532764 826.0
977.5962558877101 819.0
977.840771222828 824.0
978.0852775581467 828.0
978.3297748931827 834.0
978.5742632274536 828.0
978.8187425604756 827.0
979.063212891766 816.0
979.3076742208415 827.0
979.5521265472191 820.0
979.7965698704156 823.0
980.0410041899477 815.0
980.2854295053326 820.0
980.5298458160865 815.0
980.7742531217272 816.0
981.0186514217711 834.0
981.2630407157347 817.0
981.5074210031356 825.0
981.7517922834901 817.0
981.9961545563154 833.0
982.2405078211283 813.0
982.4848520774455 812.0
982.729187324784 819.0
982.9735135626606 829.0
983.2178307905924 825.0
983.4621390080961 820.0
983.7064382146882 829.0
983.9507284098863 818.0
984.1950095932067 820.0
984.4392817641666 802.0
984.6835449222825 821.0
984.9277990670716 822.0
985.1720441980509 810.0
985.4162803147366 821.0
985.6605074166464 817.0
985.9047255032964 805.0
986.1489345742042 835.0
986.3931346288863 817.0
986.6373256668593 816.0
986.8815076876406 820.0
987.1256806907464 829.0
987.3698446756944 820.0
987.613999642001 825.0
987.8581455891829 826.0
988.1022825167574 830.0
988.3464104242408 826.0
988.5905293111508 837.0
988.8346391770036 837.0
989.0787400213161 825.0
989.3228318436055 819.0
989.5669146433884 824.0
989.8109884201817 817.0
990.0550531735024 836.0
990.2991089028674 834.0
990.5431556077934 814.0
990.7871932877973 824.0
991.031221942396 835.0
991.2752415711062 827.0
991.5192521734452 813.0
991.7632537489297 811.0
992.0072462970761 818.0
992.251229817402 825.0
992.4952043094236 808.0
992.7391697726582 829.0
992.9831262066227 828.0
993.2270736108336 825.0
993.4710119848082 808.0
993.7149413280629 816.0
993.958861640115 824.0
994.2027729204812 828.0
994.4466751686781 833.0
994.6905683842231 819.0
994.9344525666326 810.0
995.1783277154237 815.0
995.4221938301132 828.0
995.6660509102181 824.0
995.9098989552552 829.0
996.1537379647411 834.0
996.3975679381932 824.0
996.6413888751279 823.0
996.8852007750622 811.0
997.1290036375133 822.0
997.3727974619973 822.0
997.6165822480319 825.0
997.8603579951333 832.0
998.104124702819 821.0
998.3478823706055 818.0
998.5916309980095 830.0
998.8353705845483 816.0
999.0791011297383 826.0
999.3228226330968 823.0
999.5665350941406 817.0
999.8102385123861 826.0
1000.0539328873509 816.0
1000.2976182185512 820.0
1000.5412945055043 822.0
1000.7849617477269 838.0
1001.0286199447357 825.0
1001.2722690960481 813.0
1001.5159092011804 819.0
1001.75954025965 820.0
1002.003162270973 822.0
1002.246775234667 841.0
1002.4903791502487 823.0
1002.7339740172346 819.0
1002.9775598351421 817.0
1003.2211366034876 821.0
1003.4647043217884 814.0
1003.7082629895611 817.0
1003.9518126063224 819.0
1004.1953531715895 822.0
1004.4388846848791 832.0
1004.6824071457083 835.0
1004.9259205535938 818.0
1005.1694249080521 833.0
1005.4129202086007 816.0
1005.6564064547559 823.0
1005.8998836460353 820.0
1006.1433517819551 827.0
1006.3868108620323 824.0
1006.6302608857841 819.0
1006.8737018527269 807.0
1007.1171337623779 824.0
1007.3605566142537 822.0
1007.6039704078715 815.0
1007.8473751427481 817.0
1008.0907708184001 820.0
1008.3341574343445 821.0
1008.5775349900982 822.0
1008.8209034851784 810.0
1009.0642629191013 817.0
1009.3076132913841 813.0
1009.5509546015439 824.0
1009.7942868490973 819.0
1010.0376100335611 823.0
1010.2809241544525 829.0
1010.5242292112879 829.0
1010.7675252035845 827.0
1011.010812130859 836.0
1011.2540899926286 833.0
1011.4973587884098 814.0
1011.7406185177194 826.0
1011.9838691800747 820.0
1012.2271107749921 823.0
1012.470343301989 835.0
1012.7135667605817 818.0
1012.9567811502875 825.0
1013.1999864706231 809.0
1013.4431827211052 837.0
1013.686369901251 820.0
1013.929548010577 833.0
1014.1727170486006 816.0
1014.4158770148383 811.0
1014.6590279088067 816.0
1014.9021697300233 828.0
1015.1453024780044 812.0
1015.3884261522674 802.0
1015.6315407523286 821.0
1015.8746462777051 837.0
1016.1177427279141 835.0
1016.3608301024719 820.0
1016.603908400896 820.0
1016.8469776227028 826.0
1017.0900377674091 825.0
1017.3330888345322 808.0
1017.5761308235883 820.0
1017.8191637340951 815.0
1018.0621875655689 809.0
1018.3052023175269 822.0
1018.5482079894858 821.0
1018.7912045809622 809.0
1019.0341920914735 809.0
1019.2771705205361 819.0
1019.5201398676672 822.0
1019.7631001323837 816.0
1020.006051314202 829.0
1020.2489934126395 822.0
1020.4919264272125 806.0
1020.7348503574386 821.0
1020.9777652028342 820.0
1021.2206709629161 833.0
1021.4635676372014 815.0
1021.7064552252067 810.0
1021.9493337264495 825.0
1022.1922031404459 822.0
1022.4350634667132 832.0
1022.6779147047681 833.0
1022.9207568541273 818.0
1023.1635899143083 820.0
1023.4064138848273 821.0
1023.6492287652015 814.0
1023.8920345549478 833.0
1024.134831253583 824.0
1024.377618860624 843.0
1024.6203973755871 826.0
1024.8631667979898 828.0
1025.1059271273493 810.0
1025.3486783631818 816.0
1025.5914205050044 814.0
1025.8341535523336 820.0
1026.076877504687 834.0
1026.3195923615808 819.0
1026.5622981225324 827.0
1026.8049947870584 821.0
1027.0476823546753 818.0
1027.2903608249007 803.0
1027.5330301972513 824.0
1027.7756904712435 839.0
1028.0183416463947 823.0
1028.260983722221 808.0
1028.5036166982402 818.0
1028.7462405739689 812.0
1028.9888553489234 816.0
1029.2314610226213 824.0
1029.474057594579 838.0
1029.7166450643138 813.0
1029.9592234313418 838.0
1030.2017926951808 835.0
1030.4443528553472 819.0
1030.6869039113576 821.0
1030.9294458627296 806.0
1031.1719787089794 807.0
1031.414502449624 801.0
1031.6570170841808 818.0
1031.8995226121658 823.0
1032.1420190330966 819.0
1032.3845063464896 833.0
1032.6269845518618 830.0
1032.8694536487305 832.0
1033.111913636612 836.0
1033.3543645150232 828.0
1033.596806283481 835.0
1033.8392389415026 821.0
1034.081662488605 829.0
1034.324076924304 830.0
1034.566482248118 822.0
1034.8088784595625 823.0
1035.0512655581551 829.0
1035.2936435434124 837.0
1035.5360124148515 826.0
1035.778372171989 819.0
1036.020722814342 813.0
1036.2630643414275 822.0
1036.5053967527615 815.0
1036.7477200478622 809.0
1036.9900342262456 820.0
1037.2323392874284 809.0
1037.4746352309282 832.0
1037.7169220562612 823.0
1037.9591997629448 826.0
1038.2014683504956 819.0
1038.4437278184303 821.0
1038.685978166266 813.0
1038.9282193935196 819.0
1039.170451499708 822.0
1039.4126744843477 829.0
1039.6548883469559 819.0
1039.8970930870496 828.0
1040.1392887041452 832.0
1040.3814751977598 816.0
1040.6236525674105 830.0
1040.8658208126137 815.0
1041.107979932887 819.0
1041.3501299277466 832.0
1041.5922707967095 811.0
1041.8344025392926 821.0
1042.0765251550129 825.0
1042.3186386433872 821.0
1042.5607430039322 832.0
1042.802838236165 832.0
1043.0449243396022 840.0
1043.2870013137613 816.0
1043.5290691581586 817.0
1043.7711278723107 834.0
1044.013177455735 826.0
1044.2552179079482 817.0
1044.4972492284676 830.0
1044.7392714168093 842.0
1044.9812844724902 825.0
1045.223288395028 827.0
1045.4652831839387 836.0
1045.70726883874 826.0
1045.949245358948 821.0
1046.1912127440798 838.0
1046.4331709936528 838.0
1046.675120107183 828.0
1046.9170600841878 836.0
1047.1589909241836 825.0
1047.400912626688 814.0
1047.6428251912175 826.0
1047.8847286172886 819.0
1048.1266229044188 825.0
1048.3685080521243 827.0
1048.6103840599228 808.0
1048.8522509273307 828.0
1049.0941086538646 825.0
1049.3359572390418 830.0
1049.577796682379 812.0
1049.819626983393 822.0
1050.061448141601 819.0
1050.3032601565194 835.0
1050.5450630276655 806.0
1050.7868567545556 809.0
1051.0286413367073 821.0
1051.270416773637 807.0
1051.5121830648616 831.0
1051.7539402098982 820.0
1051.9956882082631 817.0
1052.237427059474 837.0
1052.479156763047 826.0
1052.7208773184996 830.0
1052.9625887253483 824.0
1053.2042909831098 837.0
1053.4459840913016 829.0
1053.6876680494397 808.0
1053.929342857042 815.0
1054.1710085136244 827.0
1054.4126650187043 820.0
1054.6543123717986 797.0
1054.8959505724238 829.0
1055.1375796200969 819.0
1055.3791995143351 823.0
1055.620810254655 826.0
1055.8624118405735 829.0
1056.1040042716074 811.0
1056.3455875472737 837.0
1056.5871616670893 826.0
1056.8287266305706 817.0
1057.070282437235 832.0
1057.3118290865991 803.0
1057.5533665781802 842.0
1057.7948949114943 834.0
1058.0364140860593 825.0
1058.2779241013916 830.0
1058.5194249570077 818.0
1058.760916652425 826.0
1059.0023991871599 826.0
1059.24387256073 827.0
1059.4853367726514 843.0
1059.7267918224413 808.0
1059.968237709617 810.0
1060.2096744336943 816.0
1060.451101994191 806.0
1060.6925203906237 840.0
1060.933929622509 809.0
1061.1753296893642 824.0
1061.4167205907056 818.0
1061.6581023260508 834.0
1061.8994748949162 830.0
1062.1408382968189 829.0
1062.3821925312755 824.0
1062.6235375978026 822.0
1062.8648734959181 821.0
1063.1062002251376 822.0
1063.3475177849793 819.0
1063.588826174959 821.0
1063.830125394594 816.0
1064.0714154434013 810.0
1064.312696320897 836.0
1064.553968026599 827.0
1064.7952305600238 812.0
1065.036483920688 830.0
1065.2777281081087 823.0
1065.5189631218025 814.0
1065.7601889612868 819.0
1066.001405626078 818.0
1066.2426131156928 821.0
1066.4838114296492 816.0
1066.7250005674625 819.0
1066.9661805286507 826.0
1067.2073513127305 811.0
1067.4485129192178 818.0
1067.689665347631 816.0
1067.9308085974856 834.0
1068.1719426682996 827.0
1068.413067559589 836.0
1068.654183270871 809.0
1068.8952898016628 833.0
1069.1363871514804 827.0
1069.3774753198418 817.0
1069.618554306263 819.0
1069.8596241102612 816.0
1070.100684731353 827.0
1070.3417361690556 814.0
1070.582778422886 810.0
1070.8238114923604 811.0
1071.0648353769964 818.0
1071.3058500763104 809.0
1071.5468555898192 833.0
1071.7878519170404 811.0
1072.02883905749 808.0
1072.2698170106853 815.0
1072.5107857761434 811.0
1072.75174535338 821.0
1072.9926957419138 827.0
1073.23363694126 832.0
1073.4745689509368 811.0
1073.7154917704597 826.0
1073.9564053993467 814.0
1074.1973098371145 808.0
1074.4382050832794 812.0
1074.6790911373587 820.0
1074.9199679988692 813.0
1075.1608356673278 836.0
1075.4016941422512 835.0
1075.6425434231562 820.0
1075.8833835095604 819.0
1076.1242144009796 812.0
1076.3650360969316 811.0
1076.6058485969324 814.0
1076.8466519004996 826.0
1077.0874460071498 832.0
1077.3282309163997 825.0
1077.5690066277664 820.0
1077.8097731407665 822.0
1078.0505304549172 820.0
1078.2912785697354 827.0
1078.5320174847377 829.0
1078.772747199441 814.0
1079.0134677133622 820.0
1079.2541790260184 813.0
1079.4948811369263 835.0
1079.7355740456023 826.0
1079.9762577515642 812.0
1080.2169322543277 815.0
1080.4575975534112 823.0
1080.6982536483301 806.0
1080.9389005386022 820.0
1081.179538223744 827.0
1081.4201667032721 834.0
1081.6607859767041 812.0
1081.9013960435564 813.0
1082.1419969033457 812.0
1082.382588555589 823.0
1082.6231709998035 802.0
1082.863744235506 829.0
1083.104308262213 817.0
1083.3448630794412 823.0
1083.5854086867082 825.0
1083.8259450835303 815.0
1084.0664722694248 844.0
1084.306990243908 822.0
1084.5474990064974 816.0
1084.7879985567097 806.0
1085.0284888940612 812.0
1085.2689700180695 822.0
1085.509441928251 826.0
1085.749904624123 827.0
1085.990358105202 811.0
1086.2308023710048 811.0
1086.4712374210485 827.0
1086.71166325485 813.0
1086.9520798719261 820.0
1087.1924872717937 838.0
1087.4328854539694 822.0
1087.6732744179706 815.0
1087.9136541633134 817.0
1088.1540246895156 826.0
1088.3943859960934 806.0
1088.6347380825637 821.0
1088.8750809484436 822.0
1089.1154145932499 816.0
1089.3557390164995 809.0
1089.5960542177095 827.0
1089.836360196396 829.0
1090.0766569520767 813.0
1090.3169444842679 829.0
1090.557222792487 828.0
1090.7974918762502 816.0
1091.037751735075 822.0
1091.2780023684782 812.0
1091.518243775976 819.0
1091.7584759570861 830.0
1091.9986989113247 819.0
1092.2389126382093 811.0
1092.4791171372563 826.0
1092.7193124079827 834.0
1092.9594984499054 828.0
1093.1996752625412 826.0
1093.4398428454072 822.0
1093.68000119802 822.0
1093.9201503198965 830.0
1094.1602902105537 819.0
1094.4004208695083 820.0
1094.6405422962773 826.0
1094.8806544903778 829.0
1095.120757451326 818.0
1095.3608511786392 813.0
1095.6009356718341 821.0
1095.8410109304282 819.0
1096.0810769539376 818.0
1096.3211337418795 825.0
1096.5611812937707 832.0
1096.8012196091279 831.0
1097.0412486874682 823.0
1097.2812685283084 801.0
1097.5212791311658 834.0
1097.7612804955563 811.0
1098.0012726209975 813.0
1098.2412555070064 817.0
1098.4812291530989 826.0
1098.721193558793 810.0
1098.961148723605 836.0
1099.2010946470518 828.0
1099.4410313286503 824.0
1099.6809587679172 801.0
1099.92087696437 823.0
1100.1607859175251 820.0
1100.400685626899 812.0
1100.640576092009 824.0
1100.880457312372 821.0
1101.1203292875052 821.0
1101.3601920169247 810.0
1101.6000455001479 822.0
1101.8398897366915 820.0
1102.079724726072 818.0
1102.3195504678072 813.0
1102.559366961413 829.0
1102.7991742064069 830.0
1103.0389722023056 822.0
1103.2787609486254 810.0
1103.5185404448844 824.0
1103.7583106905984 804.0
1103.9980716852845 816.0
1104.23782342846 826.0
1104.4775659196412 822.0
1104.7172991583454 810.0
1104.9570231440887 812.0
1105.1967378763893 817.0
1105.436443354763 823.0
1105.6761395787273 821.0
1105.9158265477986 823.0
1106.1555042614937 835.0
1106.3951727193298 825.0
1106.6348319208234 808.0
1106.8744818654923 816.0
1107.1141225528525 814.0
1107.3537539824208 835.0
1107.5933761537144 830.0
1107.8329890662503 820.0
1108.072592719545 822.0
1108.3121871131157 827.0
1108.551772246479 819.0
1108.7913481191517 832.0
1109.030914730651 817.0
1109.2704720804938 819.0
1109.5100201681967 817.0
1109.7495589932764 819.0
1109.9890885552504 812.0
1110.2286088536348 827.0
1110.4681198879473 816.0
1110.707621657704 802.0
1110.9471141624224 826.0
1111.1865974016187 822.0
1111.4260713748101 816.0
1111.665536081514 828.0
1111.9049915212463 829.0
1112.1444376935244 824.0
1112.3838745978653 826.0
1112.6233022337854 822.0
1112.8627206008023 824.0
1113.102129698432 814.0
1113.3415295261918 823.0
1113.5809200835986 817.0
1113.820301370169 835.0
1114.0596733854206 827.0
1114.2990361288694 826.0
1114.5383896000326 814.0
1114.7777337984273 825.0
1115.0170687235698 805.0
1115.2563943749778 821.0
1115.4957107521673 824.0
1115.7350178546556 823.0
1115.9743156819598 826.0
1116.213604233596 826.0
1116.452883509082 823.0
1116.692153507934 810.0
1116.9314142296694 831.0
1117.1706656738045 810.0
1117.4099078398563 821.0
1117.6491407273422 798.0
1117.8883643357783 822.0
1118.1275786646822 818.0
1118.36678371357 808.0
1118.6059794819594 818.0
1118.8451659693665 826.0
1119.0843431753085 823.0
1119.3235110993026 822.0
1119.5626697408647 816.0
1119.8018190995128 821.0
1120.0409591747637 819.0
1120.2800899661331 813.0
1120.519211473139 806.0
1120.7583236952978 811.0
1120.9974266321262 817.0
1121.236520283142 825.0
1121.4756046478608 833.0
1121.7146797258001 826.0
1121.9537455164768 828.0
1122.192802019408 822.0
1122.4318492341101 811.0
1122.6708871601 816.0
1122.909915796895 832.0
1123.1489351440111 820.0
1123.3879452009662 807.0
1123.6269459672762 827.0
1123.865937442459 822.0
1124.1049196260308 824.0
1124.3438925175087 833.0
