shot=32_gas=Ne_height=80_RF=198.2W_massflow=8000_coils=49.9A_HR4000 spectrum
Wavelength [nm] // Intensity [u.a.] 
194.93414 769.0
195.2037815346219 736.0
195.47341553816543 750.0
195.74304201014752 759.0
196.012660950085 775.0
196.28227235749478 766.0
196.55187623189366 761.0
196.82147257279857 767.0
197.09106137972637 765.0
197.36064265219392 773.0
197.63021638971804 774.0
197.89978259181567 770.0
198.16934125800364 764.0
198.43889238779886 778.0
198.7084359807181 780.0
198.97797203627835 769.0
199.2475005539964 779.0
199.51702153338914 778.0
199.78653497397343 772.0
200.05604087526618 763.0
200.3255392367842 776.0
200.59503005804436 776.0
200.8645133385636 775.0
201.1339890778587 774.0
201.4034572754466 774.0
201.67291793084408 774.0
201.94237104356813 774.0
202.21181661313554 781.0
202.48125463906314 759.0
202.7506851208679 765.0
203.02010805806663 777.0
203.28952345017618 773.0
203.55893129671344 785.0
203.8283315971953 767.0
204.0977243511386 767.0
204.3671095580602 757.0
204.636487217477 771.0
204.90585732890585 774.0
205.17521989186366 770.0
205.44457490586717 774.0
205.7139223704334 775.0
205.98326228507918 778.0
206.2525946493213 762.0
206.5219194626767 766.0
206.79123672466224 774.0
207.06054643479476 774.0
207.32984859259116 773.0
207.59914319756828 772.0
207.86843024924303 771.0
208.13770974713225 774.0
208.40698169075276 776.0
208.6762460796215 779.0
208.94550291325532 774.0
209.2147521911711 762.0
209.48399391288567 764.0
209.75322807791594 776.0
210.02245468577874 773.0
210.29167373599094 771.0
210.56088522806942 764.0
210.83008916153108 765.0
211.09928553589276 775.0
211.3684743506713 784.0
211.63765560538363 770.0
211.9068292995466 766.0
212.175995432677 765.0
212.44515400429182 784.0
212.71430501390782 780.0
212.98344846104192 771.0
213.25258434521103 766.0
213.52171266593191 782.0
213.79083342272153 762.0
214.05994661509675 767.0
214.3290522425744 773.0
214.5981503046713 774.0
214.8672408009044 779.0
215.13632373079054 780.0
215.4053990938466 759.0
215.6744668895894 771.0
215.94352711753592 768.0
216.21257977720293 765.0
216.48162486810728 762.0
216.7506623897659 770.0
217.01969234169565 774.0
217.2887147234134 778.0
217.55772953443596 785.0
217.82673677428028 766.0
218.0957364424632 759.0
218.36472853850154 770.0
218.6337130619122 781.0
218.9026900122121 766.0
219.17165938891804 745.0
219.4406211915469 771.0
219.70957541961562 776.0
219.97852207264097 770.0
220.24746115013983 758.0
220.5163926516291 756.0
220.78531657662566 762.0
221.05423292464639 777.0
221.32314169520808 780.0
221.59204288782766 768.0
221.860936502022 779.0
222.12982253730797 767.0
222.39870099320237 779.0
222.66757186922214 764.0
222.93643516488416 777.0
223.20529087970525 753.0
223.47413901320226 770.0
223.74297956489212 775.0
224.01181253429166 793.0
224.28063792091777 771.0
224.5494557242873 754.0
224.8182659439171 770.0
225.08706857932413 778.0
225.35586363002508 766.0
225.62465109553705 777.0
225.89343097537673 779.0
226.16220326906105 780.0
226.43096797610687 769.0
226.69972509603105 775.0
226.9684746283505 777.0
227.237216572582 764.0
227.50595092824256 773.0
227.7746776948489 776.0
228.04339687191796 763.0
228.31210845896663 772.0
228.5808124555117 782.0
228.84950886107015 775.0
229.11819767515877 784.0
229.38687889729442 770.0
229.65555252699397 786.0
229.92421856377433 780.0
230.1928770071524 780.0
230.46152785664492 783.0
230.73017111176884 756.0
230.99880677204106 766.0
231.26743483697837 781.0
231.53605530609772 765.0
231.8046681789159 763.0
232.07327345494983 771.0
232.34187113371638 789.0
232.61046121473237 789.0
232.87904369751473 772.0
233.14761858158028 758.0
233.41618586644586 753.0
233.68474555162845 779.0
233.95329763664483 767.0
234.2218421210119 783.0
234.49037900424648 787.0
234.7589082858655 790.0
235.02742996538583 762.0
235.29594404232427 771.0
235.56445051619772 775.0
235.8329493865231 766.0
236.10144065281722 782.0
236.36992431459691 788.0
236.63840037137916 766.0
236.9068688226808 763.0
237.1753296680186 790.0
237.44378290690955 799.0
237.7122285388704 780.0
237.9806665634181 792.0
238.24909698006957 771.0
238.51751978834153 777.0
238.78593498775095 765.0
239.0543425778147 775.0
239.32274255804958 778.0
239.59113492797255 769.0
239.8595196871004 772.0
240.12789683495004 773.0
240.3962663710383 778.0
240.66462829488208 784.0
240.93298260599826 775.0
241.2013293039037 767.0
241.46966838811522 767.0
241.73799985814978 772.0
242.00632371352418 772.0
242.27463995375527 768.0
242.54294857835998 794.0
242.81124958685515 769.0
243.07954297875764 769.0
243.34782875358434 774.0
243.61610691085207 766.0
243.88437745007772 776.0
244.15264037077822 779.0
244.42089567247035 766.0
244.68914335467105 768.0
244.95738341689716 776.0
245.2256158586655 764.0
245.493840679493 778.0
245.76205787889654 769.0
246.03026745639292 770.0
246.29846941149904 762.0
246.5666637437318 780.0
246.834850452608 760.0
247.1030295376446 778.0
247.37120099835838 784.0
247.63936483426627 780.0
247.9075210448851 780.0
248.17566962973177 788.0
248.4438105883231 764.0
248.71194392017603 762.0
248.98006962480733 772.0
249.248187701734 770.0
249.51629815047275 759.0
249.78440097054056 754.0
250.05249616145431 786.0
250.32058372273076 786.0
250.5886636538869 770.0
250.85673595443953 771.0
251.12480062390551 765.0
251.39285766180177 769.0
251.6609070676451 780.0
251.92894884095242 773.0
252.19698298124058 756.0
252.46500948802645 785.0
252.73302836082692 776.0
253.00103959915882 775.0
253.26904320253902 769.0
253.53703917048443 773.0
253.80502750251188 758.0
254.07300819813827 761.0
254.34098125688044 760.0
254.60894667825525 778.0
254.87690446177962 776.0
255.14485460697037 764.0
255.41279711334434 757.0
255.6807319804185 768.0
255.94865920770962 772.0
256.2165787947346 768.0
256.48449074101035 760.0
256.75239504605366 749.0
257.02029170938147 755.0
257.28818073051065 779.0
257.556062108958 760.0
257.8239358442404 764.0
258.0918019358748 768.0
258.35966038337796 776.0
258.6275111862668 774.0
258.8953543440582 777.0
259.163189856269 774.0
259.4310177224162 765.0
259.6988379420164 773.0
259.9666505145867 772.0
260.23445543964385 770.0
260.50225271670473 781.0
260.77004234528624 782.0
261.03782432490533 777.0
261.3055986550787 780.0
261.5733653353234 764.0
261.8411243651561 762.0
262.1088757440937 761.0
262.37661947165327 788.0
262.6443555473515 752.0
262.9120839707053 767.0
263.1798047412315 782.0
263.44751785844704 766.0
263.7152233218687 773.0
263.98292113101354 771.0
264.2506112853982 776.0
264.51829378453965 756.0
264.7859686279547 770.0
265.05363581516025 776.0
265.32129534567326 764.0
265.5889472190105 776.0
265.8565914346889 772.0
266.1242279922252 759.0
266.39185689113634 767.0
266.65947813093925 767.0
266.9270917111508 780.0
267.19469763128774 784.0
267.46229589086704 795.0
267.72988648940554 771.0
267.9974694264201 774.0
268.2650447014276 760.0
268.53261231394487 765.0
268.80017226348883 763.0
269.0677245495763 770.0
269.3352691717242 779.0
269.60280612944933 771.0
269.8703354222686 779.0
270.13785704969894 766.0
270.40537101125716 755.0
270.67287730646007 761.0
270.9403759348246 773.0
271.2078668958677 771.0
271.47535018910605 753.0
271.7428258140567 771.0
272.01029377023633 771.0
272.2777540571619 774.0
272.5452066743504 767.0
272.81265162131854 763.0
273.08008889758327 761.0
273.34751850266144 778.0
273.6149404360698 776.0
273.8823546973254 775.0
274.1497612859451 776.0
274.4171602014456 773.0
274.6845514433439 774.0
274.95193501115676 760.0
275.2193109044012 789.0
275.486679122594 767.0
275.7540396652521 742.0
276.02139253189216 770.0
276.2887377220313 776.0
276.55607523518626 767.0
276.82340507087395 762.0
277.09072722861123 767.0
277.3580417079149 767.0
277.62534850830195 759.0
277.8926476292892 768.0
278.1599390703934 770.0
278.4272228311316 781.0
278.69449891102056 793.0
278.96176730957717 779.0
279.22902802631836 769.0
279.4962810607609 790.0
279.76352641242164 761.0
280.0307640808177 771.0
280.29799406546556 762.0
280.5652163658824 778.0
280.8324309815849 766.0
281.09963791209003 771.0
281.3668371569146 776.0
281.6340287155756 761.0
281.9012125875897 771.0
282.168388772474 764.0
282.4355572697452 777.0
282.7027180789201 782.0
282.9698711995158 768.0
283.23701663104896 774.0
283.50415437303667 771.0
283.77128442499554 745.0
284.0384067864426 768.0
284.3055214568946 772.0
284.57262843586864 779.0
284.8397277228814 775.0
285.1068193174497 772.0
285.37390321909055 769.0
285.6409794273207 762.0
285.9080479416572 764.0
286.1751087616167 783.0
286.4421618867162 769.0
286.7092073164725 770.0
286.9762450504025 776.0
287.24327508802315 766.0
287.5102974288511 760.0
287.77731207240345 771.0
288.04431901819703 764.0
288.3113182657485 761.0
288.578309814575 755.0
288.84529366419326 754.0
289.1122698141201 762.0
289.37923826387254 770.0
289.6461990129674 775.0
289.91315206092133 761.0
290.18009740725154 761.0
290.44703505147464 768.0
290.7139649931077 772.0
290.98088723166734 774.0
291.24780176667065 778.0
291.5147085976344 764.0
291.78160772407557 768.0
292.04849914551085 761.0
292.3153828614572 764.0
292.58225887143146 782.0
292.8491271749505 777.0
293.1159877715313 776.0
293.3828406606906 771.0
293.6496858419453 771.0
293.9165233148123 785.0
294.1833530788084 761.0
294.4501751334505 773.0
294.71698947825547 770.0
294.9837961127402 770.0
295.2505950364216 756.0
295.5173862488164 764.0
295.78416974944156 759.0
296.050945537814 769.0
296.31771361345045 768.0
296.584473975868 763.0
296.8512266245832 765.0
297.11797155911313 761.0
297.38470877897464 776.0
297.6514382836846 767.0
297.9181600727598 774.0
298.18487414571723 773.0
298.4515805020736 766.0
298.71827914134593 761.0
298.9849700630511 760.0
299.2516532667058 776.0
299.518328751827 769.0
299.78499651793163 769.0
300.0516565645365 770.0
300.3183088911584 763.0
300.58495349731436 773.0
300.8515903825211 757.0
301.1182195462956 763.0
301.3848409881546 770.0
301.65145470761513 763.0
301.91806070419403 783.0
302.184658977408 759.0
302.4512495267741 771.0
302.7178323518091 775.0
302.9844074520298 774.0
303.2509748269532 770.0
303.5175344760962 778.0
303.78408639897555 763.0
304.0506305951082 766.0
304.31716706401096 754.0
304.58369580520065 768.0
304.8502168181943 782.0
305.1167301025086 763.0
305.3832356576606 771.0
305.649733483167 766.0
305.9162235785447 760.0
306.1827059433106 765.0
306.4491805769817 772.0
306.7156474790747 773.0
306.98210664910647 773.0
307.2485580865939 780.0
307.5150017910539 778.0
307.7814377620034 759.0
308.0478659989591 772.0
308.31428650143795 756.0
308.58069926895683 766.0
308.8471043010326 791.0
309.1135015971821 771.0
309.37989115692227 770.0
309.6462729797699 771.0
309.91264706524197 770.0
310.1790134128551 753.0
310.4453720221265 769.0
310.71172289257277 772.0
310.97806602371094 758.0
311.2444014150577 764.0
311.5107290661301 763.0
311.777048976445 763.0
312.04336114551904 758.0
312.30966557286945 766.0
312.5759622580128 786.0
312.8422512004661 771.0
313.1085323997461 770.0
313.3748058553698 775.0
313.641071566854 754.0
313.90732953371554 779.0
314.17357975547145 777.0
314.4398222316384 769.0
314.70605696173334 771.0
314.9722839452731 781.0
315.23850318177466 769.0
315.50471467075477 777.0
315.7709184117303 779.0
316.0371144042182 773.0
316.3033026477353 780.0
316.56948314179846 749.0
316.8356558859246 762.0
317.1018208796305 768.0
317.36797812243304 771.0
317.6341276138491 774.0
317.90026935339563 761.0
318.1664033405894 767.0
318.4325295749473 755.0
318.6986480559862 766.0
318.96475878322303 771.0
319.2308617561746 763.0
319.4969569743577 762.0
319.76304443728935 772.0
320.0291241444864 770.0
320.2951960954656 775.0
320.5612602897438 764.0
320.82731672683815 774.0
321.0933654062652 764.0
321.359406327542 776.0
321.6254394901853 757.0
321.891464893712 769.0
322.157482537639 767.0
322.4234924214832 765.0
322.68949454476143 770.0
322.95548890699064 772.0
323.2214755076875 774.0
323.487454346369 765.0
323.753425422552 771.0
324.01938873575347 769.0
324.2853442854901 757.0
324.55129207127885 771.0
324.8172320926366 763.0
325.08316434908016 760.0
325.34908884012646 768.0
325.61500556529234 771.0
325.8809145240947 771.0
326.14681571605024 778.0
326.4127091406761 777.0
326.6785947974889 757.0
326.9444726860058 771.0
327.2103428057433 770.0
327.47620515621855 773.0
327.74205973694836 757.0
328.00790654744947 764.0
328.2737455872389 767.0
328.5395768558335 778.0
328.80540035275004 765.0
329.0712160775054 752.0
329.33702402961654 754.0
329.6028242086002 771.0
329.86861661397353 749.0
330.13440124525306 776.0
330.4001781019559 785.0
330.66594718359863 762.0
330.9317084896984 764.0
331.19746201977205 786.0
331.46320777333636 770.0
331.7289457499082 765.0
331.9946759490044 774.0
332.2603983701419 763.0
332.5261130128375 777.0
332.79181987660826 755.0
333.05751896097087 766.0
333.3232102654422 773.0
333.58889378953916 786.0
333.85456953277856 774.0
334.1202374946774 764.0
334.38589767475247 770.0
334.6515500725206 770.0
334.9171946874987 765.0
335.18283151920355 783.0
335.4484605671522 761.0
335.7140818308614 771.0
335.97969530984807 783.0
336.245301003629 777.0
336.51089891172114 771.0
336.77648903364127 764.0
337.04207136890636 773.0
337.30764591703326 777.0
337.5732126775387 757.0
337.83877164993976 775.0
338.10432283375314 768.0
338.36986622849577 779.0
338.63540183368457 781.0
338.9009296488363 770.0
339.16644967346787 764.0
339.4319619070962 775.0
339.6974663492381 775.0
339.9629629994105 774.0
340.22845185713027 777.0
340.4939329219141 771.0
340.75940619327906 778.0
341.02487167074196 762.0
341.2903293538197 783.0
341.555779242029 768.0
341.821221334887 771.0
342.0866556319103 783.0
342.3520821326158 759.0
342.6175008365205 763.0
342.8829117431413 782.0
343.1483148519949 779.0
343.41371016259825 780.0
343.6790976744682 768.0
343.9444773871216 792.0
344.20984930007546 766.0
344.4752134128465 789.0
344.74056972495157 784.0
345.0059182359076 801.0
345.27125894523147 777.0
345.53659185244 770.0
345.80191695705014 790.0
346.0672342585787 789.0
346.3325437565426 773.0
346.5978454504585 773.0
346.8631393398436 771.0
347.1284254242145 766.0
347.3937037030882 768.0
347.6589741759816 776.0
347.92423684241146 773.0
348.1894917018946 771.0
348.4547387539481 772.0
348.71997799808867 781.0
348.9852094338332 786.0
349.2504330606986 781.0
349.51564887820166 769.0
349.7808568858593 786.0
350.0460570831885 762.0
350.31124946970584 779.0
350.57643404492853 766.0
350.84161080837316 780.0
351.1067797595568 772.0
351.3719408979961 782.0
351.63709422320824 796.0
351.90223973470984 822.0
352.16737743201776 810.0
352.43250731464894 784.0
352.69762938212034 796.0
352.9627436339487 772.0
353.2278500696509 767.0
353.49294868874387 766.0
353.7580394907444 773.0
354.02312247516943 776.0
354.28819764153576 763.0
354.55326498936034 759.0
354.81832451816 767.0
355.08337622745165 757.0
355.348420116752 774.0
355.613456185578 756.0
355.8784844334467 774.0
356.1435048598747 773.0
356.4085174643791 774.0
356.6735222464765 765.0
356.938519205684 766.0
357.2035083415184 753.0
357.46848965349653 786.0
357.73346314113536 794.0
357.9984288039516 773.0
358.2633866414622 758.0
358.528336653184 763.0
358.793278838634 767.0
359.05821319732894 787.0
359.3231397287857 786.0
359.5880584325211 774.0
359.8529693080521 786.0
360.1178723548955 775.0
360.3827675725683 776.0
360.64765496058726 778.0
360.9125345184692 778.0
361.1774062457311 768.0
361.44227014188965 777.0
361.707126206462 786.0
361.9719744389649 782.0
362.2368148389151 765.0
362.5016474058295 776.0
362.766472139225 761.0
363.0312890386186 769.0
363.296098103527 785.0
363.5608993334672 763.0
363.82569272795587 771.0
364.09047828651006 762.0
364.35525600864656 776.0
364.6200258938823 763.0
364.8847879417341 763.0
365.1495421517188 768.0
365.41428852335326 765.0
365.67902705615444 763.0
365.9437577496392 777.0
366.2084806033243 765.0
366.4731956167267 758.0
366.7379027893632 764.0
367.0026021207507 764.0
367.2672936104061 790.0
367.5319772578463 771.0
367.79665306258806 780.0
368.06132102414836 772.0
368.32598114204393 777.0
368.59063341579173 773.0
368.85527784490864 780.0
369.1199144289115 788.0
369.3845431673172 774.0
369.6491640596426 763.0
369.91377710540445 772.0
370.1783823041198 768.0
370.44297965530546 769.0
370.70756915847835 785.0
370.97215081315517 791.0
371.2367246188529 774.0
371.5012905750884 766.0
371.7658486813786 777.0
372.0303989372402 783.0
372.29494134219027 771.0
372.5594758957455 774.0
372.82400259742286 770.0
373.08852144673915 772.0
373.3530324432114 777.0
373.6175355863563 769.0
373.8820308756908 780.0
374.1465183107317 763.0
374.410997890996 762.0
374.6754696160004 772.0
374.93993348526186 774.0
375.2043894982973 782.0
375.4688376546235 789.0
375.7332779537573 765.0
375.9977103952157 772.0
376.26213497851546 776.0
376.52655170317354 768.0
376.7909605687067 771.0
377.05536157463183 762.0
377.3197547204658 765.0
377.5841400057256 772.0
377.84851742992794 768.0
378.11288699258984 752.0
378.37724869322795 772.0
378.64160253135935 764.0
378.90594850650075 769.0
379.1702866181692 781.0
379.4346168658814 763.0
379.69893924915425 783.0
379.9632537675047 774.0
380.2275604204495 774.0
380.49185920750574 776.0
380.75615012819 779.0
381.0204331820193 770.0
381.2847083685105 787.0
381.5489756871804 764.0
381.8132351375459 779.0
382.07748671912407 765.0
382.34173043143153 773.0
382.6059662739852 790.0
382.8701942463019 787.0
383.1344143478986 792.0
383.3986265782921 782.0
383.6628309369994 766.0
383.92702742353725 785.0
384.1912160374225 763.0
384.45539677817203 767.0
384.7195696453027 761.0
384.98373463833155 773.0
385.2478917567753 788.0
385.5120410001507 773.0
385.7761823679748 768.0
386.0403158597644 785.0
386.30444147503647 780.0
386.5685592133077 758.0
386.8326690740951 774.0
387.09677105691543 765.0
387.36086516128563 781.0
387.6249513867226 771.0
387.88902973274315 766.0
388.15310019886414 775.0
388.41716278460245 763.0
388.68121748947493 766.0
388.9452643129986 772.0
389.2093032546901 763.0
389.47333431406645 761.0
389.73735749064434 776.0
390.0013727839409 765.0
390.2653801934728 772.0
390.52937971875696 756.0
390.7933713593103 779.0
391.05735511464974 778.0
391.3213309842919 770.0
391.5852989677539 761.0
391.8492590645524 773.0
392.1132112742045 771.0
392.37715559622694 756.0
392.6410920301366 772.0
392.9050205754503 769.0
393.1689412316849 763.0
393.43285399835736 772.0
393.69675887498465 774.0
393.96065586108335 781.0
394.2245449561705 774.0
394.4884261597629 766.0
394.75229947137757 764.0
395.01616489053123 781.0
395.28002241674085 781.0
395.5438720495231 787.0
395.80771378839506 772.0
396.0715476328735 784.0
396.33537358247537 767.0
396.5991916367174 769.0
396.86300179511665 770.0
397.12680405718976 779.0
397.39059842245376 766.0
397.65438489042543 776.0
397.91816346062177 761.0
398.18193413255955 780.0
398.4456969057556 757.0
398.7094517797268 756.0
398.97319875399006 765.0
399.2369378280623 775.0
399.50066900146027 765.0
399.764392273701 770.0
400.02810764430114 769.0
400.2918151127777 781.0
400.55551467864757 766.0
400.81920634142756 749.0
401.08289010063453 770.0
401.34656595578537 781.0
401.6102339063969 771.0
401.8738939519861 778.0
402.1375460920697 777.0
402.4011903261647 763.0
402.6648266537879 769.0
402.92845507445617 773.0
403.1920755876863 760.0
403.4556881929953 776.0
403.71929288990003 772.0
403.98288967791734 766.0
404.246478556564 766.0
404.5100595253569 773.0
404.77363258381297 781.0
405.03719773144906 781.0
405.3007549677821 778.0
405.56430429232887 778.0
405.82784570460626 757.0
406.0913792041311 773.0
406.35490479042033 776.0
406.61842246299085 774.0
406.88193222135936 770.0
407.14543406504293 782.0
407.4089279935582 779.0
407.6724140064223 777.0
407.9358921031519 764.0
408.19936228326395 774.0
408.4628245462754 773.0
408.7262788917029 781.0
408.9897253190635 793.0
409.25316382787395 782.0
409.5165944176513 784.0
409.7800170879122 775.0
410.04343183817366 770.0
410.30683866795243 770.0
410.57023757676546 766.0
410.83362856412975 772.0
411.09701162956185 774.0
411.3603867725789 768.0
411.62375399269763 779.0
411.887113289435 773.0
412.1504646623078 766.0
412.4138081108329 775.0
412.6771436345273 776.0
412.94047123290767 765.0
413.20379090549096 768.0
413.46710265179405 770.0
413.7304064713339 772.0
413.9937023636272 792.0
414.25699032819097 771.0
414.52027036454194 784.0
414.78354247219704 773.0
415.0468066506732 779.0
415.31006289948726 763.0
415.5733112181561 755.0
415.83655160619645 762.0
416.0997840631253 770.0
416.3630085884595 791.0
416.62622518171594 783.0
416.8894338424115 764.0
417.152634570063 766.0
417.4158273641873 775.0
417.67901222430123 763.0
417.9421891499217 757.0
418.2053581405658 775.0
418.46851919575005 781.0
418.7316723149915 774.0
418.99481749780693 776.0
419.2579547437133 761.0
419.5210840522274 779.0
419.78420542286625 781.0
420.04731885514644 774.0
420.31042434858506 765.0
420.573521902699 769.0
420.83661151700494 773.0
421.0996931910199 770.0
421.3627669242608 763.0
421.6258327162443 786.0
421.88889056648736 780.0
422.1519404745069 771.0
422.41498243981977 762.0
422.6780164619429 768.0
422.9410425403929 773.0
423.2040606746869 779.0
423.46707086434174 775.0
423.7300731088742 776.0
423.9930674078012 760.0
424.25605376063965 786.0
424.5190321669063 779.0
424.782002626118 762.0
425.0449651377918 761.0
425.30791970144446 768.0
425.57086631659286 770.0
425.83380498275386 768.0
426.0967356994443 774.0
426.3596584661811 777.0
426.6225732824811 758.0
426.88548014786113 782.0
427.14837906183817 779.0
427.411270023929 771.0
427.6741530336505 774.0
427.9370280905195 770.0
428.199895194053 766.0
428.46275434376776 765.0
428.72560553918066 752.0
428.98844877980855 756.0
429.2512840651683 759.0
429.51411139477693 772.0
429.77693076815115 772.0
430.03974218480784 776.0
430.3025456442639 769.0
430.5653411460361 772.0
430.82812868964146 769.0
431.09090827459687 774.0
431.353679900419 781.0
431.61644356662487 768.0
431.87919927273134 780.0
432.1419470182551 746.0
432.40468680271334 777.0
432.66741862562276 772.0
432.93014248650013 796.0
433.1928583848624 777.0
433.45556632022647 770.0
433.7182662921092 789.0
433.9809583000275 781.0
434.24364234349815 764.0
434.506318422038 772.0
434.768986535164 770.0
435.031646682393 766.0
435.2942988632418 790.0
435.55694307722734 759.0
435.81957932386655 773.0
436.08220760267614 778.0
436.34482791317305 762.0
436.6074402548742 786.0
436.8700446272964 769.0
437.1326410299566 767.0
437.3952294623715 776.0
437.65780992405803 774.0
437.9203824145332 778.0
438.1829469333138 769.0
438.4455034799166 757.0
438.7080520538586 770.0
438.9705926546565 770.0
439.23312528182737 773.0
439.49564993488787 756.0
439.7581666133551 762.0
440.0206753167459 769.0
440.28317604457686 776.0
440.5456687963651 777.0
440.8081535716274 790.0
441.07063036988075 765.0
441.3330991906418 785.0
441.5955600334276 778.0
441.858012897755 781.0
442.12045778314075 769.0
442.3828946891018 775.0
442.6453236151551 779.0
442.9077445608174 769.0
443.17015752560553 783.0
443.4325625090365 772.0
443.69495951062703 782.0
443.95734852989415 757.0
444.21972956635454 760.0
444.4821026195253 756.0
444.74446768892307 779.0
445.00682477406485 773.0
445.2691738744674 768.0
445.5315149896478 785.0
445.79384811912274 759.0
446.05617326240906 765.0
446.31849041902376 767.0
446.58079958848356 770.0
446.8431007703055 781.0
447.10539396400634 762.0
447.367679169103 789.0
447.6299563851123 782.0
447.892225611551 764.0
448.15448684793625 786.0
448.4167400937847 775.0
448.67898534861325 766.0
448.9412226119389 766.0
449.2034518832783 760.0
449.46567316214856 767.0
449.72788644806633 761.0
449.99009174054856 760.0
450.2522890391122 774.0
450.514478343274 780.0
450.77665965255085 773.0
451.0388329664597 769.0
451.30099828451733 776.0
451.5631556062406 770.0
451.82530493114655 772.0
452.08744625875175 750.0
452.3495795885734 753.0
452.6117049201281 773.0
452.87382225293277 771.0
453.13593158650446 788.0
453.3980329203598 760.0
453.6601262540158 786.0
453.9222115869893 775.0
454.1842889187971 779.0
454.4463582489562 776.0
454.70841957698343 765.0
454.97047290239556 750.0
455.23251822470957 771.0
455.49455554344223 754.0
455.75658485811044 760.0
456.0186061682312 758.0
456.2806194733211 770.0
456.5426247728973 761.0
456.8046220664765 769.0
457.0666113535756 766.0
457.32859263371154 770.0
457.5905659064011 779.0
457.8525311711611 769.0
458.1144884275086 769.0
458.37643767496024 776.0
458.6383789130331 773.0
458.9003121412439 774.0
459.1622373591095 774.0
459.4241545661469 776.0
459.68606376187284 763.0
459.9479649458043 772.0
460.2098581174581 755.0
460.471743276351 763.0
460.733620422 763.0
460.9954895539219 763.0
461.2573506716337 765.0
461.51920377465206 785.0
461.78104886249406 774.0
462.0428859346764 767.0
462.304714990716 770.0
462.5665360301298 775.0
462.82834905243453 763.0
463.09015405714723 765.0
463.35195104378465 769.0
463.6137400118636 764.0
463.8755209609011 777.0
464.13729389041396 785.0
464.399058799919 781.0
464.6608156889332 761.0
464.92256455697327 780.0
465.18430540355615 770.0
465.4460382281988 773.0
465.707763030418 760.0
465.96947980973056 779.0
466.23118856565344 771.0
466.49288929770347 773.0
466.75458200539765 767.0
467.0162666882526 784.0
467.27794334578533 770.0
467.5396119775127 774.0
467.8012725829516 775.0
468.0629251616188 757.0
468.3245697130314 758.0
468.586206236706 760.0
468.8478347321596 773.0
469.109455198909 778.0
469.3710676364711 765.0
469.6326720443629 782.0
469.89426842210105 775.0
470.1558567692025 775.0
470.4174370851842 781.0
470.6790093695629 763.0
470.94057362185555 768.0
471.20212984157905 780.0
471.4636780282501 773.0
471.72521818138574 759.0
471.9867503005027 765.0
472.248274385118 765.0
472.5097904347484 784.0
472.7712984489108 782.0
473.03279842712203 776.0
473.29429036889906 780.0
473.55577427375863 768.0
473.8172501412177 762.0
474.07871797079315 775.0
474.34017776200176 770.0
474.6016295143605 764.0
474.8630732273861 763.0
475.1245089005955 759.0
475.3859365335057 781.0
475.64735612563334 771.0
475.9087676764954 773.0
476.1701711856088 769.0
476.4315666524903 765.0
476.6929540766569 779.0
476.95433345762535 763.0
477.2157047949125 761.0
477.47706808803537 781.0
477.7384233365106 768.0
477.9997705398553 774.0
478.26110969758616 778.0
478.52244080922014 790.0
478.78376387427414 780.0
479.04507889226494 756.0
479.3063858627094 762.0
479.5676847851245 765.0
479.828975659027 768.0
480.0902584839338 772.0
480.3515332593618 779.0
480.61279998482775 785.0
480.8740586598487 784.0
481.13530928394147 760.0
481.3965518566228 769.0
481.65778637740965 774.0
481.9190128458189 786.0
482.1802312613674 757.0
482.4414416235721 773.0
482.70264393194964 771.0
482.9638381860171 755.0
483.2250243852913 782.0
483.4862025292891 769.0
483.7473726175273 789.0
484.0085346495229 776.0
484.26968862479265 782.0
484.5308345428534 781.0
484.79197240322225 778.0
485.0531022054157 775.0
485.314223948951 775.0
485.57533763334476 780.0
485.8364432581139 773.0
486.0975408227754 787.0
486.35863032684597 801.0
486.61971176984247 772.0
486.880785151282 766.0
487.1418504706812 769.0
487.402907727557 759.0
487.66395692142635 764.0
487.92499805180597 762.0
488.18603111821284 765.0
488.44705612016384 776.0
488.7080730571757 773.0
488.9690819287655 758.0
489.2300827344499 768.0
489.49107547374587 768.0
489.75206014617027 781.0
490.01303675124 768.0
490.27400528847187 773.0
490.53496575738274 775.0
490.79591815748955 786.0
491.05686248830915 772.0
491.31779874935836 770.0
491.57872694015396 773.0
491.8396470602131 780.0
492.1005591090524 766.0
492.3614630861888 768.0
492.6223589911392 770.0
492.88324682342045 764.0
493.14412658254946 767.0
493.40499826804296 769.0
493.66586187941795 771.0
493.92671741619125 766.0
494.18756487787977 776.0
494.44840426400026 787.0
494.70923557406974 764.0
494.97005880760497 787.0
495.23087396412285 778.0
495.4916810431403 776.0
495.7524800441741 759.0
496.01327096674123 761.0
496.27405381035845 783.0
496.53482857454264 772.0
496.79559525881075 765.0
497.05635386267954 776.0
497.31710438566597 765.0
497.57784682728686 779.0
497.8385811870591 782.0
498.0993074644995 757.0
498.360025659125 768.0
498.6207357704524 762.0
498.88143779799873 770.0
499.14213174128065 801.0
499.40281759981514 765.0
499.6634953731191 755.0
499.92416506070924 764.0
500.1848266621026 772.0
500.445480176816 773.0
500.70612560436615 774.0
500.96676294427016 795.0
501.22739219604483 788.0
501.48801335920695 782.0
501.74862643327344 776.0
502.00923141776116 771.0
502.2698283121869 769.0
502.5304171160677 788.0
502.7909978289203 785.0
503.0515704502616 757.0
503.31213497960846 782.0
503.57269141647777 770.0
503.8332397603864 786.0
504.09378001085116 785.0
504.354312167389 782.0
504.6148362295168 793.0
504.8753521967513 788.0
505.1358600686094 788.0
505.3963598446082 772.0
505.6568515242642 777.0
505.9173351070945 785.0
506.17781059261597 775.0
506.4382779803454 778.0
506.69873726979966 782.0
506.95918846049574 777.0
507.2196315519502 781.0
507.4800665436803 764.0
507.74049343520267 784.0
508.00091222603425 785.0
508.261322915692 773.0
508.5217255036924 770.0
508.7821199895529 775.0
509.0425063727899 777.0
509.3028846529204 772.0
509.5632548294615 789.0
509.8236169019296 774.0
510.0839708698421 786.0
510.3443167327155 768.0
510.60465449006676 768.0
510.8649841414127 781.0
511.12530568627034 769.0
511.3856191241566 781.0
511.64592445458794 776.0
511.90622167708165 775.0
512.1665107911545 771.0
512.4267917963232 786.0
512.6870646921047 774.0
512.947329478016 771.0
513.2075861535739 772.0
513.467834718295 761.0
513.7280751716964 769.0
513.9883075132952 776.0
514.248531742608 775.0
514.5087478591515 787.0
514.7689558624429 782.0
515.0291557519989 785.0
515.2893475273365 782.0
515.5495311879723 773.0
515.8097067334235 782.0
516.0698741632067 773.0
516.3300334768389 759.0
516.5901846738369 792.0
516.8503277537177 774.0
517.1104627159981 774.0
517.3705895601947 773.0
517.630708285825 783.0
517.8908188924053 786.0
518.1509213794526 770.0
518.411015746484 770.0
518.6711019930159 774.0
518.9311801185657 777.0
519.19125012265 767.0
519.4513120047856 763.0
519.7113657644896 774.0
519.9714114012784 787.0
520.2314489146695 775.0
520.4914783041794 794.0
520.751499569325 789.0
521.0115127096234 788.0
521.271517724591 776.0
521.5315146137451 770.0
521.7915033766022 770.0
522.0514840126796 769.0
522.3114565214938 788.0
522.5714209025618 776.0
522.8313771554007 764.0
523.0913252795269 772.0
523.3512652744578 763.0
523.6111971397097 773.0
523.8711208747998 770.0
524.1310364792452 767.0
524.390943952562 769.0
524.6508432942679 783.0
524.9107345038794 776.0
525.1706175809132 762.0
525.4304925248866 785.0
525.690359335316 752.0
525.9502180117188 774.0
526.2100685536113 779.0
526.4699109605107 764.0
526.729745231934 759.0
526.9895713673975 758.0
527.2493893664187 782.0
527.5091992285141 767.0
527.7690009532007 774.0
528.0287945399953 772.0
528.2885799884149 774.0
528.5483572979764 773.0
528.8081264681963 773.0
529.0678874985917 777.0
529.3276403886796 796.0
529.5873851379768 773.0
529.8471217460001 774.0
530.1068502122662 773.0
530.3665705362923 778.0
530.6262827175951 782.0
530.8859867556915 780.0
531.1456826500984 785.0
531.4053704003326 772.0
531.6650500059111 772.0
531.9247214663504 770.0
532.1843847811678 782.0
532.4440399498801 781.0
532.7036869720038 784.0
532.9633258470562 777.0
533.222956574554 779.0
533.4825791540142 785.0
533.7421935849534 792.0
534.0017998668885 792.0
534.2613979993366 807.0
534.5209879818145 783.0
534.780569813839 781.0
535.0401434949268 784.0
535.2997090245951 780.0
535.5592664023607 769.0
535.8188156277402 774.0
536.0783567002508 771.0
536.3378896194092 785.0
536.5974143847321 785.0
536.8569309957369 759.0
537.1164394519398 774.0
537.3759397528582 789.0
537.6354318980087 764.0
537.8949158869082 779.0
538.1543917190737 766.0
538.4138593940218 770.0
538.6733189112697 773.0
538.932770270334 768.0
539.1922134707318 759.0
539.4516485119797 775.0
539.7110753935946 785.0
539.9704941150937 804.0
540.2299046759937 779.0
540.4893070758112 773.0
540.7487013140633 801.0
541.008087390267 780.0
541.2674653039389 780.0
541.526835054596 757.0
541.7861966417552 773.0
542.0455500649333 780.0
542.3048953236471 776.0
542.5642324174137 771.0
542.8235613457497 771.0
543.0828821081722 776.0
543.3421947041979 778.0
543.6014991333436 776.0
543.8607953951266 782.0
544.1200834890632 771.0
544.3793634146708 777.0
544.6386351714658 773.0
544.8978987589653 770.0
545.1571541766862 756.0
545.4164014241451 782.0
545.6756405008593 768.0
545.9348714063455 769.0
546.1940941401203 764.0
546.4533087017008 760.0
546.712515090604 763.0
546.9717133063466 782.0
547.2309033484453 769.0
547.4900852164174 785.0
547.7492589097793 793.0
548.0084244280482 774.0
548.2675817707409 756.0
548.526730937374 780.0
548.7858719274648 773.0
549.0450047405299 772.0
549.3041293760863 790.0
549.5632458336507 790.0
549.82235411274 767.0
550.0814542128714 766.0
550.3405461335612 767.0
550.5996298743269 781.0
550.8587054346848 781.0
551.117772814152 769.0
551.3768320122455 774.0
551.6358830284819 770.0
551.8949258623783 761.0
552.1539605134514 770.0
552.4129869812182 778.0
552.6720052651955 756.0
552.9310153649002 772.0
553.1900172798491 770.0
553.4490110095592 797.0
553.7079965535472 778.0
553.9669739113302 780.0
554.2259430824248 766.0
554.484904066348 785.0
554.7438568626167 786.0
555.0028014707476 776.0
555.261737890258 772.0
555.520666120664 766.0
555.7795861614834 766.0
556.0384980122324 785.0
556.2974016724281 783.0
556.5562971415874 780.0
556.8151844192269 785.0
557.0740635048638 769.0
557.3329343980148 776.0
557.5917970981968 781.0
557.8506516049267 773.0
558.1094979177213 786.0
558.3683360360976 772.0
558.6271659595724 765.0
558.8859876876625 771.0
559.1448012198848 777.0
559.4036065557561 776.0
559.6624036947936 774.0
559.9211926365136 795.0
560.1799733804337 785.0
560.43874592607 776.0
560.6975102729399 771.0
560.9562664205602 793.0
561.2150143684473 777.0
561.4737541161188 772.0
561.732485663091 782.0
561.9912090088809 771.0
562.2499241530056 776.0
562.5086310949818 777.0
562.7673298343262 778.0
563.026020370556 796.0
563.2847027031879 771.0
563.5433768317389 769.0
563.8020427557254 762.0
564.0607004746649 767.0
564.3193499880738 779.0
564.5779912954692 774.0
564.8366243963679 772.0
565.0952492902868 780.0
565.3538659767429 782.0
565.6124744552527 784.0
565.8710747253335 779.0
566.1296667865018 799.0
566.3882506382747 788.0
566.6468262801691 772.0
566.9053937117014 772.0
567.1639529323893 757.0
567.4225039417488 773.0
567.6810467392974 772.0
567.9395813245517 777.0
568.1981076970284 766.0
568.4566258562448 773.0
568.7151358017175 773.0
568.9736375329633 776.0
569.2321310494995 777.0
569.4906163508422 763.0
569.749093436509 770.0
570.0075623060163 773.0
570.2660229588813 777.0
570.5244753946206 772.0
570.7829196127512 779.0
571.0413556127901 771.0
571.2997833942537 766.0
571.5582029566596 769.0
571.8166142995238 784.0
572.075017422364 792.0
572.3334123246967 793.0
572.5917990060384 786.0
572.8501774659068 770.0
573.108547703818 767.0
573.3669097192892 746.0
573.6252635118373 777.0
573.8836090809789 770.0
574.1419464262314 779.0
574.400275547111 785.0
574.6585964431351 770.0
574.9169091138205 788.0
575.1752135586836 784.0
575.4335097772419 791.0
575.6917977690118 800.0
575.9500775335105 778.0
576.2083490702545 789.0
576.4666123787609 786.0
576.7248674585469 809.0
576.9831143091286 784.0
577.2413529300236 783.0
577.4995833207483 785.0
577.7578054808198 779.0
578.0160194097549 780.0
578.2742251070703 773.0
578.5324225722832 776.0
578.7906118049101 765.0
579.0487928044681 770.0
579.3069655704743 777.0
579.565130102445 783.0
579.8232863998975 768.0
580.0814344623485 787.0
580.339574289315 779.0
580.5977058803137 779.0
580.8558292348614 781.0
581.1139443524753 786.0
581.3720512326721 788.0
581.6301498749685 790.0
581.8882402788817 783.0
582.146322443928 801.0
582.4043963696251 794.0
582.6624620554893 791.0
582.9205195010375 796.0
583.1785687057866 795.0
583.4366096692537 790.0
583.6946423909554 809.0
583.9526668704085 876.0
584.2106831071303 994.0
584.4686911006373 1073.0
584.7266908504463 1142.0
584.9846823560746 1264.0
585.2426656170385 1643.0
585.5006406328554 1715.0
585.7586074030418 1726.0
586.0165659271148 1286.0
586.2745162045912 991.0
586.5324582349878 881.0
586.7903920178214 828.0
587.0483175526091 804.0
587.3062348388676 845.0
587.5641438761138 846.0
587.8220446638645 834.0
588.0799372016369 876.0
588.3378214889474 908.0
588.5956975253132 911.0
588.8535653102509 881.0
589.1114248432776 819.0
589.3692761239103 798.0
589.6271191516653 784.0
589.88495392606 797.0
590.1427804466111 798.0
590.4005987128355 801.0
590.6584087242501 806.0
590.9162104803713 792.0
591.1740039807169 800.0
591.4317892248029 791.0
591.6895662121466 785.0
591.9473349422648 788.0
592.2050954146741 801.0
592.462847628892 791.0
592.7205915844347 788.0
592.9783272808194 784.0
593.236054717563 792.0
593.493773894182 811.0
593.7514848101939 825.0
594.009187465115 836.0
594.2668818584625 866.0
594.5245679897531 933.0
594.7822458585038 938.0
595.0399154642313 945.0
595.2975768064524 844.0
595.5552298846843 817.0
595.8128746984438 789.0
596.0705112472474 798.0
596.3281395306126 803.0
596.5857595480555 790.0
596.8433712990935 804.0
597.1009747832434 804.0
597.3585700000219 805.0
597.6161569489462 823.0
597.8737356295327 833.0
598.1313060412986 825.0
598.3888681837607 795.0
598.6464220564358 795.0
598.9039676588409 798.0
599.1615049904925 792.0
599.4190340509081 796.0
599.676554839604 772.0
599.9340673560972 788.0
600.1915715999048 800.0
600.4490675705435 780.0
600.7065552675302 770.0
600.9640346903817 774.0
601.221505838615 764.0
601.4789687117469 757.0
601.7364233092942 773.0
601.9938696307739 786.0
602.2513076757026 810.0
602.5087374435976 789.0
602.7661589339755 814.0
603.023572146353 836.0
603.2809770802475 836.0
603.5383737351752 850.0
603.7957621106534 801.0
604.053142206199 781.0
604.3105140213286 788.0
604.5678775555593 776.0
604.8252328084078 766.0
605.0825797793912 773.0
605.3399184680261 765.0
605.5972488738295 766.0
605.8545709963181 781.0
606.111884835009 797.0
606.3691903894193 804.0
606.6264876590651 829.0
606.883776643464 843.0
607.1410573421324 849.0
607.3983297545875 926.0
607.6555938803461 935.0
607.9128497189247 962.0
608.1700972698408 897.0
608.4273365326108 845.0
608.6845675067516 874.0
608.9417901917803 879.0
609.1990045872135 912.0
609.4562106925683 994.0
609.7134085073615 1078.0
609.9705980311098 1070.0
610.2277792633305 1058.0
610.4849522035397 884.0
610.7421168512552 822.0
610.9992732059933 800.0
611.2564212672709 782.0
611.5135610346049 785.0
611.7706925075122 790.0
612.0278156855098 796.0
612.2849305681145 790.0
612.542037154843 797.0
612.7991354452124 804.0
613.0562254387393 837.0
613.3133071349409 914.0
613.5703805333337 975.0
613.8274456334349 994.0
614.0845024347612 1071.0
614.3415509368294 1288.0
614.5985911391567 1333.0
614.8556230412595 1368.0
615.1126466426551 1088.0
615.36966194286 929.0
615.6266689413914 862.0
615.8836676377659 853.0
616.1406580315004 858.0
616.3976401221121 928.0
616.6546139091173 922.0
616.9115793920333 923.0
617.1685365703769 843.0
617.4254854436648 810.0
617.6824260114142 799.0
617.9393582731417 796.0
618.196282228364 798.0
618.4531978765983 789.0
618.7101052173614 788.0
618.9670042501702 772.0
619.2238949745413 776.0
619.4807773899919 781.0
619.7376514960388 779.0
619.9945172921986 779.0
620.2513747779885 779.0
620.508223952925 787.0
620.7650648165256 803.0
621.0218973683066 808.0
621.2787216077849 819.0
621.5355375344776 826.0
621.7923451479013 842.0
622.0491444475734 858.0
622.3059354330103 840.0
622.5627181037288 806.0
622.8194924592461 789.0
623.0762584990788 768.0
623.333016222744 770.0
623.5897656297584 782.0
623.8465067196389 754.0
624.1032394919024 772.0
624.3599639460657 769.0
624.6166800816459 785.0
624.8733878981594 785.0
625.1300873951237 786.0
625.3867785720552 796.0
625.6434614284708 825.0
625.9001359638876 849.0
626.1568021778221 865.0
626.4134600697917 912.0
626.6701096393127 1003.0
626.9267508859024 1002.0
627.1833838090776 1025.0
627.4400084083547 901.0
627.6966246832512 846.0
627.9532326332837 804.0
628.2098322579691 790.0
628.4664235568243 793.0
628.723006529366 776.0
628.9795811751112 792.0
629.2361474935768 803.0
629.4927054842794 803.0
629.7492551467363 814.0
630.0057964804641 830.0
630.2623294849799 849.0
630.5188541598001 898.0
630.775370504442 898.0
631.0318785184223 912.0
631.2883782012578 838.0
631.5448695524658 802.0
631.8013525715625 804.0
632.0578272580652 800.0
632.3142936114906 828.0
632.5707516313557 878.0
632.8272013171775 869.0
633.0836426684723 915.0
633.3400756847575 968.0
633.5965003655499 1042.0
633.8529167103661 1020.0
634.1093247187234 990.0
634.3657243901381 866.0
634.6221157241276 808.0
634.8784987202085 786.0
635.1348733778977 778.0
635.3912396967121 783.0
635.6475976761684 797.0
635.9039473157839 779.0
636.1602886150749 784.0
636.4166215735588 780.0
636.6729461907521 790.0
636.9292624661718 817.0
637.1855703993349 828.0
637.4418699897578 876.0
637.6981612369581 889.0
637.9544441404521 941.0
638.2107186997567 1043.0
638.4669849143892 1090.0
638.7232427838659 1168.0
638.979492307704 1193.0
639.2357334854204 1252.0
639.4919663165317 1391.0
639.7481908005552 1517.0
640.0044069370073 1838.0
640.2606147254052 2477.0
640.5168141652655 2540.0
640.7730052561054 2775.0
641.0291879974413 1914.0
641.2853623887906 1275.0
641.5415284296699 1006.0
641.797686119596 899.0
642.0538354580859 848.0
642.3099764446565 832.0
642.5661090788245 808.0
642.8222333601069 807.0
643.0783492880205 795.0
643.3344568620822 800.0
643.5905560818089 783.0
643.8466469467173 791.0
644.1027294563247 787.0
644.3588036101473 789.0
644.6148694077026 776.0
644.8709268485071 787.0
645.1269759320778 775.0
645.3830166579316 772.0
645.6390490255851 792.0
645.8950730345556 764.0
646.1510886843597 773.0
646.4070959745143 785.0
646.6630949045363 773.0
646.9190854739425 779.0
647.17506768225 785.0
647.4310415289752 780.0
647.6870070136354 785.0
647.9429641357473 781.0
648.1989128948277 786.0
648.4548532903938 786.0
648.7107853219619 790.0
648.9667089890495 778.0
649.222624291173 792.0
649.4785312278494 829.0
649.7344297985958 889.0
649.9903200029287 955.0
650.2462018403652 1005.0
650.502075310422 1114.0
650.7579404126162 1288.0
651.0137971464646 1324.0
651.2696455114838 1314.0
651.525485507191 1024.0
651.7813171331029 894.0
652.0371403887364 843.0
652.2929552736086 808.0
652.5487617872358 810.0
652.8045599291355 826.0
653.0603496988242 837.0
653.3161310958188 851.0
653.5719041196362 845.0
653.8276687697933 862.0
654.0834250458071 840.0
654.3391729471941 796.0
654.5949124734717 785.0
654.8506436241562 787.0
655.1063663987647 774.0
655.3620807968144 785.0
655.6177868178215 796.0
655.8734844613035 788.0
656.129173726777 801.0
656.3848546137588 825.0
656.6405271217659 824.0
656.8961912503149 824.0
657.1518469989231 803.0
657.4074943671071 800.0
657.6631333543837 787.0
657.9187639602701 780.0
658.1743861842826 782.0
658.4300000259387 793.0
658.6856054847549 779.0
658.9412025602483 818.0
659.1967912519353 852.0
659.4523715593333 854.0
659.707943481959 895.0
659.9635070193291 950.0
660.2190621709606 923.0
660.4746089363705 981.0
660.7301473150753 877.0
660.9856773065924 823.0
661.2411989104381 797.0
661.4967121261298 774.0
661.7522169531838 784.0
662.0077133911174 779.0
662.2632014394475 778.0
662.5186810976904 779.0
662.7741523653638 772.0
663.029615241984 766.0
663.2850697270679 772.0
663.5405158201327 772.0
663.7959535206948 772.0
664.0513828282715 767.0
664.3068037423793 778.0
664.5622162625355 781.0
664.8176203882564 771.0
665.0730161190594 776.0
665.3284034544613 779.0
665.5837823939785 789.0
665.8391529371283 775.0
666.0945150834276 773.0
666.349868832393 789.0
666.6052141835415 805.0
666.8605511363899 834.0
667.1158796904554 859.0
667.3711998452544 880.0
667.626511600304 916.0
667.8818149551211 1020.0
668.1371099092223 1028.0
668.3923964621249 1065.0
668.6476746133454 949.0
668.9029443624008 854.0
669.1582057088083 804.0
669.4134586520839 790.0
669.6687031917455 788.0
669.9239393273093 788.0
670.1791670582923 782.0
670.4343863842114 791.0
670.6895973045835 805.0
670.9447998189256 842.0
671.1999939267544 868.0
671.4551796275866 878.0
671.7103569209394 945.0
671.9655258063294 959.0
672.220686283274 990.0
672.475838351289 913.0
672.7309820098925 833.0
672.9861172586005 804.0
673.2412440969302 794.0
673.4963625243987 785.0
673.7514725405223 780.0
674.0065741448183 774.0
674.2616673368035 788.0
674.5167521159946 792.0
674.7718284819086 792.0
675.0268964340622 766.0
675.2819559719727 769.0
675.5370070951565 772.0
675.7920498031307 772.0
676.0470840954122 775.0
676.3021099715176 767.0
676.5571274309642 770.0
676.8121364732684 768.0
677.0671370979474 783.0
677.3221293045178 766.0
677.5771130924968 757.0
677.8320884614011 761.0
678.0870554107474 783.0
678.3420139400529 773.0
678.5969640488343 782.0
678.8519057366083 772.0
679.1068390028922 771.0
679.3617638472023 764.0
679.616680269056 766.0
679.8715882679699 779.0
680.1264878434607 766.0
680.3813789950458 766.0
680.6362617222414 768.0
680.8911360245651 772.0
681.146001901533 776.0
681.4008593526627 771.0
681.6557083774705 771.0
681.9105489754734 777.0
682.1653811461886 781.0
682.4202048891326 773.0
682.6750202038223 763.0
682.9298270897748 781.0
683.1846255465068 760.0
683.4394155735351 769.0
683.6941971703767 782.0
683.9489703365485 764.0
684.2037350715673 774.0
684.4584913749499 765.0
684.7132392462133 770.0
684.9679786848742 778.0
685.2227096904496 778.0
685.4774322624564 783.0
685.7321464004115 782.0
685.9868521038316 776.0
686.2415493722334 772.0
686.4962382051343 766.0
686.7509186020508 775.0
687.0055905624997 789.0
687.2602540859983 774.0
687.514909172063 780.0
687.7695558202109 775.0
688.0241940299587 769.0
688.2788238008236 761.0
688.5334451323221 771.0
688.7880580239712 774.0
689.042662475288 773.0
689.2972584857889 780.0
689.5518460549912 751.0
689.8064251824115 769.0
690.0609958675668 775.0
690.3155581099742 783.0
690.5701119091498 772.0
690.8246572646113 782.0
691.0791941758752 790.0
691.3337226424583 770.0
691.5882426638777 783.0
691.84275423965 803.0
692.0972573692924 842.0
692.3517520523214 895.0
692.6062382882542 947.0
692.8607160766074 1038.0
693.1151854168979 1078.0
693.3696463086428 1133.0
693.6240987513587 1095.0
693.8785427445628 927.0
694.1329782877717 838.0
694.3874053805022 787.0
694.6418240222713 771.0
694.8962342125958 782.0
695.1506359509929 775.0
695.405029236979 782.0
695.6594140700711 784.0
695.9137904497863 772.0
696.168158375641 786.0
696.4225178471527 772.0
696.676868863838 774.0
696.9312114252134 771.0
697.1855455307963 766.0
697.4398711801031 765.0
697.6941883726512 785.0
697.9484971079568 778.0
698.2027973855375 775.0
698.4570892049098 772.0
698.7113725655903 768.0
698.9656474670965 778.0
699.2199139089445 775.0
699.4741718906519 786.0
699.7284214117353 776.0
699.9826624717113 786.0
700.2368950700971 769.0
700.4911192064093 774.0
700.7453348801653 777.0
700.9995420908814 768.0
701.2537408380745 781.0
701.5079311212619 787.0
701.7621129399598 790.0
702.016286293686 798.0
702.2704511819566 834.0
702.5246076042886 883.0
702.778755560199 946.0
703.0328950492045 1004.0
703.2870260708224 1090.0
703.5411486245691 1068.0
703.7952627099618 1154.0
704.0493683265172 1045.0
704.3034654737519 868.0
704.5575541511835 811.0
704.8116343583279 791.0
705.0657060947029 788.0
705.3197693598249 801.0
705.5738241532106 777.0
705.8278704743772 779.0
706.0819083228414 779.0
706.3359376981203 773.0
706.5899585997306 772.0
706.8439710271889 772.0
707.0979749800126 777.0
707.3519704577179 791.0
707.6059574598225 780.0
707.8599359858429 756.0
708.1139060352955 771.0
708.3678676076978 770.0
708.6218207025663 774.0
708.8757653194182 768.0
709.12970145777 785.0
709.3836291171389 767.0
709.6375482970416 778.0
709.8914589969946 795.0
710.1453612165157 766.0
710.3992549551208 758.0
710.6531402123275 762.0
710.9070169876522 761.0
711.1608852806118 783.0
711.4147450907236 772.0
711.6685964175037 762.0
711.9224392604699 784.0
712.1762736191384 770.0
712.4300994930262 774.0
712.6839168816504 780.0
712.9377257845274 779.0
713.1915262011746 780.0
713.4453181311087 776.0
713.6991015738463 762.0
713.9528765289045 770.0
714.2066429958 787.0
714.4604009740502 785.0
714.7141504631712 762.0
714.9678914626805 782.0
715.2216239720948 781.0
715.4753479909306 761.0
715.7290635187052 763.0
715.982770554935 774.0
716.2364690991376 755.0
716.4901591508293 790.0
716.743840709527 796.0
716.9975137747479 783.0
717.2511783460084 800.0
717.5048344228259 815.0
717.7584820047169 806.0
718.0121210911982 834.0
718.2657516817872 792.0
718.519373776 777.0
718.772987373354 767.0
719.026592473366 762.0
719.2801890755527 777.0
719.5337771794311 769.0
719.7873567845179 768.0
720.0409278903304 777.0
720.294490496385 764.0
720.5480446021987 775.0
720.8015902072887 773.0
721.0551273111711 773.0
721.3086559133636 772.0
721.5621760133826 771.0
721.815687610745 781.0
722.0691907049679 782.0
722.3226852955679 782.0
722.5761713820622 782.0
722.8296489639672 780.0
723.0831180408002 781.0
723.3365786120778 772.0
723.5900306773169 796.0
723.8434742360346 831.0
724.0969092877473 839.0
724.3503358319725 896.0
724.6037538682267 924.0
724.8571633960265 922.0
725.1105644148894 952.0
725.3639569243315 882.0
725.6173409238706 806.0
725.8707164130229 797.0
726.1240833913054 790.0
726.3774418582351 787.0
726.6307918133285 772.0
726.8841332561029 781.0
727.137466186075 795.0
727.3907906027619 788.0
727.6441065056802 779.0
727.8974138943464 766.0
728.1507127682783 782.0
728.4040031269918 764.0
728.6572849700045 769.0
728.9105582968331 766.0
729.1638231069941 773.0
729.4170794000048 770.0
729.6703271753817 765.0
729.923566432642 778.0
730.1767971713025 771.0
730.4300193908798 772.0
730.6832330908911 772.0
730.936438270853 774.0
731.1896349302828 780.0
731.442823068697 761.0
731.6960026856123 770.0
731.949173780546 775.0
732.2023363530145 770.0
732.4554904025351 777.0
732.7086359286245 774.0
732.9617729307997 793.0
733.2149014085775 778.0
733.4680213614745 764.0
733.7211327890079 762.0
733.9742356906943 786.0
734.2273300660511 774.0
734.4804159145946 776.0
734.7334932358416 769.0
734.9865620293094 781.0
735.2396222945147 771.0
735.4926740309744 765.0
735.7457172382054 759.0
735.9987519157243 776.0
736.2517780630484 772.0
736.504795679694 757.0
736.7578047651785 770.0
737.0108053190187 779.0
737.2637973407312 778.0
737.516780829833 768.0
737.769755785841 789.0
738.0227222082721 785.0
738.2756800966428 773.0
738.5286294504706 773.0
738.781570269272 782.0
739.0345025525638 765.0
739.2874262998632 760.0
739.5403415106866 767.0
739.7932481845512 766.0
740.046146320974 759.0
740.2990359194714 784.0
740.5519169795606 770.0
740.8047895007583 781.0
741.0576534825816 758.0
741.3105089245472 774.0
741.563355826172 789.0
741.8161941869729 771.0
742.0690240064664 783.0
742.3218452841702 784.0
742.5746580196005 779.0
742.8274622122741 769.0
743.0802578617083 779.0
743.3330449674197 792.0
743.5858235289254 787.0
743.8385935457418 804.0
744.0913550173865 795.0
744.3441079433758 810.0
744.5968523232264 804.0
744.8495881564559 798.0
745.1023154425804 772.0
745.3550341811174 772.0
745.6077443715835 783.0
745.8604460134952 784.0
746.1131391063701 782.0
746.3658236497243 778.0
746.6184996430754 772.0
746.87116708594 771.0
747.1238259778346 786.0
747.3764763182764 764.0
747.6291181067822 771.0
747.8817513428692 783.0
748.1343760260539 770.0
748.3869921558529 783.0
748.6395997317837 792.0
748.8921987533628 788.0
749.1447892201071 775.0
749.3973711315336 788.0
749.6499444871589 797.0
749.9025092865003 772.0
750.1550655290741 778.0
750.4076132143978 780.0
750.6601523419877 775.0
750.912682911361 765.0
751.1652049220347 770.0
751.4177183735251 770.0
751.6702232653497 780.0
751.9227195970248 776.0
752.1752073680677 755.0
752.4276865779954 771.0
752.680157226324 782.0
752.9326193125712 763.0
753.1850728362533 784.0
753.4375177968876 797.0
753.6899541939908 794.0
753.9423820270795 782.0
754.194801295671 800.0
754.4472119992819 786.0
754.6996141374291 777.0
754.9520077096296 779.0
755.2043927154 783.0
755.4567691542577 767.0
755.7091370257187 778.0
755.9614963293008 772.0
756.2138470645202 768.0
756.4661892308942 774.0
756.7185228279395 780.0
756.9708478551728 777.0
757.2231643121112 779.0
757.4754721982714 781.0
757.7277715131704 782.0
757.9800622563251 775.0
758.2323444272521 771.0
758.4846180254688 777.0
758.7368830504913 778.0
758.9891395018373 782.0
759.2413873790232 776.0
759.4936266815657 769.0
759.7458574089821 770.0
759.9980795607888 774.0
760.2502931365033 783.0
760.502498135642 774.0
760.7546945577217 782.0
761.0068824022595 775.0
761.2590616687722 792.0
761.5112323567769 781.0
761.7633944657899 785.0
762.0155479953288 781.0
762.26769294491 774.0
762.5198293140501 764.0
762.7719571022666 757.0
763.024076309076 795.0
763.2761869339953 787.0
763.5282889765415 761.0
763.780382436231 763.0
764.032467312581 772.0
764.2845436051083 765.0
764.53661131333 762.0
764.7886704367629 774.0
765.0407209749233 769.0
765.2927629273288 774.0
765.5447962934958 774.0
765.7968210729414 765.0
766.0488372651824 771.0
766.3008448697357 780.0
766.5528438861181 786.0
766.8048343138464 764.0
767.0568161524378 758.0
767.3087894014087 771.0
767.5607540602764 765.0
767.8127101285577 780.0
768.0646576057691 779.0
768.3165964914278 759.0
768.5685267850505 777.0
768.8204484861544 778.0
769.0723615942561 771.0
769.3242661088722 772.0
769.5761620295201 771.0
769.8280493557162 769.0
770.0799280869778 786.0
770.3317982228216 777.0
770.5836597627642 776.0
770.835512706323 777.0
771.0873570530143 776.0
771.3391928023555 772.0
771.591019953863 777.0
771.8428385070538 790.0
772.094648461445 784.0
772.3464498165532 785.0
772.5982425718955 767.0
772.8500267269885 778.0
773.1018022813494 788.0
773.3535692344948 777.0
773.6053275859415 761.0
773.8570773352067 766.0
774.108818481807 790.0
774.3605510252594 776.0
774.6122749650807 772.0
774.8639903007878 776.0
775.1156970318975 764.0
775.3673951579267 768.0
775.6190846783925 775.0
775.8707655928115 779.0
776.1224379007004 774.0
776.3741016015766 766.0
776.6257566949563 780.0
776.8774031803571 782.0
777.1290410572955 791.0
777.3806703252881 805.0
777.6322909838522 809.0
777.8839030325043 791.0
778.1355064707618 794.0
778.3871012981411 784.0
778.6386875141592 782.0
778.890265118333 781.0
779.1418341101793 772.0
779.3933944892151 767.0
779.6449462549571 777.0
779.8964894069222 779.0
780.1480239446275 776.0
780.3995498675895 769.0
780.6510671753255 782.0
780.9025758673517 786.0
781.1540759431858 780.0
781.4055674023442 758.0
781.6570502443437 777.0
781.9085244687013 778.0
782.159990074934 772.0
782.4114470625585 770.0
782.6628954310918 775.0
782.9143351800503 779.0
783.1657663089516 773.0
783.4171888173119 769.0
783.6686027046486 766.0
783.9200079704783 776.0
784.1714046143178 767.0
784.4227926356843 771.0
784.6741720340941 772.0
784.9255428090647 786.0
785.1769049601126 770.0
785.4282584867548 787.0
785.6796033885082 776.0
785.9309396648893 768.0
786.1822673154155 788.0
786.4335863396033 785.0
786.6848967369698 765.0
786.9361985070317 765.0
787.1874916493058 775.0
787.4387761633094 769.0
787.6900520485588 773.0
787.9413193045713 781.0
788.1925779308636 782.0
788.4438279269523 772.0
788.6950692923548 783.0
788.9463020265875 793.0
789.1975261291677 775.0
789.448741599612 775.0
789.6999484374371 771.0
789.9511466421604 767.0
790.2023362132982 768.0
790.4535171503677 766.0
790.7046894528855 766.0
790.9558531203689 769.0
791.2070081523347 770.0
791.458154548299 770.0
791.7092923077797 780.0
791.9604214302931 776.0
792.2115419153562 768.0
792.462653762486 779.0
792.7137569711989 764.0
792.9648515410123 768.0
793.2159374714428 776.0
793.4670147620074 781.0
793.718083412223 768.0
793.9691434216061 772.0
794.220194789674 769.0
794.4712375159432 773.0
794.722271599931 771.0
794.9732970411541 777.0
795.2243138391292 776.0
795.4753219933733 765.0
795.7263215034031 772.0
795.9773123687357 761.0
796.2282945888878 764.0
796.4792681633767 779.0
796.7302330917187 778.0
796.9811893734307 786.0
797.23213700803 775.0
797.483075995033 759.0
797.7340063339569 770.0
797.9849280243186 767.0
798.2358410656345 774.0
798.4867454574222 779.0
798.7376411991978 774.0
798.9885282904788 770.0
799.2394067307818 769.0
799.4902765196234 779.0
799.741137656521 781.0
799.9919901409909 772.0
800.2428339725506 766.0
800.4936691507165 763.0
800.7444956750055 769.0
800.9953135449347 767.0
801.2461227600207 774.0
801.4969233197808 773.0
801.7477152237312 770.0
801.9984984713894 772.0
802.2492730622722 776.0
802.5000389958959 770.0
802.7507962717781 770.0
803.0015448894349 766.0
803.252284848384 771.0
803.5030161481417 772.0
803.7537387882248 773.0
804.0044527681507 776.0
804.2551580874358 761.0
804.5058547455972 765.0
804.7565427421519 770.0
805.0072220766161 775.0
805.2578927485075 790.0
805.5085547573423 767.0
805.7592081026379 772.0
806.009852783911 780.0
806.2604888006782 767.0
806.5111161524568 762.0
806.7617348387631 764.0
807.0123448591147 780.0
807.2629462130279 775.0
807.5135389000196 774.0
807.7641229196071 772.0
808.0146982713067 778.0
808.2652649546358 774.0
808.5158229691108 779.0
808.7663723142489 777.0
809.016912989567 769.0
809.2674449945815 781.0
809.5179683288098 788.0
809.7684829917686 779.0
810.0189889829746 782.0
810.269486301945 770.0
810.5199749481961 772.0
810.7704549212456 783.0
811.0209262206095 772.0
811.2713888458052 782.0
811.5218427963496 787.0
811.7722880717591 780.0
812.022724671551 768.0
812.2731525952421 780.0
812.5235718423493 760.0
812.7739824123893 768.0
813.0243843048788 780.0
813.2747775193352 787.0
813.5251620552749 774.0
813.7755379122152 784.0
814.0259050896724 766.0
814.276263587164 785.0
814.5266134042064 765.0
814.7769545403165 779.0
815.0272869950115 777.0
815.2776107678079 761.0
815.5279258582229 768.0
815.7782322657732 762.0
816.0285299899754 760.0
816.2788190303468 752.0
816.529099386404 774.0
816.7793710576641 762.0
817.0296340436439 762.0
817.2798883438601 770.0
817.5301339578298 770.0
817.7803708850694 769.0
818.0305991250964 775.0
818.2808186774273 761.0
818.531029541579 770.0
818.7812317170685 783.0
819.0314252034124 767.0
819.281610000128 772.0
819.5317861067317 778.0
819.7819535227408 770.0
820.0321122476719 770.0
820.2822622810417 771.0
820.5324036223675 771.0
820.7825362711658 779.0
821.0326602269538 772.0
821.2827754892483 761.0
821.5328820575656 775.0
821.7829799314234 764.0
822.033069110338 780.0
822.2831495938267 764.0
822.5332213814061 772.0
822.7832844725929 764.0
823.0333388669044 778.0
823.283384563857 774.0
823.533421562968 766.0
823.7834498637541 765.0
824.033469465732 768.0
824.2834803684189 775.0
824.5334825713311 765.0
824.7834760739862 766.0
825.0334608759005 770.0
825.2834369765912 763.0
825.5334043755751 775.0
825.7833630723688 775.0
826.0333130664897 773.0
826.2832543574541 770.0
826.5331869447793 767.0
826.783110827982 761.0
827.0330260065789 773.0
827.2829324800872 772.0
827.5328302480233 765.0
827.7827193099047 778.0
828.032599665248 765.0
828.2824713135695 773.0
828.532334254387 789.0
828.7821884872168 790.0
829.0320340115759 784.0
829.2818708269813 776.0
829.5316989329494 782.0
829.7815183289979 774.0
830.0313290146428 791.0
830.2811309894015 784.0
830.5309242527906 780.0
830.7807088043272 766.0
831.0304846435281 770.0
831.2802517699099 777.0
831.5300101829899 785.0
831.7797598822846 789.0
832.0295008673112 775.0
832.2792331375864 777.0
832.5289566926268 779.0
832.7786715319497 790.0
833.0283776550717 771.0
833.27807506151 772.0
833.5277637507811 761.0
833.7774437224018 775.0
834.0271149758895 779.0
834.2767775107606 777.0
834.526431326532 769.0
834.7760764227208 770.0
835.0257127988438 780.0
835.2753404544177 760.0
835.5249593889594 773.0
835.774569601986 764.0
836.0241710930143 773.0
836.2737638615607 752.0
836.5233479071428 762.0
836.7729232292768 765.0
837.0224898274802 782.0
837.2720477012693 789.0
837.5215968501614 790.0
837.7711372736733 797.0
838.0206689713215 786.0
838.2701919426232 801.0
838.5197061870952 798.0
838.7692117042545 787.0
839.0187084936177 770.0
839.2681965547017 776.0
839.5176758870236 773.0
839.7671464901001 783.0
840.0166083634483 777.0
840.2660615065847 764.0
840.5155059190262 757.0
840.7649416002901 769.0
841.0143685498927 773.0
841.2637867673512 778.0
841.5131962521828 779.0
841.7625970039035 781.0
842.0119890220308 782.0
842.2613723060813 766.0
842.5107468555723 774.0
842.76011267002 773.0
843.0094697489418 761.0
843.2588180918546 768.0
843.5081576982747 766.0
843.7574885677194 769.0
844.0068106997054 765.0
844.25612409375 761.0
844.5054287493696 774.0
844.754724666081 782.0
845.0040118434015 771.0
845.2532902808475 777.0
845.5025599779364 772.0
845.7518209341847 770.0
846.0010731491091 780.0
846.2503166222269 779.0
846.4995513530547 766.0
846.7487773411094 764.0
846.9979945859081 767.0
847.2472030869674 772.0
847.4964028438043 761.0
847.7455938559353 785.0
847.994776122878 765.0
848.2439496441485 768.0
848.4931144192642 769.0
848.7422704477419 774.0
848.9914177290981 777.0
849.2405562628502 775.0
849.4896860485144 786.0
849.7388070856083 782.0
849.9879193736485 785.0
850.2370229121515 790.0
850.4861177006346 768.0
850.7352037386146 779.0
850.9842810256082 772.0
851.2333495611326 772.0
851.482409344704 753.0
851.7314603758401 767.0
851.9805026540571 760.0
852.2295361788724 759.0
852.4785609498026 772.0
852.7275769663643 781.0
852.9765842280748 795.0
853.2255827344507 774.0
853.4745724850093 775.0
853.7235534792667 779.0
853.9725257167406 768.0
854.2214891969475 765.0
854.4704439194039 778.0
854.7193898836274 769.0
854.9683270891342 768.0
855.2172555354416 787.0
855.4661752220665 763.0
855.7150861485252 753.0
855.9639883143353 755.0
856.212881719013 746.0
856.4617663620759 768.0
856.7106422430403 757.0
856.9595093614231 760.0
857.2083677167415 757.0
857.4572173085119 765.0
857.7060581362517 771.0
857.9548901994776 761.0
858.2037134977061 768.0
858.4525280304546 765.0
858.7013337972394 760.0
858.950130797578 780.0
859.1989190309868 771.0
859.4476984969828 775.0
859.696469195083 782.0
859.9452311248039 771.0
860.1939842856627 766.0
860.4427286771763 777.0
860.6914642988615 769.0
860.9401911502351 769.0
861.1889092308139 776.0
861.437618540115 770.0
861.686319077655 772.0
861.935010842951 762.0
862.1836938355198 770.0
862.432368054878 766.0
862.6810335005429 781.0
862.9296901720311 772.0
863.1783380688596 779.0
863.4269771905452 768.0
863.6756075366046 777.0
863.9242291065551 771.0
864.1728418999131 773.0
864.4214459161959 780.0
864.6700411549201 764.0
864.9186276156024 777.0
865.1672052977602 779.0
865.4157742009098 756.0
865.6643343245685 777.0
865.9128856682528 782.0
866.1614282314799 792.0
866.4099620137665 759.0
866.6584870146295 775.0
866.9070032335858 773.0
867.155510670152 763.0
867.4040093238455 781.0
867.6524991941827 774.0
867.9009802806806 773.0
868.1494525828563 752.0
868.3979161002262 769.0
868.6463708323078 759.0
868.8948167786174 769.0
869.1432539386718 762.0
869.3916823119887 770.0
869.6401018980839 764.0
869.8885126964751 780.0
870.1369147066789 770.0
870.3853079282118 759.0
870.6336923605911 768.0
870.8820680033335 765.0
871.1304348559562 782.0
871.3787929179755 773.0
871.6271421889087 777.0
871.8754826682726 772.0
872.1238143555837 773.0
872.3721372503595 747.0
872.6204513521162 779.0
872.8687566603713 779.0
873.1170531746413 762.0
873.365340894443 771.0
873.6136198192935 769.0
873.8618899487094 764.0
874.110151282208 760.0
874.3584038193057 754.0
874.6066475595196 742.0
874.8548825023668 782.0
875.1031086473636 771.0
875.3513259940273 783.0
875.5995345418747 786.0
875.8477342904224 756.0
876.0959252391877 771.0
876.3441073876871 758.0
876.5922807354377 766.0
876.8404452819562 753.0
877.0886010267599 772.0
877.3367479693651 773.0
877.5848861092887 773.0
877.8330154460481 794.0
878.0811359791594 785.0
878.3292477081402 773.0
878.5773506325071 781.0
878.8254447517768 781.0
879.0735300654665 779.0
879.3216065730924 780.0
879.5696742741723 777.0
879.8177331682225 784.0
880.0657832547598 771.0
880.3138245333014 771.0
880.5618570033639 770.0
880.8098806644645 761.0
881.0578955161196 776.0
881.3059015578464 783.0
881.5538987891618 776.0
881.8018872095822 758.0
882.0498668186252 777.0
882.297837615807 771.0
882.5457996006451 776.0
882.7937527726558 781.0
883.041697131356 758.0
883.2896326762632 762.0
883.5375594068934 762.0
883.7854773227642 759.0
884.0333864233922 759.0
884.2812867082938 773.0
884.5291781769868 783.0
884.7770608289871 763.0
885.0249346638125 786.0
885.2727996809792 779.0
885.5206558800041 774.0
885.7685032604046 767.0
886.0163418216969 762.0
886.2641715633982 752.0
886.5119924850256 761.0
886.7598045860955 777.0
887.007607866125 774.0
887.2554023246308 776.0
887.5031879611303 750.0
887.7509647751398 767.0
887.9987327661763 771.0
888.2464919337567 782.0
888.4942422773979 753.0
888.7419837966169 760.0
888.9897164909302 756.0
889.2374403598551 778.0
889.4851554029083 756.0
889.7328616196063 774.0
889.9805590094667 772.0
890.2282475720056 780.0
890.4759273067405 778.0
890.7235982131879 778.0
890.9712602908646 780.0
891.218913539288 768.0
891.4665579579743 760.0
891.7141935464408 771.0
891.9618203042044 776.0
892.2094382307815 761.0
892.4570473256895 767.0
892.7046475884449 764.0
892.9522390185649 765.0
893.1998216155661 765.0
893.4473953789653 774.0
893.6949603082797 766.0
893.9425164030258 773.0
894.1900636627211 780.0
894.4376020868815 780.0
894.6851316750246 758.0
894.9326524266672 765.0
895.1801643413257 761.0
895.4276674185177 758.0
895.6751616577593 774.0
895.922647058568 766.0
896.1701236204603 774.0
896.4175913429531 773.0
896.6650502255636 766.0
896.912500267808 786.0
897.159941469204 762.0
897.4073738292678 775.0
897.6547973475165 762.0
897.9022120234671 770.0
898.1496178566362 768.0
898.3970148465409 777.0
898.644402992698 771.0
898.8917822946241 768.0
899.1391527518367 754.0
899.386514363852 756.0
899.6338671301874 765.0
899.8812110503592 766.0
900.1285461238849 781.0
900.375872350281 771.0
900.6231897290643 778.0
900.8704982597519 763.0
901.1177979418604 774.0
901.3650887749071 758.0
901.6123707584086 772.0
901.8596438918815 770.0
902.106908174843 772.0
902.35416360681 761.0
902.6014101872993 753.0
902.8486479158278 773.0
903.095876791912 779.0
903.3430968150694 776.0
903.5903079848164 776.0
903.83751030067 769.0
904.0847037621473 777.0
904.3318883687646 766.0
904.5790641200394 774.0
904.826231015488 766.0
905.0733890546279 780.0
905.3205382369753 769.0
905.5676785620476 765.0
905.8148100293615 760.0
906.0619326384336 766.0
906.3090463887813 770.0
906.5561512799208 764.0
906.8032473113697 749.0
907.0503344826443 773.0
907.2974127932616 761.0
907.5444822427387 766.0
907.7915428305921 760.0
908.038594556339 772.0
908.2856374194963 777.0
908.5326714195803 772.0
908.7796965561088 765.0
909.0267128285976 750.0
909.2737202365645 749.0
909.520718779526 768.0
909.7677084569985 759.0
910.0146892684998 773.0
910.261661213546 773.0
910.5086242916544 780.0
910.7555785023416 775.0
911.0025238451248 763.0
911.2494603195206 761.0
911.4963879250456 756.0
911.7433066612174 779.0
911.9902165275522 772.0
912.2371175235672 761.0
912.4840096487795 768.0
912.7308929027052 758.0
912.9777672848619 758.0
913.2246327947661 753.0
913.4714894319347 764.0
913.7183371958849 768.0
913.965176086133 763.0
914.2120061021965 758.0
914.4588272435916 748.0
914.7056395098358 758.0
914.9524429004457 779.0
915.1992374149379 785.0
915.4460230528298 763.0
915.6927998136375 765.0
915.9395676968788 763.0
916.1863267020701 773.0
916.4330768287281 786.0
916.67981807637 771.0
916.9265504445123 772.0
917.1732739326723 768.0
917.4199885403666 764.0
917.6666942671121 773.0
917.9133911124259 770.0
918.1600790758242 758.0
918.4067581568248 758.0
918.6534283549438 761.0
918.9000896696987 771.0
919.1467421006058 773.0
919.3933856471822 775.0
919.6400203089449 772.0
919.8866460854103 771.0
920.1332629760961 771.0
920.3798709805186 759.0
920.6264700981943 770.0
920.8730603286409 759.0
921.1196416713748 768.0
921.3662141259131 763.0
921.6127776917724 758.0
921.8593323684695 762.0
922.1058781555217 761.0
922.3524150524454 777.0
922.598943058758 761.0
922.8454621739758 760.0
923.0919723976159 773.0
923.3384737291954 762.0
923.5849661682307 773.0
923.8314497142393 757.0
924.0779243667373 763.0
924.3243901252423 773.0
924.5708469892709 759.0
924.8172949583395 775.0
925.0637340319656 773.0
925.3101642096658 772.0
925.5565854909571 744.0
925.8029978753563 753.0
926.04940136238 770.0
926.2957959515456 762.0
926.5421816423694 763.0
926.7885584343687 790.0
927.0349263270604 775.0
927.281285319961 770.0
927.5276354125876 780.0
927.7739766044568 774.0
928.020308895086 750.0
928.2666322839915 758.0
928.5129467706906 765.0
928.7592523547 770.0
929.0055490355364 777.0
929.2518368127171 777.0
929.4981156857584 770.0
929.7443856541778 769.0
929.9906467174917 762.0
930.2368988752169 778.0
930.4831421268707 766.0
930.7293764719695 755.0
930.9756019100306 771.0
931.2218184405708 765.0
931.4680260631065 768.0
931.7142247771553 770.0
931.9604145822334 761.0
932.2065954778582 759.0
932.4527674635461 757.0
932.6989305388141 777.0
932.9450847031794 788.0
933.1912299561584 762.0
933.4373662972685 772.0
933.6834937260257 781.0
933.929612241948 775.0
934.1757218445516 768.0
934.4218225333533 759.0
934.6679143078701 769.0
934.913997167619 763.0
935.1600711121167 762.0
935.4061361408803 774.0
935.6521922534262 759.0
935.8982394492718 765.0
936.1442777279336 756.0
936.3903070889288 772.0
936.636327531774 772.0
936.882339055986 786.0
937.128341661082 774.0
937.3743353465785 776.0
937.6203201119927 763.0
937.8662959568414 761.0
938.1122628806411 765.0
938.3582208829092 772.0
938.6041699631621 762.0
938.8501101209171 764.0
939.0960413556905 771.0
939.341963667 779.0
939.5878770543618 761.0
939.8337815172929 776.0
940.0796770553103 755.0
940.3255636679306 770.0
940.5714413546712 757.0
940.8173101150486 760.0
941.0631699485793 765.0
941.309020854781 766.0
941.5548628331699 777.0
941.8006958832632 779.0
942.0465200045778 772.0
942.2923351966301 786.0
942.5381414589376 760.0
942.7839387910167 774.0
943.0297271923846 775.0
943.275506662558 763.0
943.5212772010536 772.0
943.7670388073888 778.0
944.0127914810797 781.0
944.2585352216438 778.0
944.504270028598 784.0
944.7499959014584 776.0
944.9957128397427 773.0
945.2414208429674 766.0
945.4871199106495 765.0
945.7328100423057 762.0
945.978491237453 762.0
946.2241634956084 768.0
946.4698268162882 770.0
946.71548119901 771.0
946.9611266432901 778.0
947.2067631486459 780.0
947.4523907145939 774.0
947.6980093406509 780.0
947.943619026334 763.0
948.1892197711599 758.0
948.4348115746456 760.0
948.680394436308 776.0
948.9259683556636 786.0
949.17153333223 781.0
949.4170893655231 775.0
949.6626364550607 773.0
949.9081746003591 755.0
950.1537038009352 775.0
950.3992240563063 774.0
950.6447353659886 765.0
950.8902377294995 771.0
951.1357311463555 769.0
951.381215616074 756.0
951.6266911381715 772.0
951.8721577121647 773.0
952.1176153375708 771.0
952.3630640139064 769.0
952.6085037406887 776.0
952.8539345174344 766.0
953.09935634366 779.0
953.3447692188829 761.0
953.5901731426196 751.0
953.8355681143876 753.0
954.080954133703 766.0
954.326331200083 764.0
954.5716993130445 771.0
954.8170584721041 765.0
955.0624086767792 773.0
955.3077499265863 776.0
955.5530822210421 776.0
955.798405559664 759.0
956.0437199419682 762.0
956.2890253674723 778.0
956.5343218356925 771.0
956.7796093461461 772.0
957.02488789835 765.0
957.2701574918206 764.0
957.5154181260752 770.0
957.7606698006304 776.0
958.0059125150034 763.0
958.2511462687107 774.0
958.4963710612694 760.0
958.7415868921963 756.0
958.9867937610082 764.0
959.2319916672224 768.0
959.4771806103552 773.0
959.7223605899235 760.0
959.9675316054446 775.0
960.2126936564348 788.0
960.4578467424116 768.0
960.7029908628915 786.0
960.9481260173911 771.0
961.193252205428 766.0
961.4383694265184 763.0
961.6834776801796 774.0
961.9285769659282 768.0
962.1736672832812 765.0
962.4187486317555 766.0
962.6638210108677 774.0
962.908884420135 773.0
963.153938859074 769.0
963.3989843272019 775.0
963.6440208240352 770.0
963.889048349091 768.0
964.1340669018862 779.0
964.3790764819373 781.0
964.6240770887617 763.0
964.8690687218761 770.0
965.114051380797 780.0
965.3590250650417 774.0
965.6039897741268 778.0
965.8489455075695 784.0
966.0938922648864 776.0
966.3388300455941 771.0
966.5837588492103 766.0
966.8286786752509 767.0
967.0735895232334 763.0
967.3184913926743 761.0
967.5633842830911 770.0
967.808268194 772.0
968.0531431249179 777.0
968.2980090753622 776.0
968.5428660448491 785.0
968.7877140328961 770.0
969.0325530390197 787.0
969.2773830627367 769.0
969.5222041035643 780.0
969.7670161610189 772.0
970.0118192346179 765.0
970.2566133238779 758.0
970.5013984283155 772.0
970.746174547448 760.0
970.990941680792 774.0
971.2356998278649 768.0
971.480448988183 780.0
971.725189161263 773.0
971.9699203466223 764.0
972.2146425437775 759.0
972.4593557522456 771.0
972.7040599715434 764.0
972.9487552011876 771.0
973.1934414406954 781.0
973.4381186895833 772.0
973.6827869473685 772.0
973.9274462135677 766.0
974.1720964876979 758.0
974.4167377692759 764.0
974.6613700578182 770.0
974.9059933528424 761.0
975.1506076538647 777.0
975.3952129604023 774.0
975.6398092719721 772.0
975.8843965880908 783.0
976.1289749082755 785.0
976.3735442320426 769.0
976.6181045589096 758.0
976.862655888393 751.0
977.1071982200094 771.0
977.3517315532764 769.0
977.5962558877101 775.0
977.840771222828 756.0
978.0852775581467 772.0
978.3297748931827 769.0
978.5742632274536 758.0
978.8187425604756 761.0
979.063212891766 761.0
979.3076742208415 768.0
979.5521265472191 757.0
979.7965698704156 783.0
980.0410041899477 771.0
980.2854295053326 765.0
980.5298458160865 755.0
980.7742531217272 771.0
981.0186514217711 769.0
981.2630407157347 768.0
981.5074210031356 769.0
981.7517922834901 778.0
981.9961545563154 770.0
982.2405078211283 764.0
982.4848520774455 768.0
982.729187324784 760.0
982.9735135626606 772.0
983.2178307905924 771.0
983.4621390080961 773.0
983.7064382146882 760.0
983.9507284098863 766.0
984.1950095932067 765.0
984.4392817641666 769.0
984.6835449222825 785.0
984.9277990670716 764.0
985.1720441980509 775.0
985.4162803147366 771.0
985.6605074166464 772.0
985.9047255032964 788.0
986.1489345742042 765.0
986.3931346288863 765.0
986.6373256668593 767.0
986.8815076876406 757.0
987.1256806907464 771.0
987.3698446756944 784.0
987.613999642001 774.0
987.8581455891829 769.0
988.1022825167574 768.0
988.3464104242408 774.0
988.5905293111508 779.0
988.8346391770036 775.0
989.0787400213161 790.0
989.3228318436055 769.0
989.5669146433884 774.0
989.8109884201817 773.0
990.0550531735024 769.0
990.2991089028674 762.0
990.5431556077934 767.0
990.7871932877973 770.0
991.031221942396 774.0
991.2752415711062 773.0
991.5192521734452 769.0
991.7632537489297 761.0
992.0072462970761 777.0
992.251229817402 770.0
992.4952043094236 767.0
992.7391697726582 776.0
992.9831262066227 774.0
993.2270736108336 785.0
993.4710119848082 771.0
993.7149413280629 780.0
993.958861640115 763.0
994.2027729204812 776.0
994.4466751686781 775.0
994.6905683842231 765.0
994.9344525666326 769.0
995.1783277154237 776.0
995.4221938301132 760.0
995.6660509102181 760.0
995.9098989552552 756.0
996.1537379647411 778.0
996.3975679381932 788.0
996.6413888751279 776.0
996.8852007750622 778.0
997.1290036375133 788.0
997.3727974619973 776.0
997.6165822480319 768.0
997.8603579951333 769.0
998.104124702819 758.0
998.3478823706055 773.0
998.5916309980095 773.0
998.8353705845483 781.0
999.0791011297383 768.0
999.3228226330968 778.0
999.5665350941406 769.0
999.8102385123861 764.0
1000.0539328873509 776.0
1000.2976182185512 766.0
1000.5412945055043 762.0
1000.7849617477269 756.0
1001.0286199447357 766.0
1001.2722690960481 790.0
1001.5159092011804 779.0
1001.75954025965 769.0
1002.003162270973 751.0
1002.246775234667 773.0
1002.4903791502487 773.0
1002.7339740172346 748.0
1002.9775598351421 779.0
1003.2211366034876 777.0
1003.4647043217884 772.0
1003.7082629895611 778.0
1003.9518126063224 776.0
1004.1953531715895 764.0
1004.4388846848791 785.0
1004.6824071457083 769.0
1004.9259205535938 780.0
1005.1694249080521 777.0
1005.4129202086007 763.0
1005.6564064547559 776.0
1005.8998836460353 765.0
1006.1433517819551 760.0
1006.3868108620323 773.0
1006.6302608857841 785.0
1006.8737018527269 772.0
1007.1171337623779 766.0
1007.3605566142537 776.0
1007.6039704078715 774.0
1007.8473751427481 775.0
1008.0907708184001 784.0
1008.3341574343445 759.0
1008.5775349900982 765.0
1008.8209034851784 775.0
1009.0642629191013 768.0
1009.3076132913841 773.0
1009.5509546015439 768.0
1009.7942868490973 774.0
1010.0376100335611 773.0
1010.2809241544525 765.0
1010.5242292112879 772.0
1010.7675252035845 775.0
1011.010812130859 778.0
1011.2540899926286 762.0
1011.4973587884098 772.0
1011.7406185177194 773.0
1011.9838691800747 765.0
1012.2271107749921 777.0
1012.470343301989 773.0
1012.7135667605817 752.0
1012.9567811502875 763.0
1013.1999864706231 778.0
1013.4431827211052 767.0
1013.686369901251 778.0
1013.929548010577 775.0
1014.1727170486006 781.0
1014.4158770148383 765.0
1014.6590279088067 753.0
1014.9021697300233 757.0
1015.1453024780044 762.0
1015.3884261522674 767.0
1015.6315407523286 756.0
1015.8746462777051 780.0
1016.1177427279141 776.0
1016.3608301024719 766.0
1016.603908400896 768.0
1016.8469776227028 775.0
1017.0900377674091 771.0
1017.3330888345322 762.0
1017.5761308235883 775.0
1017.8191637340951 776.0
1018.0621875655689 758.0
1018.3052023175269 768.0
1018.5482079894858 773.0
1018.7912045809622 772.0
1019.0341920914735 784.0
1019.2771705205361 774.0
1019.5201398676672 765.0
1019.7631001323837 770.0
1020.006051314202 798.0
1020.2489934126395 770.0
1020.4919264272125 761.0
1020.7348503574386 766.0
1020.9777652028342 767.0
1021.2206709629161 777.0
1021.4635676372014 770.0
1021.7064552252067 780.0
1021.9493337264495 760.0
1022.1922031404459 764.0
1022.4350634667132 766.0
1022.6779147047681 773.0
1022.9207568541273 770.0
1023.1635899143083 780.0
1023.4064138848273 774.0
1023.6492287652015 779.0
1023.8920345549478 772.0
1024.134831253583 770.0
1024.377618860624 773.0
1024.6203973755871 772.0
1024.8631667979898 784.0
1025.1059271273493 750.0
1025.3486783631818 774.0
1025.5914205050044 781.0
1025.8341535523336 772.0
1026.076877504687 778.0
1026.3195923615808 776.0
1026.5622981225324 766.0
1026.8049947870584 766.0
1027.0476823546753 777.0
1027.2903608249007 768.0
1027.5330301972513 761.0
1027.7756904712435 775.0
1028.0183416463947 776.0
1028.260983722221 788.0
1028.5036166982402 770.0
1028.7462405739689 776.0
1028.9888553489234 764.0
1029.2314610226213 770.0
1029.474057594579 787.0
1029.7166450643138 773.0
1029.9592234313418 763.0
1030.2017926951808 769.0
1030.4443528553472 776.0
1030.6869039113576 783.0
1030.9294458627296 782.0
1031.1719787089794 778.0
1031.414502449624 779.0
1031.6570170841808 767.0
1031.8995226121658 769.0
1032.1420190330966 766.0
1032.3845063464896 768.0
1032.6269845518618 762.0
1032.8694536487305 776.0
1033.111913636612 764.0
1033.3543645150232 778.0
1033.596806283481 766.0
1033.8392389415026 768.0
1034.081662488605 779.0
1034.324076924304 753.0
1034.566482248118 767.0
1034.8088784595625 756.0
1035.0512655581551 756.0
1035.2936435434124 783.0
1035.5360124148515 785.0
1035.778372171989 771.0
1036.020722814342 764.0
1036.2630643414275 768.0
1036.5053967527615 767.0
1036.7477200478622 777.0
1036.9900342262456 773.0
1037.2323392874284 769.0
1037.4746352309282 762.0
1037.7169220562612 760.0
1037.9591997629448 765.0
1038.2014683504956 776.0
1038.4437278184303 765.0
1038.685978166266 769.0
1038.9282193935196 774.0
1039.170451499708 783.0
1039.4126744843477 793.0
1039.6548883469559 783.0
1039.8970930870496 773.0
1040.1392887041452 779.0
1040.3814751977598 784.0
1040.6236525674105 774.0
1040.8658208126137 768.0
1041.107979932887 766.0
1041.3501299277466 767.0
1041.5922707967095 768.0
1041.8344025392926 770.0
1042.0765251550129 779.0
1042.3186386433872 774.0
1042.5607430039322 772.0
1042.802838236165 774.0
1043.0449243396022 755.0
1043.2870013137613 765.0
1043.5290691581586 782.0
1043.7711278723107 777.0
1044.013177455735 777.0
1044.2552179079482 771.0
1044.4972492284676 767.0
1044.7392714168093 773.0
1044.9812844724902 768.0
1045.223288395028 771.0
1045.4652831839387 768.0
1045.70726883874 772.0
1045.949245358948 768.0
1046.1912127440798 775.0
1046.4331709936528 768.0
1046.675120107183 769.0
1046.9170600841878 772.0
1047.1589909241836 778.0
1047.400912626688 754.0
1047.6428251912175 780.0
1047.8847286172886 774.0
1048.1266229044188 772.0
1048.3685080521243 770.0
1048.6103840599228 768.0
1048.8522509273307 769.0
1049.0941086538646 772.0
1049.3359572390418 771.0
1049.577796682379 760.0
1049.819626983393 777.0
1050.061448141601 778.0
1050.3032601565194 773.0
1050.5450630276655 758.0
1050.7868567545556 755.0
1051.0286413367073 753.0
1051.270416773637 755.0
1051.5121830648616 754.0
1051.7539402098982 757.0
1051.9956882082631 778.0
1052.237427059474 775.0
1052.479156763047 777.0
1052.7208773184996 769.0
1052.9625887253483 775.0
1053.2042909831098 754.0
1053.4459840913016 757.0
1053.6876680494397 769.0
1053.929342857042 769.0
1054.1710085136244 768.0
1054.4126650187043 761.0
1054.6543123717986 757.0
1054.8959505724238 768.0
1055.1375796200969 781.0
1055.3791995143351 777.0
1055.620810254655 768.0
1055.8624118405735 781.0
1056.1040042716074 760.0
1056.3455875472737 774.0
1056.5871616670893 782.0
1056.8287266305706 791.0
1057.070282437235 765.0
1057.3118290865991 778.0
1057.5533665781802 759.0
1057.7948949114943 777.0
1058.0364140860593 765.0
1058.2779241013916 767.0
1058.5194249570077 769.0
1058.760916652425 765.0
1059.0023991871599 752.0
1059.24387256073 774.0
1059.4853367726514 770.0
1059.7267918224413 773.0
1059.968237709617 761.0
1060.2096744336943 775.0
1060.451101994191 768.0
1060.6925203906237 776.0
1060.933929622509 769.0
1061.1753296893642 784.0
1061.4167205907056 770.0
1061.6581023260508 767.0
1061.8994748949162 778.0
1062.1408382968189 772.0
1062.3821925312755 771.0
1062.6235375978026 764.0
1062.8648734959181 770.0
1063.1062002251376 757.0
1063.3475177849793 745.0
1063.588826174959 755.0
1063.830125394594 773.0
1064.0714154434013 760.0
1064.312696320897 766.0
1064.553968026599 762.0
1064.7952305600238 773.0
1065.036483920688 770.0
1065.2777281081087 769.0
1065.5189631218025 767.0
1065.7601889612868 760.0
1066.001405626078 763.0
1066.2426131156928 776.0
1066.4838114296492 778.0
1066.7250005674625 752.0
1066.9661805286507 774.0
1067.2073513127305 770.0
1067.4485129192178 775.0
1067.689665347631 785.0
1067.9308085974856 762.0
1068.1719426682996 770.0
1068.413067559589 772.0
1068.654183270871 774.0
1068.8952898016628 766.0
1069.1363871514804 772.0
1069.3774753198418 769.0
1069.618554306263 775.0
1069.8596241102612 786.0
1070.100684731353 773.0
1070.3417361690556 769.0
1070.582778422886 757.0
1070.8238114923604 765.0
1071.0648353769964 774.0
1071.3058500763104 769.0
1071.5468555898192 768.0
1071.7878519170404 745.0
1072.02883905749 776.0
1072.2698170106853 775.0
1072.5107857761434 768.0
1072.75174535338 766.0
1072.9926957419138 771.0
1073.23363694126 765.0
1073.4745689509368 754.0
1073.7154917704597 763.0
1073.9564053993467 756.0
1074.1973098371145 754.0
1074.4382050832794 767.0
1074.6790911373587 774.0
1074.9199679988692 766.0
1075.1608356673278 777.0
1075.4016941422512 768.0
1075.6425434231562 766.0
1075.8833835095604 785.0
1076.1242144009796 778.0
1076.3650360969316 774.0
1076.6058485969324 785.0
1076.8466519004996 760.0
1077.0874460071498 772.0
1077.3282309163997 760.0
1077.5690066277664 766.0
1077.8097731407665 790.0
1078.0505304549172 778.0
1078.2912785697354 772.0
1078.5320174847377 761.0
1078.772747199441 750.0
1079.0134677133622 770.0
1079.2541790260184 760.0
1079.4948811369263 771.0
1079.7355740456023 775.0
1079.9762577515642 768.0
1080.2169322543277 758.0
1080.4575975534112 780.0
1080.6982536483301 777.0
1080.9389005386022 765.0
1081.179538223744 762.0
1081.4201667032721 763.0
1081.6607859767041 765.0
1081.9013960435564 757.0
1082.1419969033457 775.0
1082.382588555589 770.0
1082.6231709998035 783.0
1082.863744235506 778.0
1083.104308262213 762.0
1083.3448630794412 763.0
1083.5854086867082 774.0
1083.8259450835303 774.0
1084.0664722694248 772.0
1084.306990243908 771.0
1084.5474990064974 762.0
1084.7879985567097 758.0
1085.0284888940612 774.0
1085.2689700180695 765.0
1085.509441928251 775.0
1085.749904624123 774.0
1085.990358105202 769.0
1086.2308023710048 754.0
1086.4712374210485 776.0
1086.71166325485 762.0
1086.9520798719261 777.0
1087.1924872717937 768.0
1087.4328854539694 778.0
1087.6732744179706 761.0
1087.9136541633134 764.0
1088.1540246895156 757.0
1088.3943859960934 774.0
1088.6347380825637 754.0
1088.8750809484436 784.0
1089.1154145932499 768.0
1089.3557390164995 765.0
1089.5960542177095 774.0
1089.836360196396 762.0
1090.0766569520767 762.0
1090.3169444842679 758.0
1090.557222792487 761.0
1090.7974918762502 773.0
1091.037751735075 781.0
1091.2780023684782 756.0
1091.518243775976 784.0
1091.7584759570861 775.0
1091.9986989113247 774.0
1092.2389126382093 758.0
1092.4791171372563 768.0
1092.7193124079827 770.0
1092.9594984499054 757.0
1093.1996752625412 775.0
1093.4398428454072 765.0
1093.68000119802 769.0
1093.9201503198965 791.0
1094.1602902105537 795.0
1094.4004208695083 779.0
1094.6405422962773 757.0
1094.8806544903778 750.0
1095.120757451326 766.0
1095.3608511786392 776.0
1095.6009356718341 770.0
1095.8410109304282 775.0
1096.0810769539376 765.0
1096.3211337418795 768.0
1096.5611812937707 780.0
1096.8012196091279 773.0
1097.0412486874682 767.0
1097.2812685283084 772.0
1097.5212791311658 772.0
1097.7612804955563 780.0
1098.0012726209975 769.0
1098.2412555070064 756.0
1098.4812291530989 760.0
1098.721193558793 767.0
1098.961148723605 776.0
1099.2010946470518 769.0
1099.4410313286503 761.0
1099.6809587679172 780.0
1099.92087696437 769.0
1100.1607859175251 778.0
1100.400685626899 757.0
1100.640576092009 768.0
1100.880457312372 756.0
1101.1203292875052 761.0
1101.3601920169247 766.0
1101.6000455001479 766.0
1101.8398897366915 776.0
1102.079724726072 778.0
1102.3195504678072 791.0
1102.559366961413 786.0
1102.7991742064069 765.0
1103.0389722023056 784.0
1103.2787609486254 768.0
1103.5185404448844 758.0
1103.7583106905984 764.0
1103.9980716852845 769.0
1104.23782342846 747.0
1104.4775659196412 772.0
1104.7172991583454 769.0
1104.9570231440887 776.0
1105.1967378763893 782.0
1105.436443354763 762.0
1105.6761395787273 770.0
1105.9158265477986 782.0
1106.1555042614937 777.0
1106.3951727193298 780.0
1106.6348319208234 758.0
1106.8744818654923 756.0
1107.1141225528525 766.0
1107.3537539824208 769.0
1107.5933761537144 769.0
1107.8329890662503 756.0
1108.072592719545 765.0
1108.3121871131157 764.0
1108.551772246479 758.0
1108.7913481191517 762.0
1109.030914730651 751.0
1109.2704720804938 758.0
1109.5100201681967 774.0
1109.7495589932764 770.0
1109.9890885552504 776.0
1110.2286088536348 773.0
1110.4681198879473 777.0
1110.707621657704 762.0
1110.9471141624224 751.0
1111.1865974016187 752.0
1111.4260713748101 773.0
1111.665536081514 769.0
1111.9049915212463 764.0
1112.1444376935244 754.0
1112.3838745978653 765.0
1112.6233022337854 763.0
1112.8627206008023 759.0
1113.102129698432 768.0
1113.3415295261918 758.0
1113.5809200835986 768.0
1113.820301370169 767.0
1114.0596733854206 768.0
1114.2990361288694 776.0
1114.5383896000326 771.0
1114.7777337984273 774.0
1115.0170687235698 770.0
1115.2563943749778 779.0
1115.4957107521673 769.0
1115.7350178546556 770.0
1115.9743156819598 766.0
1116.213604233596 758.0
1116.452883509082 756.0
1116.692153507934 777.0
1116.9314142296694 780.0
1117.1706656738045 770.0
1117.4099078398563 777.0
1117.6491407273422 775.0
1117.8883643357783 771.0
1118.1275786646822 768.0
1118.36678371357 762.0
1118.6059794819594 775.0
1118.8451659693665 779.0
1119.0843431753085 781.0
1119.3235110993026 761.0
1119.5626697408647 772.0
1119.8018190995128 753.0
1120.0409591747637 768.0
1120.2800899661331 775.0
1120.519211473139 769.0
1120.7583236952978 762.0
1120.9974266321262 754.0
1121.236520283142 771.0
1121.4756046478608 761.0
1121.7146797258001 771.0
1121.9537455164768 753.0
1122.192802019408 770.0
1122.4318492341101 767.0
1122.6708871601 768.0
1122.909915796895 761.0
1123.1489351440111 776.0
1123.3879452009662 784.0
1123.6269459672762 777.0
1123.865937442459 766.0
1124.1049196260308 765.0
1124.3438925175087 758.0
