shot=49_gas=Ne_height=110_RF=199.7W_massflow=8000_coils=80.1A_HR4000 spectrum
Wavelength [nm] // Intensity [u.a.] 
194.93414 789.0
195.2037815346219 776.0
195.47341553816543 771.0
195.74304201014752 761.0
196.012660950085 763.0
196.28227235749478 770.0
196.55187623189366 765.0
196.82147257279857 761.0
197.09106137972637 778.0
197.36064265219392 784.0
197.63021638971804 772.0
197.89978259181567 773.0
198.16934125800364 784.0
198.43889238779886 794.0
198.7084359807181 778.0
198.97797203627835 788.0
199.2475005539964 781.0
199.51702153338914 775.0
199.78653497397343 767.0
200.05604087526618 777.0
200.3255392367842 776.0
200.59503005804436 785.0
200.8645133385636 773.0
201.1339890778587 786.0
201.4034572754466 774.0
201.67291793084408 780.0
201.94237104356813 788.0
202.21181661313554 790.0
202.48125463906314 778.0
202.7506851208679 787.0
203.02010805806663 761.0
203.28952345017618 788.0
203.55893129671344 778.0
203.8283315971953 786.0
204.0977243511386 782.0
204.3671095580602 773.0
204.636487217477 790.0
204.90585732890585 788.0
205.17521989186366 774.0
205.44457490586717 779.0
205.7139223704334 781.0
205.98326228507918 784.0
206.2525946493213 789.0
206.5219194626767 774.0
206.79123672466224 764.0
207.06054643479476 773.0
207.32984859259116 769.0
207.59914319756828 777.0
207.86843024924303 786.0
208.13770974713225 775.0
208.40698169075276 780.0
208.6762460796215 779.0
208.94550291325532 786.0
209.2147521911711 762.0
209.48399391288567 791.0
209.75322807791594 777.0
210.02245468577874 774.0
210.29167373599094 775.0
210.56088522806942 782.0
210.83008916153108 769.0
211.09928553589276 762.0
211.3684743506713 778.0
211.63765560538363 802.0
211.9068292995466 795.0
212.175995432677 774.0
212.44515400429182 790.0
212.71430501390782 783.0
212.98344846104192 791.0
213.25258434521103 783.0
213.52171266593191 777.0
213.79083342272153 790.0
214.05994661509675 777.0
214.3290522425744 787.0
214.5981503046713 779.0
214.8672408009044 787.0
215.13632373079054 781.0
215.4053990938466 776.0
215.6744668895894 802.0
215.94352711753592 781.0
216.21257977720293 786.0
216.48162486810728 766.0
216.7506623897659 778.0
217.01969234169565 791.0
217.2887147234134 785.0
217.55772953443596 785.0
217.82673677428028 787.0
218.0957364424632 794.0
218.36472853850154 780.0
218.6337130619122 786.0
218.9026900122121 794.0
219.17165938891804 775.0
219.4406211915469 784.0
219.70957541961562 797.0
219.97852207264097 784.0
220.24746115013983 778.0
220.5163926516291 773.0
220.78531657662566 786.0
221.05423292464639 798.0
221.32314169520808 769.0
221.59204288782766 772.0
221.860936502022 794.0
222.12982253730797 776.0
222.39870099320237 780.0
222.66757186922214 770.0
222.93643516488416 784.0
223.20529087970525 772.0
223.47413901320226 798.0
223.74297956489212 787.0
224.01181253429166 775.0
224.28063792091777 786.0
224.5494557242873 781.0
224.8182659439171 773.0
225.08706857932413 785.0
225.35586363002508 787.0
225.62465109553705 801.0
225.89343097537673 773.0
226.16220326906105 772.0
226.43096797610687 781.0
226.69972509603105 795.0
226.9684746283505 763.0
227.237216572582 792.0
227.50595092824256 775.0
227.7746776948489 797.0
228.04339687191796 777.0
228.31210845896663 784.0
228.5808124555117 790.0
228.84950886107015 773.0
229.11819767515877 768.0
229.38687889729442 790.0
229.65555252699397 784.0
229.92421856377433 792.0
230.1928770071524 780.0
230.46152785664492 790.0
230.73017111176884 779.0
230.99880677204106 786.0
231.26743483697837 778.0
231.53605530609772 780.0
231.8046681789159 768.0
232.07327345494983 773.0
232.34187113371638 764.0
232.61046121473237 788.0
232.87904369751473 771.0
233.14761858158028 780.0
233.41618586644586 798.0
233.68474555162845 773.0
233.95329763664483 778.0
234.2218421210119 776.0
234.49037900424648 790.0
234.7589082858655 776.0
235.02742996538583 798.0
235.29594404232427 782.0
235.56445051619772 799.0
235.8329493865231 788.0
236.10144065281722 791.0
236.36992431459691 796.0
236.63840037137916 776.0
236.9068688226808 776.0
237.1753296680186 786.0
237.44378290690955 794.0
237.7122285388704 783.0
237.9806665634181 789.0
238.24909698006957 770.0
238.51751978834153 786.0
238.78593498775095 778.0
239.0543425778147 788.0
239.32274255804958 779.0
239.59113492797255 768.0
239.8595196871004 786.0
240.12789683495004 797.0
240.3962663710383 782.0
240.66462829488208 774.0
240.93298260599826 794.0
241.2013293039037 787.0
241.46966838811522 787.0
241.73799985814978 784.0
242.00632371352418 762.0
242.27463995375527 792.0
242.54294857835998 795.0
242.81124958685515 773.0
243.07954297875764 781.0
243.34782875358434 794.0
243.61610691085207 790.0
243.88437745007772 791.0
244.15264037077822 777.0
244.42089567247035 781.0
244.68914335467105 771.0
244.95738341689716 786.0
245.2256158586655 787.0
245.493840679493 786.0
245.76205787889654 780.0
246.03026745639292 783.0
246.29846941149904 782.0
246.5666637437318 805.0
246.834850452608 795.0
247.1030295376446 781.0
247.37120099835838 778.0
247.63936483426627 778.0
247.9075210448851 786.0
248.17566962973177 785.0
248.4438105883231 775.0
248.71194392017603 778.0
248.98006962480733 799.0
249.248187701734 799.0
249.51629815047275 784.0
249.78440097054056 775.0
250.05249616145431 770.0
250.32058372273076 777.0
250.5886636538869 785.0
250.85673595443953 785.0
251.12480062390551 774.0
251.39285766180177 783.0
251.6609070676451 780.0
251.92894884095242 786.0
252.19698298124058 787.0
252.46500948802645 773.0
252.73302836082692 769.0
253.00103959915882 794.0
253.26904320253902 783.0
253.53703917048443 779.0
253.80502750251188 773.0
254.07300819813827 786.0
254.34098125688044 773.0
254.60894667825525 780.0
254.87690446177962 793.0
255.14485460697037 781.0
255.41279711334434 788.0
255.6807319804185 766.0
255.94865920770962 775.0
256.2165787947346 790.0
256.48449074101035 785.0
256.75239504605366 778.0
257.02029170938147 786.0
257.28818073051065 776.0
257.556062108958 785.0
257.8239358442404 784.0
258.0918019358748 770.0
258.35966038337796 792.0
258.6275111862668 791.0
258.8953543440582 798.0
259.163189856269 793.0
259.4310177224162 797.0
259.6988379420164 777.0
259.9666505145867 788.0
260.23445543964385 785.0
260.50225271670473 777.0
260.77004234528624 782.0
261.03782432490533 788.0
261.3055986550787 766.0
261.5733653353234 779.0
261.8411243651561 788.0
262.1088757440937 787.0
262.37661947165327 773.0
262.6443555473515 784.0
262.9120839707053 780.0
263.1798047412315 766.0
263.44751785844704 790.0
263.7152233218687 768.0
263.98292113101354 787.0
264.2506112853982 785.0
264.51829378453965 782.0
264.7859686279547 784.0
265.05363581516025 772.0
265.32129534567326 798.0
265.5889472190105 772.0
265.8565914346889 778.0
266.1242279922252 782.0
266.39185689113634 775.0
266.65947813093925 788.0
266.9270917111508 786.0
267.19469763128774 781.0
267.46229589086704 778.0
267.72988648940554 768.0
267.9974694264201 779.0
268.2650447014276 777.0
268.53261231394487 774.0
268.80017226348883 774.0
269.0677245495763 788.0
269.3352691717242 789.0
269.60280612944933 771.0
269.8703354222686 791.0
270.13785704969894 789.0
270.40537101125716 778.0
270.67287730646007 795.0
270.9403759348246 797.0
271.2078668958677 788.0
271.47535018910605 788.0
271.7428258140567 781.0
272.01029377023633 774.0
272.2777540571619 773.0
272.5452066743504 786.0
272.81265162131854 786.0
273.08008889758327 780.0
273.34751850266144 789.0
273.6149404360698 786.0
273.8823546973254 786.0
274.1497612859451 782.0
274.4171602014456 774.0
274.6845514433439 775.0
274.95193501115676 776.0
275.2193109044012 773.0
275.486679122594 768.0
275.7540396652521 766.0
276.02139253189216 789.0
276.2887377220313 779.0
276.55607523518626 791.0
276.82340507087395 786.0
277.09072722861123 778.0
277.3580417079149 766.0
277.62534850830195 769.0
277.8926476292892 769.0
278.1599390703934 793.0
278.4272228311316 783.0
278.69449891102056 775.0
278.96176730957717 782.0
279.22902802631836 773.0
279.4962810607609 782.0
279.76352641242164 791.0
280.0307640808177 795.0
280.29799406546556 784.0
280.5652163658824 770.0
280.8324309815849 777.0
281.09963791209003 787.0
281.3668371569146 776.0
281.6340287155756 779.0
281.9012125875897 773.0
282.168388772474 772.0
282.4355572697452 774.0
282.7027180789201 762.0
282.9698711995158 771.0
283.23701663104896 781.0
283.50415437303667 772.0
283.77128442499554 783.0
284.0384067864426 785.0
284.3055214568946 784.0
284.57262843586864 772.0
284.8397277228814 782.0
285.1068193174497 780.0
285.37390321909055 773.0
285.6409794273207 799.0
285.9080479416572 776.0
286.1751087616167 782.0
286.4421618867162 778.0
286.7092073164725 779.0
286.9762450504025 769.0
287.24327508802315 783.0
287.5102974288511 790.0
287.77731207240345 799.0
288.04431901819703 796.0
288.3113182657485 783.0
288.578309814575 763.0
288.84529366419326 761.0
289.1122698141201 765.0
289.37923826387254 772.0
289.6461990129674 778.0
289.91315206092133 774.0
290.18009740725154 765.0
290.44703505147464 761.0
290.7139649931077 778.0
290.98088723166734 775.0
291.24780176667065 787.0
291.5147085976344 780.0
291.78160772407557 785.0
292.04849914551085 782.0
292.3153828614572 784.0
292.58225887143146 771.0
292.8491271749505 786.0
293.1159877715313 772.0
293.3828406606906 775.0
293.6496858419453 782.0
293.9165233148123 772.0
294.1833530788084 772.0
294.4501751334505 768.0
294.71698947825547 788.0
294.9837961127402 765.0
295.2505950364216 782.0
295.5173862488164 778.0
295.78416974944156 793.0
296.050945537814 782.0
296.31771361345045 773.0
296.584473975868 775.0
296.8512266245832 780.0
297.11797155911313 784.0
297.38470877897464 776.0
297.6514382836846 780.0
297.9181600727598 773.0
298.18487414571723 782.0
298.4515805020736 783.0
298.71827914134593 766.0
298.9849700630511 776.0
299.2516532667058 763.0
299.518328751827 762.0
299.78499651793163 764.0
300.0516565645365 759.0
300.3183088911584 779.0
300.58495349731436 766.0
300.8515903825211 779.0
301.1182195462956 789.0
301.3848409881546 772.0
301.65145470761513 780.0
301.91806070419403 771.0
302.184658977408 787.0
302.4512495267741 772.0
302.7178323518091 769.0
302.9844074520298 780.0
303.2509748269532 787.0
303.5175344760962 785.0
303.78408639897555 786.0
304.0506305951082 785.0
304.31716706401096 781.0
304.58369580520065 781.0
304.8502168181943 790.0
305.1167301025086 778.0
305.3832356576606 794.0
305.649733483167 760.0
305.9162235785447 786.0
306.1827059433106 781.0
306.4491805769817 778.0
306.7156474790747 791.0
306.98210664910647 778.0
307.2485580865939 783.0
307.5150017910539 769.0
307.7814377620034 786.0
308.0478659989591 773.0
308.31428650143795 769.0
308.58069926895683 767.0
308.8471043010326 777.0
309.1135015971821 784.0
309.37989115692227 778.0
309.6462729797699 778.0
309.91264706524197 784.0
310.1790134128551 792.0
310.4453720221265 774.0
310.71172289257277 762.0
310.97806602371094 772.0
311.2444014150577 769.0
311.5107290661301 778.0
311.777048976445 761.0
312.04336114551904 771.0
312.30966557286945 780.0
312.5759622580128 794.0
312.8422512004661 774.0
313.1085323997461 771.0
313.3748058553698 769.0
313.641071566854 781.0
313.90732953371554 773.0
314.17357975547145 766.0
314.4398222316384 793.0
314.70605696173334 791.0
314.9722839452731 786.0
315.23850318177466 774.0
315.50471467075477 765.0
315.7709184117303 759.0
316.0371144042182 769.0
316.3033026477353 780.0
316.56948314179846 774.0
316.8356558859246 788.0
317.1018208796305 772.0
317.36797812243304 781.0
317.6341276138491 769.0
317.90026935339563 764.0
318.1664033405894 783.0
318.4325295749473 797.0
318.6986480559862 790.0
318.96475878322303 784.0
319.2308617561746 760.0
319.4969569743577 781.0
319.76304443728935 787.0
320.0291241444864 782.0
320.2951960954656 772.0
320.5612602897438 790.0
320.82731672683815 781.0
321.0933654062652 767.0
321.359406327542 776.0
321.6254394901853 768.0
321.891464893712 781.0
322.157482537639 768.0
322.4234924214832 785.0
322.68949454476143 777.0
322.95548890699064 778.0
323.2214755076875 783.0
323.487454346369 778.0
323.753425422552 787.0
324.01938873575347 792.0
324.2853442854901 787.0
324.55129207127885 784.0
324.8172320926366 778.0
325.08316434908016 778.0
325.34908884012646 781.0
325.61500556529234 777.0
325.8809145240947 762.0
326.14681571605024 795.0
326.4127091406761 770.0
326.6785947974889 774.0
326.9444726860058 771.0
327.2103428057433 787.0
327.47620515621855 770.0
327.74205973694836 780.0
328.00790654744947 788.0
328.2737455872389 791.0
328.5395768558335 782.0
328.80540035275004 784.0
329.0712160775054 782.0
329.33702402961654 765.0
329.6028242086002 782.0
329.86861661397353 778.0
330.13440124525306 769.0
330.4001781019559 762.0
330.66594718359863 781.0
330.9317084896984 776.0
331.19746201977205 770.0
331.46320777333636 791.0
331.7289457499082 794.0
331.9946759490044 794.0
332.2603983701419 783.0
332.5261130128375 788.0
332.79181987660826 764.0
333.05751896097087 783.0
333.3232102654422 785.0
333.58889378953916 771.0
333.85456953277856 767.0
334.1202374946774 778.0
334.38589767475247 777.0
334.6515500725206 786.0
334.9171946874987 788.0
335.18283151920355 775.0
335.4484605671522 768.0
335.7140818308614 786.0
335.97969530984807 782.0
336.245301003629 775.0
336.51089891172114 768.0
336.77648903364127 778.0
337.04207136890636 790.0
337.30764591703326 779.0
337.5732126775387 784.0
337.83877164993976 780.0
338.10432283375314 763.0
338.36986622849577 773.0
338.63540183368457 770.0
338.9009296488363 789.0
339.16644967346787 775.0
339.4319619070962 781.0
339.6974663492381 758.0
339.9629629994105 773.0
340.22845185713027 784.0
340.4939329219141 780.0
340.75940619327906 781.0
341.02487167074196 773.0
341.2903293538197 764.0
341.555779242029 773.0
341.821221334887 797.0
342.0866556319103 780.0
342.3520821326158 777.0
342.6175008365205 790.0
342.8829117431413 796.0
343.1483148519949 782.0
343.41371016259825 792.0
343.6790976744682 789.0
343.9444773871216 777.0
344.20984930007546 793.0
344.4752134128465 786.0
344.74056972495157 794.0
345.0059182359076 767.0
345.27125894523147 776.0
345.53659185244 771.0
345.80191695705014 790.0
346.0672342585787 796.0
346.3325437565426 797.0
346.5978454504585 788.0
346.8631393398436 777.0
347.1284254242145 783.0
347.3937037030882 774.0
347.6589741759816 789.0
347.92423684241146 786.0
348.1894917018946 774.0
348.4547387539481 773.0
348.71997799808867 788.0
348.9852094338332 799.0
349.2504330606986 783.0
349.51564887820166 758.0
349.7808568858593 770.0
350.0460570831885 779.0
350.31124946970584 768.0
350.57643404492853 777.0
350.84161080837316 787.0
351.1067797595568 772.0
351.3719408979961 797.0
351.63709422320824 793.0
351.90223973470984 782.0
352.16737743201776 775.0
352.43250731464894 763.0
352.69762938212034 793.0
352.9627436339487 794.0
353.2278500696509 780.0
353.49294868874387 781.0
353.7580394907444 787.0
354.02312247516943 766.0
354.28819764153576 780.0
354.55326498936034 773.0
354.81832451816 803.0
355.08337622745165 796.0
355.348420116752 778.0
355.613456185578 777.0
355.8784844334467 771.0
356.1435048598747 760.0
356.4085174643791 768.0
356.6735222464765 799.0
356.938519205684 775.0
357.2035083415184 784.0
357.46848965349653 779.0
357.73346314113536 782.0
357.9984288039516 780.0
358.2633866414622 770.0
358.528336653184 770.0
358.793278838634 786.0
359.05821319732894 778.0
359.3231397287857 768.0
359.5880584325211 764.0
359.8529693080521 785.0
360.1178723548955 793.0
360.3827675725683 786.0
360.64765496058726 774.0
360.9125345184692 786.0
361.1774062457311 779.0
361.44227014188965 777.0
361.707126206462 772.0
361.9719744389649 789.0
362.2368148389151 788.0
362.5016474058295 781.0
362.766472139225 797.0
363.0312890386186 777.0
363.296098103527 782.0
363.5608993334672 780.0
363.82569272795587 782.0
364.09047828651006 783.0
364.35525600864656 772.0
364.6200258938823 790.0
364.8847879417341 776.0
365.1495421517188 783.0
365.41428852335326 773.0
365.67902705615444 786.0
365.9437577496392 773.0
366.2084806033243 785.0
366.4731956167267 784.0
366.7379027893632 792.0
367.0026021207507 808.0
367.2672936104061 795.0
367.5319772578463 785.0
367.79665306258806 776.0
368.06132102414836 773.0
368.32598114204393 777.0
368.59063341579173 763.0
368.85527784490864 762.0
369.1199144289115 760.0
369.3845431673172 792.0
369.6491640596426 785.0
369.91377710540445 796.0
370.1783823041198 771.0
370.44297965530546 778.0
370.70756915847835 795.0
370.97215081315517 781.0
371.2367246188529 793.0
371.5012905750884 786.0
371.7658486813786 766.0
372.0303989372402 773.0
372.29494134219027 794.0
372.5594758957455 787.0
372.82400259742286 794.0
373.08852144673915 773.0
373.3530324432114 783.0
373.6175355863563 781.0
373.8820308756908 781.0
374.1465183107317 779.0
374.410997890996 778.0
374.6754696160004 780.0
374.93993348526186 776.0
375.2043894982973 775.0
375.4688376546235 786.0
375.7332779537573 774.0
375.9977103952157 789.0
376.26213497851546 785.0
376.52655170317354 779.0
376.7909605687067 775.0
377.05536157463183 786.0
377.3197547204658 786.0
377.5841400057256 788.0
377.84851742992794 781.0
378.11288699258984 784.0
378.37724869322795 778.0
378.64160253135935 778.0
378.90594850650075 787.0
379.1702866181692 773.0
379.4346168658814 776.0
379.69893924915425 773.0
379.9632537675047 778.0
380.2275604204495 780.0
380.49185920750574 775.0
380.75615012819 788.0
381.0204331820193 773.0
381.2847083685105 782.0
381.5489756871804 798.0
381.8132351375459 785.0
382.07748671912407 784.0
382.34173043143153 782.0
382.6059662739852 782.0
382.8701942463019 780.0
383.1344143478986 785.0
383.3986265782921 782.0
383.6628309369994 787.0
383.92702742353725 766.0
384.1912160374225 785.0
384.45539677817203 784.0
384.7195696453027 794.0
384.98373463833155 783.0
385.2478917567753 779.0
385.5120410001507 783.0
385.7761823679748 787.0
386.0403158597644 772.0
386.30444147503647 788.0
386.5685592133077 780.0
386.8326690740951 784.0
387.09677105691543 789.0
387.36086516128563 790.0
387.6249513867226 779.0
387.88902973274315 776.0
388.15310019886414 774.0
388.41716278460245 778.0
388.68121748947493 779.0
388.9452643129986 786.0
389.2093032546901 787.0
389.47333431406645 783.0
389.73735749064434 777.0
390.0013727839409 771.0
390.2653801934728 774.0
390.52937971875696 793.0
390.7933713593103 792.0
391.05735511464974 791.0
391.3213309842919 782.0
391.5852989677539 776.0
391.8492590645524 788.0
392.1132112742045 772.0
392.37715559622694 780.0
392.6410920301366 789.0
392.9050205754503 781.0
393.1689412316849 775.0
393.43285399835736 790.0
393.69675887498465 783.0
393.96065586108335 800.0
394.2245449561705 785.0
394.4884261597629 788.0
394.75229947137757 768.0
395.01616489053123 782.0
395.28002241674085 784.0
395.5438720495231 776.0
395.80771378839506 785.0
396.0715476328735 769.0
396.33537358247537 765.0
396.5991916367174 786.0
396.86300179511665 779.0
397.12680405718976 783.0
397.39059842245376 789.0
397.65438489042543 784.0
397.91816346062177 782.0
398.18193413255955 782.0
398.4456969057556 782.0
398.7094517797268 784.0
398.97319875399006 785.0
399.2369378280623 796.0
399.50066900146027 772.0
399.764392273701 780.0
400.02810764430114 790.0
400.2918151127777 771.0
400.55551467864757 780.0
400.81920634142756 782.0
401.08289010063453 773.0
401.34656595578537 777.0
401.6102339063969 769.0
401.8738939519861 775.0
402.1375460920697 774.0
402.4011903261647 785.0
402.6648266537879 771.0
402.92845507445617 772.0
403.1920755876863 782.0
403.4556881929953 790.0
403.71929288990003 773.0
403.98288967791734 787.0
404.246478556564 773.0
404.5100595253569 788.0
404.77363258381297 783.0
405.03719773144906 777.0
405.3007549677821 784.0
405.56430429232887 793.0
405.82784570460626 782.0
406.0913792041311 791.0
406.35490479042033 783.0
406.61842246299085 781.0
406.88193222135936 789.0
407.14543406504293 782.0
407.4089279935582 791.0
407.6724140064223 779.0
407.9358921031519 766.0
408.19936228326395 769.0
408.4628245462754 773.0
408.7262788917029 794.0
408.9897253190635 787.0
409.25316382787395 794.0
409.5165944176513 796.0
409.7800170879122 773.0
410.04343183817366 791.0
410.30683866795243 786.0
410.57023757676546 788.0
410.83362856412975 785.0
411.09701162956185 775.0
411.3603867725789 792.0
411.62375399269763 797.0
411.887113289435 794.0
412.1504646623078 790.0
412.4138081108329 760.0
412.6771436345273 779.0
412.94047123290767 774.0
413.20379090549096 792.0
413.46710265179405 777.0
413.7304064713339 780.0
413.9937023636272 772.0
414.25699032819097 772.0
414.52027036454194 779.0
414.78354247219704 781.0
415.0468066506732 781.0
415.31006289948726 782.0
415.5733112181561 776.0
415.83655160619645 768.0
416.0997840631253 783.0
416.3630085884595 773.0
416.62622518171594 788.0
416.8894338424115 787.0
417.152634570063 791.0
417.4158273641873 785.0
417.67901222430123 780.0
417.9421891499217 788.0
418.2053581405658 780.0
418.46851919575005 772.0
418.7316723149915 776.0
418.99481749780693 781.0
419.2579547437133 788.0
419.5210840522274 765.0
419.78420542286625 774.0
420.04731885514644 785.0
420.31042434858506 766.0
420.573521902699 764.0
420.83661151700494 789.0
421.0996931910199 763.0
421.3627669242608 791.0
421.6258327162443 779.0
421.88889056648736 792.0
422.1519404745069 774.0
422.41498243981977 777.0
422.6780164619429 778.0
422.9410425403929 775.0
423.2040606746869 776.0
423.46707086434174 785.0
423.7300731088742 785.0
423.9930674078012 757.0
424.25605376063965 771.0
424.5190321669063 777.0
424.782002626118 773.0
425.0449651377918 792.0
425.30791970144446 795.0
425.57086631659286 778.0
425.83380498275386 770.0
426.0967356994443 786.0
426.3596584661811 790.0
426.6225732824811 790.0
426.88548014786113 792.0
427.14837906183817 785.0
427.411270023929 781.0
427.6741530336505 781.0
427.9370280905195 784.0
428.199895194053 780.0
428.46275434376776 779.0
428.72560553918066 782.0
428.98844877980855 780.0
429.2512840651683 780.0
429.51411139477693 773.0
429.77693076815115 787.0
430.03974218480784 778.0
430.3025456442639 781.0
430.5653411460361 776.0
430.82812868964146 776.0
431.09090827459687 770.0
431.353679900419 780.0
431.61644356662487 783.0
431.87919927273134 771.0
432.1419470182551 774.0
432.40468680271334 778.0
432.66741862562276 776.0
432.93014248650013 782.0
433.1928583848624 772.0
433.45556632022647 781.0
433.7182662921092 766.0
433.9809583000275 769.0
434.24364234349815 781.0
434.506318422038 790.0
434.768986535164 780.0
435.031646682393 782.0
435.2942988632418 774.0
435.55694307722734 755.0
435.81957932386655 764.0
436.08220760267614 780.0
436.34482791317305 776.0
436.6074402548742 767.0
436.8700446272964 784.0
437.1326410299566 777.0
437.3952294623715 785.0
437.65780992405803 777.0
437.9203824145332 782.0
438.1829469333138 786.0
438.4455034799166 781.0
438.7080520538586 778.0
438.9705926546565 790.0
439.23312528182737 787.0
439.49564993488787 772.0
439.7581666133551 782.0
440.0206753167459 788.0
440.28317604457686 779.0
440.5456687963651 782.0
440.8081535716274 786.0
441.07063036988075 782.0
441.3330991906418 763.0
441.5955600334276 770.0
441.858012897755 777.0
442.12045778314075 790.0
442.3828946891018 777.0
442.6453236151551 767.0
442.9077445608174 791.0
443.17015752560553 784.0
443.4325625090365 767.0
443.69495951062703 757.0
443.95734852989415 781.0
444.21972956635454 787.0
444.4821026195253 769.0
444.74446768892307 789.0
445.00682477406485 778.0
445.2691738744674 789.0
445.5315149896478 778.0
445.79384811912274 780.0
446.05617326240906 786.0
446.31849041902376 788.0
446.58079958848356 795.0
446.8431007703055 755.0
447.10539396400634 765.0
447.367679169103 780.0
447.6299563851123 785.0
447.892225611551 774.0
448.15448684793625 779.0
448.4167400937847 783.0
448.67898534861325 785.0
448.9412226119389 782.0
449.2034518832783 782.0
449.46567316214856 787.0
449.72788644806633 773.0
449.99009174054856 776.0
450.2522890391122 782.0
450.514478343274 779.0
450.77665965255085 782.0
451.0388329664597 773.0
451.30099828451733 773.0
451.5631556062406 772.0
451.82530493114655 767.0
452.08744625875175 773.0
452.3495795885734 775.0
452.6117049201281 791.0
452.87382225293277 796.0
453.13593158650446 785.0
453.3980329203598 785.0
453.6601262540158 782.0
453.9222115869893 777.0
454.1842889187971 786.0
454.4463582489562 775.0
454.70841957698343 788.0
454.97047290239556 790.0
455.23251822470957 767.0
455.49455554344223 772.0
455.75658485811044 779.0
456.0186061682312 782.0
456.2806194733211 776.0
456.5426247728973 770.0
456.8046220664765 779.0
457.0666113535756 770.0
457.32859263371154 776.0
457.5905659064011 769.0
457.8525311711611 774.0
458.1144884275086 774.0
458.37643767496024 774.0
458.6383789130331 780.0
458.9003121412439 790.0
459.1622373591095 777.0
459.4241545661469 792.0
459.68606376187284 784.0
459.9479649458043 771.0
460.2098581174581 775.0
460.471743276351 783.0
460.733620422 773.0
460.9954895539219 785.0
461.2573506716337 789.0
461.51920377465206 773.0
461.78104886249406 786.0
462.0428859346764 777.0
462.304714990716 779.0
462.5665360301298 779.0
462.82834905243453 781.0
463.09015405714723 782.0
463.35195104378465 776.0
463.6137400118636 786.0
463.8755209609011 780.0
464.13729389041396 788.0
464.399058799919 768.0
464.6608156889332 778.0
464.92256455697327 785.0
465.18430540355615 786.0
465.4460382281988 786.0
465.707763030418 773.0
465.96947980973056 773.0
466.23118856565344 772.0
466.49288929770347 772.0
466.75458200539765 773.0
467.0162666882526 773.0
467.27794334578533 770.0
467.5396119775127 790.0
467.8012725829516 767.0
468.0629251616188 784.0
468.3245697130314 784.0
468.586206236706 777.0
468.8478347321596 779.0
469.109455198909 785.0
469.3710676364711 792.0
469.6326720443629 803.0
469.89426842210105 766.0
470.1558567692025 788.0
470.4174370851842 787.0
470.6790093695629 790.0
470.94057362185555 784.0
471.20212984157905 785.0
471.4636780282501 767.0
471.72521818138574 776.0
471.9867503005027 778.0
472.248274385118 794.0
472.5097904347484 787.0
472.7712984489108 774.0
473.03279842712203 777.0
473.29429036889906 780.0
473.55577427375863 773.0
473.8172501412177 790.0
474.07871797079315 791.0
474.34017776200176 783.0
474.6016295143605 766.0
474.8630732273861 782.0
475.1245089005955 773.0
475.3859365335057 772.0
475.64735612563334 792.0
475.9087676764954 780.0
476.1701711856088 780.0
476.4315666524903 782.0
476.6929540766569 770.0
476.95433345762535 778.0
477.2157047949125 779.0
477.47706808803537 775.0
477.7384233365106 785.0
477.9997705398553 785.0
478.26110969758616 782.0
478.52244080922014 781.0
478.78376387427414 783.0
479.04507889226494 787.0
479.3063858627094 768.0
479.5676847851245 782.0
479.828975659027 773.0
480.0902584839338 791.0
480.3515332593618 786.0
480.61279998482775 760.0
480.8740586598487 777.0
481.13530928394147 777.0
481.3965518566228 779.0
481.65778637740965 789.0
481.9190128458189 783.0
482.1802312613674 791.0
482.4414416235721 784.0
482.70264393194964 773.0
482.9638381860171 776.0
483.2250243852913 777.0
483.4862025292891 790.0
483.7473726175273 778.0
484.0085346495229 797.0
484.26968862479265 784.0
484.5308345428534 778.0
484.79197240322225 792.0
485.0531022054157 786.0
485.314223948951 770.0
485.57533763334476 782.0
485.8364432581139 782.0
486.0975408227754 785.0
486.35863032684597 780.0
486.61971176984247 778.0
486.880785151282 774.0
487.1418504706812 769.0
487.402907727557 772.0
487.66395692142635 789.0
487.92499805180597 774.0
488.18603111821284 784.0
488.44705612016384 792.0
488.7080730571757 772.0
488.9690819287655 782.0
489.2300827344499 776.0
489.49107547374587 784.0
489.75206014617027 778.0
490.01303675124 787.0
490.27400528847187 783.0
490.53496575738274 796.0
490.79591815748955 782.0
491.05686248830915 788.0
491.31779874935836 784.0
491.57872694015396 783.0
491.8396470602131 789.0
492.1005591090524 781.0
492.3614630861888 762.0
492.6223589911392 779.0
492.88324682342045 787.0
493.14412658254946 781.0
493.40499826804296 777.0
493.66586187941795 789.0
493.92671741619125 790.0
494.18756487787977 768.0
494.44840426400026 766.0
494.70923557406974 770.0
494.97005880760497 776.0
495.23087396412285 775.0
495.4916810431403 773.0
495.7524800441741 770.0
496.01327096674123 781.0
496.27405381035845 782.0
496.53482857454264 784.0
496.79559525881075 784.0
497.05635386267954 772.0
497.31710438566597 780.0
497.57784682728686 780.0
497.8385811870591 774.0
498.0993074644995 764.0
498.360025659125 772.0
498.6207357704524 771.0
498.88143779799873 781.0
499.14213174128065 766.0
499.40281759981514 773.0
499.6634953731191 781.0
499.92416506070924 779.0
500.1848266621026 778.0
500.445480176816 780.0
500.70612560436615 787.0
500.96676294427016 781.0
501.22739219604483 790.0
501.48801335920695 775.0
501.74862643327344 782.0
502.00923141776116 771.0
502.2698283121869 788.0
502.5304171160677 781.0
502.7909978289203 787.0
503.0515704502616 777.0
503.31213497960846 780.0
503.57269141647777 784.0
503.8332397603864 794.0
504.09378001085116 783.0
504.354312167389 775.0
504.6148362295168 779.0
504.8753521967513 795.0
505.1358600686094 778.0
505.3963598446082 769.0
505.6568515242642 790.0
505.9173351070945 784.0
506.17781059261597 788.0
506.4382779803454 789.0
506.69873726979966 780.0
506.95918846049574 770.0
507.2196315519502 775.0
507.4800665436803 793.0
507.74049343520267 770.0
508.00091222603425 781.0
508.261322915692 783.0
508.5217255036924 797.0
508.7821199895529 799.0
509.0425063727899 790.0
509.3028846529204 779.0
509.5632548294615 775.0
509.8236169019296 765.0
510.0839708698421 770.0
510.3443167327155 790.0
510.60465449006676 772.0
510.8649841414127 776.0
511.12530568627034 795.0
511.3856191241566 804.0
511.64592445458794 798.0
511.90622167708165 789.0
512.1665107911545 785.0
512.4267917963232 774.0
512.6870646921047 791.0
512.947329478016 778.0
513.2075861535739 771.0
513.467834718295 778.0
513.7280751716964 782.0
513.9883075132952 781.0
514.248531742608 770.0
514.5087478591515 792.0
514.7689558624429 777.0
515.0291557519989 782.0
515.2893475273365 777.0
515.5495311879723 771.0
515.8097067334235 786.0
516.0698741632067 773.0
516.3300334768389 793.0
516.5901846738369 778.0
516.8503277537177 780.0
517.1104627159981 788.0
517.3705895601947 774.0
517.630708285825 791.0
517.8908188924053 784.0
518.1509213794526 786.0
518.411015746484 791.0
518.6711019930159 776.0
518.9311801185657 788.0
519.19125012265 778.0
519.4513120047856 778.0
519.7113657644896 799.0
519.9714114012784 779.0
520.2314489146695 792.0
520.4914783041794 772.0
520.751499569325 790.0
521.0115127096234 795.0
521.271517724591 784.0
521.5315146137451 778.0
521.7915033766022 782.0
522.0514840126796 803.0
522.3114565214938 789.0
522.5714209025618 782.0
522.8313771554007 773.0
523.0913252795269 784.0
523.3512652744578 779.0
523.6111971397097 770.0
523.8711208747998 780.0
524.1310364792452 775.0
524.390943952562 777.0
524.6508432942679 778.0
524.9107345038794 781.0
525.1706175809132 779.0
525.4304925248866 763.0
525.690359335316 776.0
525.9502180117188 778.0
526.2100685536113 780.0
526.4699109605107 782.0
526.729745231934 778.0
526.9895713673975 773.0
527.2493893664187 787.0
527.5091992285141 796.0
527.7690009532007 792.0
528.0287945399953 781.0
528.2885799884149 782.0
528.5483572979764 797.0
528.8081264681963 785.0
529.0678874985917 789.0
529.3276403886796 779.0
529.5873851379768 762.0
529.8471217460001 781.0
530.1068502122662 793.0
530.3665705362923 786.0
530.6262827175951 781.0
530.8859867556915 784.0
531.1456826500984 790.0
531.4053704003326 788.0
531.6650500059111 795.0
531.9247214663504 779.0
532.1843847811678 783.0
532.4440399498801 788.0
532.7036869720038 780.0
532.9633258470562 784.0
533.222956574554 790.0
533.4825791540142 797.0
533.7421935849534 804.0
534.0017998668885 788.0
534.2613979993366 803.0
534.5209879818145 790.0
534.780569813839 765.0
535.0401434949268 787.0
535.2997090245951 776.0
535.5592664023607 785.0
535.8188156277402 779.0
536.0783567002508 782.0
536.3378896194092 783.0
536.5974143847321 781.0
536.8569309957369 789.0
537.1164394519398 784.0
537.3759397528582 782.0
537.6354318980087 789.0
537.8949158869082 786.0
538.1543917190737 789.0
538.4138593940218 784.0
538.6733189112697 780.0
538.932770270334 791.0
539.1922134707318 783.0
539.4516485119797 773.0
539.7110753935946 786.0
539.9704941150937 780.0
540.2299046759937 794.0
540.4893070758112 782.0
540.7487013140633 780.0
541.008087390267 791.0
541.2674653039389 777.0
541.526835054596 778.0
541.7861966417552 781.0
542.0455500649333 787.0
542.3048953236471 784.0
542.5642324174137 799.0
542.8235613457497 779.0
543.0828821081722 784.0
543.3421947041979 782.0
543.6014991333436 802.0
543.8607953951266 801.0
544.1200834890632 786.0
544.3793634146708 780.0
544.6386351714658 798.0
544.8978987589653 773.0
545.1571541766862 779.0
545.4164014241451 788.0
545.6756405008593 779.0
545.9348714063455 760.0
546.1940941401203 777.0
546.4533087017008 788.0
546.712515090604 768.0
546.9717133063466 786.0
547.2309033484453 773.0
547.4900852164174 794.0
547.7492589097793 775.0
548.0084244280482 782.0
548.2675817707409 787.0
548.526730937374 780.0
548.7858719274648 795.0
549.0450047405299 775.0
549.3041293760863 774.0
549.5632458336507 782.0
549.82235411274 779.0
550.0814542128714 769.0
550.3405461335612 785.0
550.5996298743269 782.0
550.8587054346848 777.0
551.117772814152 780.0
551.3768320122455 775.0
551.6358830284819 786.0
551.8949258623783 773.0
552.1539605134514 787.0
552.4129869812182 794.0
552.6720052651955 782.0
552.9310153649002 772.0
553.1900172798491 790.0
553.4490110095592 782.0
553.7079965535472 782.0
553.9669739113302 781.0
554.2259430824248 786.0
554.484904066348 787.0
554.7438568626167 780.0
555.0028014707476 786.0
555.261737890258 777.0
555.520666120664 782.0
555.7795861614834 793.0
556.0384980122324 775.0
556.2974016724281 781.0
556.5562971415874 791.0
556.8151844192269 802.0
557.0740635048638 779.0
557.3329343980148 786.0
557.5917970981968 768.0
557.8506516049267 764.0
558.1094979177213 792.0
558.3683360360976 769.0
558.6271659595724 781.0
558.8859876876625 786.0
559.1448012198848 786.0
559.4036065557561 788.0
559.6624036947936 785.0
559.9211926365136 784.0
560.1799733804337 781.0
560.43874592607 782.0
560.6975102729399 762.0
560.9562664205602 771.0
561.2150143684473 765.0
561.4737541161188 778.0
561.732485663091 777.0
561.9912090088809 789.0
562.2499241530056 786.0
562.5086310949818 795.0
562.7673298343262 772.0
563.026020370556 764.0
563.2847027031879 784.0
563.5433768317389 782.0
563.8020427557254 784.0
564.0607004746649 793.0
564.3193499880738 786.0
564.5779912954692 787.0
564.8366243963679 785.0
565.0952492902868 788.0
565.3538659767429 777.0
565.6124744552527 783.0
565.8710747253335 775.0
566.1296667865018 778.0
566.3882506382747 784.0
566.6468262801691 777.0
566.9053937117014 771.0
567.1639529323893 762.0
567.4225039417488 778.0
567.6810467392974 781.0
567.9395813245517 768.0
568.1981076970284 780.0
568.4566258562448 773.0
568.7151358017175 788.0
568.9736375329633 782.0
569.2321310494995 779.0
569.4906163508422 770.0
569.749093436509 772.0
570.0075623060163 762.0
570.2660229588813 772.0
570.5244753946206 787.0
570.7829196127512 793.0
571.0413556127901 786.0
571.2997833942537 790.0
571.5582029566596 782.0
571.8166142995238 777.0
572.075017422364 791.0
572.3334123246967 772.0
572.5917990060384 780.0
572.8501774659068 778.0
573.108547703818 782.0
573.3669097192892 777.0
573.6252635118373 783.0
573.8836090809789 782.0
574.1419464262314 790.0
574.400275547111 797.0
574.6585964431351 782.0
574.9169091138205 775.0
575.1752135586836 775.0
575.4335097772419 776.0
575.6917977690118 779.0
575.9500775335105 784.0
576.2083490702545 788.0
576.4666123787609 770.0
576.7248674585469 788.0
576.9831143091286 784.0
577.2413529300236 782.0
577.4995833207483 790.0
577.7578054808198 781.0
578.0160194097549 785.0
578.2742251070703 774.0
578.5324225722832 773.0
578.7906118049101 755.0
579.0487928044681 776.0
579.3069655704743 791.0
579.565130102445 778.0
579.8232863998975 784.0
580.0814344623485 788.0
580.339574289315 777.0
580.5977058803137 791.0
580.8558292348614 791.0
581.1139443524753 776.0
581.3720512326721 787.0
581.6301498749685 771.0
581.8882402788817 799.0
582.146322443928 795.0
582.4043963696251 787.0
582.6624620554893 771.0
582.9205195010375 789.0
583.1785687057866 774.0
583.4366096692537 782.0
583.6946423909554 796.0
583.9526668704085 794.0
584.2106831071303 829.0
584.4686911006373 862.0
584.7266908504463 905.0
584.9846823560746 941.0
585.2426656170385 1084.0
585.5006406328554 1075.0
585.7586074030418 1009.0
586.0165659271148 888.0
586.2745162045912 833.0
586.5324582349878 799.0
586.7903920178214 789.0
587.0483175526091 804.0
587.3062348388676 794.0
587.5641438761138 802.0
587.8220446638645 794.0
588.0799372016369 805.0
588.3378214889474 812.0
588.5956975253132 817.0
588.8535653102509 794.0
589.1114248432776 801.0
589.3692761239103 785.0
589.6271191516653 777.0
589.88495392606 793.0
590.1427804466111 769.0
590.4005987128355 779.0
590.6584087242501 769.0
590.9162104803713 759.0
591.1740039807169 778.0
591.4317892248029 788.0
591.6895662121466 783.0
591.9473349422648 788.0
592.2050954146741 782.0
592.462847628892 792.0
592.7205915844347 786.0
592.9783272808194 793.0
593.236054717563 791.0
593.493773894182 785.0
593.7514848101939 811.0
594.009187465115 805.0
594.2668818584625 817.0
594.5245679897531 847.0
594.7822458585038 839.0
595.0399154642313 809.0
595.2975768064524 794.0
595.5552298846843 783.0
595.8128746984438 799.0
596.0705112472474 776.0
596.3281395306126 785.0
596.5857595480555 790.0
596.8433712990935 756.0
597.1009747832434 768.0
597.3585700000219 785.0
597.6161569489462 802.0
597.8737356295327 814.0
598.1313060412986 788.0
598.3888681837607 795.0
598.6464220564358 774.0
598.9039676588409 778.0
599.1615049904925 798.0
599.4190340509081 787.0
599.676554839604 780.0
599.9340673560972 780.0
600.1915715999048 774.0
600.4490675705435 779.0
600.7065552675302 782.0
600.9640346903817 769.0
601.221505838615 776.0
601.4789687117469 782.0
601.7364233092942 772.0
601.9938696307739 793.0
602.2513076757026 789.0
602.5087374435976 774.0
602.7661589339755 793.0
603.023572146353 792.0
603.2809770802475 795.0
603.5383737351752 791.0
603.7957621106534 779.0
604.053142206199 785.0
604.3105140213286 778.0
604.5678775555593 769.0
604.8252328084078 772.0
605.0825797793912 777.0
605.3399184680261 777.0
605.5972488738295 783.0
605.8545709963181 778.0
606.111884835009 796.0
606.3691903894193 788.0
606.6264876590651 794.0
606.883776643464 791.0
607.1410573421324 809.0
607.3983297545875 826.0
607.6555938803461 817.0
607.9128497189247 809.0
608.1700972698408 786.0
608.4273365326108 784.0
608.6845675067516 801.0
608.9417901917803 806.0
609.1990045872135 812.0
609.4562106925683 849.0
609.7134085073615 859.0
609.9705980311098 857.0
610.2277792633305 822.0
610.4849522035397 804.0
610.7421168512552 791.0
610.9992732059933 791.0
611.2564212672709 780.0
611.5135610346049 782.0
611.7706925075122 799.0
612.0278156855098 790.0
612.2849305681145 785.0
612.542037154843 787.0
612.7991354452124 786.0
613.0562254387393 787.0
613.3133071349409 810.0
613.5703805333337 814.0
613.8274456334349 846.0
614.0845024347612 878.0
614.3415509368294 957.0
614.5985911391567 936.0
614.8556230412595 914.0
615.1126466426551 849.0
615.36966194286 801.0
615.6266689413914 794.0
615.8836676377659 783.0
616.1406580315004 799.0
616.3976401221121 813.0
616.6546139091173 822.0
616.9115793920333 806.0
617.1685365703769 800.0
617.4254854436648 772.0
617.6824260114142 768.0
617.9393582731417 785.0
618.196282228364 784.0
618.4531978765983 787.0
618.7101052173614 782.0
618.9670042501702 789.0
619.2238949745413 777.0
619.4807773899919 779.0
619.7376514960388 775.0
619.9945172921986 789.0
620.2513747779885 792.0
620.508223952925 802.0
620.7650648165256 791.0
621.0218973683066 797.0
621.2787216077849 787.0
621.5355375344776 794.0
621.7923451479013 805.0
622.0491444475734 788.0
622.3059354330103 802.0
622.5627181037288 779.0
622.8194924592461 775.0
623.0762584990788 778.0
623.333016222744 786.0
623.5897656297584 778.0
623.8465067196389 777.0
624.1032394919024 793.0
624.3599639460657 794.0
624.6166800816459 775.0
624.8733878981594 768.0
625.1300873951237 777.0
625.3867785720552 780.0
625.6434614284708 792.0
625.9001359638876 791.0
626.1568021778221 801.0
626.4134600697917 825.0
626.6701096393127 845.0
626.9267508859024 840.0
627.1833838090776 837.0
627.4400084083547 807.0
627.6966246832512 790.0
627.9532326332837 799.0
628.2098322579691 786.0
628.4664235568243 771.0
628.723006529366 780.0
628.9795811751112 783.0
629.2361474935768 779.0
629.4927054842794 774.0
629.7492551467363 779.0
630.0057964804641 793.0
630.2623294849799 812.0
630.5188541598001 815.0
630.775370504442 799.0
631.0318785184223 791.0
631.2883782012578 791.0
631.5448695524658 785.0
631.8013525715625 793.0
632.0578272580652 764.0
632.3142936114906 806.0
632.5707516313557 794.0
632.8272013171775 800.0
633.0836426684723 828.0
633.3400756847575 867.0
633.5965003655499 853.0
633.8529167103661 843.0
634.1093247187234 825.0
634.3657243901381 792.0
634.6221157241276 779.0
634.8784987202085 797.0
635.1348733778977 779.0
635.3912396967121 802.0
635.6475976761684 799.0
635.9039473157839 787.0
636.1602886150749 787.0
636.4166215735588 772.0
636.6729461907521 785.0
636.9292624661718 787.0
637.1855703993349 787.0
637.4418699897578 809.0
637.6981612369581 796.0
637.9544441404521 812.0
638.2107186997567 840.0
638.4669849143892 854.0
638.7232427838659 880.0
638.979492307704 864.0
639.2357334854204 890.0
639.4919663165317 999.0
639.7481908005552 1049.0
640.0044069370073 1164.0
640.2606147254052 1385.0
640.5168141652655 1360.0
640.7730052561054 1314.0
641.0291879974413 1051.0
641.2853623887906 885.0
641.5415284296699 826.0
641.797686119596 824.0
642.0538354580859 804.0
642.3099764446565 786.0
642.5661090788245 774.0
642.8222333601069 787.0
643.0783492880205 777.0
643.3344568620822 772.0
643.5905560818089 783.0
643.8466469467173 772.0
644.1027294563247 781.0
644.3588036101473 778.0
644.6148694077026 777.0
644.8709268485071 780.0
645.1269759320778 778.0
645.3830166579316 775.0
645.6390490255851 776.0
645.8950730345556 768.0
646.1510886843597 794.0
646.4070959745143 777.0
646.6630949045363 785.0
646.9190854739425 768.0
647.17506768225 781.0
647.4310415289752 779.0
647.6870070136354 779.0
647.9429641357473 787.0
648.1989128948277 777.0
648.4548532903938 766.0
648.7107853219619 781.0
648.9667089890495 778.0
649.222624291173 786.0
649.4785312278494 776.0
649.7344297985958 794.0
649.9903200029287 811.0
650.2462018403652 839.0
650.502075310422 871.0
650.7579404126162 918.0
651.0137971464646 907.0
651.2696455114838 888.0
651.525485507191 825.0
651.7813171331029 795.0
652.0371403887364 795.0
652.2929552736086 804.0
652.5487617872358 795.0
652.8045599291355 776.0
653.0603496988242 781.0
653.3161310958188 788.0
653.5719041196362 796.0
653.8276687697933 804.0
654.0834250458071 770.0
654.3391729471941 779.0
654.5949124734717 783.0
654.8506436241562 770.0
655.1063663987647 781.0
655.3620807968144 784.0
655.6177868178215 795.0
655.8734844613035 787.0
656.129173726777 782.0
656.3848546137588 797.0
656.6405271217659 787.0
656.8961912503149 793.0
657.1518469989231 790.0
657.4074943671071 779.0
657.6631333543837 786.0
657.9187639602701 777.0
658.1743861842826 777.0
658.4300000259387 773.0
658.6856054847549 777.0
658.9412025602483 793.0
659.1967912519353 794.0
659.4523715593333 793.0
659.707943481959 811.0
659.9635070193291 824.0
660.2190621709606 812.0
660.4746089363705 809.0
660.7301473150753 793.0
660.9856773065924 789.0
661.2411989104381 804.0
661.4967121261298 782.0
661.7522169531838 772.0
662.0077133911174 770.0
662.2632014394475 786.0
662.5186810976904 771.0
662.7741523653638 787.0
663.029615241984 773.0
663.2850697270679 770.0
663.5405158201327 789.0
663.7959535206948 784.0
664.0513828282715 770.0
664.3068037423793 778.0
664.5622162625355 786.0
664.8176203882564 766.0
665.0730161190594 790.0
665.3284034544613 771.0
665.5837823939785 778.0
665.8391529371283 789.0
666.0945150834276 800.0
666.349868832393 780.0
666.6052141835415 780.0
666.8605511363899 784.0
667.1158796904554 794.0
667.3711998452544 821.0
667.626511600304 836.0
667.8818149551211 854.0
668.1371099092223 866.0
668.3923964621249 837.0
668.6476746133454 814.0
668.9029443624008 781.0
669.1582057088083 778.0
669.4134586520839 783.0
669.6687031917455 797.0
669.9239393273093 791.0
670.1791670582923 788.0
670.4343863842114 775.0
670.6895973045835 787.0
670.9447998189256 794.0
671.1999939267544 793.0
671.4551796275866 804.0
671.7103569209394 820.0
671.9655258063294 820.0
672.220686283274 820.0
672.475838351289 793.0
672.7309820098925 796.0
672.9861172586005 778.0
673.2412440969302 783.0
673.4963625243987 783.0
673.7514725405223 785.0
674.0065741448183 787.0
674.2616673368035 789.0
674.5167521159946 774.0
674.7718284819086 772.0
675.0268964340622 788.0
675.2819559719727 764.0
675.5370070951565 782.0
675.7920498031307 793.0
676.0470840954122 766.0
676.3021099715176 774.0
676.5571274309642 781.0
676.8121364732684 779.0
677.0671370979474 780.0
677.3221293045178 784.0
677.5771130924968 793.0
677.8320884614011 801.0
678.0870554107474 781.0
678.3420139400529 775.0
678.5969640488343 784.0
678.8519057366083 780.0
679.1068390028922 791.0
679.3617638472023 775.0
679.616680269056 799.0
679.8715882679699 787.0
680.1264878434607 782.0
680.3813789950458 771.0
680.6362617222414 767.0
680.8911360245651 787.0
681.146001901533 758.0
681.4008593526627 783.0
681.6557083774705 795.0
681.9105489754734 776.0
682.1653811461886 762.0
682.4202048891326 774.0
682.6750202038223 787.0
682.9298270897748 802.0
683.1846255465068 776.0
683.4394155735351 786.0
683.6941971703767 796.0
683.9489703365485 774.0
684.2037350715673 778.0
684.4584913749499 784.0
684.7132392462133 778.0
684.9679786848742 772.0
685.2227096904496 770.0
685.4774322624564 762.0
685.7321464004115 784.0
685.9868521038316 785.0
686.2415493722334 798.0
686.4962382051343 779.0
686.7509186020508 780.0
687.0055905624997 770.0
687.2602540859983 785.0
687.514909172063 779.0
687.7695558202109 773.0
688.0241940299587 791.0
688.2788238008236 797.0
688.5334451323221 768.0
688.7880580239712 786.0
689.042662475288 777.0
689.2972584857889 797.0
689.5518460549912 789.0
689.8064251824115 769.0
690.0609958675668 790.0
690.3155581099742 791.0
690.5701119091498 763.0
690.8246572646113 778.0
691.0791941758752 798.0
691.3337226424583 786.0
691.5882426638777 786.0
691.84275423965 803.0
692.0972573692924 806.0
692.3517520523214 816.0
692.6062382882542 827.0
692.8607160766074 851.0
693.1151854168979 856.0
693.3696463086428 852.0
693.6240987513587 842.0
693.8785427445628 803.0
694.1329782877717 795.0
694.3874053805022 780.0
694.6418240222713 784.0
694.8962342125958 773.0
695.1506359509929 798.0
695.405029236979 790.0
695.6594140700711 776.0
695.9137904497863 775.0
696.168158375641 785.0
696.4225178471527 777.0
696.676868863838 790.0
696.9312114252134 797.0
697.1855455307963 793.0
697.4398711801031 791.0
697.6941883726512 784.0
697.9484971079568 775.0
698.2027973855375 785.0
698.4570892049098 785.0
698.7113725655903 777.0
698.9656474670965 785.0
699.2199139089445 789.0
699.4741718906519 793.0
699.7284214117353 783.0
699.9826624717113 789.0
700.2368950700971 773.0
700.4911192064093 790.0
700.7453348801653 778.0
700.9995420908814 776.0
701.2537408380745 782.0
701.5079311212619 772.0
701.7621129399598 780.0
702.016286293686 793.0
702.2704511819566 802.0
702.5246076042886 809.0
702.778755560199 819.0
703.0328950492045 839.0
703.2870260708224 880.0
703.5411486245691 870.0
703.7952627099618 858.0
704.0493683265172 828.0
704.3034654737519 803.0
704.5575541511835 793.0
704.8116343583279 774.0
705.0657060947029 793.0
705.3197693598249 785.0
705.5738241532106 780.0
705.8278704743772 769.0
706.0819083228414 789.0
706.3359376981203 792.0
706.5899585997306 781.0
706.8439710271889 790.0
707.0979749800126 770.0
707.3519704577179 785.0
707.6059574598225 773.0
707.8599359858429 777.0
708.1139060352955 783.0
708.3678676076978 789.0
708.6218207025663 775.0
708.8757653194182 788.0
709.12970145777 779.0
709.3836291171389 785.0
709.6375482970416 799.0
709.8914589969946 775.0
710.1453612165157 772.0
710.3992549551208 760.0
710.6531402123275 789.0
710.9070169876522 786.0
711.1608852806118 782.0
711.4147450907236 776.0
711.6685964175037 782.0
711.9224392604699 801.0
712.1762736191384 786.0
712.4300994930262 777.0
712.6839168816504 776.0
712.9377257845274 768.0
713.1915262011746 782.0
713.4453181311087 780.0
713.6991015738463 787.0
713.9528765289045 784.0
714.2066429958 799.0
714.4604009740502 796.0
714.7141504631712 788.0
714.9678914626805 781.0
715.2216239720948 786.0
715.4753479909306 773.0
715.7290635187052 782.0
715.982770554935 795.0
716.2364690991376 786.0
716.4901591508293 803.0
716.743840709527 787.0
716.9975137747479 798.0
717.2511783460084 792.0
717.5048344228259 787.0
717.7584820047169 787.0
718.0121210911982 776.0
718.2657516817872 778.0
718.519373776 782.0
718.772987373354 780.0
719.026592473366 779.0
719.2801890755527 775.0
719.5337771794311 775.0
719.7873567845179 787.0
720.0409278903304 772.0
720.294490496385 765.0
720.5480446021987 777.0
720.8015902072887 772.0
721.0551273111711 782.0
721.3086559133636 787.0
721.5621760133826 787.0
721.815687610745 780.0
722.0691907049679 791.0
722.3226852955679 782.0
722.5761713820622 771.0
722.8296489639672 775.0
723.0831180408002 782.0
723.3365786120778 781.0
723.5900306773169 778.0
723.8434742360346 785.0
724.0969092877473 795.0
724.3503358319725 801.0
724.6037538682267 832.0
724.8571633960265 840.0
725.1105644148894 815.0
725.3639569243315 782.0
725.6173409238706 774.0
725.8707164130229 771.0
726.1240833913054 785.0
726.3774418582351 790.0
726.6307918133285 784.0
726.8841332561029 778.0
727.137466186075 786.0
727.3907906027619 781.0
727.6441065056802 786.0
727.8974138943464 775.0
728.1507127682783 782.0
728.4040031269918 790.0
728.6572849700045 786.0
728.9105582968331 778.0
729.1638231069941 796.0
729.4170794000048 787.0
729.6703271753817 777.0
729.923566432642 783.0
730.1767971713025 781.0
730.4300193908798 775.0
730.6832330908911 793.0
730.936438270853 798.0
731.1896349302828 775.0
731.442823068697 772.0
731.6960026856123 798.0
731.949173780546 780.0
732.2023363530145 793.0
732.4554904025351 782.0
732.7086359286245 769.0
732.9617729307997 788.0
733.2149014085775 780.0
733.4680213614745 778.0
733.7211327890079 794.0
733.9742356906943 784.0
734.2273300660511 788.0
734.4804159145946 787.0
734.7334932358416 791.0
734.9865620293094 799.0
735.2396222945147 793.0
735.4926740309744 793.0
735.7457172382054 780.0
735.9987519157243 782.0
736.2517780630484 779.0
736.504795679694 780.0
736.7578047651785 782.0
737.0108053190187 778.0
737.2637973407312 786.0
737.516780829833 788.0
737.769755785841 790.0
738.0227222082721 783.0
738.2756800966428 786.0
738.5286294504706 792.0
738.781570269272 797.0
739.0345025525638 794.0
739.2874262998632 775.0
739.5403415106866 776.0
739.7932481845512 793.0
740.046146320974 785.0
740.2990359194714 768.0
740.5519169795606 794.0
740.8047895007583 795.0
741.0576534825816 777.0
741.3105089245472 796.0
741.563355826172 782.0
741.8161941869729 764.0
742.0690240064664 772.0
742.3218452841702 775.0
742.5746580196005 779.0
742.8274622122741 771.0
743.0802578617083 778.0
743.3330449674197 784.0
743.5858235289254 784.0
743.8385935457418 797.0
744.0913550173865 796.0
744.3441079433758 789.0
744.5968523232264 793.0
744.8495881564559 790.0
745.1023154425804 784.0
745.3550341811174 785.0
745.6077443715835 793.0
745.8604460134952 788.0
746.1131391063701 789.0
746.3658236497243 777.0
746.6184996430754 768.0
746.87116708594 777.0
747.1238259778346 780.0
747.3764763182764 776.0
747.6291181067822 780.0
747.8817513428692 787.0
748.1343760260539 784.0
748.3869921558529 795.0
748.6395997317837 783.0
748.8921987533628 790.0
749.1447892201071 794.0
749.3973711315336 789.0
749.6499444871589 784.0
749.9025092865003 782.0
750.1550655290741 781.0
750.4076132143978 776.0
750.6601523419877 774.0
750.912682911361 784.0
751.1652049220347 786.0
751.4177183735251 797.0
751.6702232653497 797.0
751.9227195970248 788.0
752.1752073680677 792.0
752.4276865779954 778.0
752.680157226324 776.0
752.9326193125712 780.0
753.1850728362533 781.0
753.4375177968876 786.0
753.6899541939908 789.0
753.9423820270795 796.0
754.194801295671 795.0
754.4472119992819 793.0
754.6996141374291 780.0
754.9520077096296 780.0
755.2043927154 792.0
755.4567691542577 793.0
755.7091370257187 782.0
755.9614963293008 782.0
756.2138470645202 775.0
756.4661892308942 792.0
756.7185228279395 798.0
756.9708478551728 790.0
757.2231643121112 791.0
757.4754721982714 769.0
757.7277715131704 785.0
757.9800622563251 784.0
758.2323444272521 794.0
758.4846180254688 778.0
758.7368830504913 776.0
758.9891395018373 784.0
759.2413873790232 789.0
759.4936266815657 789.0
759.7458574089821 774.0
759.9980795607888 780.0
760.2502931365033 792.0
760.502498135642 771.0
760.7546945577217 793.0
761.0068824022595 792.0
761.2590616687722 786.0
761.5112323567769 774.0
761.7633944657899 777.0
762.0155479953288 770.0
762.26769294491 775.0
762.5198293140501 790.0
762.7719571022666 777.0
763.024076309076 782.0
763.2761869339953 789.0
763.5282889765415 787.0
763.780382436231 804.0
764.032467312581 772.0
764.2845436051083 765.0
764.53661131333 783.0
764.7886704367629 790.0
765.0407209749233 790.0
765.2927629273288 784.0
765.5447962934958 781.0
765.7968210729414 780.0
766.0488372651824 801.0
766.3008448697357 776.0
766.5528438861181 780.0
766.8048343138464 790.0
767.0568161524378 773.0
767.3087894014087 786.0
767.5607540602764 781.0
767.8127101285577 768.0
768.0646576057691 772.0
768.3165964914278 783.0
768.5685267850505 791.0
768.8204484861544 777.0
769.0723615942561 786.0
769.3242661088722 773.0
769.5761620295201 779.0
769.8280493557162 779.0
770.0799280869778 779.0
770.3317982228216 778.0
770.5836597627642 781.0
770.835512706323 784.0
771.0873570530143 786.0
771.3391928023555 780.0
771.591019953863 773.0
771.8428385070538 779.0
772.094648461445 794.0
772.3464498165532 770.0
772.5982425718955 790.0
772.8500267269885 783.0
773.1018022813494 782.0
773.3535692344948 785.0
773.6053275859415 777.0
773.8570773352067 774.0
774.108818481807 791.0
774.3605510252594 771.0
774.6122749650807 777.0
774.8639903007878 774.0
775.1156970318975 783.0
775.3673951579267 776.0
775.6190846783925 771.0
775.8707655928115 786.0
776.1224379007004 795.0
776.3741016015766 798.0
776.6257566949563 768.0
776.8774031803571 769.0
777.1290410572955 788.0
777.3806703252881 790.0
777.6322909838522 782.0
777.8839030325043 797.0
778.1355064707618 790.0
778.3871012981411 778.0
778.6386875141592 775.0
778.890265118333 782.0
779.1418341101793 782.0
779.3933944892151 781.0
779.6449462549571 788.0
779.8964894069222 774.0
780.1480239446275 786.0
780.3995498675895 785.0
780.6510671753255 791.0
780.9025758673517 771.0
781.1540759431858 773.0
781.4055674023442 789.0
781.6570502443437 790.0
781.9085244687013 783.0
782.159990074934 781.0
782.4114470625585 770.0
782.6628954310918 792.0
782.9143351800503 802.0
783.1657663089516 773.0
783.4171888173119 782.0
783.6686027046486 782.0
783.9200079704783 788.0
784.1714046143178 797.0
784.4227926356843 785.0
784.6741720340941 777.0
784.9255428090647 784.0
785.1769049601126 772.0
785.4282584867548 772.0
785.6796033885082 787.0
785.9309396648893 793.0
786.1822673154155 795.0
786.4335863396033 782.0
786.6848967369698 777.0
786.9361985070317 778.0
787.1874916493058 782.0
787.4387761633094 784.0
787.6900520485588 786.0
787.9413193045713 779.0
788.1925779308636 787.0
788.4438279269523 789.0
788.6950692923548 786.0
788.9463020265875 761.0
789.1975261291677 777.0
789.448741599612 783.0
789.6999484374371 780.0
789.9511466421604 775.0
790.2023362132982 774.0
790.4535171503677 784.0
790.7046894528855 769.0
790.9558531203689 778.0
791.2070081523347 783.0
791.458154548299 794.0
791.7092923077797 780.0
791.9604214302931 778.0
792.2115419153562 779.0
792.462653762486 773.0
792.7137569711989 785.0
792.9648515410123 795.0
793.2159374714428 791.0
793.4670147620074 772.0
793.718083412223 779.0
793.9691434216061 784.0
794.220194789674 772.0
794.4712375159432 780.0
794.722271599931 772.0
794.9732970411541 773.0
795.2243138391292 778.0
795.4753219933733 773.0
795.7263215034031 779.0
795.9773123687357 796.0
796.2282945888878 786.0
796.4792681633767 781.0
796.7302330917187 780.0
796.9811893734307 781.0
797.23213700803 793.0
797.483075995033 794.0
797.7340063339569 783.0
797.9849280243186 776.0
798.2358410656345 760.0
798.4867454574222 782.0
798.7376411991978 777.0
798.9885282904788 792.0
799.2394067307818 780.0
799.4902765196234 784.0
799.741137656521 780.0
799.9919901409909 777.0
800.2428339725506 774.0
800.4936691507165 788.0
800.7444956750055 777.0
800.9953135449347 790.0
801.2461227600207 797.0
801.4969233197808 786.0
801.7477152237312 792.0
801.9984984713894 782.0
802.2492730622722 784.0
802.5000389958959 783.0
802.7507962717781 789.0
803.0015448894349 779.0
803.252284848384 770.0
803.5030161481417 792.0
803.7537387882248 778.0
804.0044527681507 774.0
804.2551580874358 777.0
804.5058547455972 792.0
804.7565427421519 775.0
805.0072220766161 781.0
805.2578927485075 770.0
805.5085547573423 778.0
805.7592081026379 787.0
806.009852783911 789.0
806.2604888006782 799.0
806.5111161524568 804.0
806.7617348387631 789.0
807.0123448591147 796.0
807.2629462130279 777.0
807.5135389000196 792.0
807.7641229196071 785.0
808.0146982713067 777.0
808.2652649546358 775.0
808.5158229691108 794.0
808.7663723142489 786.0
809.016912989567 786.0
809.2674449945815 782.0
809.5179683288098 780.0
809.7684829917686 794.0
810.0189889829746 788.0
810.269486301945 788.0
810.5199749481961 781.0
810.7704549212456 776.0
811.0209262206095 786.0
811.2713888458052 782.0
811.5218427963496 791.0
811.7722880717591 785.0
812.022724671551 780.0
812.2731525952421 774.0
812.5235718423493 773.0
812.7739824123893 773.0
813.0243843048788 775.0
813.2747775193352 792.0
813.5251620552749 776.0
813.7755379122152 783.0
814.0259050896724 774.0
814.276263587164 785.0
814.5266134042064 783.0
814.7769545403165 786.0
815.0272869950115 785.0
815.2776107678079 777.0
815.5279258582229 775.0
815.7782322657732 778.0
816.0285299899754 782.0
816.2788190303468 780.0
816.529099386404 783.0
816.7793710576641 764.0
817.0296340436439 764.0
817.2798883438601 790.0
817.5301339578298 777.0
817.7803708850694 777.0
818.0305991250964 766.0
818.2808186774273 769.0
818.531029541579 768.0
818.7812317170685 785.0
819.0314252034124 795.0
819.281610000128 776.0
819.5317861067317 788.0
819.7819535227408 779.0
820.0321122476719 780.0
820.2822622810417 770.0
820.5324036223675 780.0
820.7825362711658 795.0
821.0326602269538 781.0
821.2827754892483 791.0
821.5328820575656 774.0
821.7829799314234 783.0
822.033069110338 769.0
822.2831495938267 779.0
822.5332213814061 777.0
822.7832844725929 788.0
823.0333388669044 776.0
823.283384563857 787.0
823.533421562968 792.0
823.7834498637541 777.0
824.033469465732 781.0
824.2834803684189 774.0
824.5334825713311 784.0
824.7834760739862 785.0
825.0334608759005 783.0
825.2834369765912 773.0
825.5334043755751 781.0
825.7833630723688 785.0
826.0333130664897 771.0
826.2832543574541 780.0
826.5331869447793 770.0
826.783110827982 764.0
827.0330260065789 759.0
827.2829324800872 771.0
827.5328302480233 768.0
827.7827193099047 763.0
828.032599665248 792.0
828.2824713135695 775.0
828.532334254387 768.0
828.7821884872168 771.0
829.0320340115759 773.0
829.2818708269813 770.0
829.5316989329494 772.0
829.7815183289979 780.0
830.0313290146428 780.0
830.2811309894015 788.0
830.5309242527906 777.0
830.7807088043272 790.0
831.0304846435281 789.0
831.2802517699099 764.0
831.5300101829899 770.0
831.7797598822846 781.0
832.0295008673112 783.0
832.2792331375864 782.0
832.5289566926268 785.0
832.7786715319497 786.0
833.0283776550717 777.0
833.27807506151 783.0
833.5277637507811 779.0
833.7774437224018 773.0
834.0271149758895 789.0
834.2767775107606 781.0
834.526431326532 780.0
834.7760764227208 769.0
835.0257127988438 768.0
835.2753404544177 772.0
835.5249593889594 768.0
835.774569601986 778.0
836.0241710930143 766.0
836.2737638615607 792.0
836.5233479071428 777.0
836.7729232292768 773.0
837.0224898274802 789.0
837.2720477012693 789.0
837.5215968501614 781.0
837.7711372736733 770.0
838.0206689713215 778.0
838.2701919426232 784.0
838.5197061870952 784.0
838.7692117042545 790.0
839.0187084936177 778.0
839.2681965547017 772.0
839.5176758870236 775.0
839.7671464901001 760.0
840.0166083634483 762.0
840.2660615065847 765.0
840.5155059190262 766.0
840.7649416002901 787.0
841.0143685498927 781.0
841.2637867673512 773.0
841.5131962521828 774.0
841.7625970039035 787.0
842.0119890220308 778.0
842.2613723060813 775.0
842.5107468555723 781.0
842.76011267002 790.0
843.0094697489418 793.0
843.2588180918546 782.0
843.5081576982747 774.0
843.7574885677194 769.0
844.0068106997054 770.0
844.25612409375 784.0
844.5054287493696 770.0
844.754724666081 778.0
845.0040118434015 782.0
845.2532902808475 780.0
845.5025599779364 786.0
845.7518209341847 788.0
846.0010731491091 764.0
846.2503166222269 778.0
846.4995513530547 787.0
846.7487773411094 787.0
846.9979945859081 792.0
847.2472030869674 777.0
847.4964028438043 782.0
847.7455938559353 770.0
847.994776122878 785.0
848.2439496441485 773.0
848.4931144192642 768.0
848.7422704477419 765.0
848.9914177290981 758.0
849.2405562628502 776.0
849.4896860485144 776.0
849.7388070856083 772.0
849.9879193736485 771.0
850.2370229121515 772.0
850.4861177006346 776.0
850.7352037386146 766.0
850.9842810256082 790.0
851.2333495611326 762.0
851.482409344704 775.0
851.7314603758401 780.0
851.9805026540571 783.0
852.2295361788724 781.0
852.4785609498026 793.0
852.7275769663643 770.0
852.9765842280748 788.0
853.2255827344507 777.0
853.4745724850093 785.0
853.7235534792667 779.0
853.9725257167406 770.0
854.2214891969475 776.0
854.4704439194039 779.0
854.7193898836274 783.0
854.9683270891342 786.0
855.2172555354416 770.0
855.4661752220665 771.0
855.7150861485252 774.0
855.9639883143353 782.0
856.212881719013 783.0
856.4617663620759 775.0
856.7106422430403 788.0
856.9595093614231 782.0
857.2083677167415 778.0
857.4572173085119 774.0
857.7060581362517 766.0
857.9548901994776 774.0
858.2037134977061 784.0
858.4525280304546 768.0
858.7013337972394 779.0
858.950130797578 773.0
859.1989190309868 774.0
859.4476984969828 775.0
859.696469195083 783.0
859.9452311248039 773.0
860.1939842856627 776.0
860.4427286771763 772.0
860.6914642988615 780.0
860.9401911502351 776.0
861.1889092308139 791.0
861.437618540115 774.0
861.686319077655 770.0
861.935010842951 779.0
862.1836938355198 765.0
862.432368054878 782.0
862.6810335005429 787.0
862.9296901720311 783.0
863.1783380688596 775.0
863.4269771905452 774.0
863.6756075366046 790.0
863.9242291065551 785.0
864.1728418999131 792.0
864.4214459161959 777.0
864.6700411549201 783.0
864.9186276156024 770.0
865.1672052977602 770.0
865.4157742009098 769.0
865.6643343245685 784.0
865.9128856682528 776.0
866.1614282314799 780.0
866.4099620137665 780.0
866.6584870146295 782.0
866.9070032335858 778.0
867.155510670152 764.0
867.4040093238455 777.0
867.6524991941827 782.0
867.9009802806806 785.0
868.1494525828563 780.0
868.3979161002262 778.0
868.6463708323078 769.0
868.8948167786174 769.0
869.1432539386718 778.0
869.3916823119887 780.0
869.6401018980839 777.0
869.8885126964751 773.0
870.1369147066789 792.0
870.3853079282118 781.0
870.6336923605911 766.0
870.8820680033335 776.0
871.1304348559562 788.0
871.3787929179755 785.0
871.6271421889087 790.0
871.8754826682726 783.0
872.1238143555837 777.0
872.3721372503595 754.0
872.6204513521162 768.0
872.8687566603713 782.0
873.1170531746413 781.0
873.365340894443 770.0
873.6136198192935 773.0
873.8618899487094 778.0
874.110151282208 786.0
874.3584038193057 790.0
874.6066475595196 784.0
874.8548825023668 772.0
875.1031086473636 771.0
875.3513259940273 777.0
875.5995345418747 772.0
875.8477342904224 784.0
876.0959252391877 782.0
876.3441073876871 770.0
876.5922807354377 761.0
876.8404452819562 790.0
877.0886010267599 769.0
877.3367479693651 761.0
877.5848861092887 778.0
877.8330154460481 771.0
878.0811359791594 773.0
878.3292477081402 780.0
878.5773506325071 781.0
878.8254447517768 776.0
879.0735300654665 790.0
879.3216065730924 784.0
879.5696742741723 777.0
879.8177331682225 779.0
880.0657832547598 772.0
880.3138245333014 778.0
880.5618570033639 773.0
880.8098806644645 774.0
881.0578955161196 780.0
881.3059015578464 774.0
881.5538987891618 772.0
881.8018872095822 771.0
882.0498668186252 769.0
882.297837615807 762.0
882.5457996006451 784.0
882.7937527726558 782.0
883.041697131356 786.0
883.2896326762632 776.0
883.5375594068934 766.0
883.7854773227642 781.0
884.0333864233922 782.0
884.2812867082938 764.0
884.5291781769868 778.0
884.7770608289871 789.0
885.0249346638125 778.0
885.2727996809792 763.0
885.5206558800041 779.0
885.7685032604046 764.0
886.0163418216969 790.0
886.2641715633982 764.0
886.5119924850256 776.0
886.7598045860955 772.0
887.007607866125 784.0
887.2554023246308 773.0
887.5031879611303 787.0
887.7509647751398 783.0
887.9987327661763 790.0
888.2464919337567 786.0
888.4942422773979 787.0
888.7419837966169 776.0
888.9897164909302 763.0
889.2374403598551 769.0
889.4851554029083 763.0
889.7328616196063 778.0
889.9805590094667 770.0
890.2282475720056 774.0
890.4759273067405 773.0
890.7235982131879 758.0
890.9712602908646 788.0
891.218913539288 771.0
891.4665579579743 778.0
891.7141935464408 768.0
891.9618203042044 775.0
892.2094382307815 770.0
892.4570473256895 775.0
892.7046475884449 775.0
892.9522390185649 769.0
893.1998216155661 776.0
893.4473953789653 775.0
893.6949603082797 771.0
893.9425164030258 788.0
894.1900636627211 785.0
894.4376020868815 775.0
894.6851316750246 780.0
894.9326524266672 776.0
895.1801643413257 762.0
895.4276674185177 770.0
895.6751616577593 781.0
895.922647058568 762.0
896.1701236204603 769.0
896.4175913429531 785.0
896.6650502255636 778.0
896.912500267808 769.0
897.159941469204 769.0
897.4073738292678 781.0
897.6547973475165 773.0
897.9022120234671 772.0
898.1496178566362 762.0
898.3970148465409 768.0
898.644402992698 772.0
898.8917822946241 780.0
899.1391527518367 770.0
899.386514363852 787.0
899.6338671301874 766.0
899.8812110503592 779.0
900.1285461238849 785.0
900.375872350281 780.0
900.6231897290643 770.0
900.8704982597519 763.0
901.1177979418604 769.0
901.3650887749071 772.0
901.6123707584086 771.0
901.8596438918815 773.0
902.106908174843 785.0
902.35416360681 781.0
902.6014101872993 767.0
902.8486479158278 769.0
903.095876791912 768.0
903.3430968150694 775.0
903.5903079848164 777.0
903.83751030067 766.0
904.0847037621473 767.0
904.3318883687646 772.0
904.5790641200394 764.0
904.826231015488 773.0
905.0733890546279 769.0
905.3205382369753 785.0
905.5676785620476 773.0
905.8148100293615 791.0
906.0619326384336 789.0
906.3090463887813 777.0
906.5561512799208 772.0
906.8032473113697 782.0
907.0503344826443 788.0
907.2974127932616 770.0
907.5444822427387 761.0
907.7915428305921 775.0
908.038594556339 789.0
908.2856374194963 778.0
908.5326714195803 764.0
908.7796965561088 772.0
909.0267128285976 778.0
909.2737202365645 780.0
909.520718779526 768.0
909.7677084569985 773.0
910.0146892684998 790.0
910.261661213546 798.0
910.5086242916544 780.0
910.7555785023416 781.0
911.0025238451248 778.0
911.2494603195206 760.0
911.4963879250456 778.0
911.7433066612174 766.0
911.9902165275522 777.0
912.2371175235672 770.0
912.4840096487795 790.0
912.7308929027052 782.0
912.9777672848619 759.0
913.2246327947661 774.0
913.4714894319347 784.0
913.7183371958849 769.0
913.965176086133 770.0
914.2120061021965 775.0
914.4588272435916 796.0
914.7056395098358 787.0
914.9524429004457 776.0
915.1992374149379 786.0
915.4460230528298 778.0
915.6927998136375 780.0
915.9395676968788 776.0
916.1863267020701 773.0
916.4330768287281 771.0
916.67981807637 772.0
916.9265504445123 780.0
917.1732739326723 784.0
917.4199885403666 777.0
917.6666942671121 768.0
917.9133911124259 780.0
918.1600790758242 782.0
918.4067581568248 779.0
918.6534283549438 778.0
918.9000896696987 778.0
919.1467421006058 772.0
919.3933856471822 769.0
919.6400203089449 768.0
919.8866460854103 771.0
920.1332629760961 776.0
920.3798709805186 772.0
920.6264700981943 779.0
920.8730603286409 783.0
921.1196416713748 779.0
921.3662141259131 786.0
921.6127776917724 780.0
921.8593323684695 785.0
922.1058781555217 768.0
922.3524150524454 763.0
922.598943058758 778.0
922.8454621739758 791.0
923.0919723976159 789.0
923.3384737291954 795.0
923.5849661682307 770.0
923.8314497142393 780.0
924.0779243667373 757.0
924.3243901252423 765.0
924.5708469892709 769.0
924.8172949583395 786.0
925.0637340319656 792.0
925.3101642096658 777.0
925.5565854909571 779.0
925.8029978753563 784.0
926.04940136238 765.0
926.2957959515456 770.0
926.5421816423694 791.0
926.7885584343687 788.0
927.0349263270604 769.0
927.281285319961 774.0
927.5276354125876 777.0
927.7739766044568 774.0
928.020308895086 780.0
928.2666322839915 771.0
928.5129467706906 782.0
928.7592523547 783.0
929.0055490355364 773.0
929.2518368127171 761.0
929.4981156857584 777.0
929.7443856541778 789.0
929.9906467174917 795.0
930.2368988752169 775.0
930.4831421268707 762.0
930.7293764719695 756.0
930.9756019100306 772.0
931.2218184405708 772.0
931.4680260631065 779.0
931.7142247771553 776.0
931.9604145822334 772.0
932.2065954778582 767.0
932.4527674635461 772.0
932.6989305388141 758.0
932.9450847031794 775.0
933.1912299561584 777.0
933.4373662972685 779.0
933.6834937260257 788.0
933.929612241948 781.0
934.1757218445516 788.0
934.4218225333533 774.0
934.6679143078701 786.0
934.913997167619 782.0
935.1600711121167 775.0
935.4061361408803 766.0
935.6521922534262 766.0
935.8982394492718 781.0
936.1442777279336 786.0
936.3903070889288 770.0
936.636327531774 768.0
936.882339055986 776.0
937.128341661082 767.0
937.3743353465785 786.0
937.6203201119927 791.0
937.8662959568414 777.0
938.1122628806411 770.0
938.3582208829092 777.0
938.6041699631621 774.0
938.8501101209171 771.0
939.0960413556905 778.0
939.341963667 769.0
939.5878770543618 772.0
939.8337815172929 762.0
940.0796770553103 776.0
940.3255636679306 774.0
940.5714413546712 787.0
940.8173101150486 781.0
941.0631699485793 772.0
941.309020854781 777.0
941.5548628331699 759.0
941.8006958832632 794.0
942.0465200045778 769.0
942.2923351966301 781.0
942.5381414589376 788.0
942.7839387910167 787.0
943.0297271923846 777.0
943.275506662558 786.0
943.5212772010536 784.0
943.7670388073888 774.0
944.0127914810797 772.0
944.2585352216438 789.0
944.504270028598 784.0
944.7499959014584 776.0
944.9957128397427 778.0
945.2414208429674 771.0
945.4871199106495 781.0
945.7328100423057 773.0
945.978491237453 777.0
946.2241634956084 787.0
946.4698268162882 789.0
946.71548119901 779.0
946.9611266432901 770.0
947.2067631486459 783.0
947.4523907145939 758.0
947.6980093406509 771.0
947.943619026334 787.0
948.1892197711599 769.0
948.4348115746456 777.0
948.680394436308 778.0
948.9259683556636 767.0
949.17153333223 778.0
949.4170893655231 777.0
949.6626364550607 774.0
949.9081746003591 772.0
950.1537038009352 777.0
950.3992240563063 775.0
950.6447353659886 776.0
950.8902377294995 780.0
951.1357311463555 784.0
951.381215616074 790.0
951.6266911381715 775.0
951.8721577121647 770.0
952.1176153375708 772.0
952.3630640139064 768.0
952.6085037406887 789.0
952.8539345174344 775.0
953.09935634366 787.0
953.3447692188829 783.0
953.5901731426196 765.0
953.8355681143876 795.0
954.080954133703 780.0
954.326331200083 778.0
954.5716993130445 789.0
954.8170584721041 780.0
955.0624086767792 774.0
955.3077499265863 792.0
955.5530822210421 776.0
955.798405559664 780.0
956.0437199419682 770.0
956.2890253674723 772.0
956.5343218356925 785.0
956.7796093461461 793.0
957.02488789835 767.0
957.2701574918206 776.0
957.5154181260752 783.0
957.7606698006304 782.0
958.0059125150034 774.0
958.2511462687107 761.0
958.4963710612694 787.0
958.7415868921963 778.0
958.9867937610082 774.0
959.2319916672224 771.0
959.4771806103552 777.0
959.7223605899235 779.0
959.9675316054446 789.0
960.2126936564348 792.0
960.4578467424116 784.0
960.7029908628915 778.0
960.9481260173911 779.0
961.193252205428 768.0
961.4383694265184 771.0
961.6834776801796 781.0
961.9285769659282 790.0
962.1736672832812 770.0
962.4187486317555 768.0
962.6638210108677 774.0
962.908884420135 787.0
963.153938859074 775.0
963.3989843272019 768.0
963.6440208240352 769.0
963.889048349091 779.0
964.1340669018862 761.0
964.3790764819373 768.0
964.6240770887617 775.0
964.8690687218761 775.0
965.114051380797 778.0
965.3590250650417 781.0
965.6039897741268 777.0
965.8489455075695 786.0
966.0938922648864 771.0
966.3388300455941 784.0
966.5837588492103 792.0
966.8286786752509 775.0
967.0735895232334 796.0
967.3184913926743 771.0
967.5633842830911 775.0
967.808268194 764.0
968.0531431249179 785.0
968.2980090753622 768.0
968.5428660448491 766.0
968.7877140328961 779.0
969.0325530390197 788.0
969.2773830627367 776.0
969.5222041035643 771.0
969.7670161610189 776.0
970.0118192346179 778.0
970.2566133238779 773.0
970.5013984283155 782.0
970.746174547448 773.0
970.990941680792 770.0
971.2356998278649 780.0
971.480448988183 783.0
971.725189161263 777.0
971.9699203466223 781.0
972.2146425437775 769.0
972.4593557522456 774.0
972.7040599715434 776.0
972.9487552011876 781.0
973.1934414406954 773.0
973.4381186895833 769.0
973.6827869473685 793.0
973.9274462135677 772.0
974.1720964876979 778.0
974.4167377692759 770.0
974.6613700578182 783.0
974.9059933528424 772.0
975.1506076538647 775.0
975.3952129604023 784.0
975.6398092719721 781.0
975.8843965880908 785.0
976.1289749082755 783.0
976.3735442320426 785.0
976.6181045589096 776.0
976.862655888393 778.0
977.1071982200094 771.0
977.3517315532764 785.0
977.5962558877101 781.0
977.840771222828 785.0
978.0852775581467 781.0
978.3297748931827 764.0
978.5742632274536 770.0
978.8187425604756 772.0
979.063212891766 774.0
979.3076742208415 785.0
979.5521265472191 788.0
979.7965698704156 794.0
980.0410041899477 776.0
980.2854295053326 774.0
980.5298458160865 772.0
980.7742531217272 777.0
981.0186514217711 782.0
981.2630407157347 784.0
981.5074210031356 789.0
981.7517922834901 784.0
981.9961545563154 787.0
982.2405078211283 778.0
982.4848520774455 774.0
982.729187324784 781.0
982.9735135626606 776.0
983.2178307905924 781.0
983.4621390080961 784.0
983.7064382146882 751.0
983.9507284098863 767.0
984.1950095932067 775.0
984.4392817641666 787.0
984.6835449222825 779.0
984.9277990670716 781.0
985.1720441980509 780.0
985.4162803147366 776.0
985.6605074166464 776.0
985.9047255032964 784.0
986.1489345742042 777.0
986.3931346288863 773.0
986.6373256668593 782.0
986.8815076876406 778.0
987.1256806907464 778.0
987.3698446756944 772.0
987.613999642001 781.0
987.8581455891829 795.0
988.1022825167574 782.0
988.3464104242408 778.0
988.5905293111508 792.0
988.8346391770036 784.0
989.0787400213161 774.0
989.3228318436055 777.0
989.5669146433884 774.0
989.8109884201817 773.0
990.0550531735024 786.0
990.2991089028674 762.0
990.5431556077934 779.0
990.7871932877973 776.0
991.031221942396 777.0
991.2752415711062 789.0
991.5192521734452 783.0
991.7632537489297 784.0
992.0072462970761 772.0
992.251229817402 769.0
992.4952043094236 773.0
992.7391697726582 781.0
992.9831262066227 780.0
993.2270736108336 792.0
993.4710119848082 769.0
993.7149413280629 790.0
993.958861640115 792.0
994.2027729204812 763.0
994.4466751686781 776.0
994.6905683842231 779.0
994.9344525666326 786.0
995.1783277154237 770.0
995.4221938301132 789.0
995.6660509102181 793.0
995.9098989552552 772.0
996.1537379647411 773.0
996.3975679381932 763.0
996.6413888751279 767.0
996.8852007750622 769.0
997.1290036375133 775.0
997.3727974619973 790.0
997.6165822480319 774.0
997.8603579951333 776.0
998.104124702819 786.0
998.3478823706055 768.0
998.5916309980095 777.0
998.8353705845483 779.0
999.0791011297383 794.0
999.3228226330968 779.0
999.5665350941406 771.0
999.8102385123861 766.0
1000.0539328873509 787.0
1000.2976182185512 789.0
1000.5412945055043 774.0
1000.7849617477269 784.0
1001.0286199447357 792.0
1001.2722690960481 775.0
1001.5159092011804 779.0
1001.75954025965 767.0
1002.003162270973 768.0
1002.246775234667 785.0
1002.4903791502487 783.0
1002.7339740172346 784.0
1002.9775598351421 781.0
1003.2211366034876 778.0
1003.4647043217884 795.0
1003.7082629895611 775.0
1003.9518126063224 786.0
1004.1953531715895 790.0
1004.4388846848791 786.0
1004.6824071457083 781.0
1004.9259205535938 759.0
1005.1694249080521 774.0
1005.4129202086007 773.0
1005.6564064547559 789.0
1005.8998836460353 780.0
1006.1433517819551 784.0
1006.3868108620323 789.0
1006.6302608857841 772.0
1006.8737018527269 794.0
1007.1171337623779 769.0
1007.3605566142537 784.0
1007.6039704078715 784.0
1007.8473751427481 778.0
1008.0907708184001 771.0
1008.3341574343445 803.0
1008.5775349900982 783.0
1008.8209034851784 777.0
1009.0642629191013 778.0
1009.3076132913841 765.0
1009.5509546015439 772.0
1009.7942868490973 779.0
1010.0376100335611 783.0
1010.2809241544525 769.0
1010.5242292112879 792.0
1010.7675252035845 778.0
1011.010812130859 765.0
1011.2540899926286 788.0
1011.4973587884098 778.0
1011.7406185177194 789.0
1011.9838691800747 780.0
1012.2271107749921 773.0
1012.470343301989 782.0
1012.7135667605817 787.0
1012.9567811502875 779.0
1013.1999864706231 786.0
1013.4431827211052 780.0
1013.686369901251 791.0
1013.929548010577 776.0
1014.1727170486006 777.0
1014.4158770148383 786.0
1014.6590279088067 770.0
1014.9021697300233 788.0
1015.1453024780044 780.0
1015.3884261522674 773.0
1015.6315407523286 775.0
1015.8746462777051 780.0
1016.1177427279141 779.0
1016.3608301024719 795.0
1016.603908400896 788.0
1016.8469776227028 799.0
1017.0900377674091 784.0
1017.3330888345322 795.0
1017.5761308235883 788.0
1017.8191637340951 766.0
1018.0621875655689 788.0
1018.3052023175269 795.0
1018.5482079894858 782.0
1018.7912045809622 785.0
1019.0341920914735 777.0
1019.2771705205361 772.0
1019.5201398676672 777.0
1019.7631001323837 787.0
1020.006051314202 768.0
1020.2489934126395 779.0
1020.4919264272125 773.0
1020.7348503574386 781.0
1020.9777652028342 786.0
1021.2206709629161 778.0
1021.4635676372014 779.0
1021.7064552252067 776.0
1021.9493337264495 787.0
1022.1922031404459 785.0
1022.4350634667132 785.0
1022.6779147047681 790.0
1022.9207568541273 769.0
1023.1635899143083 773.0
1023.4064138848273 786.0
1023.6492287652015 762.0
1023.8920345549478 783.0
1024.134831253583 763.0
1024.377618860624 766.0
1024.6203973755871 777.0
1024.8631667979898 791.0
1025.1059271273493 782.0
1025.3486783631818 779.0
1025.5914205050044 788.0
1025.8341535523336 765.0
1026.076877504687 785.0
1026.3195923615808 793.0
1026.5622981225324 778.0
1026.8049947870584 787.0
1027.0476823546753 759.0
1027.2903608249007 783.0
1027.5330301972513 774.0
1027.7756904712435 777.0
1028.0183416463947 778.0
1028.260983722221 787.0
1028.5036166982402 786.0
1028.7462405739689 773.0
1028.9888553489234 785.0
1029.2314610226213 774.0
1029.474057594579 779.0
1029.7166450643138 794.0
1029.9592234313418 789.0
1030.2017926951808 785.0
1030.4443528553472 770.0
1030.6869039113576 781.0
1030.9294458627296 771.0
1031.1719787089794 777.0
1031.414502449624 781.0
1031.6570170841808 768.0
1031.8995226121658 768.0
1032.1420190330966 778.0
1032.3845063464896 786.0
1032.6269845518618 785.0
1032.8694536487305 773.0
1033.111913636612 779.0
1033.3543645150232 780.0
1033.596806283481 770.0
1033.8392389415026 770.0
1034.081662488605 776.0
1034.324076924304 774.0
1034.566482248118 796.0
1034.8088784595625 788.0
1035.0512655581551 790.0
1035.2936435434124 783.0
1035.5360124148515 792.0
1035.778372171989 800.0
1036.020722814342 789.0
1036.2630643414275 773.0
1036.5053967527615 776.0
1036.7477200478622 771.0
1036.9900342262456 778.0
1037.2323392874284 779.0
1037.4746352309282 777.0
1037.7169220562612 778.0
1037.9591997629448 776.0
1038.2014683504956 759.0
1038.4437278184303 780.0
1038.685978166266 780.0
1038.9282193935196 776.0
1039.170451499708 782.0
1039.4126744843477 779.0
1039.6548883469559 779.0
1039.8970930870496 775.0
1040.1392887041452 784.0
1040.3814751977598 776.0
1040.6236525674105 766.0
1040.8658208126137 781.0
1041.107979932887 765.0
1041.3501299277466 788.0
1041.5922707967095 779.0
1041.8344025392926 779.0
1042.0765251550129 776.0
1042.3186386433872 793.0
1042.5607430039322 794.0
1042.802838236165 780.0
1043.0449243396022 777.0
1043.2870013137613 756.0
1043.5290691581586 768.0
1043.7711278723107 788.0
1044.013177455735 784.0
1044.2552179079482 762.0
1044.4972492284676 771.0
1044.7392714168093 786.0
1044.9812844724902 768.0
1045.223288395028 801.0
1045.4652831839387 779.0
1045.70726883874 777.0
1045.949245358948 793.0
1046.1912127440798 784.0
1046.4331709936528 775.0
1046.675120107183 774.0
1046.9170600841878 765.0
1047.1589909241836 777.0
1047.400912626688 780.0
1047.6428251912175 782.0
1047.8847286172886 789.0
1048.1266229044188 784.0
1048.3685080521243 789.0
1048.6103840599228 797.0
1048.8522509273307 776.0
1049.0941086538646 799.0
1049.3359572390418 777.0
1049.577796682379 777.0
1049.819626983393 770.0
1050.061448141601 783.0
1050.3032601565194 773.0
1050.5450630276655 767.0
1050.7868567545556 789.0
1051.0286413367073 781.0
1051.270416773637 775.0
1051.5121830648616 777.0
1051.7539402098982 781.0
1051.9956882082631 779.0
1052.237427059474 777.0
1052.479156763047 775.0
1052.7208773184996 781.0
1052.9625887253483 772.0
1053.2042909831098 762.0
1053.4459840913016 784.0
1053.6876680494397 779.0
1053.929342857042 790.0
1054.1710085136244 783.0
1054.4126650187043 777.0
1054.6543123717986 771.0
1054.8959505724238 780.0
1055.1375796200969 779.0
1055.3791995143351 772.0
1055.620810254655 789.0
1055.8624118405735 787.0
1056.1040042716074 780.0
1056.3455875472737 780.0
1056.5871616670893 788.0
1056.8287266305706 772.0
1057.070282437235 761.0
1057.3118290865991 785.0
1057.5533665781802 784.0
1057.7948949114943 799.0
1058.0364140860593 797.0
1058.2779241013916 778.0
1058.5194249570077 792.0
1058.760916652425 779.0
1059.0023991871599 763.0
1059.24387256073 772.0
1059.4853367726514 774.0
1059.7267918224413 767.0
1059.968237709617 781.0
1060.2096744336943 778.0
1060.451101994191 782.0
1060.6925203906237 776.0
1060.933929622509 781.0
1061.1753296893642 772.0
1061.4167205907056 777.0
1061.6581023260508 772.0
1061.8994748949162 772.0
1062.1408382968189 780.0
1062.3821925312755 772.0
1062.6235375978026 779.0
1062.8648734959181 767.0
1063.1062002251376 774.0
1063.3475177849793 776.0
1063.588826174959 787.0
1063.830125394594 778.0
1064.0714154434013 780.0
1064.312696320897 792.0
1064.553968026599 790.0
1064.7952305600238 770.0
1065.036483920688 789.0
1065.2777281081087 787.0
1065.5189631218025 779.0
1065.7601889612868 764.0
1066.001405626078 773.0
1066.2426131156928 773.0
1066.4838114296492 775.0
1066.7250005674625 774.0
1066.9661805286507 774.0
1067.2073513127305 777.0
1067.4485129192178 787.0
1067.689665347631 780.0
1067.9308085974856 766.0
1068.1719426682996 771.0
1068.413067559589 765.0
1068.654183270871 783.0
1068.8952898016628 778.0
1069.1363871514804 763.0
1069.3774753198418 772.0
1069.618554306263 773.0
1069.8596241102612 785.0
1070.100684731353 777.0
1070.3417361690556 776.0
1070.582778422886 780.0
1070.8238114923604 770.0
1071.0648353769964 780.0
1071.3058500763104 775.0
1071.5468555898192 795.0
1071.7878519170404 780.0
1072.02883905749 780.0
1072.2698170106853 794.0
1072.5107857761434 777.0
1072.75174535338 780.0
1072.9926957419138 773.0
1073.23363694126 767.0
1073.4745689509368 766.0
1073.7154917704597 777.0
1073.9564053993467 777.0
1074.1973098371145 788.0
1074.4382050832794 777.0
1074.6790911373587 765.0
1074.9199679988692 768.0
1075.1608356673278 782.0
1075.4016941422512 782.0
1075.6425434231562 777.0
1075.8833835095604 773.0
1076.1242144009796 784.0
1076.3650360969316 780.0
1076.6058485969324 775.0
1076.8466519004996 777.0
1077.0874460071498 768.0
1077.3282309163997 779.0
1077.5690066277664 779.0
1077.8097731407665 771.0
1078.0505304549172 781.0
1078.2912785697354 794.0
1078.5320174847377 787.0
1078.772747199441 785.0
1079.0134677133622 777.0
1079.2541790260184 794.0
1079.4948811369263 793.0
1079.7355740456023 784.0
1079.9762577515642 792.0
1080.2169322543277 789.0
1080.4575975534112 782.0
1080.6982536483301 782.0
1080.9389005386022 782.0
1081.179538223744 759.0
1081.4201667032721 794.0
1081.6607859767041 774.0
1081.9013960435564 775.0
1082.1419969033457 781.0
1082.382588555589 772.0
1082.6231709998035 780.0
1082.863744235506 779.0
1083.104308262213 767.0
1083.3448630794412 769.0
1083.5854086867082 770.0
1083.8259450835303 772.0
1084.0664722694248 780.0
1084.306990243908 747.0
1084.5474990064974 782.0
1084.7879985567097 780.0
1085.0284888940612 774.0
1085.2689700180695 774.0
1085.509441928251 775.0
1085.749904624123 776.0
1085.990358105202 775.0
1086.2308023710048 772.0
1086.4712374210485 769.0
1086.71166325485 764.0
1086.9520798719261 768.0
1087.1924872717937 784.0
1087.4328854539694 780.0
1087.6732744179706 787.0
1087.9136541633134 778.0
1088.1540246895156 779.0
1088.3943859960934 771.0
1088.6347380825637 775.0
1088.8750809484436 772.0
1089.1154145932499 787.0
1089.3557390164995 777.0
1089.5960542177095 778.0
1089.836360196396 779.0
1090.0766569520767 784.0
1090.3169444842679 768.0
1090.557222792487 774.0
1090.7974918762502 790.0
1091.037751735075 780.0
1091.2780023684782 761.0
1091.518243775976 783.0
1091.7584759570861 768.0
1091.9986989113247 768.0
1092.2389126382093 773.0
1092.4791171372563 764.0
1092.7193124079827 769.0
1092.9594984499054 769.0
1093.1996752625412 785.0
1093.4398428454072 780.0
1093.68000119802 779.0
1093.9201503198965 781.0
1094.1602902105537 778.0
1094.4004208695083 778.0
1094.6405422962773 790.0
1094.8806544903778 781.0
1095.120757451326 781.0
1095.3608511786392 779.0
1095.6009356718341 769.0
1095.8410109304282 768.0
1096.0810769539376 780.0
1096.3211337418795 768.0
1096.5611812937707 786.0
1096.8012196091279 787.0
1097.0412486874682 766.0
1097.2812685283084 765.0
1097.5212791311658 757.0
1097.7612804955563 774.0
1098.0012726209975 771.0
1098.2412555070064 784.0
1098.4812291530989 768.0
1098.721193558793 778.0
1098.961148723605 777.0
1099.2010946470518 780.0
1099.4410313286503 780.0
1099.6809587679172 777.0
1099.92087696437 775.0
1100.1607859175251 774.0
1100.400685626899 771.0
1100.640576092009 779.0
1100.880457312372 798.0
1101.1203292875052 780.0
1101.3601920169247 778.0
1101.6000455001479 777.0
1101.8398897366915 768.0
1102.079724726072 781.0
1102.3195504678072 782.0
1102.559366961413 773.0
1102.7991742064069 788.0
1103.0389722023056 770.0
1103.2787609486254 775.0
1103.5185404448844 773.0
1103.7583106905984 769.0
1103.9980716852845 780.0
1104.23782342846 765.0
1104.4775659196412 790.0
1104.7172991583454 780.0
1104.9570231440887 781.0
1105.1967378763893 763.0
1105.436443354763 773.0
1105.6761395787273 791.0
1105.9158265477986 776.0
1106.1555042614937 774.0
1106.3951727193298 772.0
1106.6348319208234 766.0
1106.8744818654923 772.0
1107.1141225528525 768.0
1107.3537539824208 780.0
1107.5933761537144 775.0
1107.8329890662503 765.0
1108.072592719545 769.0
1108.3121871131157 767.0
1108.551772246479 778.0
1108.7913481191517 780.0
1109.030914730651 788.0
1109.2704720804938 772.0
1109.5100201681967 773.0
1109.7495589932764 768.0
1109.9890885552504 779.0
1110.2286088536348 784.0
1110.4681198879473 769.0
1110.707621657704 780.0
1110.9471141624224 785.0
1111.1865974016187 794.0
1111.4260713748101 771.0
1111.665536081514 761.0
1111.9049915212463 773.0
1112.1444376935244 776.0
1112.3838745978653 764.0
1112.6233022337854 784.0
1112.8627206008023 779.0
1113.102129698432 765.0
1113.3415295261918 787.0
1113.5809200835986 781.0
1113.820301370169 779.0
1114.0596733854206 774.0
1114.2990361288694 762.0
1114.5383896000326 776.0
1114.7777337984273 765.0
1115.0170687235698 764.0
1115.2563943749778 764.0
1115.4957107521673 779.0
1115.7350178546556 780.0
1115.9743156819598 781.0
1116.213604233596 782.0
1116.452883509082 772.0
1116.692153507934 796.0
1116.9314142296694 787.0
1117.1706656738045 780.0
1117.4099078398563 785.0
1117.6491407273422 777.0
1117.8883643357783 762.0
1118.1275786646822 764.0
1118.36678371357 777.0
1118.6059794819594 763.0
1118.8451659693665 767.0
1119.0843431753085 757.0
1119.3235110993026 794.0
1119.5626697408647 795.0
1119.8018190995128 775.0
1120.0409591747637 781.0
1120.2800899661331 769.0
1120.519211473139 766.0
1120.7583236952978 765.0
1120.9974266321262 777.0
1121.236520283142 769.0
1121.4756046478608 766.0
1121.7146797258001 771.0
1121.9537455164768 780.0
1122.192802019408 768.0
1122.4318492341101 781.0
1122.6708871601 771.0
1122.909915796895 773.0
1123.1489351440111 767.0
1123.3879452009662 780.0
1123.6269459672762 770.0
1123.865937442459 783.0
1124.1049196260308 783.0
1124.3438925175087 762.0
