shot=104_gas=Ar_height=110_RF=249.0W_massflow=1000_coils=0.0A_HR4000 spectrum
Wavelength [nm] // Intensity [u.a.] 
194.93414 802.0
195.2037815346219 806.0
195.47341553816543 780.0
195.74304201014752 791.0
196.012660950085 787.0
196.28227235749478 811.0
196.55187623189366 815.0
196.82147257279857 801.0
197.09106137972637 809.0
197.36064265219392 801.0
197.63021638971804 806.0
197.89978259181567 800.0
198.16934125800364 807.0
198.43889238779886 802.0
198.7084359807181 795.0
198.97797203627835 798.0
199.2475005539964 815.0
199.51702153338914 805.0
199.78653497397343 784.0
200.05604087526618 796.0
200.3255392367842 808.0
200.59503005804436 796.0
200.8645133385636 796.0
201.1339890778587 798.0
201.4034572754466 818.0
201.67291793084408 810.0
201.94237104356813 808.0
202.21181661313554 808.0
202.48125463906314 810.0
202.7506851208679 793.0
203.02010805806663 800.0
203.28952345017618 797.0
203.55893129671344 805.0
203.8283315971953 803.0
204.0977243511386 816.0
204.3671095580602 802.0
204.636487217477 797.0
204.90585732890585 796.0
205.17521989186366 804.0
205.44457490586717 799.0
205.7139223704334 797.0
205.98326228507918 794.0
206.2525946493213 817.0
206.5219194626767 810.0
206.79123672466224 814.0
207.06054643479476 818.0
207.32984859259116 792.0
207.59914319756828 802.0
207.86843024924303 806.0
208.13770974713225 813.0
208.40698169075276 796.0
208.6762460796215 811.0
208.94550291325532 787.0
209.2147521911711 790.0
209.48399391288567 801.0
209.75322807791594 811.0
210.02245468577874 808.0
210.29167373599094 807.0
210.56088522806942 813.0
210.83008916153108 800.0
211.09928553589276 824.0
211.3684743506713 802.0
211.63765560538363 804.0
211.9068292995466 809.0
212.175995432677 805.0
212.44515400429182 808.0
212.71430501390782 806.0
212.98344846104192 811.0
213.25258434521103 810.0
213.52171266593191 806.0
213.79083342272153 812.0
214.05994661509675 795.0
214.3290522425744 804.0
214.5981503046713 800.0
214.8672408009044 813.0
215.13632373079054 800.0
215.4053990938466 790.0
215.6744668895894 790.0
215.94352711753592 794.0
216.21257977720293 810.0
216.48162486810728 797.0
216.7506623897659 793.0
217.01969234169565 808.0
217.2887147234134 819.0
217.55772953443596 802.0
217.82673677428028 808.0
218.0957364424632 812.0
218.36472853850154 798.0
218.6337130619122 792.0
218.9026900122121 802.0
219.17165938891804 805.0
219.4406211915469 803.0
219.70957541961562 801.0
219.97852207264097 806.0
220.24746115013983 789.0
220.5163926516291 816.0
220.78531657662566 826.0
221.05423292464639 806.0
221.32314169520808 798.0
221.59204288782766 811.0
221.860936502022 817.0
222.12982253730797 820.0
222.39870099320237 814.0
222.66757186922214 818.0
222.93643516488416 813.0
223.20529087970525 812.0
223.47413901320226 811.0
223.74297956489212 794.0
224.01181253429166 810.0
224.28063792091777 800.0
224.5494557242873 789.0
224.8182659439171 806.0
225.08706857932413 812.0
225.35586363002508 814.0
225.62465109553705 808.0
225.89343097537673 804.0
226.16220326906105 827.0
226.43096797610687 810.0
226.69972509603105 794.0
226.9684746283505 810.0
227.237216572582 792.0
227.50595092824256 813.0
227.7746776948489 804.0
228.04339687191796 801.0
228.31210845896663 804.0
228.5808124555117 810.0
228.84950886107015 803.0
229.11819767515877 811.0
229.38687889729442 805.0
229.65555252699397 810.0
229.92421856377433 810.0
230.1928770071524 811.0
230.46152785664492 826.0
230.73017111176884 801.0
230.99880677204106 810.0
231.26743483697837 803.0
231.53605530609772 796.0
231.8046681789159 811.0
232.07327345494983 809.0
232.34187113371638 813.0
232.61046121473237 802.0
232.87904369751473 800.0
233.14761858158028 806.0
233.41618586644586 803.0
233.68474555162845 808.0
233.95329763664483 799.0
234.2218421210119 793.0
234.49037900424648 806.0
234.7589082858655 815.0
235.02742996538583 810.0
235.29594404232427 808.0
235.56445051619772 800.0
235.8329493865231 802.0
236.10144065281722 811.0
236.36992431459691 783.0
236.63840037137916 809.0
236.9068688226808 810.0
237.1753296680186 796.0
237.44378290690955 800.0
237.7122285388704 799.0
237.9806665634181 805.0
238.24909698006957 807.0
238.51751978834153 800.0
238.78593498775095 803.0
239.0543425778147 804.0
239.32274255804958 807.0
239.59113492797255 801.0
239.8595196871004 797.0
240.12789683495004 808.0
240.3962663710383 784.0
240.66462829488208 795.0
240.93298260599826 803.0
241.2013293039037 814.0
241.46966838811522 808.0
241.73799985814978 806.0
242.00632371352418 812.0
242.27463995375527 807.0
242.54294857835998 820.0
242.81124958685515 810.0
243.07954297875764 813.0
243.34782875358434 813.0
243.61610691085207 806.0
243.88437745007772 806.0
244.15264037077822 824.0
244.42089567247035 805.0
244.68914335467105 810.0
244.95738341689716 813.0
245.2256158586655 812.0
245.493840679493 818.0
245.76205787889654 802.0
246.03026745639292 794.0
246.29846941149904 799.0
246.5666637437318 802.0
246.834850452608 806.0
247.1030295376446 801.0
247.37120099835838 799.0
247.63936483426627 794.0
247.9075210448851 802.0
248.17566962973177 804.0
248.4438105883231 798.0
248.71194392017603 810.0
248.98006962480733 809.0
249.248187701734 795.0
249.51629815047275 812.0
249.78440097054056 795.0
250.05249616145431 793.0
250.32058372273076 799.0
250.5886636538869 812.0
250.85673595443953 813.0
251.12480062390551 807.0
251.39285766180177 794.0
251.6609070676451 795.0
251.92894884095242 796.0
252.19698298124058 805.0
252.46500948802645 808.0
252.73302836082692 808.0
253.00103959915882 807.0
253.26904320253902 807.0
253.53703917048443 815.0
253.80502750251188 796.0
254.07300819813827 810.0
254.34098125688044 790.0
254.60894667825525 814.0
254.87690446177962 818.0
255.14485460697037 791.0
255.41279711334434 822.0
255.6807319804185 815.0
255.94865920770962 811.0
256.2165787947346 819.0
256.48449074101035 812.0
256.75239504605366 799.0
257.02029170938147 811.0
257.28818073051065 811.0
257.556062108958 795.0
257.8239358442404 804.0
258.0918019358748 793.0
258.35966038337796 800.0
258.6275111862668 801.0
258.8953543440582 810.0
259.163189856269 812.0
259.4310177224162 813.0
259.6988379420164 795.0
259.9666505145867 806.0
260.23445543964385 806.0
260.50225271670473 813.0
260.77004234528624 798.0
261.03782432490533 802.0
261.3055986550787 811.0
261.5733653353234 794.0
261.8411243651561 805.0
262.1088757440937 803.0
262.37661947165327 814.0
262.6443555473515 805.0
262.9120839707053 811.0
263.1798047412315 820.0
263.44751785844704 805.0
263.7152233218687 811.0
263.98292113101354 785.0
264.2506112853982 813.0
264.51829378453965 805.0
264.7859686279547 798.0
265.05363581516025 823.0
265.32129534567326 799.0
265.5889472190105 798.0
265.8565914346889 815.0
266.1242279922252 786.0
266.39185689113634 806.0
266.65947813093925 804.0
266.9270917111508 819.0
267.19469763128774 804.0
267.46229589086704 796.0
267.72988648940554 806.0
267.9974694264201 805.0
268.2650447014276 807.0
268.53261231394487 802.0
268.80017226348883 803.0
269.0677245495763 812.0
269.3352691717242 802.0
269.60280612944933 793.0
269.8703354222686 797.0
270.13785704969894 802.0
270.40537101125716 796.0
270.67287730646007 808.0
270.9403759348246 797.0
271.2078668958677 795.0
271.47535018910605 798.0
271.7428258140567 805.0
272.01029377023633 802.0
272.2777540571619 792.0
272.5452066743504 814.0
272.81265162131854 800.0
273.08008889758327 812.0
273.34751850266144 805.0
273.6149404360698 807.0
273.8823546973254 808.0
274.1497612859451 807.0
274.4171602014456 804.0
274.6845514433439 803.0
274.95193501115676 805.0
275.2193109044012 799.0
275.486679122594 809.0
275.7540396652521 799.0
276.02139253189216 797.0
276.2887377220313 805.0
276.55607523518626 800.0
276.82340507087395 817.0
277.09072722861123 830.0
277.3580417079149 805.0
277.62534850830195 798.0
277.8926476292892 796.0
278.1599390703934 806.0
278.4272228311316 792.0
278.69449891102056 810.0
278.96176730957717 797.0
279.22902802631836 803.0
279.4962810607609 825.0
279.76352641242164 814.0
280.0307640808177 818.0
280.29799406546556 803.0
280.5652163658824 794.0
280.8324309815849 819.0
281.09963791209003 810.0
281.3668371569146 803.0
281.6340287155756 809.0
281.9012125875897 821.0
282.168388772474 813.0
282.4355572697452 807.0
282.7027180789201 793.0
282.9698711995158 791.0
283.23701663104896 817.0
283.50415437303667 803.0
283.77128442499554 815.0
284.0384067864426 793.0
284.3055214568946 809.0
284.57262843586864 809.0
284.8397277228814 805.0
285.1068193174497 812.0
285.37390321909055 805.0
285.6409794273207 796.0
285.9080479416572 812.0
286.1751087616167 807.0
286.4421618867162 804.0
286.7092073164725 799.0
286.9762450504025 792.0
287.24327508802315 805.0
287.5102974288511 812.0
287.77731207240345 815.0
288.04431901819703 803.0
288.3113182657485 796.0
288.578309814575 804.0
288.84529366419326 799.0
289.1122698141201 797.0
289.37923826387254 802.0
289.6461990129674 806.0
289.91315206092133 820.0
290.18009740725154 803.0
290.44703505147464 803.0
290.7139649931077 803.0
290.98088723166734 795.0
291.24780176667065 797.0
291.5147085976344 812.0
291.78160772407557 816.0
292.04849914551085 794.0
292.3153828614572 819.0
292.58225887143146 788.0
292.8491271749505 805.0
293.1159877715313 793.0
293.3828406606906 806.0
293.6496858419453 802.0
293.9165233148123 805.0
294.1833530788084 794.0
294.4501751334505 796.0
294.71698947825547 800.0
294.9837961127402 791.0
295.2505950364216 808.0
295.5173862488164 804.0
295.78416974944156 811.0
296.050945537814 807.0
296.31771361345045 820.0
296.584473975868 806.0
296.8512266245832 810.0
297.11797155911313 808.0
297.38470877897464 830.0
297.6514382836846 812.0
297.9181600727598 793.0
298.18487414571723 800.0
298.4515805020736 804.0
298.71827914134593 806.0
298.9849700630511 797.0
299.2516532667058 801.0
299.518328751827 800.0
299.78499651793163 798.0
300.0516565645365 803.0
300.3183088911584 796.0
300.58495349731436 803.0
300.8515903825211 811.0
301.1182195462956 796.0
301.3848409881546 808.0
301.65145470761513 801.0
301.91806070419403 801.0
302.184658977408 806.0
302.4512495267741 807.0
302.7178323518091 814.0
302.9844074520298 811.0
303.2509748269532 806.0
303.5175344760962 809.0
303.78408639897555 799.0
304.0506305951082 802.0
304.31716706401096 803.0
304.58369580520065 808.0
304.8502168181943 785.0
305.1167301025086 802.0
305.3832356576606 803.0
305.649733483167 798.0
305.9162235785447 805.0
306.1827059433106 792.0
306.4491805769817 804.0
306.7156474790747 822.0
306.98210664910647 807.0
307.2485580865939 802.0
307.5150017910539 804.0
307.7814377620034 799.0
308.0478659989591 809.0
308.31428650143795 801.0
308.58069926895683 805.0
308.8471043010326 802.0
309.1135015971821 808.0
309.37989115692227 790.0
309.6462729797699 805.0
309.91264706524197 811.0
310.1790134128551 803.0
310.4453720221265 809.0
310.71172289257277 810.0
310.97806602371094 813.0
311.2444014150577 802.0
311.5107290661301 825.0
311.777048976445 816.0
312.04336114551904 806.0
312.30966557286945 814.0
312.5759622580128 802.0
312.8422512004661 792.0
313.1085323997461 800.0
313.3748058553698 809.0
313.641071566854 804.0
313.90732953371554 805.0
314.17357975547145 793.0
314.4398222316384 802.0
314.70605696173334 811.0
314.9722839452731 804.0
315.23850318177466 814.0
315.50471467075477 816.0
315.7709184117303 787.0
316.0371144042182 799.0
316.3033026477353 811.0
316.56948314179846 806.0
316.8356558859246 796.0
317.1018208796305 792.0
317.36797812243304 793.0
317.6341276138491 813.0
317.90026935339563 812.0
318.1664033405894 806.0
318.4325295749473 808.0
318.6986480559862 809.0
318.96475878322303 806.0
319.2308617561746 801.0
319.4969569743577 800.0
319.76304443728935 796.0
320.0291241444864 793.0
320.2951960954656 806.0
320.5612602897438 799.0
320.82731672683815 799.0
321.0933654062652 801.0
321.359406327542 811.0
321.6254394901853 808.0
321.891464893712 813.0
322.157482537639 794.0
322.4234924214832 822.0
322.68949454476143 803.0
322.95548890699064 814.0
323.2214755076875 816.0
323.487454346369 800.0
323.753425422552 798.0
324.01938873575347 790.0
324.2853442854901 801.0
324.55129207127885 812.0
324.8172320926366 787.0
325.08316434908016 787.0
325.34908884012646 811.0
325.61500556529234 807.0
325.8809145240947 811.0
326.14681571605024 803.0
326.4127091406761 801.0
326.6785947974889 786.0
326.9444726860058 803.0
327.2103428057433 805.0
327.47620515621855 804.0
327.74205973694836 809.0
328.00790654744947 808.0
328.2737455872389 799.0
328.5395768558335 802.0
328.80540035275004 813.0
329.0712160775054 814.0
329.33702402961654 816.0
329.6028242086002 796.0
329.86861661397353 796.0
330.13440124525306 802.0
330.4001781019559 819.0
330.66594718359863 816.0
330.9317084896984 811.0
331.19746201977205 812.0
331.46320777333636 807.0
331.7289457499082 793.0
331.9946759490044 814.0
332.2603983701419 825.0
332.5261130128375 812.0
332.79181987660826 796.0
333.05751896097087 804.0
333.3232102654422 798.0
333.58889378953916 807.0
333.85456953277856 808.0
334.1202374946774 797.0
334.38589767475247 797.0
334.6515500725206 825.0
334.9171946874987 802.0
335.18283151920355 797.0
335.4484605671522 802.0
335.7140818308614 803.0
335.97969530984807 795.0
336.245301003629 805.0
336.51089891172114 804.0
336.77648903364127 806.0
337.04207136890636 815.0
337.30764591703326 827.0
337.5732126775387 804.0
337.83877164993976 789.0
338.10432283375314 812.0
338.36986622849577 805.0
338.63540183368457 804.0
338.9009296488363 806.0
339.16644967346787 801.0
339.4319619070962 809.0
339.6974663492381 817.0
339.9629629994105 797.0
340.22845185713027 807.0
340.4939329219141 803.0
340.75940619327906 800.0
341.02487167074196 798.0
341.2903293538197 811.0
341.555779242029 811.0
341.821221334887 803.0
342.0866556319103 803.0
342.3520821326158 807.0
342.6175008365205 798.0
342.8829117431413 812.0
343.1483148519949 813.0
343.41371016259825 805.0
343.6790976744682 808.0
343.9444773871216 794.0
344.20984930007546 798.0
344.4752134128465 805.0
344.74056972495157 812.0
345.0059182359076 796.0
345.27125894523147 809.0
345.53659185244 815.0
345.80191695705014 806.0
346.0672342585787 803.0
346.3325437565426 804.0
346.5978454504585 796.0
346.8631393398436 804.0
347.1284254242145 797.0
347.3937037030882 799.0
347.6589741759816 789.0
347.92423684241146 799.0
348.1894917018946 823.0
348.4547387539481 810.0
348.71997799808867 810.0
348.9852094338332 812.0
349.2504330606986 813.0
349.51564887820166 821.0
349.7808568858593 808.0
350.0460570831885 807.0
350.31124946970584 813.0
350.57643404492853 822.0
350.84161080837316 807.0
351.1067797595568 788.0
351.3719408979961 808.0
351.63709422320824 798.0
351.90223973470984 798.0
352.16737743201776 798.0
352.43250731464894 789.0
352.69762938212034 784.0
352.9627436339487 814.0
353.2278500696509 804.0
353.49294868874387 802.0
353.7580394907444 815.0
354.02312247516943 823.0
354.28819764153576 810.0
354.55326498936034 819.0
354.81832451816 796.0
355.08337622745165 796.0
355.348420116752 804.0
355.613456185578 793.0
355.8784844334467 803.0
356.1435048598747 810.0
356.4085174643791 802.0
356.6735222464765 805.0
356.938519205684 808.0
357.2035083415184 799.0
357.46848965349653 804.0
357.73346314113536 792.0
357.9984288039516 818.0
358.2633866414622 807.0
358.528336653184 804.0
358.793278838634 808.0
359.05821319732894 804.0
359.3231397287857 805.0
359.5880584325211 805.0
359.8529693080521 792.0
360.1178723548955 793.0
360.3827675725683 804.0
360.64765496058726 803.0
360.9125345184692 805.0
361.1774062457311 799.0
361.44227014188965 792.0
361.707126206462 810.0
361.9719744389649 793.0
362.2368148389151 794.0
362.5016474058295 796.0
362.766472139225 817.0
363.0312890386186 804.0
363.296098103527 802.0
363.5608993334672 804.0
363.82569272795587 786.0
364.09047828651006 797.0
364.35525600864656 802.0
364.6200258938823 813.0
364.8847879417341 804.0
365.1495421517188 810.0
365.41428852335326 819.0
365.67902705615444 802.0
365.9437577496392 808.0
366.2084806033243 807.0
366.4731956167267 808.0
366.7379027893632 807.0
367.0026021207507 800.0
367.2672936104061 801.0
367.5319772578463 813.0
367.79665306258806 824.0
368.06132102414836 810.0
368.32598114204393 809.0
368.59063341579173 827.0
368.85527784490864 808.0
369.1199144289115 787.0
369.3845431673172 804.0
369.6491640596426 792.0
369.91377710540445 791.0
370.1783823041198 802.0
370.44297965530546 807.0
370.70756915847835 793.0
370.97215081315517 797.0
371.2367246188529 812.0
371.5012905750884 810.0
371.7658486813786 805.0
372.0303989372402 794.0
372.29494134219027 805.0
372.5594758957455 806.0
372.82400259742286 805.0
373.08852144673915 804.0
373.3530324432114 820.0
373.6175355863563 796.0
373.8820308756908 812.0
374.1465183107317 805.0
374.410997890996 807.0
374.6754696160004 800.0
374.93993348526186 791.0
375.2043894982973 803.0
375.4688376546235 819.0
375.7332779537573 792.0
375.9977103952157 803.0
376.26213497851546 805.0
376.52655170317354 789.0
376.7909605687067 815.0
377.05536157463183 809.0
377.3197547204658 798.0
377.5841400057256 796.0
377.84851742992794 788.0
378.11288699258984 796.0
378.37724869322795 806.0
378.64160253135935 808.0
378.90594850650075 803.0
379.1702866181692 803.0
379.4346168658814 801.0
379.69893924915425 814.0
379.9632537675047 795.0
380.2275604204495 793.0
380.49185920750574 812.0
380.75615012819 817.0
381.0204331820193 830.0
381.2847083685105 807.0
381.5489756871804 809.0
381.8132351375459 801.0
382.07748671912407 809.0
382.34173043143153 809.0
382.6059662739852 804.0
382.8701942463019 806.0
383.1344143478986 796.0
383.3986265782921 807.0
383.6628309369994 805.0
383.92702742353725 817.0
384.1912160374225 806.0
384.45539677817203 797.0
384.7195696453027 798.0
384.98373463833155 804.0
385.2478917567753 795.0
385.5120410001507 814.0
385.7761823679748 800.0
386.0403158597644 818.0
386.30444147503647 812.0
386.5685592133077 818.0
386.8326690740951 795.0
387.09677105691543 808.0
387.36086516128563 796.0
387.6249513867226 811.0
387.88902973274315 795.0
388.15310019886414 794.0
388.41716278460245 807.0
388.68121748947493 790.0
388.9452643129986 808.0
389.2093032546901 803.0
389.47333431406645 795.0
389.73735749064434 801.0
390.0013727839409 804.0
390.2653801934728 811.0
390.52937971875696 808.0
390.7933713593103 803.0
391.05735511464974 785.0
391.3213309842919 809.0
391.5852989677539 808.0
391.8492590645524 802.0
392.1132112742045 791.0
392.37715559622694 790.0
392.6410920301366 804.0
392.9050205754503 799.0
393.1689412316849 812.0
393.43285399835736 800.0
393.69675887498465 808.0
393.96065586108335 807.0
394.2245449561705 804.0
394.4884261597629 819.0
394.75229947137757 814.0
395.01616489053123 805.0
395.28002241674085 806.0
395.5438720495231 804.0
395.80771378839506 802.0
396.0715476328735 807.0
396.33537358247537 819.0
396.5991916367174 800.0
396.86300179511665 815.0
397.12680405718976 808.0
397.39059842245376 808.0
397.65438489042543 802.0
397.91816346062177 799.0
398.18193413255955 816.0
398.4456969057556 819.0
398.7094517797268 814.0
398.97319875399006 794.0
399.2369378280623 790.0
399.50066900146027 813.0
399.764392273701 802.0
400.02810764430114 801.0
400.2918151127777 801.0
400.55551467864757 796.0
400.81920634142756 797.0
401.08289010063453 801.0
401.34656595578537 807.0
401.6102339063969 817.0
401.8738939519861 821.0
402.1375460920697 804.0
402.4011903261647 798.0
402.6648266537879 811.0
402.92845507445617 817.0
403.1920755876863 800.0
403.4556881929953 812.0
403.71929288990003 804.0
403.98288967791734 805.0
404.246478556564 818.0
404.5100595253569 819.0
404.77363258381297 816.0
405.03719773144906 800.0
405.3007549677821 811.0
405.56430429232887 797.0
405.82784570460626 817.0
406.0913792041311 797.0
406.35490479042033 810.0
406.61842246299085 786.0
406.88193222135936 797.0
407.14543406504293 808.0
407.4089279935582 803.0
407.6724140064223 804.0
407.9358921031519 807.0
408.19936228326395 806.0
408.4628245462754 806.0
408.7262788917029 806.0
408.9897253190635 805.0
409.25316382787395 811.0
409.5165944176513 796.0
409.7800170879122 794.0
410.04343183817366 797.0
410.30683866795243 809.0
410.57023757676546 804.0
410.83362856412975 803.0
411.09701162956185 822.0
411.3603867725789 811.0
411.62375399269763 805.0
411.887113289435 826.0
412.1504646623078 808.0
412.4138081108329 808.0
412.6771436345273 787.0
412.94047123290767 801.0
413.20379090549096 794.0
413.46710265179405 804.0
413.7304064713339 803.0
413.9937023636272 793.0
414.25699032819097 793.0
414.52027036454194 807.0
414.78354247219704 809.0
415.0468066506732 810.0
415.31006289948726 817.0
415.5733112181561 808.0
415.83655160619645 832.0
416.0997840631253 827.0
416.3630085884595 808.0
416.62622518171594 819.0
416.8894338424115 803.0
417.152634570063 794.0
417.4158273641873 814.0
417.67901222430123 802.0
417.9421891499217 806.0
418.2053581405658 813.0
418.46851919575005 804.0
418.7316723149915 822.0
418.99481749780693 806.0
419.2579547437133 839.0
419.5210840522274 834.0
419.78420542286625 823.0
420.04731885514644 814.0
420.31042434858506 802.0
420.573521902699 812.0
420.83661151700494 804.0
421.0996931910199 796.0
421.3627669242608 801.0
421.6258327162443 804.0
421.88889056648736 804.0
422.1519404745069 802.0
422.41498243981977 801.0
422.6780164619429 820.0
422.9410425403929 806.0
423.2040606746869 818.0
423.46707086434174 815.0
423.7300731088742 803.0
423.9930674078012 816.0
424.25605376063965 801.0
424.5190321669063 808.0
424.782002626118 817.0
425.0449651377918 831.0
425.30791970144446 809.0
425.57086631659286 829.0
425.83380498275386 827.0
426.0967356994443 811.0
426.3596584661811 818.0
426.6225732824811 820.0
426.88548014786113 806.0
427.14837906183817 798.0
427.411270023929 805.0
427.6741530336505 804.0
427.9370280905195 813.0
428.199895194053 807.0
428.46275434376776 797.0
428.72560553918066 806.0
428.98844877980855 804.0
429.2512840651683 804.0
429.51411139477693 806.0
429.77693076815115 817.0
430.03974218480784 807.0
430.3025456442639 808.0
430.5653411460361 806.0
430.82812868964146 815.0
431.09090827459687 802.0
431.353679900419 822.0
431.61644356662487 805.0
431.87919927273134 808.0
432.1419470182551 801.0
432.40468680271334 809.0
432.66741862562276 801.0
432.93014248650013 788.0
433.1928583848624 806.0
433.45556632022647 809.0
433.7182662921092 817.0
433.9809583000275 805.0
434.24364234349815 809.0
434.506318422038 807.0
434.768986535164 817.0
435.031646682393 796.0
435.2942988632418 800.0
435.55694307722734 804.0
435.81957932386655 805.0
436.08220760267614 794.0
436.34482791317305 815.0
436.6074402548742 796.0
436.8700446272964 796.0
437.1326410299566 794.0
437.3952294623715 785.0
437.65780992405803 807.0
437.9203824145332 802.0
438.1829469333138 796.0
438.4455034799166 794.0
438.7080520538586 806.0
438.9705926546565 805.0
439.23312528182737 790.0
439.49564993488787 804.0
439.7581666133551 810.0
440.0206753167459 804.0
440.28317604457686 808.0
440.5456687963651 804.0
440.8081535716274 793.0
441.07063036988075 799.0
441.3330991906418 798.0
441.5955600334276 805.0
441.858012897755 807.0
442.12045778314075 813.0
442.3828946891018 804.0
442.6453236151551 806.0
442.9077445608174 798.0
443.17015752560553 792.0
443.4325625090365 805.0
443.69495951062703 811.0
443.95734852989415 803.0
444.21972956635454 807.0
444.4821026195253 802.0
444.74446768892307 795.0
445.00682477406485 799.0
445.2691738744674 809.0
445.5315149896478 798.0
445.79384811912274 813.0
446.05617326240906 804.0
446.31849041902376 803.0
446.58079958848356 802.0
446.8431007703055 798.0
447.10539396400634 812.0
447.367679169103 804.0
447.6299563851123 797.0
447.892225611551 801.0
448.15448684793625 807.0
448.4167400937847 805.0
448.67898534861325 804.0
448.9412226119389 808.0
449.2034518832783 796.0
449.46567316214856 814.0
449.72788644806633 808.0
449.99009174054856 809.0
450.2522890391122 826.0
450.514478343274 809.0
450.77665965255085 802.0
451.0388329664597 826.0
451.30099828451733 823.0
451.5631556062406 811.0
451.82530493114655 793.0
452.08744625875175 796.0
452.3495795885734 801.0
452.6117049201281 811.0
452.87382225293277 804.0
453.13593158650446 803.0
453.3980329203598 782.0
453.6601262540158 813.0
453.9222115869893 811.0
454.1842889187971 799.0
454.4463582489562 814.0
454.70841957698343 820.0
454.97047290239556 786.0
455.23251822470957 785.0
455.49455554344223 809.0
455.75658485811044 802.0
456.0186061682312 809.0
456.2806194733211 805.0
456.5426247728973 815.0
456.8046220664765 797.0
457.0666113535756 816.0
457.32859263371154 815.0
457.5905659064011 812.0
457.8525311711611 796.0
458.1144884275086 818.0
458.37643767496024 801.0
458.6383789130331 814.0
458.9003121412439 796.0
459.1622373591095 803.0
459.4241545661469 809.0
459.68606376187284 801.0
459.9479649458043 821.0
460.2098581174581 809.0
460.471743276351 802.0
460.733620422 803.0
460.9954895539219 789.0
461.2573506716337 791.0
461.51920377465206 810.0
461.78104886249406 822.0
462.0428859346764 815.0
462.304714990716 814.0
462.5665360301298 809.0
462.82834905243453 802.0
463.09015405714723 784.0
463.35195104378465 804.0
463.6137400118636 807.0
463.8755209609011 810.0
464.13729389041396 805.0
464.399058799919 792.0
464.6608156889332 790.0
464.92256455697327 814.0
465.18430540355615 809.0
465.4460382281988 804.0
465.707763030418 794.0
465.96947980973056 814.0
466.23118856565344 791.0
466.49288929770347 817.0
466.75458200539765 806.0
467.0162666882526 813.0
467.27794334578533 792.0
467.5396119775127 803.0
467.8012725829516 812.0
468.0629251616188 815.0
468.3245697130314 810.0
468.586206236706 801.0
468.8478347321596 821.0
469.109455198909 808.0
469.3710676364711 808.0
469.6326720443629 805.0
469.89426842210105 804.0
470.1558567692025 806.0
470.4174370851842 807.0
470.6790093695629 787.0
470.94057362185555 819.0
471.20212984157905 798.0
471.4636780282501 805.0
471.72521818138574 801.0
471.9867503005027 813.0
472.248274385118 799.0
472.5097904347484 790.0
472.7712984489108 793.0
473.03279842712203 828.0
473.29429036889906 809.0
473.55577427375863 801.0
473.8172501412177 799.0
474.07871797079315 802.0
474.34017776200176 796.0
474.6016295143605 807.0
474.8630732273861 804.0
475.1245089005955 808.0
475.3859365335057 806.0
475.64735612563334 805.0
475.9087676764954 806.0
476.1701711856088 812.0
476.4315666524903 824.0
476.6929540766569 811.0
476.95433345762535 814.0
477.2157047949125 804.0
477.47706808803537 812.0
477.7384233365106 812.0
477.9997705398553 809.0
478.26110969758616 793.0
478.52244080922014 809.0
478.78376387427414 818.0
479.04507889226494 810.0
479.3063858627094 798.0
479.5676847851245 802.0
479.828975659027 806.0
480.0902584839338 800.0
480.3515332593618 803.0
480.61279998482775 803.0
480.8740586598487 812.0
481.13530928394147 811.0
481.3965518566228 803.0
481.65778637740965 809.0
481.9190128458189 808.0
482.1802312613674 807.0
482.4414416235721 812.0
482.70264393194964 795.0
482.9638381860171 813.0
483.2250243852913 800.0
483.4862025292891 786.0
483.7473726175273 808.0
484.0085346495229 806.0
484.26968862479265 811.0
484.5308345428534 797.0
484.79197240322225 813.0
485.0531022054157 814.0
485.314223948951 800.0
485.57533763334476 805.0
485.8364432581139 811.0
486.0975408227754 802.0
486.35863032684597 793.0
486.61971176984247 796.0
486.880785151282 799.0
487.1418504706812 797.0
487.402907727557 795.0
487.66395692142635 799.0
487.92499805180597 809.0
488.18603111821284 784.0
488.44705612016384 807.0
488.7080730571757 796.0
488.9690819287655 796.0
489.2300827344499 809.0
489.49107547374587 814.0
489.75206014617027 812.0
490.01303675124 822.0
490.27400528847187 808.0
490.53496575738274 803.0
490.79591815748955 810.0
491.05686248830915 822.0
491.31779874935836 806.0
491.57872694015396 813.0
491.8396470602131 800.0
492.1005591090524 813.0
492.3614630861888 803.0
492.6223589911392 806.0
492.88324682342045 803.0
493.14412658254946 808.0
493.40499826804296 804.0
493.66586187941795 800.0
493.92671741619125 815.0
494.18756487787977 812.0
494.44840426400026 817.0
494.70923557406974 808.0
494.97005880760497 796.0
495.23087396412285 802.0
495.4916810431403 808.0
495.7524800441741 809.0
496.01327096674123 791.0
496.27405381035845 811.0
496.53482857454264 807.0
496.79559525881075 803.0
497.05635386267954 820.0
497.31710438566597 801.0
497.57784682728686 804.0
497.8385811870591 819.0
498.0993074644995 802.0
498.360025659125 804.0
498.6207357704524 804.0
498.88143779799873 809.0
499.14213174128065 789.0
499.40281759981514 807.0
499.6634953731191 799.0
499.92416506070924 788.0
500.1848266621026 817.0
500.445480176816 818.0
500.70612560436615 816.0
500.96676294427016 806.0
501.22739219604483 798.0
501.48801335920695 796.0
501.74862643327344 782.0
502.00923141776116 800.0
502.2698283121869 804.0
502.5304171160677 821.0
502.7909978289203 807.0
503.0515704502616 810.0
503.31213497960846 812.0
503.57269141647777 815.0
503.8332397603864 808.0
504.09378001085116 818.0
504.354312167389 817.0
504.6148362295168 808.0
504.8753521967513 807.0
505.1358600686094 801.0
505.3963598446082 818.0
505.6568515242642 806.0
505.9173351070945 803.0
506.17781059261597 808.0
506.4382779803454 821.0
506.69873726979966 803.0
506.95918846049574 805.0
507.2196315519502 807.0
507.4800665436803 798.0
507.74049343520267 798.0
508.00091222603425 803.0
508.261322915692 815.0
508.5217255036924 796.0
508.7821199895529 779.0
509.0425063727899 802.0
509.3028846529204 807.0
509.5632548294615 796.0
509.8236169019296 805.0
510.0839708698421 810.0
510.3443167327155 801.0
510.60465449006676 818.0
510.8649841414127 805.0
511.12530568627034 806.0
511.3856191241566 806.0
511.64592445458794 807.0
511.90622167708165 794.0
512.1665107911545 797.0
512.4267917963232 806.0
512.6870646921047 795.0
512.947329478016 799.0
513.2075861535739 785.0
513.467834718295 809.0
513.7280751716964 797.0
513.9883075132952 804.0
514.248531742608 810.0
514.5087478591515 800.0
514.7689558624429 802.0
515.0291557519989 803.0
515.2893475273365 820.0
515.5495311879723 814.0
515.8097067334235 825.0
516.0698741632067 811.0
516.3300334768389 811.0
516.5901846738369 807.0
516.8503277537177 801.0
517.1104627159981 797.0
517.3705895601947 815.0
517.630708285825 822.0
517.8908188924053 803.0
518.1509213794526 820.0
518.411015746484 805.0
518.6711019930159 810.0
518.9311801185657 812.0
519.19125012265 806.0
519.4513120047856 808.0
519.7113657644896 823.0
519.9714114012784 800.0
520.2314489146695 821.0
520.4914783041794 830.0
520.751499569325 794.0
521.0115127096234 810.0
521.271517724591 816.0
521.5315146137451 801.0
521.7915033766022 825.0
522.0514840126796 807.0
522.3114565214938 808.0
522.5714209025618 804.0
522.8313771554007 801.0
523.0913252795269 809.0
523.3512652744578 793.0
523.6111971397097 803.0
523.8711208747998 797.0
524.1310364792452 805.0
524.390943952562 803.0
524.6508432942679 812.0
524.9107345038794 815.0
525.1706175809132 815.0
525.4304925248866 814.0
525.690359335316 805.0
525.9502180117188 792.0
526.2100685536113 794.0
526.4699109605107 805.0
526.729745231934 812.0
526.9895713673975 808.0
527.2493893664187 798.0
527.5091992285141 806.0
527.7690009532007 806.0
528.0287945399953 804.0
528.2885799884149 801.0
528.5483572979764 804.0
528.8081264681963 809.0
529.0678874985917 801.0
529.3276403886796 802.0
529.5873851379768 822.0
529.8471217460001 802.0
530.1068502122662 804.0
530.3665705362923 807.0
530.6262827175951 799.0
530.8859867556915 804.0
531.1456826500984 811.0
531.4053704003326 802.0
531.6650500059111 815.0
531.9247214663504 809.0
532.1843847811678 798.0
532.4440399498801 812.0
532.7036869720038 803.0
532.9633258470562 820.0
533.222956574554 821.0
533.4825791540142 812.0
533.7421935849534 806.0
534.0017998668885 803.0
534.2613979993366 811.0
534.5209879818145 804.0
534.780569813839 790.0
535.0401434949268 790.0
535.2997090245951 792.0
535.5592664023607 786.0
535.8188156277402 803.0
536.0783567002508 811.0
536.3378896194092 812.0
536.5974143847321 807.0
536.8569309957369 802.0
537.1164394519398 813.0
537.3759397528582 815.0
537.6354318980087 787.0
537.8949158869082 806.0
538.1543917190737 816.0
538.4138593940218 812.0
538.6733189112697 803.0
538.932770270334 795.0
539.1922134707318 801.0
539.4516485119797 803.0
539.7110753935946 802.0
539.9704941150937 802.0
540.2299046759937 818.0
540.4893070758112 806.0
540.7487013140633 795.0
541.008087390267 810.0
541.2674653039389 816.0
541.526835054596 818.0
541.7861966417552 808.0
542.0455500649333 799.0
542.3048953236471 812.0
542.5642324174137 807.0
542.8235613457497 800.0
543.0828821081722 786.0
543.3421947041979 808.0
543.6014991333436 792.0
543.8607953951266 801.0
544.1200834890632 800.0
544.3793634146708 800.0
544.6386351714658 816.0
544.8978987589653 809.0
545.1571541766862 804.0
545.4164014241451 812.0
545.6756405008593 796.0
545.9348714063455 811.0
546.1940941401203 816.0
546.4533087017008 817.0
546.712515090604 823.0
546.9717133063466 804.0
547.2309033484453 813.0
547.4900852164174 804.0
547.7492589097793 810.0
548.0084244280482 812.0
548.2675817707409 817.0
548.526730937374 804.0
548.7858719274648 812.0
549.0450047405299 814.0
549.3041293760863 813.0
549.5632458336507 806.0
549.82235411274 807.0
550.0814542128714 803.0
550.3405461335612 802.0
550.5996298743269 812.0
550.8587054346848 817.0
551.117772814152 809.0
551.3768320122455 797.0
551.6358830284819 799.0
551.8949258623783 807.0
552.1539605134514 810.0
552.4129869812182 819.0
552.6720052651955 809.0
552.9310153649002 794.0
553.1900172798491 802.0
553.4490110095592 803.0
553.7079965535472 806.0
553.9669739113302 815.0
554.2259430824248 806.0
554.484904066348 807.0
554.7438568626167 794.0
555.0028014707476 809.0
555.261737890258 818.0
555.520666120664 804.0
555.7795861614834 805.0
556.0384980122324 814.0
556.2974016724281 818.0
556.5562971415874 812.0
556.8151844192269 807.0
557.0740635048638 809.0
557.3329343980148 802.0
557.5917970981968 801.0
557.8506516049267 806.0
558.1094979177213 802.0
558.3683360360976 805.0
558.6271659595724 806.0
558.8859876876625 802.0
559.1448012198848 807.0
559.4036065557561 817.0
559.6624036947936 804.0
559.9211926365136 818.0
560.1799733804337 815.0
560.43874592607 812.0
560.6975102729399 811.0
560.9562664205602 800.0
561.2150143684473 800.0
561.4737541161188 800.0
561.732485663091 801.0
561.9912090088809 813.0
562.2499241530056 804.0
562.5086310949818 817.0
562.7673298343262 796.0
563.026020370556 803.0
563.2847027031879 810.0
563.5433768317389 799.0
563.8020427557254 805.0
564.0607004746649 816.0
564.3193499880738 806.0
564.5779912954692 808.0
564.8366243963679 804.0
565.0952492902868 808.0
565.3538659767429 813.0
565.6124744552527 828.0
565.8710747253335 812.0
566.1296667865018 804.0
566.3882506382747 810.0
566.6468262801691 798.0
566.9053937117014 804.0
567.1639529323893 816.0
567.4225039417488 814.0
567.6810467392974 790.0
567.9395813245517 804.0
568.1981076970284 786.0
568.4566258562448 796.0
568.7151358017175 794.0
568.9736375329633 796.0
569.2321310494995 807.0
569.4906163508422 807.0
569.749093436509 808.0
570.0075623060163 804.0
570.2660229588813 814.0
570.5244753946206 817.0
570.7829196127512 792.0
571.0413556127901 808.0
571.2997833942537 817.0
571.5582029566596 818.0
571.8166142995238 804.0
572.075017422364 807.0
572.3334123246967 805.0
572.5917990060384 800.0
572.8501774659068 793.0
573.108547703818 810.0
573.3669097192892 801.0
573.6252635118373 790.0
573.8836090809789 819.0
574.1419464262314 816.0
574.400275547111 809.0
574.6585964431351 813.0
574.9169091138205 810.0
575.1752135586836 820.0
575.4335097772419 804.0
575.6917977690118 810.0
575.9500775335105 806.0
576.2083490702545 797.0
576.4666123787609 807.0
576.7248674585469 806.0
576.9831143091286 802.0
577.2413529300236 803.0
577.4995833207483 808.0
577.7578054808198 802.0
578.0160194097549 813.0
578.2742251070703 798.0
578.5324225722832 798.0
578.7906118049101 813.0
579.0487928044681 811.0
579.3069655704743 805.0
579.565130102445 798.0
579.8232863998975 799.0
580.0814344623485 802.0
580.339574289315 810.0
580.5977058803137 803.0
580.8558292348614 812.0
581.1139443524753 812.0
581.3720512326721 813.0
581.6301498749685 799.0
581.8882402788817 802.0
582.146322443928 813.0
582.4043963696251 800.0
582.6624620554893 797.0
582.9205195010375 801.0
583.1785687057866 798.0
583.4366096692537 806.0
583.6946423909554 805.0
583.9526668704085 782.0
584.2106831071303 798.0
584.4686911006373 803.0
584.7266908504463 806.0
584.9846823560746 809.0
585.2426656170385 803.0
585.5006406328554 805.0
585.7586074030418 811.0
586.0165659271148 803.0
586.2745162045912 815.0
586.5324582349878 806.0
586.7903920178214 817.0
587.0483175526091 806.0
587.3062348388676 803.0
587.5641438761138 809.0
587.8220446638645 809.0
588.0799372016369 807.0
588.3378214889474 805.0
588.5956975253132 810.0
588.8535653102509 826.0
589.1114248432776 824.0
589.3692761239103 803.0
589.6271191516653 796.0
589.88495392606 810.0
590.1427804466111 810.0
590.4005987128355 802.0
590.6584087242501 816.0
590.9162104803713 815.0
591.1740039807169 811.0
591.4317892248029 802.0
591.6895662121466 811.0
591.9473349422648 814.0
592.2050954146741 816.0
592.462847628892 796.0
592.7205915844347 813.0
592.9783272808194 820.0
593.236054717563 800.0
593.493773894182 810.0
593.7514848101939 809.0
594.009187465115 809.0
594.2668818584625 807.0
594.5245679897531 796.0
594.7822458585038 810.0
595.0399154642313 800.0
595.2975768064524 794.0
595.5552298846843 793.0
595.8128746984438 790.0
596.0705112472474 808.0
596.3281395306126 808.0
596.5857595480555 800.0
596.8433712990935 818.0
597.1009747832434 817.0
597.3585700000219 810.0
597.6161569489462 803.0
597.8737356295327 821.0
598.1313060412986 813.0
598.3888681837607 800.0
598.6464220564358 804.0
598.9039676588409 822.0
599.1615049904925 803.0
599.4190340509081 799.0
599.676554839604 811.0
599.9340673560972 809.0
600.1915715999048 812.0
600.4490675705435 794.0
600.7065552675302 813.0
600.9640346903817 814.0
601.221505838615 823.0
601.4789687117469 808.0
601.7364233092942 796.0
601.9938696307739 798.0
602.2513076757026 805.0
602.5087374435976 820.0
602.7661589339755 809.0
603.023572146353 817.0
603.2809770802475 830.0
603.5383737351752 824.0
603.7957621106534 818.0
604.053142206199 809.0
604.3105140213286 812.0
604.5678775555593 824.0
604.8252328084078 813.0
605.0825797793912 803.0
605.3399184680261 794.0
605.5972488738295 817.0
605.8545709963181 806.0
606.111884835009 807.0
606.3691903894193 815.0
606.6264876590651 803.0
606.883776643464 805.0
607.1410573421324 804.0
607.3983297545875 800.0
607.6555938803461 804.0
607.9128497189247 807.0
608.1700972698408 806.0
608.4273365326108 814.0
608.6845675067516 803.0
608.9417901917803 807.0
609.1990045872135 807.0
609.4562106925683 802.0
609.7134085073615 807.0
609.9705980311098 798.0
610.2277792633305 814.0
610.4849522035397 803.0
610.7421168512552 801.0
610.9992732059933 802.0
611.2564212672709 804.0
611.5135610346049 811.0
611.7706925075122 806.0
612.0278156855098 818.0
612.2849305681145 797.0
612.542037154843 790.0
612.7991354452124 805.0
613.0562254387393 797.0
613.3133071349409 805.0
613.5703805333337 803.0
613.8274456334349 812.0
614.0845024347612 799.0
614.3415509368294 812.0
614.5985911391567 811.0
614.8556230412595 790.0
615.1126466426551 808.0
615.36966194286 794.0
615.6266689413914 803.0
615.8836676377659 815.0
616.1406580315004 802.0
616.3976401221121 802.0
616.6546139091173 820.0
616.9115793920333 813.0
617.1685365703769 814.0
617.4254854436648 810.0
617.6824260114142 816.0
617.9393582731417 798.0
618.196282228364 799.0
618.4531978765983 800.0
618.7101052173614 794.0
618.9670042501702 813.0
619.2238949745413 805.0
619.4807773899919 799.0
619.7376514960388 801.0
619.9945172921986 817.0
620.2513747779885 794.0
620.508223952925 788.0
620.7650648165256 804.0
621.0218973683066 794.0
621.2787216077849 802.0
621.5355375344776 812.0
621.7923451479013 811.0
622.0491444475734 808.0
622.3059354330103 801.0
622.5627181037288 808.0
622.8194924592461 802.0
623.0762584990788 811.0
623.333016222744 811.0
623.5897656297584 812.0
623.8465067196389 796.0
624.1032394919024 807.0
624.3599639460657 812.0
624.6166800816459 805.0
624.8733878981594 797.0
625.1300873951237 809.0
625.3867785720552 819.0
625.6434614284708 796.0
625.9001359638876 803.0
626.1568021778221 814.0
626.4134600697917 788.0
626.6701096393127 801.0
626.9267508859024 802.0
627.1833838090776 804.0
627.4400084083547 788.0
627.6966246832512 795.0
627.9532326332837 817.0
628.2098322579691 801.0
628.4664235568243 797.0
628.723006529366 808.0
628.9795811751112 813.0
629.2361474935768 813.0
629.4927054842794 815.0
629.7492551467363 820.0
630.0057964804641 803.0
630.2623294849799 812.0
630.5188541598001 810.0
630.775370504442 796.0
631.0318785184223 796.0
631.2883782012578 801.0
631.5448695524658 802.0
631.8013525715625 803.0
632.0578272580652 801.0
632.3142936114906 813.0
632.5707516313557 784.0
632.8272013171775 802.0
633.0836426684723 805.0
633.3400756847575 801.0
633.5965003655499 800.0
633.8529167103661 800.0
634.1093247187234 793.0
634.3657243901381 812.0
634.6221157241276 807.0
634.8784987202085 801.0
635.1348733778977 805.0
635.3912396967121 796.0
635.6475976761684 807.0
635.9039473157839 805.0
636.1602886150749 791.0
636.4166215735588 822.0
636.6729461907521 829.0
636.9292624661718 806.0
637.1855703993349 812.0
637.4418699897578 826.0
637.6981612369581 794.0
637.9544441404521 791.0
638.2107186997567 799.0
638.4669849143892 802.0
638.7232427838659 805.0
638.979492307704 795.0
639.2357334854204 798.0
639.4919663165317 794.0
639.7481908005552 797.0
640.0044069370073 810.0
640.2606147254052 802.0
640.5168141652655 814.0
640.7730052561054 818.0
641.0291879974413 823.0
641.2853623887906 813.0
641.5415284296699 816.0
641.797686119596 813.0
642.0538354580859 806.0
642.3099764446565 810.0
642.5661090788245 822.0
642.8222333601069 815.0
643.0783492880205 802.0
643.3344568620822 810.0
643.5905560818089 811.0
643.8466469467173 793.0
644.1027294563247 800.0
644.3588036101473 798.0
644.6148694077026 817.0
644.8709268485071 804.0
645.1269759320778 799.0
645.3830166579316 812.0
645.6390490255851 801.0
645.8950730345556 802.0
646.1510886843597 807.0
646.4070959745143 789.0
646.6630949045363 807.0
646.9190854739425 812.0
647.17506768225 797.0
647.4310415289752 809.0
647.6870070136354 819.0
647.9429641357473 800.0
648.1989128948277 808.0
648.4548532903938 772.0
648.7107853219619 805.0
648.9667089890495 802.0
649.222624291173 801.0
649.4785312278494 805.0
649.7344297985958 811.0
649.9903200029287 799.0
650.2462018403652 798.0
650.502075310422 817.0
650.7579404126162 779.0
651.0137971464646 800.0
651.2696455114838 806.0
651.525485507191 803.0
651.7813171331029 805.0
652.0371403887364 804.0
652.2929552736086 814.0
652.5487617872358 808.0
652.8045599291355 800.0
653.0603496988242 804.0
653.3161310958188 788.0
653.5719041196362 796.0
653.8276687697933 792.0
654.0834250458071 802.0
654.3391729471941 810.0
654.5949124734717 809.0
654.8506436241562 817.0
655.1063663987647 808.0
655.3620807968144 800.0
655.6177868178215 798.0
655.8734844613035 806.0
656.129173726777 801.0
656.3848546137588 795.0
656.6405271217659 799.0
656.8961912503149 808.0
657.1518469989231 808.0
657.4074943671071 795.0
657.6631333543837 802.0
657.9187639602701 806.0
658.1743861842826 799.0
658.4300000259387 812.0
658.6856054847549 813.0
658.9412025602483 799.0
659.1967912519353 791.0
659.4523715593333 811.0
659.707943481959 806.0
659.9635070193291 798.0
660.2190621709606 808.0
660.4746089363705 808.0
660.7301473150753 803.0
660.9856773065924 805.0
661.2411989104381 791.0
661.4967121261298 813.0
661.7522169531838 809.0
662.0077133911174 809.0
662.2632014394475 804.0
662.5186810976904 802.0
662.7741523653638 824.0
663.029615241984 808.0
663.2850697270679 802.0
663.5405158201327 797.0
663.7959535206948 814.0
664.0513828282715 813.0
664.3068037423793 806.0
664.5622162625355 804.0
664.8176203882564 805.0
665.0730161190594 804.0
665.3284034544613 802.0
665.5837823939785 808.0
665.8391529371283 807.0
666.0945150834276 803.0
666.349868832393 799.0
666.6052141835415 810.0
666.8605511363899 804.0
667.1158796904554 807.0
667.3711998452544 814.0
667.626511600304 795.0
667.8818149551211 809.0
668.1371099092223 809.0
668.3923964621249 797.0
668.6476746133454 810.0
668.9029443624008 810.0
669.1582057088083 809.0
669.4134586520839 813.0
669.6687031917455 809.0
669.9239393273093 811.0
670.1791670582923 814.0
670.4343863842114 797.0
670.6895973045835 818.0
670.9447998189256 808.0
671.1999939267544 806.0
671.4551796275866 796.0
671.7103569209394 813.0
671.9655258063294 808.0
672.220686283274 803.0
672.475838351289 797.0
672.7309820098925 817.0
672.9861172586005 804.0
673.2412440969302 799.0
673.4963625243987 795.0
673.7514725405223 795.0
674.0065741448183 799.0
674.2616673368035 806.0
674.5167521159946 816.0
674.7718284819086 803.0
675.0268964340622 824.0
675.2819559719727 810.0
675.5370070951565 827.0
675.7920498031307 825.0
676.0470840954122 817.0
676.3021099715176 802.0
676.5571274309642 808.0
676.8121364732684 808.0
677.0671370979474 798.0
677.3221293045178 794.0
677.5771130924968 812.0
677.8320884614011 800.0
678.0870554107474 812.0
678.3420139400529 802.0
678.5969640488343 799.0
678.8519057366083 798.0
679.1068390028922 810.0
679.3617638472023 810.0
679.616680269056 796.0
679.8715882679699 811.0
680.1264878434607 801.0
680.3813789950458 798.0
680.6362617222414 801.0
680.8911360245651 807.0
681.146001901533 796.0
681.4008593526627 800.0
681.6557083774705 794.0
681.9105489754734 811.0
682.1653811461886 801.0
682.4202048891326 810.0
682.6750202038223 807.0
682.9298270897748 801.0
683.1846255465068 817.0
683.4394155735351 811.0
683.6941971703767 806.0
683.9489703365485 806.0
684.2037350715673 809.0
684.4584913749499 806.0
684.7132392462133 810.0
684.9679786848742 806.0
685.2227096904496 813.0
685.4774322624564 807.0
685.7321464004115 804.0
685.9868521038316 814.0
686.2415493722334 806.0
686.4962382051343 800.0
686.7509186020508 814.0
687.0055905624997 813.0
687.2602540859983 826.0
687.514909172063 833.0
687.7695558202109 821.0
688.0241940299587 803.0
688.2788238008236 818.0
688.5334451323221 813.0
688.7880580239712 798.0
689.042662475288 806.0
689.2972584857889 809.0
689.5518460549912 808.0
689.8064251824115 806.0
690.0609958675668 809.0
690.3155581099742 805.0
690.5701119091498 795.0
690.8246572646113 806.0
691.0791941758752 794.0
691.3337226424583 812.0
691.5882426638777 795.0
691.84275423965 791.0
692.0972573692924 812.0
692.3517520523214 808.0
692.6062382882542 803.0
692.8607160766074 805.0
693.1151854168979 818.0
693.3696463086428 807.0
693.6240987513587 810.0
693.8785427445628 808.0
694.1329782877717 812.0
694.3874053805022 805.0
694.6418240222713 803.0
694.8962342125958 813.0
695.1506359509929 807.0
695.405029236979 797.0
695.6594140700711 807.0
695.9137904497863 835.0
696.168158375641 847.0
696.4225178471527 874.0
696.676868863838 891.0
696.9312114252134 871.0
697.1855455307963 840.0
697.4398711801031 836.0
697.6941883726512 811.0
697.9484971079568 808.0
698.2027973855375 806.0
698.4570892049098 794.0
698.7113725655903 808.0
698.9656474670965 804.0
699.2199139089445 795.0
699.4741718906519 802.0
699.7284214117353 812.0
699.9826624717113 802.0
700.2368950700971 808.0
700.4911192064093 796.0
700.7453348801653 793.0
700.9995420908814 800.0
701.2537408380745 809.0
701.5079311212619 806.0
701.7621129399598 795.0
702.016286293686 804.0
702.2704511819566 809.0
702.5246076042886 823.0
702.778755560199 822.0
703.0328950492045 817.0
703.2870260708224 815.0
703.5411486245691 807.0
703.7952627099618 808.0
704.0493683265172 809.0
704.3034654737519 805.0
704.5575541511835 826.0
704.8116343583279 815.0
705.0657060947029 818.0
705.3197693598249 822.0
705.5738241532106 812.0
705.8278704743772 806.0
706.0819083228414 802.0
706.3359376981203 857.0
706.5899585997306 880.0
706.8439710271889 871.0
707.0979749800126 844.0
707.3519704577179 842.0
707.6059574598225 821.0
707.8599359858429 816.0
708.1139060352955 816.0
708.3678676076978 805.0
708.6218207025663 791.0
708.8757653194182 806.0
709.12970145777 810.0
709.3836291171389 791.0
709.6375482970416 813.0
709.8914589969946 812.0
710.1453612165157 806.0
710.3992549551208 800.0
710.6531402123275 799.0
710.9070169876522 805.0
711.1608852806118 822.0
711.4147450907236 817.0
711.6685964175037 804.0
711.9224392604699 812.0
712.1762736191384 809.0
712.4300994930262 816.0
712.6839168816504 799.0
712.9377257845274 799.0
713.1915262011746 813.0
713.4453181311087 805.0
713.6991015738463 800.0
713.9528765289045 811.0
714.2066429958 806.0
714.4604009740502 803.0
714.7141504631712 810.0
714.9678914626805 806.0
715.2216239720948 816.0
715.4753479909306 813.0
715.7290635187052 818.0
715.982770554935 809.0
716.2364690991376 805.0
716.4901591508293 806.0
716.743840709527 801.0
716.9975137747479 806.0
717.2511783460084 806.0
717.5048344228259 803.0
717.7584820047169 801.0
718.0121210911982 804.0
718.2657516817872 804.0
718.519373776 801.0
718.772987373354 803.0
719.026592473366 808.0
719.2801890755527 807.0
719.5337771794311 811.0
719.7873567845179 807.0
720.0409278903304 798.0
720.294490496385 806.0
720.5480446021987 809.0
720.8015902072887 800.0
721.0551273111711 808.0
721.3086559133636 779.0
721.5621760133826 799.0
721.815687610745 823.0
722.0691907049679 800.0
722.3226852955679 807.0
722.5761713820622 798.0
722.8296489639672 818.0
723.0831180408002 811.0
723.3365786120778 804.0
723.5900306773169 827.0
723.8434742360346 805.0
724.0969092877473 816.0
724.3503358319725 796.0
724.6037538682267 797.0
724.8571633960265 810.0
725.1105644148894 813.0
725.3639569243315 825.0
725.6173409238706 812.0
725.8707164130229 804.0
726.1240833913054 800.0
726.3774418582351 811.0
726.6307918133285 802.0
726.8841332561029 815.0
727.137466186075 826.0
727.3907906027619 827.0
727.6441065056802 813.0
727.8974138943464 809.0
728.1507127682783 803.0
728.4040031269918 819.0
728.6572849700045 803.0
728.9105582968331 809.0
729.1638231069941 818.0
729.4170794000048 804.0
729.6703271753817 801.0
729.923566432642 808.0
730.1767971713025 805.0
730.4300193908798 805.0
730.6832330908911 814.0
730.936438270853 798.0
731.1896349302828 810.0
731.442823068697 830.0
731.6960026856123 812.0
731.949173780546 815.0
732.2023363530145 819.0
732.4554904025351 805.0
732.7086359286245 789.0
732.9617729307997 806.0
733.2149014085775 804.0
733.4680213614745 806.0
733.7211327890079 805.0
733.9742356906943 801.0
734.2273300660511 799.0
734.4804159145946 810.0
734.7334932358416 818.0
734.9865620293094 805.0
735.2396222945147 813.0
735.4926740309744 810.0
735.7457172382054 820.0
735.9987519157243 798.0
736.2517780630484 807.0
736.504795679694 810.0
736.7578047651785 834.0
737.0108053190187 829.0
737.2637973407312 839.0
737.516780829833 836.0
737.769755785841 849.0
738.0227222082721 888.0
738.2756800966428 941.0
738.5286294504706 915.0
738.781570269272 898.0
739.0345025525638 870.0
739.2874262998632 826.0
739.5403415106866 821.0
739.7932481845512 819.0
740.046146320974 808.0
740.2990359194714 803.0
740.5519169795606 798.0
740.8047895007583 817.0
741.0576534825816 823.0
741.3105089245472 813.0
741.563355826172 820.0
741.8161941869729 810.0
742.0690240064664 823.0
742.3218452841702 822.0
742.5746580196005 814.0
742.8274622122741 822.0
743.0802578617083 812.0
743.3330449674197 817.0
743.5858235289254 813.0
743.8385935457418 806.0
744.0913550173865 822.0
744.3441079433758 824.0
744.5968523232264 804.0
744.8495881564559 826.0
745.1023154425804 807.0
745.3550341811174 809.0
745.6077443715835 808.0
745.8604460134952 799.0
746.1131391063701 803.0
746.3658236497243 794.0
746.6184996430754 808.0
746.87116708594 803.0
747.1238259778346 794.0
747.3764763182764 808.0
747.6291181067822 808.0
747.8817513428692 830.0
748.1343760260539 800.0
748.3869921558529 810.0
748.6395997317837 822.0
748.8921987533628 819.0
749.1447892201071 814.0
749.3973711315336 832.0
749.6499444871589 869.0
749.9025092865003 950.0
750.1550655290741 1097.0
750.4076132143978 1097.0
750.6601523419877 1059.0
750.912682911361 1052.0
751.1652049220347 1003.0
751.4177183735251 995.0
751.6702232653497 959.0
751.9227195970248 924.0
752.1752073680677 880.0
752.4276865779954 852.0
752.680157226324 840.0
752.9326193125712 813.0
753.1850728362533 812.0
753.4375177968876 817.0
753.6899541939908 804.0
753.9423820270795 796.0
754.194801295671 800.0
754.4472119992819 816.0
754.6996141374291 813.0
754.9520077096296 806.0
755.2043927154 812.0
755.4567691542577 803.0
755.7091370257187 809.0
755.9614963293008 818.0
756.2138470645202 794.0
756.4661892308942 791.0
756.7185228279395 818.0
756.9708478551728 819.0
757.2231643121112 809.0
757.4754721982714 812.0
757.7277715131704 801.0
757.9800622563251 794.0
758.2323444272521 812.0
758.4846180254688 806.0
758.7368830504913 795.0
758.9891395018373 799.0
759.2413873790232 798.0
759.4936266815657 814.0
759.7458574089821 805.0
759.9980795607888 812.0
760.2502931365033 808.0
760.502498135642 805.0
760.7546945577217 819.0
761.0068824022595 803.0
761.2590616687722 806.0
761.5112323567769 806.0
761.7633944657899 829.0
762.0155479953288 820.0
762.26769294491 807.0
762.5198293140501 827.0
762.7719571022666 873.0
763.024076309076 1010.0
763.2761869339953 1223.0
763.5282889765415 1223.0
763.780382436231 1186.0
764.032467312581 1092.0
764.2845436051083 935.0
764.53661131333 868.0
764.7886704367629 834.0
765.0407209749233 820.0
765.2927629273288 835.0
765.5447962934958 829.0
765.7968210729414 812.0
766.0488372651824 812.0
766.3008448697357 813.0
766.5528438861181 814.0
766.8048343138464 801.0
767.0568161524378 811.0
767.3087894014087 809.0
767.5607540602764 812.0
767.8127101285577 805.0
768.0646576057691 800.0
768.3165964914278 796.0
768.5685267850505 819.0
768.8204484861544 813.0
769.0723615942561 815.0
769.3242661088722 826.0
769.5761620295201 813.0
769.8280493557162 794.0
770.0799280869778 810.0
770.3317982228216 828.0
770.5836597627642 820.0
770.835512706323 807.0
771.0873570530143 810.0
771.3391928023555 812.0
771.591019953863 842.0
771.8428385070538 856.0
772.094648461445 920.0
772.3464498165532 944.0
772.5982425718955 916.0
772.8500267269885 898.0
773.1018022813494 858.0
773.3535692344948 826.0
773.6053275859415 805.0
773.8570773352067 812.0
774.108818481807 818.0
774.3605510252594 805.0
774.6122749650807 820.0
774.8639903007878 821.0
775.1156970318975 819.0
775.3673951579267 800.0
775.6190846783925 797.0
775.8707655928115 794.0
776.1224379007004 804.0
776.3741016015766 807.0
776.6257566949563 818.0
776.8774031803571 803.0
777.1290410572955 807.0
777.3806703252881 814.0
777.6322909838522 805.0
777.8839030325043 818.0
778.1355064707618 812.0
778.3871012981411 812.0
778.6386875141592 821.0
778.890265118333 809.0
779.1418341101793 804.0
779.3933944892151 809.0
779.6449462549571 818.0
779.8964894069222 794.0
780.1480239446275 800.0
780.3995498675895 808.0
780.6510671753255 827.0
780.9025758673517 804.0
781.1540759431858 805.0
781.4055674023442 801.0
781.6570502443437 809.0
781.9085244687013 794.0
782.159990074934 797.0
782.4114470625585 807.0
782.6628954310918 799.0
782.9143351800503 801.0
783.1657663089516 810.0
783.4171888173119 810.0
783.6686027046486 799.0
783.9200079704783 795.0
784.1714046143178 812.0
784.4227926356843 811.0
784.6741720340941 812.0
784.9255428090647 807.0
785.1769049601126 814.0
785.4282584867548 808.0
785.6796033885082 804.0
785.9309396648893 817.0
786.1822673154155 796.0
786.4335863396033 816.0
786.6848967369698 818.0
786.9361985070317 803.0
787.1874916493058 805.0
787.4387761633094 809.0
787.6900520485588 803.0
787.9413193045713 789.0
788.1925779308636 814.0
788.4438279269523 790.0
788.6950692923548 800.0
788.9463020265875 811.0
789.1975261291677 811.0
789.448741599612 794.0
789.6999484374371 806.0
789.9511466421604 810.0
790.2023362132982 805.0
790.4535171503677 820.0
790.7046894528855 820.0
790.9558531203689 806.0
791.2070081523347 800.0
791.458154548299 810.0
791.7092923077797 804.0
791.9604214302931 806.0
792.2115419153562 815.0
792.462653762486 794.0
792.7137569711989 788.0
792.9648515410123 806.0
793.2159374714428 810.0
793.4670147620074 807.0
793.718083412223 808.0
793.9691434216061 823.0
794.220194789674 852.0
794.4712375159432 900.0
794.722271599931 939.0
794.9732970411541 896.0
795.2243138391292 902.0
795.4753219933733 862.0
795.7263215034031 838.0
795.9773123687357 814.0
796.2282945888878 821.0
796.4792681633767 818.0
796.7302330917187 806.0
796.9811893734307 810.0
797.23213700803 821.0
797.483075995033 800.0
797.7340063339569 795.0
797.9849280243186 810.0
798.2358410656345 821.0
798.4867454574222 797.0
798.7376411991978 800.0
798.9885282904788 800.0
799.2394067307818 805.0
799.4902765196234 811.0
799.741137656521 814.0
799.9919901409909 836.0
800.2428339725506 886.0
800.4936691507165 925.0
800.7444956750055 906.0
800.9953135449347 970.0
801.2461227600207 992.0
801.4969233197808 930.0
801.7477152237312 931.0
801.9984984713894 912.0
802.2492730622722 833.0
802.5000389958959 837.0
802.7507962717781 822.0
803.0015448894349 813.0
803.252284848384 819.0
803.5030161481417 796.0
803.7537387882248 813.0
804.0044527681507 821.0
804.2551580874358 817.0
804.5058547455972 817.0
804.7565427421519 822.0
805.0072220766161 810.0
805.2578927485075 818.0
805.5085547573423 801.0
805.7592081026379 807.0
806.009852783911 812.0
806.2604888006782 826.0
806.5111161524568 800.0
806.7617348387631 790.0
807.0123448591147 813.0
807.2629462130279 817.0
807.5135389000196 807.0
807.7641229196071 790.0
808.0146982713067 807.0
808.2652649546358 803.0
808.5158229691108 821.0
808.7663723142489 821.0
809.016912989567 831.0
809.2674449945815 827.0
809.5179683288098 826.0
809.7684829917686 859.0
810.0189889829746 972.0
810.269486301945 1006.0
810.5199749481961 1008.0
810.7704549212456 1134.0
811.0209262206095 1449.0
811.2713888458052 2145.0
811.5218427963496 1999.0
811.7722880717591 1875.0
812.022724671551 1840.0
812.2731525952421 1346.0
812.5235718423493 1071.0
812.7739824123893 947.0
813.0243843048788 914.0
813.2747775193352 866.0
813.5251620552749 848.0
813.7755379122152 825.0
814.0259050896724 838.0
814.276263587164 839.0
814.5266134042064 825.0
814.7769545403165 809.0
815.0272869950115 808.0
815.2776107678079 810.0
815.5279258582229 810.0
815.7782322657732 800.0
816.0285299899754 825.0
816.2788190303468 836.0
816.529099386404 808.0
816.7793710576641 800.0
817.0296340436439 821.0
817.2798883438601 813.0
817.5301339578298 804.0
817.7803708850694 805.0
818.0305991250964 809.0
818.2808186774273 809.0
818.531029541579 806.0
818.7812317170685 802.0
819.0314252034124 809.0
819.281610000128 809.0
819.5317861067317 810.0
819.7819535227408 799.0
820.0321122476719 806.0
820.2822622810417 805.0
820.5324036223675 805.0
820.7825362711658 800.0
821.0326602269538 800.0
821.2827754892483 793.0
821.5328820575656 800.0
821.7829799314234 802.0
822.033069110338 808.0
822.2831495938267 811.0
822.5332213814061 808.0
822.7832844725929 809.0
823.0333388669044 798.0
823.283384563857 801.0
823.533421562968 802.0
823.7834498637541 803.0
824.033469465732 810.0
824.2834803684189 797.0
824.5334825713311 806.0
824.7834760739862 798.0
825.0334608759005 808.0
825.2834369765912 812.0
825.5334043755751 827.0
825.7833630723688 832.0
826.0333130664897 848.0
826.2832543574541 884.0
826.5331869447793 857.0
826.783110827982 863.0
827.0330260065789 836.0
827.2829324800872 821.0
827.5328302480233 832.0
827.7827193099047 817.0
828.032599665248 794.0
828.2824713135695 803.0
828.532334254387 809.0
828.7821884872168 808.0
829.0320340115759 798.0
829.2818708269813 799.0
829.5316989329494 804.0
829.7815183289979 821.0
830.0313290146428 814.0
830.2811309894015 801.0
830.5309242527906 808.0
830.7807088043272 809.0
831.0304846435281 813.0
831.2802517699099 800.0
831.5300101829899 788.0
831.7797598822846 821.0
832.0295008673112 804.0
832.2792331375864 793.0
832.5289566926268 791.0
832.7786715319497 808.0
833.0283776550717 801.0
833.27807506151 804.0
833.5277637507811 816.0
833.7774437224018 807.0
834.0271149758895 807.0
834.2767775107606 792.0
834.526431326532 797.0
834.7760764227208 794.0
835.0257127988438 804.0
835.2753404544177 802.0
835.5249593889594 790.0
835.774569601986 805.0
836.0241710930143 800.0
836.2737638615607 799.0
836.5233479071428 795.0
836.7729232292768 796.0
837.0224898274802 801.0
837.2720477012693 799.0
837.5215968501614 793.0
837.7711372736733 802.0
838.0206689713215 805.0
838.2701919426232 814.0
838.5197061870952 805.0
838.7692117042545 793.0
839.0187084936177 798.0
839.2681965547017 807.0
839.5176758870236 811.0
839.7671464901001 806.0
840.0166083634483 810.0
840.2660615065847 877.0
840.5155059190262 921.0
840.7649416002901 895.0
841.0143685498927 901.0
841.2637867673512 898.0
841.5131962521828 863.0
841.7625970039035 868.0
842.0119890220308 950.0
842.2613723060813 1063.0
842.5107468555723 987.0
842.76011267002 992.0
843.0094697489418 961.0
843.2588180918546 859.0
843.5081576982747 830.0
843.7574885677194 826.0
844.0068106997054 799.0
844.25612409375 822.0
844.5054287493696 805.0
844.754724666081 812.0
845.0040118434015 796.0
845.2532902808475 807.0
845.5025599779364 795.0
845.7518209341847 798.0
846.0010731491091 791.0
846.2503166222269 812.0
846.4995513530547 810.0
846.7487773411094 804.0
846.9979945859081 798.0
847.2472030869674 793.0
847.4964028438043 808.0
847.7455938559353 811.0
847.994776122878 788.0
848.2439496441485 814.0
848.4931144192642 797.0
848.7422704477419 796.0
848.9914177290981 800.0
849.2405562628502 803.0
849.4896860485144 793.0
849.7388070856083 800.0
849.9879193736485 807.0
850.2370229121515 809.0
850.4861177006346 800.0
850.7352037386146 805.0
850.9842810256082 799.0
851.2333495611326 805.0
851.482409344704 821.0
851.7314603758401 859.0
851.9805026540571 880.0
852.2295361788724 857.0
852.4785609498026 869.0
852.7275769663643 862.0
852.9765842280748 826.0
853.2255827344507 808.0
853.4745724850093 819.0
853.7235534792667 808.0
853.9725257167406 807.0
854.2214891969475 803.0
854.4704439194039 795.0
854.7193898836274 790.0
854.9683270891342 800.0
855.2172555354416 797.0
855.4661752220665 798.0
855.7150861485252 796.0
855.9639883143353 819.0
856.212881719013 810.0
856.4617663620759 800.0
856.7106422430403 799.0
856.9595093614231 801.0
857.2083677167415 804.0
857.4572173085119 802.0
857.7060581362517 803.0
857.9548901994776 806.0
858.2037134977061 796.0
858.4525280304546 796.0
858.7013337972394 792.0
858.950130797578 800.0
859.1989190309868 811.0
859.4476984969828 791.0
859.696469195083 820.0
859.9452311248039 809.0
860.1939842856627 824.0
860.4427286771763 805.0
860.6914642988615 809.0
860.9401911502351 802.0
861.1889092308139 784.0
861.437618540115 807.0
861.686319077655 795.0
861.935010842951 809.0
862.1836938355198 802.0
862.432368054878 799.0
862.6810335005429 798.0
862.9296901720311 793.0
863.1783380688596 793.0
863.4269771905452 799.0
863.6756075366046 803.0
863.9242291065551 788.0
864.1728418999131 793.0
864.4214459161959 790.0
864.6700411549201 791.0
864.9186276156024 796.0
865.1672052977602 818.0
865.4157742009098 793.0
865.6643343245685 789.0
865.9128856682528 797.0
866.1614282314799 802.0
866.4099620137665 824.0
866.6584870146295 827.0
866.9070032335858 820.0
867.155510670152 811.0
867.4040093238455 791.0
867.6524991941827 803.0
867.9009802806806 794.0
868.1494525828563 802.0
868.3979161002262 805.0
868.6463708323078 797.0
868.8948167786174 793.0
869.1432539386718 801.0
869.3916823119887 798.0
869.6401018980839 803.0
869.8885126964751 809.0
870.1369147066789 808.0
870.3853079282118 809.0
870.6336923605911 801.0
870.8820680033335 799.0
871.1304348559562 797.0
871.3787929179755 801.0
871.6271421889087 806.0
871.8754826682726 802.0
872.1238143555837 812.0
872.3721372503595 814.0
872.6204513521162 793.0
872.8687566603713 809.0
873.1170531746413 805.0
873.365340894443 791.0
873.6136198192935 815.0
873.8618899487094 804.0
874.110151282208 806.0
874.3584038193057 797.0
874.6066475595196 814.0
874.8548825023668 795.0
875.1031086473636 807.0
875.3513259940273 801.0
875.5995345418747 809.0
875.8477342904224 793.0
876.0959252391877 793.0
876.3441073876871 794.0
876.5922807354377 797.0
876.8404452819562 817.0
877.0886010267599 804.0
877.3367479693651 806.0
877.5848861092887 799.0
877.8330154460481 797.0
878.0811359791594 804.0
878.3292477081402 809.0
878.5773506325071 798.0
878.8254447517768 786.0
879.0735300654665 798.0
879.3216065730924 798.0
879.5696742741723 803.0
879.8177331682225 805.0
880.0657832547598 802.0
880.3138245333014 808.0
880.5618570033639 805.0
880.8098806644645 784.0
881.0578955161196 794.0
881.3059015578464 795.0
881.5538987891618 794.0
881.8018872095822 796.0
882.0498668186252 794.0
882.297837615807 788.0
882.5457996006451 795.0
882.7937527726558 806.0
883.041697131356 787.0
883.2896326762632 801.0
883.5375594068934 806.0
883.7854773227642 808.0
884.0333864233922 795.0
884.2812867082938 795.0
884.5291781769868 797.0
884.7770608289871 802.0
885.0249346638125 788.0
885.2727996809792 802.0
885.5206558800041 790.0
885.7685032604046 799.0
886.0163418216969 797.0
886.2641715633982 793.0
886.5119924850256 797.0
886.7598045860955 792.0
887.007607866125 804.0
887.2554023246308 806.0
887.5031879611303 785.0
887.7509647751398 791.0
887.9987327661763 776.0
888.2464919337567 803.0
888.4942422773979 802.0
888.7419837966169 798.0
888.9897164909302 808.0
889.2374403598551 797.0
889.4851554029083 804.0
889.7328616196063 811.0
889.9805590094667 797.0
890.2282475720056 804.0
890.4759273067405 824.0
890.7235982131879 806.0
890.9712602908646 794.0
891.218913539288 798.0
891.4665579579743 814.0
891.7141935464408 791.0
891.9618203042044 794.0
892.2094382307815 798.0
892.4570473256895 795.0
892.7046475884449 792.0
892.9522390185649 804.0
893.1998216155661 805.0
893.4473953789653 805.0
893.6949603082797 794.0
893.9425164030258 806.0
894.1900636627211 799.0
894.4376020868815 801.0
894.6851316750246 807.0
894.9326524266672 812.0
895.1801643413257 786.0
895.4276674185177 811.0
895.6751616577593 792.0
895.922647058568 808.0
896.1701236204603 799.0
896.4175913429531 801.0
896.6650502255636 798.0
896.912500267808 801.0
897.159941469204 798.0
897.4073738292678 793.0
897.6547973475165 798.0
897.9022120234671 801.0
898.1496178566362 794.0
898.3970148465409 790.0
898.644402992698 805.0
898.8917822946241 793.0
899.1391527518367 797.0
899.386514363852 817.0
899.6338671301874 803.0
899.8812110503592 810.0
900.1285461238849 803.0
900.375872350281 813.0
900.6231897290643 798.0
900.8704982597519 797.0
901.1177979418604 795.0
901.3650887749071 786.0
901.6123707584086 801.0
901.8596438918815 805.0
902.106908174843 791.0
902.35416360681 801.0
902.6014101872993 788.0
902.8486479158278 807.0
903.095876791912 803.0
903.3430968150694 791.0
903.5903079848164 810.0
903.83751030067 797.0
904.0847037621473 805.0
904.3318883687646 802.0
904.5790641200394 790.0
904.826231015488 801.0
905.0733890546279 812.0
905.3205382369753 803.0
905.5676785620476 810.0
905.8148100293615 798.0
906.0619326384336 811.0
906.3090463887813 821.0
906.5561512799208 797.0
906.8032473113697 803.0
907.0503344826443 796.0
907.2974127932616 802.0
907.5444822427387 813.0
907.7915428305921 802.0
908.038594556339 801.0
908.2856374194963 810.0
908.5326714195803 796.0
908.7796965561088 804.0
909.0267128285976 806.0
909.2737202365645 807.0
909.520718779526 793.0
909.7677084569985 802.0
910.0146892684998 801.0
910.261661213546 790.0
910.5086242916544 802.0
910.7555785023416 786.0
911.0025238451248 809.0
911.2494603195206 826.0
911.4963879250456 806.0
911.7433066612174 860.0
911.9902165275522 926.0
912.2371175235672 899.0
912.4840096487795 883.0
912.7308929027052 888.0
912.9777672848619 873.0
913.2246327947661 848.0
913.4714894319347 814.0
913.7183371958849 801.0
913.965176086133 806.0
914.2120061021965 804.0
914.4588272435916 801.0
914.7056395098358 792.0
914.9524429004457 795.0
915.1992374149379 797.0
915.4460230528298 806.0
915.6927998136375 799.0
915.9395676968788 797.0
916.1863267020701 775.0
916.4330768287281 793.0
916.67981807637 802.0
916.9265504445123 798.0
917.1732739326723 796.0
917.4199885403666 798.0
917.6666942671121 808.0
917.9133911124259 805.0
918.1600790758242 800.0
918.4067581568248 790.0
918.6534283549438 795.0
918.9000896696987 797.0
919.1467421006058 805.0
919.3933856471822 794.0
919.6400203089449 807.0
919.8866460854103 802.0
920.1332629760961 805.0
920.3798709805186 794.0
920.6264700981943 798.0
920.8730603286409 792.0
921.1196416713748 809.0
921.3662141259131 806.0
921.6127776917724 800.0
921.8593323684695 806.0
922.1058781555217 849.0
922.3524150524454 841.0
922.598943058758 830.0
922.8454621739758 836.0
923.0919723976159 822.0
923.3384737291954 821.0
923.5849661682307 812.0
923.8314497142393 805.0
924.0779243667373 810.0
924.3243901252423 794.0
924.5708469892709 793.0
924.8172949583395 802.0
925.0637340319656 805.0
925.3101642096658 791.0
925.5565854909571 795.0
925.8029978753563 801.0
926.04940136238 814.0
926.2957959515456 798.0
926.5421816423694 794.0
926.7885584343687 796.0
927.0349263270604 805.0
927.281285319961 801.0
927.5276354125876 806.0
927.7739766044568 804.0
928.020308895086 787.0
928.2666322839915 792.0
928.5129467706906 793.0
928.7592523547 807.0
929.0055490355364 798.0
929.2518368127171 796.0
929.4981156857584 787.0
929.7443856541778 792.0
929.9906467174917 810.0
930.2368988752169 808.0
930.4831421268707 789.0
930.7293764719695 793.0
930.9756019100306 801.0
931.2218184405708 799.0
931.4680260631065 803.0
931.7142247771553 805.0
931.9604145822334 812.0
932.2065954778582 786.0
932.4527674635461 796.0
932.6989305388141 795.0
932.9450847031794 798.0
933.1912299561584 784.0
933.4373662972685 800.0
933.6834937260257 823.0
933.929612241948 800.0
934.1757218445516 794.0
934.4218225333533 806.0
934.6679143078701 810.0
934.913997167619 809.0
935.1600711121167 797.0
935.4061361408803 796.0
935.6521922534262 816.0
935.8982394492718 803.0
936.1442777279336 797.0
936.3903070889288 788.0
936.636327531774 802.0
936.882339055986 785.0
937.128341661082 801.0
937.3743353465785 804.0
937.6203201119927 804.0
937.8662959568414 820.0
938.1122628806411 788.0
938.3582208829092 794.0
938.6041699631621 803.0
938.8501101209171 813.0
939.0960413556905 808.0
939.341963667 808.0
939.5878770543618 783.0
939.8337815172929 802.0
940.0796770553103 805.0
940.3255636679306 798.0
940.5714413546712 805.0
940.8173101150486 798.0
941.0631699485793 807.0
941.309020854781 806.0
941.5548628331699 792.0
941.8006958832632 796.0
942.0465200045778 796.0
942.2923351966301 801.0
942.5381414589376 792.0
942.7839387910167 797.0
943.0297271923846 786.0
943.275506662558 794.0
943.5212772010536 804.0
943.7670388073888 789.0
944.0127914810797 775.0
944.2585352216438 799.0
944.504270028598 807.0
944.7499959014584 811.0
944.9957128397427 812.0
945.2414208429674 802.0
945.4871199106495 795.0
945.7328100423057 801.0
945.978491237453 799.0
946.2241634956084 802.0
946.4698268162882 806.0
946.71548119901 805.0
946.9611266432901 794.0
947.2067631486459 787.0
947.4523907145939 794.0
947.6980093406509 797.0
947.943619026334 798.0
948.1892197711599 808.0
948.4348115746456 797.0
948.680394436308 792.0
948.9259683556636 789.0
949.17153333223 800.0
949.4170893655231 805.0
949.6626364550607 804.0
949.9081746003591 799.0
950.1537038009352 800.0
950.3992240563063 797.0
950.6447353659886 800.0
950.8902377294995 810.0
951.1357311463555 803.0
951.381215616074 788.0
951.6266911381715 813.0
951.8721577121647 812.0
952.1176153375708 798.0
952.3630640139064 810.0
952.6085037406887 794.0
952.8539345174344 804.0
953.09935634366 793.0
953.3447692188829 806.0
953.5901731426196 780.0
953.8355681143876 801.0
954.080954133703 795.0
954.326331200083 787.0
954.5716993130445 814.0
954.8170584721041 807.0
955.0624086767792 788.0
955.3077499265863 786.0
955.5530822210421 779.0
955.798405559664 800.0
956.0437199419682 799.0
956.2890253674723 807.0
956.5343218356925 790.0
956.7796093461461 794.0
957.02488789835 806.0
957.2701574918206 797.0
957.5154181260752 802.0
957.7606698006304 801.0
958.0059125150034 805.0
958.2511462687107 808.0
958.4963710612694 801.0
958.7415868921963 792.0
958.9867937610082 802.0
959.2319916672224 808.0
959.4771806103552 801.0
959.7223605899235 811.0
959.9675316054446 801.0
960.2126936564348 806.0
960.4578467424116 800.0
960.7029908628915 809.0
960.9481260173911 792.0
961.193252205428 810.0
961.4383694265184 814.0
961.6834776801796 804.0
961.9285769659282 789.0
962.1736672832812 792.0
962.4187486317555 795.0
962.6638210108677 828.0
962.908884420135 814.0
963.153938859074 795.0
963.3989843272019 802.0
963.6440208240352 796.0
963.889048349091 813.0
964.1340669018862 805.0
964.3790764819373 786.0
964.6240770887617 802.0
964.8690687218761 807.0
965.114051380797 806.0
965.3590250650417 821.0
965.6039897741268 825.0
965.8489455075695 815.0
966.0938922648864 806.0
966.3388300455941 809.0
966.5837588492103 809.0
966.8286786752509 819.0
967.0735895232334 798.0
967.3184913926743 795.0
967.5633842830911 792.0
967.808268194 796.0
968.0531431249179 813.0
968.2980090753622 808.0
968.5428660448491 794.0
968.7877140328961 818.0
969.0325530390197 810.0
969.2773830627367 795.0
969.5222041035643 799.0
969.7670161610189 807.0
970.0118192346179 810.0
970.2566133238779 800.0
970.5013984283155 784.0
970.746174547448 803.0
970.990941680792 794.0
971.2356998278649 797.0
971.480448988183 806.0
971.725189161263 805.0
971.9699203466223 805.0
972.2146425437775 807.0
972.4593557522456 805.0
972.7040599715434 811.0
972.9487552011876 810.0
973.1934414406954 801.0
973.4381186895833 805.0
973.6827869473685 792.0
973.9274462135677 799.0
974.1720964876979 799.0
974.4167377692759 797.0
974.6613700578182 790.0
974.9059933528424 811.0
975.1506076538647 803.0
975.3952129604023 794.0
975.6398092719721 804.0
975.8843965880908 805.0
976.1289749082755 822.0
976.3735442320426 813.0
976.6181045589096 811.0
976.862655888393 817.0
977.1071982200094 799.0
977.3517315532764 812.0
977.5962558877101 817.0
977.840771222828 804.0
978.0852775581467 808.0
978.3297748931827 800.0
978.5742632274536 798.0
978.8187425604756 802.0
979.063212891766 800.0
979.3076742208415 803.0
979.5521265472191 802.0
979.7965698704156 792.0
980.0410041899477 798.0
980.2854295053326 798.0
980.5298458160865 803.0
980.7742531217272 793.0
981.0186514217711 797.0
981.2630407157347 800.0
981.5074210031356 798.0
981.7517922834901 793.0
981.9961545563154 794.0
982.2405078211283 798.0
982.4848520774455 798.0
982.729187324784 795.0
982.9735135626606 808.0
983.2178307905924 793.0
983.4621390080961 813.0
983.7064382146882 819.0
983.9507284098863 810.0
984.1950095932067 806.0
984.4392817641666 801.0
984.6835449222825 802.0
984.9277990670716 810.0
985.1720441980509 797.0
985.4162803147366 805.0
985.6605074166464 796.0
985.9047255032964 802.0
986.1489345742042 809.0
986.3931346288863 795.0
986.6373256668593 796.0
986.8815076876406 801.0
987.1256806907464 802.0
987.3698446756944 803.0
987.613999642001 806.0
987.8581455891829 800.0
988.1022825167574 806.0
988.3464104242408 809.0
988.5905293111508 801.0
988.8346391770036 784.0
989.0787400213161 796.0
989.3228318436055 800.0
989.5669146433884 816.0
989.8109884201817 812.0
990.0550531735024 788.0
990.2991089028674 810.0
990.5431556077934 796.0
990.7871932877973 798.0
991.031221942396 816.0
991.2752415711062 816.0
991.5192521734452 796.0
991.7632537489297 813.0
992.0072462970761 808.0
992.251229817402 815.0
992.4952043094236 802.0
992.7391697726582 803.0
992.9831262066227 805.0
993.2270736108336 808.0
993.4710119848082 809.0
993.7149413280629 801.0
993.958861640115 796.0
994.2027729204812 804.0
994.4466751686781 805.0
994.6905683842231 798.0
994.9344525666326 798.0
995.1783277154237 806.0
995.4221938301132 785.0
995.6660509102181 797.0
995.9098989552552 805.0
996.1537379647411 795.0
996.3975679381932 796.0
996.6413888751279 799.0
996.8852007750622 812.0
997.1290036375133 804.0
997.3727974619973 794.0
997.6165822480319 805.0
997.8603579951333 809.0
998.104124702819 806.0
998.3478823706055 808.0
998.5916309980095 803.0
998.8353705845483 803.0
999.0791011297383 817.0
999.3228226330968 792.0
999.5665350941406 802.0
999.8102385123861 810.0
1000.0539328873509 802.0
1000.2976182185512 801.0
1000.5412945055043 792.0
1000.7849617477269 791.0
1001.0286199447357 803.0
1001.2722690960481 806.0
1001.5159092011804 803.0
1001.75954025965 797.0
1002.003162270973 797.0
1002.246775234667 796.0
1002.4903791502487 811.0
1002.7339740172346 804.0
1002.9775598351421 800.0
1003.2211366034876 790.0
1003.4647043217884 782.0
1003.7082629895611 796.0
1003.9518126063224 800.0
1004.1953531715895 817.0
1004.4388846848791 821.0
1004.6824071457083 802.0
1004.9259205535938 797.0
1005.1694249080521 814.0
1005.4129202086007 816.0
1005.6564064547559 801.0
1005.8998836460353 813.0
1006.1433517819551 800.0
1006.3868108620323 810.0
1006.6302608857841 814.0
1006.8737018527269 801.0
1007.1171337623779 811.0
1007.3605566142537 802.0
1007.6039704078715 806.0
1007.8473751427481 784.0
1008.0907708184001 796.0
1008.3341574343445 810.0
1008.5775349900982 808.0
1008.8209034851784 804.0
1009.0642629191013 808.0
1009.3076132913841 806.0
1009.5509546015439 792.0
1009.7942868490973 812.0
1010.0376100335611 792.0
1010.2809241544525 808.0
1010.5242292112879 816.0
1010.7675252035845 804.0
1011.010812130859 777.0
1011.2540899926286 797.0
1011.4973587884098 805.0
1011.7406185177194 801.0
1011.9838691800747 802.0
1012.2271107749921 803.0
1012.470343301989 795.0
1012.7135667605817 794.0
1012.9567811502875 800.0
1013.1999864706231 797.0
1013.4431827211052 796.0
1013.686369901251 812.0
1013.929548010577 799.0
1014.1727170486006 808.0
1014.4158770148383 808.0
1014.6590279088067 809.0
1014.9021697300233 800.0
1015.1453024780044 803.0
1015.3884261522674 798.0
1015.6315407523286 778.0
1015.8746462777051 805.0
1016.1177427279141 804.0
1016.3608301024719 800.0
1016.603908400896 808.0
1016.8469776227028 807.0
1017.0900377674091 804.0
1017.3330888345322 813.0
1017.5761308235883 798.0
1017.8191637340951 805.0
1018.0621875655689 804.0
1018.3052023175269 806.0
1018.5482079894858 810.0
1018.7912045809622 817.0
1019.0341920914735 812.0
1019.2771705205361 821.0
1019.5201398676672 805.0
1019.7631001323837 808.0
1020.006051314202 800.0
1020.2489934126395 806.0
1020.4919264272125 786.0
1020.7348503574386 812.0
1020.9777652028342 797.0
1021.2206709629161 812.0
1021.4635676372014 807.0
1021.7064552252067 810.0
1021.9493337264495 804.0
1022.1922031404459 812.0
1022.4350634667132 799.0
1022.6779147047681 809.0
1022.9207568541273 802.0
1023.1635899143083 805.0
1023.4064138848273 806.0
1023.6492287652015 809.0
1023.8920345549478 801.0
1024.134831253583 801.0
1024.377618860624 806.0
1024.6203973755871 801.0
1024.8631667979898 808.0
1025.1059271273493 797.0
1025.3486783631818 805.0
1025.5914205050044 803.0
1025.8341535523336 801.0
1026.076877504687 796.0
1026.3195923615808 799.0
1026.5622981225324 808.0
1026.8049947870584 797.0
1027.0476823546753 798.0
1027.2903608249007 813.0
1027.5330301972513 807.0
1027.7756904712435 813.0
1028.0183416463947 799.0
1028.260983722221 792.0
1028.5036166982402 809.0
1028.7462405739689 809.0
1028.9888553489234 810.0
1029.2314610226213 808.0
1029.474057594579 809.0
1029.7166450643138 797.0
1029.9592234313418 802.0
1030.2017926951808 796.0
1030.4443528553472 823.0
1030.6869039113576 803.0
1030.9294458627296 810.0
1031.1719787089794 804.0
1031.414502449624 797.0
1031.6570170841808 817.0
1031.8995226121658 809.0
1032.1420190330966 796.0
1032.3845063464896 803.0
1032.6269845518618 812.0
1032.8694536487305 809.0
1033.111913636612 796.0
1033.3543645150232 796.0
1033.596806283481 793.0
1033.8392389415026 797.0
1034.081662488605 798.0
1034.324076924304 801.0
1034.566482248118 812.0
1034.8088784595625 803.0
1035.0512655581551 800.0
1035.2936435434124 796.0
1035.5360124148515 809.0
1035.778372171989 801.0
1036.020722814342 791.0
1036.2630643414275 820.0
1036.5053967527615 799.0
1036.7477200478622 793.0
1036.9900342262456 790.0
1037.2323392874284 802.0
1037.4746352309282 790.0
1037.7169220562612 805.0
1037.9591997629448 798.0
1038.2014683504956 790.0
1038.4437278184303 807.0
1038.685978166266 810.0
1038.9282193935196 810.0
1039.170451499708 797.0
1039.4126744843477 792.0
1039.6548883469559 802.0
1039.8970930870496 798.0
1040.1392887041452 795.0
1040.3814751977598 808.0
1040.6236525674105 806.0
1040.8658208126137 803.0
1041.107979932887 816.0
1041.3501299277466 809.0
1041.5922707967095 806.0
1041.8344025392926 800.0
1042.0765251550129 804.0
1042.3186386433872 802.0
1042.5607430039322 796.0
1042.802838236165 799.0
1043.0449243396022 801.0
1043.2870013137613 798.0
1043.5290691581586 794.0
1043.7711278723107 795.0
1044.013177455735 791.0
1044.2552179079482 815.0
1044.4972492284676 811.0
1044.7392714168093 811.0
1044.9812844724902 795.0
1045.223288395028 793.0
1045.4652831839387 795.0
1045.70726883874 811.0
1045.949245358948 795.0
1046.1912127440798 809.0
1046.4331709936528 808.0
1046.675120107183 801.0
1046.9170600841878 812.0
1047.1589909241836 813.0
1047.400912626688 808.0
1047.6428251912175 811.0
1047.8847286172886 805.0
1048.1266229044188 800.0
1048.3685080521243 816.0
1048.6103840599228 797.0
1048.8522509273307 813.0
1049.0941086538646 800.0
1049.3359572390418 793.0
1049.577796682379 804.0
1049.819626983393 789.0
1050.061448141601 809.0
1050.3032601565194 797.0
1050.5450630276655 805.0
1050.7868567545556 788.0
1051.0286413367073 807.0
1051.270416773637 821.0
1051.5121830648616 789.0
1051.7539402098982 794.0
1051.9956882082631 813.0
1052.237427059474 801.0
1052.479156763047 811.0
1052.7208773184996 803.0
1052.9625887253483 788.0
1053.2042909831098 789.0
1053.4459840913016 808.0
1053.6876680494397 795.0
1053.929342857042 801.0
1054.1710085136244 808.0
1054.4126650187043 811.0
1054.6543123717986 812.0
1054.8959505724238 806.0
1055.1375796200969 804.0
1055.3791995143351 790.0
1055.620810254655 782.0
1055.8624118405735 790.0
1056.1040042716074 811.0
1056.3455875472737 814.0
1056.5871616670893 804.0
1056.8287266305706 808.0
1057.070282437235 795.0
1057.3118290865991 802.0
1057.5533665781802 819.0
1057.7948949114943 814.0
1058.0364140860593 797.0
1058.2779241013916 826.0
1058.5194249570077 794.0
1058.760916652425 802.0
1059.0023991871599 812.0
1059.24387256073 805.0
1059.4853367726514 790.0
1059.7267918224413 799.0
1059.968237709617 815.0
1060.2096744336943 808.0
1060.451101994191 817.0
1060.6925203906237 793.0
1060.933929622509 805.0
1061.1753296893642 805.0
1061.4167205907056 797.0
1061.6581023260508 800.0
1061.8994748949162 789.0
1062.1408382968189 785.0
1062.3821925312755 790.0
1062.6235375978026 797.0
1062.8648734959181 789.0
1063.1062002251376 792.0
1063.3475177849793 813.0
1063.588826174959 789.0
1063.830125394594 808.0
1064.0714154434013 805.0
1064.312696320897 787.0
1064.553968026599 806.0
1064.7952305600238 796.0
1065.036483920688 791.0
1065.2777281081087 805.0
1065.5189631218025 805.0
1065.7601889612868 798.0
1066.001405626078 812.0
1066.2426131156928 789.0
1066.4838114296492 793.0
1066.7250005674625 793.0
1066.9661805286507 790.0
1067.2073513127305 805.0
1067.4485129192178 793.0
1067.689665347631 809.0
1067.9308085974856 797.0
1068.1719426682996 797.0
1068.413067559589 807.0
1068.654183270871 795.0
1068.8952898016628 804.0
1069.1363871514804 812.0
1069.3774753198418 798.0
1069.618554306263 806.0
1069.8596241102612 796.0
1070.100684731353 802.0
1070.3417361690556 799.0
1070.582778422886 798.0
1070.8238114923604 800.0
1071.0648353769964 791.0
1071.3058500763104 785.0
1071.5468555898192 790.0
1071.7878519170404 792.0
1072.02883905749 802.0
1072.2698170106853 802.0
1072.5107857761434 792.0
1072.75174535338 804.0
1072.9926957419138 797.0
1073.23363694126 792.0
1073.4745689509368 805.0
1073.7154917704597 802.0
1073.9564053993467 788.0
1074.1973098371145 813.0
1074.4382050832794 802.0
1074.6790911373587 805.0
1074.9199679988692 797.0
1075.1608356673278 808.0
1075.4016941422512 778.0
1075.6425434231562 795.0
1075.8833835095604 778.0
1076.1242144009796 812.0
1076.3650360969316 801.0
1076.6058485969324 816.0
1076.8466519004996 797.0
1077.0874460071498 801.0
1077.3282309163997 797.0
1077.5690066277664 801.0
1077.8097731407665 801.0
1078.0505304549172 804.0
1078.2912785697354 810.0
1078.5320174847377 808.0
1078.772747199441 793.0
1079.0134677133622 800.0
1079.2541790260184 802.0
1079.4948811369263 797.0
1079.7355740456023 797.0
1079.9762577515642 786.0
1080.2169322543277 812.0
1080.4575975534112 798.0
1080.6982536483301 810.0
1080.9389005386022 797.0
1081.179538223744 805.0
1081.4201667032721 788.0
1081.6607859767041 797.0
1081.9013960435564 798.0
1082.1419969033457 801.0
1082.382588555589 800.0
1082.6231709998035 819.0
1082.863744235506 805.0
1083.104308262213 798.0
1083.3448630794412 794.0
1083.5854086867082 798.0
1083.8259450835303 801.0
1084.0664722694248 800.0
1084.306990243908 770.0
1084.5474990064974 793.0
1084.7879985567097 797.0
1085.0284888940612 796.0
1085.2689700180695 802.0
1085.509441928251 788.0
1085.749904624123 804.0
1085.990358105202 794.0
1086.2308023710048 794.0
1086.4712374210485 806.0
1086.71166325485 794.0
1086.9520798719261 806.0
1087.1924872717937 788.0
1087.4328854539694 803.0
1087.6732744179706 785.0
1087.9136541633134 792.0
1088.1540246895156 796.0
1088.3943859960934 785.0
1088.6347380825637 788.0
1088.8750809484436 798.0
1089.1154145932499 786.0
1089.3557390164995 791.0
1089.5960542177095 792.0
1089.836360196396 796.0
1090.0766569520767 801.0
1090.3169444842679 807.0
1090.557222792487 804.0
1090.7974918762502 811.0
1091.037751735075 809.0
1091.2780023684782 802.0
1091.518243775976 798.0
1091.7584759570861 796.0
1091.9986989113247 812.0
1092.2389126382093 810.0
1092.4791171372563 781.0
1092.7193124079827 798.0
1092.9594984499054 805.0
1093.1996752625412 772.0
1093.4398428454072 794.0
1093.68000119802 788.0
1093.9201503198965 801.0
1094.1602902105537 780.0
1094.4004208695083 806.0
1094.6405422962773 816.0
1094.8806544903778 803.0
1095.120757451326 793.0
1095.3608511786392 801.0
1095.6009356718341 813.0
1095.8410109304282 802.0
1096.0810769539376 795.0
1096.3211337418795 794.0
1096.5611812937707 798.0
1096.8012196091279 797.0
1097.0412486874682 813.0
1097.2812685283084 800.0
1097.5212791311658 812.0
1097.7612804955563 800.0
1098.0012726209975 801.0
1098.2412555070064 796.0
1098.4812291530989 787.0
1098.721193558793 796.0
1098.961148723605 793.0
1099.2010946470518 804.0
1099.4410313286503 804.0
1099.6809587679172 788.0
1099.92087696437 787.0
1100.1607859175251 802.0
1100.400685626899 798.0
1100.640576092009 807.0
1100.880457312372 797.0
1101.1203292875052 787.0
1101.3601920169247 805.0
1101.6000455001479 793.0
1101.8398897366915 808.0
1102.079724726072 809.0
1102.3195504678072 792.0
1102.559366961413 798.0
1102.7991742064069 800.0
1103.0389722023056 807.0
1103.2787609486254 781.0
1103.5185404448844 792.0
1103.7583106905984 775.0
1103.9980716852845 798.0
1104.23782342846 795.0
1104.4775659196412 805.0
1104.7172991583454 801.0
1104.9570231440887 798.0
1105.1967378763893 799.0
1105.436443354763 802.0
1105.6761395787273 794.0
1105.9158265477986 794.0
1106.1555042614937 803.0
1106.3951727193298 790.0
1106.6348319208234 794.0
1106.8744818654923 801.0
1107.1141225528525 784.0
1107.3537539824208 782.0
1107.5933761537144 789.0
1107.8329890662503 782.0
1108.072592719545 784.0
1108.3121871131157 805.0
1108.551772246479 788.0
1108.7913481191517 787.0
1109.030914730651 795.0
1109.2704720804938 818.0
1109.5100201681967 806.0
1109.7495589932764 796.0
1109.9890885552504 799.0
1110.2286088536348 800.0
1110.4681198879473 808.0
1110.707621657704 800.0
1110.9471141624224 794.0
1111.1865974016187 793.0
1111.4260713748101 804.0
1111.665536081514 801.0
1111.9049915212463 800.0
1112.1444376935244 797.0
1112.3838745978653 787.0
1112.6233022337854 785.0
1112.8627206008023 786.0
1113.102129698432 789.0
1113.3415295261918 818.0
1113.5809200835986 796.0
1113.820301370169 805.0
1114.0596733854206 802.0
1114.2990361288694 783.0
1114.5383896000326 804.0
1114.7777337984273 806.0
1115.0170687235698 805.0
1115.2563943749778 802.0
1115.4957107521673 800.0
1115.7350178546556 807.0
1115.9743156819598 780.0
1116.213604233596 806.0
1116.452883509082 817.0
1116.692153507934 789.0
1116.9314142296694 804.0
1117.1706656738045 800.0
1117.4099078398563 793.0
1117.6491407273422 805.0
1117.8883643357783 807.0
1118.1275786646822 798.0
1118.36678371357 805.0
1118.6059794819594 786.0
1118.8451659693665 802.0
1119.0843431753085 795.0
1119.3235110993026 791.0
1119.5626697408647 804.0
1119.8018190995128 796.0
1120.0409591747637 796.0
1120.2800899661331 806.0
1120.519211473139 797.0
1120.7583236952978 790.0
1120.9974266321262 792.0
1121.236520283142 797.0
1121.4756046478608 788.0
1121.7146797258001 795.0
1121.9537455164768 788.0
1122.192802019408 794.0
1122.4318492341101 798.0
1122.6708871601 803.0
1122.909915796895 804.0
1123.1489351440111 798.0
1123.3879452009662 792.0
1123.6269459672762 795.0
1123.865937442459 809.0
1124.1049196260308 804.0
1124.3438925175087 791.0
