shot=113_gas=Ar_height=40_RF=176.2W_massflow=1000_coils=49.9A_HR4000 spectrum
Wavelength [nm] // Intensity [u.a.] 
194.93414 808.0
195.2037815346219 782.0
195.47341553816543 805.0
195.74304201014752 804.0
196.012660950085 813.0
196.28227235749478 817.0
196.55187623189366 814.0
196.82147257279857 812.0
197.09106137972637 797.0
197.36064265219392 796.0
197.63021638971804 793.0
197.89978259181567 810.0
198.16934125800364 797.0
198.43889238779886 811.0
198.7084359807181 810.0
198.97797203627835 801.0
199.2475005539964 807.0
199.51702153338914 807.0
199.78653497397343 813.0
200.05604087526618 813.0
200.3255392367842 804.0
200.59503005804436 804.0
200.8645133385636 814.0
201.1339890778587 793.0
201.4034572754466 804.0
201.67291793084408 811.0
201.94237104356813 810.0
202.21181661313554 814.0
202.48125463906314 805.0
202.7506851208679 793.0
203.02010805806663 790.0
203.28952345017618 798.0
203.55893129671344 799.0
203.8283315971953 812.0
204.0977243511386 796.0
204.3671095580602 826.0
204.636487217477 822.0
204.90585732890585 816.0
205.17521989186366 799.0
205.44457490586717 813.0
205.7139223704334 806.0
205.98326228507918 796.0
206.2525946493213 794.0
206.5219194626767 797.0
206.79123672466224 809.0
207.06054643479476 804.0
207.32984859259116 802.0
207.59914319756828 807.0
207.86843024924303 802.0
208.13770974713225 820.0
208.40698169075276 825.0
208.6762460796215 817.0
208.94550291325532 818.0
209.2147521911711 806.0
209.48399391288567 803.0
209.75322807791594 806.0
210.02245468577874 818.0
210.29167373599094 812.0
210.56088522806942 811.0
210.83008916153108 829.0
211.09928553589276 808.0
211.3684743506713 815.0
211.63765560538363 807.0
211.9068292995466 804.0
212.175995432677 809.0
212.44515400429182 802.0
212.71430501390782 810.0
212.98344846104192 821.0
213.25258434521103 822.0
213.52171266593191 814.0
213.79083342272153 807.0
214.05994661509675 796.0
214.3290522425744 796.0
214.5981503046713 808.0
214.8672408009044 809.0
215.13632373079054 787.0
215.4053990938466 806.0
215.6744668895894 798.0
215.94352711753592 807.0
216.21257977720293 808.0
216.48162486810728 810.0
216.7506623897659 800.0
217.01969234169565 808.0
217.2887147234134 812.0
217.55772953443596 812.0
217.82673677428028 817.0
218.0957364424632 804.0
218.36472853850154 803.0
218.6337130619122 809.0
218.9026900122121 818.0
219.17165938891804 810.0
219.4406211915469 816.0
219.70957541961562 812.0
219.97852207264097 816.0
220.24746115013983 802.0
220.5163926516291 801.0
220.78531657662566 804.0
221.05423292464639 818.0
221.32314169520808 818.0
221.59204288782766 809.0
221.860936502022 807.0
222.12982253730797 807.0
222.39870099320237 805.0
222.66757186922214 808.0
222.93643516488416 807.0
223.20529087970525 806.0
223.47413901320226 803.0
223.74297956489212 819.0
224.01181253429166 804.0
224.28063792091777 797.0
224.5494557242873 825.0
224.8182659439171 813.0
225.08706857932413 809.0
225.35586363002508 806.0
225.62465109553705 797.0
225.89343097537673 812.0
226.16220326906105 804.0
226.43096797610687 816.0
226.69972509603105 812.0
226.9684746283505 814.0
227.237216572582 810.0
227.50595092824256 798.0
227.7746776948489 801.0
228.04339687191796 792.0
228.31210845896663 800.0
228.5808124555117 809.0
228.84950886107015 808.0
229.11819767515877 809.0
229.38687889729442 818.0
229.65555252699397 812.0
229.92421856377433 811.0
230.1928770071524 806.0
230.46152785664492 801.0
230.73017111176884 804.0
230.99880677204106 802.0
231.26743483697837 809.0
231.53605530609772 812.0
231.8046681789159 810.0
232.07327345494983 811.0
232.34187113371638 796.0
232.61046121473237 795.0
232.87904369751473 799.0
233.14761858158028 800.0
233.41618586644586 816.0
233.68474555162845 810.0
233.95329763664483 800.0
234.2218421210119 803.0
234.49037900424648 823.0
234.7589082858655 815.0
235.02742996538583 786.0
235.29594404232427 811.0
235.56445051619772 803.0
235.8329493865231 810.0
236.10144065281722 813.0
236.36992431459691 810.0
236.63840037137916 808.0
236.9068688226808 798.0
237.1753296680186 808.0
237.44378290690955 808.0
237.7122285388704 808.0
237.9806665634181 809.0
238.24909698006957 800.0
238.51751978834153 814.0
238.78593498775095 801.0
239.0543425778147 813.0
239.32274255804958 809.0
239.59113492797255 811.0
239.8595196871004 798.0
240.12789683495004 802.0
240.3962663710383 798.0
240.66462829488208 808.0
240.93298260599826 810.0
241.2013293039037 814.0
241.46966838811522 818.0
241.73799985814978 802.0
242.00632371352418 808.0
242.27463995375527 792.0
242.54294857835998 811.0
242.81124958685515 810.0
243.07954297875764 792.0
243.34782875358434 803.0
243.61610691085207 809.0
243.88437745007772 798.0
244.15264037077822 809.0
244.42089567247035 825.0
244.68914335467105 808.0
244.95738341689716 806.0
245.2256158586655 802.0
245.493840679493 812.0
245.76205787889654 813.0
246.03026745639292 816.0
246.29846941149904 813.0
246.5666637437318 821.0
246.834850452608 805.0
247.1030295376446 789.0
247.37120099835838 809.0
247.63936483426627 802.0
247.9075210448851 796.0
248.17566962973177 809.0
248.4438105883231 817.0
248.71194392017603 808.0
248.98006962480733 812.0
249.248187701734 820.0
249.51629815047275 808.0
249.78440097054056 814.0
250.05249616145431 799.0
250.32058372273076 806.0
250.5886636538869 805.0
250.85673595443953 811.0
251.12480062390551 804.0
251.39285766180177 807.0
251.6609070676451 807.0
251.92894884095242 793.0
252.19698298124058 810.0
252.46500948802645 811.0
252.73302836082692 786.0
253.00103959915882 808.0
253.26904320253902 820.0
253.53703917048443 818.0
253.80502750251188 805.0
254.07300819813827 819.0
254.34098125688044 822.0
254.60894667825525 813.0
254.87690446177962 808.0
255.14485460697037 810.0
255.41279711334434 805.0
255.6807319804185 813.0
255.94865920770962 805.0
256.2165787947346 809.0
256.48449074101035 806.0
256.75239504605366 793.0
257.02029170938147 802.0
257.28818073051065 810.0
257.556062108958 794.0
257.8239358442404 811.0
258.0918019358748 797.0
258.35966038337796 804.0
258.6275111862668 805.0
258.8953543440582 804.0
259.163189856269 811.0
259.4310177224162 808.0
259.6988379420164 805.0
259.9666505145867 811.0
260.23445543964385 809.0
260.50225271670473 812.0
260.77004234528624 789.0
261.03782432490533 793.0
261.3055986550787 786.0
261.5733653353234 784.0
261.8411243651561 805.0
262.1088757440937 814.0
262.37661947165327 805.0
262.6443555473515 809.0
262.9120839707053 811.0
263.1798047412315 791.0
263.44751785844704 801.0
263.7152233218687 808.0
263.98292113101354 790.0
264.2506112853982 785.0
264.51829378453965 814.0
264.7859686279547 817.0
265.05363581516025 801.0
265.32129534567326 791.0
265.5889472190105 813.0
265.8565914346889 793.0
266.1242279922252 807.0
266.39185689113634 809.0
266.65947813093925 821.0
266.9270917111508 811.0
267.19469763128774 805.0
267.46229589086704 791.0
267.72988648940554 803.0
267.9974694264201 796.0
268.2650447014276 801.0
268.53261231394487 794.0
268.80017226348883 805.0
269.0677245495763 805.0
269.3352691717242 809.0
269.60280612944933 795.0
269.8703354222686 789.0
270.13785704969894 800.0
270.40537101125716 811.0
270.67287730646007 810.0
270.9403759348246 811.0
271.2078668958677 815.0
271.47535018910605 804.0
271.7428258140567 808.0
272.01029377023633 809.0
272.2777540571619 811.0
272.5452066743504 791.0
272.81265162131854 808.0
273.08008889758327 798.0
273.34751850266144 806.0
273.6149404360698 814.0
273.8823546973254 813.0
274.1497612859451 806.0
274.4171602014456 807.0
274.6845514433439 818.0
274.95193501115676 810.0
275.2193109044012 792.0
275.486679122594 801.0
275.7540396652521 806.0
276.02139253189216 821.0
276.2887377220313 817.0
276.55607523518626 814.0
276.82340507087395 810.0
277.09072722861123 795.0
277.3580417079149 814.0
277.62534850830195 821.0
277.8926476292892 802.0
278.1599390703934 817.0
278.4272228311316 806.0
278.69449891102056 806.0
278.96176730957717 805.0
279.22902802631836 806.0
279.4962810607609 817.0
279.76352641242164 805.0
280.0307640808177 793.0
280.29799406546556 814.0
280.5652163658824 804.0
280.8324309815849 810.0
281.09963791209003 820.0
281.3668371569146 795.0
281.6340287155756 808.0
281.9012125875897 803.0
282.168388772474 797.0
282.4355572697452 791.0
282.7027180789201 798.0
282.9698711995158 797.0
283.23701663104896 809.0
283.50415437303667 791.0
283.77128442499554 798.0
284.0384067864426 817.0
284.3055214568946 813.0
284.57262843586864 800.0
284.8397277228814 811.0
285.1068193174497 822.0
285.37390321909055 810.0
285.6409794273207 809.0
285.9080479416572 799.0
286.1751087616167 813.0
286.4421618867162 811.0
286.7092073164725 797.0
286.9762450504025 788.0
287.24327508802315 798.0
287.5102974288511 811.0
287.77731207240345 810.0
288.04431901819703 818.0
288.3113182657485 805.0
288.578309814575 794.0
288.84529366419326 808.0
289.1122698141201 809.0
289.37923826387254 806.0
289.6461990129674 797.0
289.91315206092133 811.0
290.18009740725154 816.0
290.44703505147464 793.0
290.7139649931077 812.0
290.98088723166734 810.0
291.24780176667065 810.0
291.5147085976344 821.0
291.78160772407557 807.0
292.04849914551085 817.0
292.3153828614572 807.0
292.58225887143146 821.0
292.8491271749505 802.0
293.1159877715313 800.0
293.3828406606906 810.0
293.6496858419453 818.0
293.9165233148123 794.0
294.1833530788084 805.0
294.4501751334505 806.0
294.71698947825547 797.0
294.9837961127402 799.0
295.2505950364216 806.0
295.5173862488164 791.0
295.78416974944156 787.0
296.050945537814 815.0
296.31771361345045 816.0
296.584473975868 805.0
296.8512266245832 825.0
297.11797155911313 805.0
297.38470877897464 806.0
297.6514382836846 807.0
297.9181600727598 804.0
298.18487414571723 810.0
298.4515805020736 794.0
298.71827914134593 817.0
298.9849700630511 810.0
299.2516532667058 808.0
299.518328751827 810.0
299.78499651793163 798.0
300.0516565645365 808.0
300.3183088911584 806.0
300.58495349731436 793.0
300.8515903825211 807.0
301.1182195462956 806.0
301.3848409881546 812.0
301.65145470761513 811.0
301.91806070419403 821.0
302.184658977408 812.0
302.4512495267741 823.0
302.7178323518091 817.0
302.9844074520298 822.0
303.2509748269532 808.0
303.5175344760962 817.0
303.78408639897555 820.0
304.0506305951082 800.0
304.31716706401096 813.0
304.58369580520065 804.0
304.8502168181943 802.0
305.1167301025086 812.0
305.3832356576606 806.0
305.649733483167 809.0
305.9162235785447 819.0
306.1827059433106 797.0
306.4491805769817 807.0
306.7156474790747 810.0
306.98210664910647 795.0
307.2485580865939 809.0
307.5150017910539 802.0
307.7814377620034 806.0
308.0478659989591 808.0
308.31428650143795 803.0
308.58069926895683 792.0
308.8471043010326 813.0
309.1135015971821 801.0
309.37989115692227 806.0
309.6462729797699 786.0
309.91264706524197 821.0
310.1790134128551 798.0
310.4453720221265 807.0
310.71172289257277 810.0
310.97806602371094 808.0
311.2444014150577 821.0
311.5107290661301 811.0
311.777048976445 794.0
312.04336114551904 806.0
312.30966557286945 794.0
312.5759622580128 805.0
312.8422512004661 806.0
313.1085323997461 807.0
313.3748058553698 811.0
313.641071566854 807.0
313.90732953371554 809.0
314.17357975547145 802.0
314.4398222316384 815.0
314.70605696173334 808.0
314.9722839452731 817.0
315.23850318177466 799.0
315.50471467075477 797.0
315.7709184117303 810.0
316.0371144042182 813.0
316.3033026477353 806.0
316.56948314179846 795.0
316.8356558859246 809.0
317.1018208796305 804.0
317.36797812243304 803.0
317.6341276138491 805.0
317.90026935339563 816.0
318.1664033405894 790.0
318.4325295749473 814.0
318.6986480559862 806.0
318.96475878322303 789.0
319.2308617561746 798.0
319.4969569743577 812.0
319.76304443728935 818.0
320.0291241444864 790.0
320.2951960954656 815.0
320.5612602897438 816.0
320.82731672683815 813.0
321.0933654062652 791.0
321.359406327542 806.0
321.6254394901853 801.0
321.891464893712 800.0
322.157482537639 806.0
322.4234924214832 793.0
322.68949454476143 804.0
322.95548890699064 805.0
323.2214755076875 812.0
323.487454346369 809.0
323.753425422552 807.0
324.01938873575347 806.0
324.2853442854901 808.0
324.55129207127885 802.0
324.8172320926366 807.0
325.08316434908016 816.0
325.34908884012646 807.0
325.61500556529234 809.0
325.8809145240947 814.0
326.14681571605024 807.0
326.4127091406761 816.0
326.6785947974889 820.0
326.9444726860058 820.0
327.2103428057433 820.0
327.47620515621855 811.0
327.74205973694836 819.0
328.00790654744947 803.0
328.2737455872389 810.0
328.5395768558335 796.0
328.80540035275004 817.0
329.0712160775054 803.0
329.33702402961654 812.0
329.6028242086002 816.0
329.86861661397353 816.0
330.13440124525306 803.0
330.4001781019559 807.0
330.66594718359863 817.0
330.9317084896984 813.0
331.19746201977205 805.0
331.46320777333636 805.0
331.7289457499082 799.0
331.9946759490044 795.0
332.2603983701419 804.0
332.5261130128375 805.0
332.79181987660826 804.0
333.05751896097087 804.0
333.3232102654422 806.0
333.58889378953916 801.0
333.85456953277856 798.0
334.1202374946774 789.0
334.38589767475247 805.0
334.6515500725206 821.0
334.9171946874987 819.0
335.18283151920355 803.0
335.4484605671522 804.0
335.7140818308614 812.0
335.97969530984807 807.0
336.245301003629 810.0
336.51089891172114 794.0
336.77648903364127 819.0
337.04207136890636 816.0
337.30764591703326 807.0
337.5732126775387 812.0
337.83877164993976 804.0
338.10432283375314 813.0
338.36986622849577 810.0
338.63540183368457 806.0
338.9009296488363 811.0
339.16644967346787 814.0
339.4319619070962 814.0
339.6974663492381 795.0
339.9629629994105 810.0
340.22845185713027 799.0
340.4939329219141 814.0
340.75940619327906 808.0
341.02487167074196 811.0
341.2903293538197 800.0
341.555779242029 793.0
341.821221334887 800.0
342.0866556319103 810.0
342.3520821326158 809.0
342.6175008365205 807.0
342.8829117431413 812.0
343.1483148519949 812.0
343.41371016259825 798.0
343.6790976744682 818.0
343.9444773871216 809.0
344.20984930007546 792.0
344.4752134128465 802.0
344.74056972495157 802.0
345.0059182359076 811.0
345.27125894523147 829.0
345.53659185244 811.0
345.80191695705014 793.0
346.0672342585787 809.0
346.3325437565426 818.0
346.5978454504585 818.0
346.8631393398436 809.0
347.1284254242145 800.0
347.3937037030882 810.0
347.6589741759816 797.0
347.92423684241146 801.0
348.1894917018946 819.0
348.4547387539481 809.0
348.71997799808867 819.0
348.9852094338332 801.0
349.2504330606986 795.0
349.51564887820166 803.0
349.7808568858593 812.0
350.0460570831885 813.0
350.31124946970584 815.0
350.57643404492853 813.0
350.84161080837316 809.0
351.1067797595568 806.0
351.3719408979961 806.0
351.63709422320824 835.0
351.90223973470984 813.0
352.16737743201776 815.0
352.43250731464894 811.0
352.69762938212034 812.0
352.9627436339487 809.0
353.2278500696509 805.0
353.49294868874387 806.0
353.7580394907444 809.0
354.02312247516943 798.0
354.28819764153576 800.0
354.55326498936034 809.0
354.81832451816 803.0
355.08337622745165 809.0
355.348420116752 821.0
355.613456185578 819.0
355.8784844334467 803.0
356.1435048598747 825.0
356.4085174643791 816.0
356.6735222464765 789.0
356.938519205684 802.0
357.2035083415184 817.0
357.46848965349653 821.0
357.73346314113536 817.0
357.9984288039516 804.0
358.2633866414622 814.0
358.528336653184 821.0
358.793278838634 820.0
359.05821319732894 811.0
359.3231397287857 810.0
359.5880584325211 806.0
359.8529693080521 815.0
360.1178723548955 800.0
360.3827675725683 809.0
360.64765496058726 807.0
360.9125345184692 815.0
361.1774062457311 813.0
361.44227014188965 799.0
361.707126206462 792.0
361.9719744389649 791.0
362.2368148389151 809.0
362.5016474058295 820.0
362.766472139225 805.0
363.0312890386186 802.0
363.296098103527 816.0
363.5608993334672 811.0
363.82569272795587 808.0
364.09047828651006 802.0
364.35525600864656 809.0
364.6200258938823 819.0
364.8847879417341 797.0
365.1495421517188 814.0
365.41428852335326 812.0
365.67902705615444 789.0
365.9437577496392 801.0
366.2084806033243 817.0
366.4731956167267 819.0
366.7379027893632 820.0
367.0026021207507 802.0
367.2672936104061 817.0
367.5319772578463 817.0
367.79665306258806 802.0
368.06132102414836 805.0
368.32598114204393 813.0
368.59063341579173 802.0
368.85527784490864 802.0
369.1199144289115 814.0
369.3845431673172 812.0
369.6491640596426 807.0
369.91377710540445 819.0
370.1783823041198 819.0
370.44297965530546 810.0
370.70756915847835 806.0
370.97215081315517 810.0
371.2367246188529 814.0
371.5012905750884 802.0
371.7658486813786 798.0
372.0303989372402 791.0
372.29494134219027 800.0
372.5594758957455 804.0
372.82400259742286 798.0
373.08852144673915 810.0
373.3530324432114 818.0
373.6175355863563 800.0
373.8820308756908 825.0
374.1465183107317 814.0
374.410997890996 813.0
374.6754696160004 804.0
374.93993348526186 818.0
375.2043894982973 806.0
375.4688376546235 807.0
375.7332779537573 805.0
375.9977103952157 804.0
376.26213497851546 798.0
376.52655170317354 805.0
376.7909605687067 804.0
377.05536157463183 809.0
377.3197547204658 811.0
377.5841400057256 806.0
377.84851742992794 808.0
378.11288699258984 814.0
378.37724869322795 801.0
378.64160253135935 796.0
378.90594850650075 791.0
379.1702866181692 800.0
379.4346168658814 804.0
379.69893924915425 804.0
379.9632537675047 802.0
380.2275604204495 798.0
380.49185920750574 817.0
380.75615012819 810.0
381.0204331820193 799.0
381.2847083685105 808.0
381.5489756871804 808.0
381.8132351375459 817.0
382.07748671912407 800.0
382.34173043143153 809.0
382.6059662739852 804.0
382.8701942463019 805.0
383.1344143478986 805.0
383.3986265782921 801.0
383.6628309369994 811.0
383.92702742353725 805.0
384.1912160374225 808.0
384.45539677817203 804.0
384.7195696453027 815.0
384.98373463833155 818.0
385.2478917567753 809.0
385.5120410001507 818.0
385.7761823679748 826.0
386.0403158597644 817.0
386.30444147503647 814.0
386.5685592133077 805.0
386.8326690740951 812.0
387.09677105691543 810.0
387.36086516128563 817.0
387.6249513867226 802.0
387.88902973274315 786.0
388.15310019886414 793.0
388.41716278460245 810.0
388.68121748947493 808.0
388.9452643129986 806.0
389.2093032546901 813.0
389.47333431406645 813.0
389.73735749064434 817.0
390.0013727839409 802.0
390.2653801934728 816.0
390.52937971875696 807.0
390.7933713593103 814.0
391.05735511464974 822.0
391.3213309842919 816.0
391.5852989677539 799.0
391.8492590645524 810.0
392.1132112742045 801.0
392.37715559622694 797.0
392.6410920301366 800.0
392.9050205754503 800.0
393.1689412316849 801.0
393.43285399835736 806.0
393.69675887498465 816.0
393.96065586108335 800.0
394.2245449561705 816.0
394.4884261597629 820.0
394.75229947137757 823.0
395.01616489053123 820.0
395.28002241674085 805.0
395.5438720495231 792.0
395.80771378839506 810.0
396.0715476328735 803.0
396.33537358247537 816.0
396.5991916367174 807.0
396.86300179511665 814.0
397.12680405718976 803.0
397.39059842245376 813.0
397.65438489042543 810.0
397.91816346062177 794.0
398.18193413255955 788.0
398.4456969057556 808.0
398.7094517797268 809.0
398.97319875399006 816.0
399.2369378280623 806.0
399.50066900146027 816.0
399.764392273701 807.0
400.02810764430114 817.0
400.2918151127777 801.0
400.55551467864757 803.0
400.81920634142756 808.0
401.08289010063453 813.0
401.34656595578537 810.0
401.6102339063969 820.0
401.8738939519861 797.0
402.1375460920697 805.0
402.4011903261647 815.0
402.6648266537879 812.0
402.92845507445617 803.0
403.1920755876863 791.0
403.4556881929953 793.0
403.71929288990003 795.0
403.98288967791734 834.0
404.246478556564 814.0
404.5100595253569 812.0
404.77363258381297 792.0
405.03719773144906 802.0
405.3007549677821 814.0
405.56430429232887 810.0
405.82784570460626 806.0
406.0913792041311 806.0
406.35490479042033 815.0
406.61842246299085 800.0
406.88193222135936 804.0
407.14543406504293 811.0
407.4089279935582 806.0
407.6724140064223 806.0
407.9358921031519 809.0
408.19936228326395 805.0
408.4628245462754 804.0
408.7262788917029 798.0
408.9897253190635 798.0
409.25316382787395 793.0
409.5165944176513 801.0
409.7800170879122 800.0
410.04343183817366 798.0
410.30683866795243 805.0
410.57023757676546 811.0
410.83362856412975 814.0
411.09701162956185 807.0
411.3603867725789 796.0
411.62375399269763 803.0
411.887113289435 803.0
412.1504646623078 817.0
412.4138081108329 826.0
412.6771436345273 827.0
412.94047123290767 805.0
413.20379090549096 796.0
413.46710265179405 799.0
413.7304064713339 805.0
413.9937023636272 794.0
414.25699032819097 824.0
414.52027036454194 807.0
414.78354247219704 815.0
415.0468066506732 808.0
415.31006289948726 817.0
415.5733112181561 817.0
415.83655160619645 826.0
416.0997840631253 814.0
416.3630085884595 815.0
416.62622518171594 798.0
416.8894338424115 804.0
417.152634570063 811.0
417.4158273641873 774.0
417.67901222430123 799.0
417.9421891499217 816.0
418.2053581405658 818.0
418.46851919575005 808.0
418.7316723149915 808.0
418.99481749780693 817.0
419.2579547437133 813.0
419.5210840522274 821.0
419.78420542286625 844.0
420.04731885514644 843.0
420.31042434858506 837.0
420.573521902699 824.0
420.83661151700494 820.0
421.0996931910199 803.0
421.3627669242608 813.0
421.6258327162443 817.0
421.88889056648736 813.0
422.1519404745069 806.0
422.41498243981977 807.0
422.6780164619429 822.0
422.9410425403929 794.0
423.2040606746869 799.0
423.46707086434174 803.0
423.7300731088742 801.0
423.9930674078012 808.0
424.25605376063965 796.0
424.5190321669063 795.0
424.782002626118 810.0
425.0449651377918 823.0
425.30791970144446 818.0
425.57086631659286 820.0
425.83380498275386 833.0
426.0967356994443 828.0
426.3596584661811 816.0
426.6225732824811 828.0
426.88548014786113 810.0
427.14837906183817 827.0
427.411270023929 821.0
427.6741530336505 800.0
427.9370280905195 804.0
428.199895194053 795.0
428.46275434376776 808.0
428.72560553918066 805.0
428.98844877980855 806.0
429.2512840651683 812.0
429.51411139477693 801.0
429.77693076815115 816.0
430.03974218480784 810.0
430.3025456442639 805.0
430.5653411460361 805.0
430.82812868964146 806.0
431.09090827459687 823.0
431.353679900419 805.0
431.61644356662487 820.0
431.87919927273134 805.0
432.1419470182551 813.0
432.40468680271334 804.0
432.66741862562276 824.0
432.93014248650013 814.0
433.1928583848624 821.0
433.45556632022647 845.0
433.7182662921092 821.0
433.9809583000275 805.0
434.24364234349815 825.0
434.506318422038 821.0
434.768986535164 786.0
435.031646682393 803.0
435.2942988632418 801.0
435.55694307722734 808.0
435.81957932386655 798.0
436.08220760267614 814.0
436.34482791317305 810.0
436.6074402548742 813.0
436.8700446272964 795.0
437.1326410299566 797.0
437.3952294623715 812.0
437.65780992405803 813.0
437.9203824145332 801.0
438.1829469333138 811.0
438.4455034799166 796.0
438.7080520538586 792.0
438.9705926546565 800.0
439.23312528182737 805.0
439.49564993488787 821.0
439.7581666133551 819.0
440.0206753167459 822.0
440.28317604457686 800.0
440.5456687963651 805.0
440.8081535716274 820.0
441.07063036988075 803.0
441.3330991906418 791.0
441.5955600334276 802.0
441.858012897755 812.0
442.12045778314075 810.0
442.3828946891018 799.0
442.6453236151551 804.0
442.9077445608174 814.0
443.17015752560553 794.0
443.4325625090365 794.0
443.69495951062703 811.0
443.95734852989415 788.0
444.21972956635454 818.0
444.4821026195253 815.0
444.74446768892307 801.0
445.00682477406485 811.0
445.2691738744674 820.0
445.5315149896478 807.0
445.79384811912274 809.0
446.05617326240906 805.0
446.31849041902376 804.0
446.58079958848356 798.0
446.8431007703055 805.0
447.10539396400634 805.0
447.367679169103 811.0
447.6299563851123 810.0
447.892225611551 806.0
448.15448684793625 813.0
448.4167400937847 809.0
448.67898534861325 802.0
448.9412226119389 816.0
449.2034518832783 804.0
449.46567316214856 801.0
449.72788644806633 806.0
449.99009174054856 809.0
450.2522890391122 810.0
450.514478343274 804.0
450.77665965255085 804.0
451.0388329664597 816.0
451.30099828451733 810.0
451.5631556062406 823.0
451.82530493114655 812.0
452.08744625875175 813.0
452.3495795885734 818.0
452.6117049201281 814.0
452.87382225293277 810.0
453.13593158650446 794.0
453.3980329203598 813.0
453.6601262540158 809.0
453.9222115869893 825.0
454.1842889187971 804.0
454.4463582489562 801.0
454.70841957698343 810.0
454.97047290239556 804.0
455.23251822470957 812.0
455.49455554344223 816.0
455.75658485811044 804.0
456.0186061682312 810.0
456.2806194733211 795.0
456.5426247728973 819.0
456.8046220664765 810.0
457.0666113535756 804.0
457.32859263371154 818.0
457.5905659064011 812.0
457.8525311711611 786.0
458.1144884275086 804.0
458.37643767496024 786.0
458.6383789130331 807.0
458.9003121412439 802.0
459.1622373591095 785.0
459.4241545661469 801.0
459.68606376187284 818.0
459.9479649458043 810.0
460.2098581174581 811.0
460.471743276351 816.0
460.733620422 805.0
460.9954895539219 804.0
461.2573506716337 808.0
461.51920377465206 808.0
461.78104886249406 811.0
462.0428859346764 805.0
462.304714990716 810.0
462.5665360301298 812.0
462.82834905243453 805.0
463.09015405714723 821.0
463.35195104378465 800.0
463.6137400118636 807.0
463.8755209609011 784.0
464.13729389041396 805.0
464.399058799919 807.0
464.6608156889332 805.0
464.92256455697327 803.0
465.18430540355615 809.0
465.4460382281988 808.0
465.707763030418 803.0
465.96947980973056 810.0
466.23118856565344 807.0
466.49288929770347 804.0
466.75458200539765 799.0
467.0162666882526 814.0
467.27794334578533 809.0
467.5396119775127 820.0
467.8012725829516 794.0
468.0629251616188 802.0
468.3245697130314 810.0
468.586206236706 802.0
468.8478347321596 814.0
469.109455198909 802.0
469.3710676364711 816.0
469.6326720443629 800.0
469.89426842210105 806.0
470.1558567692025 825.0
470.4174370851842 801.0
470.6790093695629 812.0
470.94057362185555 814.0
471.20212984157905 804.0
471.4636780282501 787.0
471.72521818138574 798.0
471.9867503005027 804.0
472.248274385118 801.0
472.5097904347484 776.0
472.7712984489108 799.0
473.03279842712203 801.0
473.29429036889906 805.0
473.55577427375863 808.0
473.8172501412177 803.0
474.07871797079315 806.0
474.34017776200176 805.0
474.6016295143605 804.0
474.8630732273861 806.0
475.1245089005955 813.0
475.3859365335057 801.0
475.64735612563334 804.0
475.9087676764954 798.0
476.1701711856088 808.0
476.4315666524903 812.0
476.6929540766569 808.0
476.95433345762535 806.0
477.2157047949125 805.0
477.47706808803537 797.0
477.7384233365106 803.0
477.9997705398553 804.0
478.26110969758616 814.0
478.52244080922014 804.0
478.78376387427414 800.0
479.04507889226494 814.0
479.3063858627094 801.0
479.5676847851245 804.0
479.828975659027 812.0
480.0902584839338 800.0
480.3515332593618 798.0
480.61279998482775 820.0
480.8740586598487 799.0
481.13530928394147 797.0
481.3965518566228 808.0
481.65778637740965 809.0
481.9190128458189 806.0
482.1802312613674 812.0
482.4414416235721 796.0
482.70264393194964 809.0
482.9638381860171 797.0
483.2250243852913 802.0
483.4862025292891 801.0
483.7473726175273 813.0
484.0085346495229 793.0
484.26968862479265 808.0
484.5308345428534 801.0
484.79197240322225 814.0
485.0531022054157 800.0
485.314223948951 793.0
485.57533763334476 790.0
485.8364432581139 800.0
486.0975408227754 799.0
486.35863032684597 786.0
486.61971176984247 813.0
486.880785151282 815.0
487.1418504706812 802.0
487.402907727557 821.0
487.66395692142635 815.0
487.92499805180597 799.0
488.18603111821284 803.0
488.44705612016384 817.0
488.7080730571757 812.0
488.9690819287655 802.0
489.2300827344499 805.0
489.49107547374587 797.0
489.75206014617027 816.0
490.01303675124 810.0
490.27400528847187 813.0
490.53496575738274 804.0
490.79591815748955 801.0
491.05686248830915 809.0
491.31779874935836 792.0
491.57872694015396 815.0
491.8396470602131 794.0
492.1005591090524 825.0
492.3614630861888 790.0
492.6223589911392 804.0
492.88324682342045 808.0
493.14412658254946 816.0
493.40499826804296 813.0
493.66586187941795 801.0
493.92671741619125 801.0
494.18756487787977 794.0
494.44840426400026 806.0
494.70923557406974 812.0
494.97005880760497 808.0
495.23087396412285 804.0
495.4916810431403 820.0
495.7524800441741 818.0
496.01327096674123 804.0
496.27405381035845 807.0
496.53482857454264 826.0
496.79559525881075 808.0
497.05635386267954 815.0
497.31710438566597 810.0
497.57784682728686 800.0
497.8385811870591 797.0
498.0993074644995 819.0
498.360025659125 801.0
498.6207357704524 797.0
498.88143779799873 804.0
499.14213174128065 808.0
499.40281759981514 810.0
499.6634953731191 797.0
499.92416506070924 808.0
500.1848266621026 821.0
500.445480176816 807.0
500.70612560436615 805.0
500.96676294427016 789.0
501.22739219604483 814.0
501.48801335920695 804.0
501.74862643327344 806.0
502.00923141776116 796.0
502.2698283121869 798.0
502.5304171160677 794.0
502.7909978289203 810.0
503.0515704502616 818.0
503.31213497960846 806.0
503.57269141647777 811.0
503.8332397603864 798.0
504.09378001085116 818.0
504.354312167389 802.0
504.6148362295168 810.0
504.8753521967513 822.0
505.1358600686094 823.0
505.3963598446082 801.0
505.6568515242642 814.0
505.9173351070945 808.0
506.17781059261597 813.0
506.4382779803454 805.0
506.69873726979966 814.0
506.95918846049574 814.0
507.2196315519502 821.0
507.4800665436803 808.0
507.74049343520267 807.0
508.00091222603425 810.0
508.261322915692 805.0
508.5217255036924 817.0
508.7821199895529 824.0
509.0425063727899 817.0
509.3028846529204 816.0
509.5632548294615 802.0
509.8236169019296 804.0
510.0839708698421 805.0
510.3443167327155 819.0
510.60465449006676 785.0
510.8649841414127 802.0
511.12530568627034 806.0
511.3856191241566 819.0
511.64592445458794 808.0
511.90622167708165 791.0
512.1665107911545 804.0
512.4267917963232 826.0
512.6870646921047 819.0
512.947329478016 821.0
513.2075861535739 805.0
513.467834718295 795.0
513.7280751716964 808.0
513.9883075132952 804.0
514.248531742608 808.0
514.5087478591515 795.0
514.7689558624429 804.0
515.0291557519989 817.0
515.2893475273365 818.0
515.5495311879723 823.0
515.8097067334235 816.0
516.0698741632067 818.0
516.3300334768389 826.0
516.5901846738369 817.0
516.8503277537177 805.0
517.1104627159981 799.0
517.3705895601947 811.0
517.630708285825 826.0
517.8908188924053 826.0
518.1509213794526 805.0
518.411015746484 808.0
518.6711019930159 828.0
518.9311801185657 834.0
519.19125012265 818.0
519.4513120047856 818.0
519.7113657644896 813.0
519.9714114012784 811.0
520.2314489146695 813.0
520.4914783041794 817.0
520.751499569325 803.0
521.0115127096234 800.0
521.271517724591 807.0
521.5315146137451 816.0
521.7915033766022 812.0
522.0514840126796 812.0
522.3114565214938 823.0
522.5714209025618 799.0
522.8313771554007 805.0
523.0913252795269 808.0
523.3512652744578 805.0
523.6111971397097 818.0
523.8711208747998 814.0
524.1310364792452 806.0
524.390943952562 797.0
524.6508432942679 807.0
524.9107345038794 810.0
525.1706175809132 812.0
525.4304925248866 804.0
525.690359335316 812.0
525.9502180117188 813.0
526.2100685536113 799.0
526.4699109605107 812.0
526.729745231934 806.0
526.9895713673975 827.0
527.2493893664187 816.0
527.5091992285141 794.0
527.7690009532007 796.0
528.0287945399953 807.0
528.2885799884149 799.0
528.5483572979764 809.0
528.8081264681963 807.0
529.0678874985917 814.0
529.3276403886796 810.0
529.5873851379768 820.0
529.8471217460001 816.0
530.1068502122662 794.0
530.3665705362923 816.0
530.6262827175951 806.0
530.8859867556915 817.0
531.1456826500984 803.0
531.4053704003326 785.0
531.6650500059111 818.0
531.9247214663504 806.0
532.1843847811678 811.0
532.4440399498801 805.0
532.7036869720038 805.0
532.9633258470562 799.0
533.222956574554 808.0
533.4825791540142 832.0
533.7421935849534 816.0
534.0017998668885 794.0
534.2613979993366 816.0
534.5209879818145 796.0
534.780569813839 817.0
535.0401434949268 820.0
535.2997090245951 801.0
535.5592664023607 822.0
535.8188156277402 812.0
536.0783567002508 815.0
536.3378896194092 808.0
536.5974143847321 806.0
536.8569309957369 821.0
537.1164394519398 809.0
537.3759397528582 805.0
537.6354318980087 793.0
537.8949158869082 808.0
538.1543917190737 810.0
538.4138593940218 819.0
538.6733189112697 809.0
538.932770270334 820.0
539.1922134707318 801.0
539.4516485119797 813.0
539.7110753935946 798.0
539.9704941150937 798.0
540.2299046759937 812.0
540.4893070758112 805.0
540.7487013140633 809.0
541.008087390267 812.0
541.2674653039389 820.0
541.526835054596 812.0
541.7861966417552 810.0
542.0455500649333 828.0
542.3048953236471 809.0
542.5642324174137 816.0
542.8235613457497 808.0
543.0828821081722 806.0
543.3421947041979 819.0
543.6014991333436 805.0
543.8607953951266 810.0
544.1200834890632 823.0
544.3793634146708 806.0
544.6386351714658 823.0
544.8978987589653 798.0
545.1571541766862 812.0
545.4164014241451 809.0
545.6756405008593 811.0
545.9348714063455 808.0
546.1940941401203 799.0
546.4533087017008 812.0
546.712515090604 804.0
546.9717133063466 819.0
547.2309033484453 806.0
547.4900852164174 797.0
547.7492589097793 793.0
548.0084244280482 803.0
548.2675817707409 805.0
548.526730937374 816.0
548.7858719274648 827.0
549.0450047405299 815.0
549.3041293760863 821.0
549.5632458336507 825.0
549.82235411274 833.0
550.0814542128714 814.0
550.3405461335612 802.0
550.5996298743269 814.0
550.8587054346848 814.0
551.117772814152 812.0
551.3768320122455 805.0
551.6358830284819 810.0
551.8949258623783 820.0
552.1539605134514 822.0
552.4129869812182 806.0
552.6720052651955 808.0
552.9310153649002 809.0
553.1900172798491 799.0
553.4490110095592 813.0
553.7079965535472 821.0
553.9669739113302 822.0
554.2259430824248 801.0
554.484904066348 808.0
554.7438568626167 801.0
555.0028014707476 796.0
555.261737890258 809.0
555.520666120664 818.0
555.7795861614834 816.0
556.0384980122324 824.0
556.2974016724281 814.0
556.5562971415874 819.0
556.8151844192269 817.0
557.0740635048638 809.0
557.3329343980148 823.0
557.5917970981968 815.0
557.8506516049267 797.0
558.1094979177213 831.0
558.3683360360976 810.0
558.6271659595724 814.0
558.8859876876625 808.0
559.1448012198848 813.0
559.4036065557561 806.0
559.6624036947936 810.0
559.9211926365136 818.0
560.1799733804337 807.0
560.43874592607 826.0
560.6975102729399 831.0
560.9562664205602 818.0
561.2150143684473 808.0
561.4737541161188 816.0
561.732485663091 817.0
561.9912090088809 819.0
562.2499241530056 827.0
562.5086310949818 798.0
562.7673298343262 811.0
563.026020370556 816.0
563.2847027031879 799.0
563.5433768317389 799.0
563.8020427557254 808.0
564.0607004746649 814.0
564.3193499880738 801.0
564.5779912954692 807.0
564.8366243963679 815.0
565.0952492902868 804.0
565.3538659767429 809.0
565.6124744552527 822.0
565.8710747253335 828.0
566.1296667865018 812.0
566.3882506382747 809.0
566.6468262801691 809.0
566.9053937117014 810.0
567.1639529323893 812.0
567.4225039417488 799.0
567.6810467392974 805.0
567.9395813245517 803.0
568.1981076970284 805.0
568.4566258562448 804.0
568.7151358017175 815.0
568.9736375329633 829.0
569.2321310494995 822.0
569.4906163508422 830.0
569.749093436509 803.0
570.0075623060163 795.0
570.2660229588813 809.0
570.5244753946206 810.0
570.7829196127512 819.0
571.0413556127901 822.0
571.2997833942537 809.0
571.5582029566596 806.0
571.8166142995238 796.0
572.075017422364 805.0
572.3334123246967 804.0
572.5917990060384 818.0
572.8501774659068 804.0
573.108547703818 812.0
573.3669097192892 808.0
573.6252635118373 806.0
573.8836090809789 819.0
574.1419464262314 819.0
574.400275547111 819.0
574.6585964431351 814.0
574.9169091138205 826.0
575.1752135586836 823.0
575.4335097772419 823.0
575.6917977690118 809.0
575.9500775335105 802.0
576.2083490702545 810.0
576.4666123787609 797.0
576.7248674585469 820.0
576.9831143091286 803.0
577.2413529300236 812.0
577.4995833207483 786.0
577.7578054808198 809.0
578.0160194097549 811.0
578.2742251070703 806.0
578.5324225722832 814.0
578.7906118049101 813.0
579.0487928044681 810.0
579.3069655704743 809.0
579.565130102445 796.0
579.8232863998975 794.0
580.0814344623485 793.0
580.339574289315 828.0
580.5977058803137 803.0
580.8558292348614 817.0
581.1139443524753 800.0
581.3720512326721 804.0
581.6301498749685 814.0
581.8882402788817 797.0
582.146322443928 803.0
582.4043963696251 802.0
582.6624620554893 802.0
582.9205195010375 801.0
583.1785687057866 816.0
583.4366096692537 813.0
583.6946423909554 803.0
583.9526668704085 810.0
584.2106831071303 805.0
584.4686911006373 801.0
584.7266908504463 806.0
584.9846823560746 802.0
585.2426656170385 820.0
585.5006406328554 805.0
585.7586074030418 814.0
586.0165659271148 818.0
586.2745162045912 818.0
586.5324582349878 819.0
586.7903920178214 804.0
587.0483175526091 792.0
587.3062348388676 813.0
587.5641438761138 801.0
587.8220446638645 806.0
588.0799372016369 826.0
588.3378214889474 797.0
588.5956975253132 801.0
588.8535653102509 817.0
589.1114248432776 825.0
589.3692761239103 826.0
589.6271191516653 816.0
589.88495392606 805.0
590.1427804466111 800.0
590.4005987128355 807.0
590.6584087242501 801.0
590.9162104803713 813.0
591.1740039807169 840.0
591.4317892248029 809.0
591.6895662121466 821.0
591.9473349422648 783.0
592.2050954146741 795.0
592.462847628892 801.0
592.7205915844347 809.0
592.9783272808194 816.0
593.236054717563 818.0
593.493773894182 829.0
593.7514848101939 821.0
594.009187465115 808.0
594.2668818584625 806.0
594.5245679897531 807.0
594.7822458585038 808.0
595.0399154642313 815.0
595.2975768064524 816.0
595.5552298846843 808.0
595.8128746984438 806.0
596.0705112472474 811.0
596.3281395306126 800.0
596.5857595480555 811.0
596.8433712990935 805.0
597.1009747832434 823.0
597.3585700000219 792.0
597.6161569489462 794.0
597.8737356295327 818.0
598.1313060412986 818.0
598.3888681837607 807.0
598.6464220564358 809.0
598.9039676588409 822.0
599.1615049904925 804.0
599.4190340509081 809.0
599.676554839604 809.0
599.9340673560972 815.0
600.1915715999048 811.0
600.4490675705435 812.0
600.7065552675302 813.0
600.9640346903817 829.0
601.221505838615 789.0
601.4789687117469 791.0
601.7364233092942 803.0
601.9938696307739 803.0
602.2513076757026 803.0
602.5087374435976 824.0
602.7661589339755 826.0
603.023572146353 834.0
603.2809770802475 839.0
603.5383737351752 839.0
603.7957621106534 840.0
604.053142206199 822.0
604.3105140213286 838.0
604.5678775555593 841.0
604.8252328084078 832.0
605.0825797793912 806.0
605.3399184680261 812.0
605.5972488738295 812.0
605.8545709963181 808.0
606.111884835009 812.0
606.3691903894193 821.0
606.6264876590651 815.0
606.883776643464 802.0
607.1410573421324 818.0
607.3983297545875 819.0
607.6555938803461 797.0
607.9128497189247 810.0
608.1700972698408 802.0
608.4273365326108 798.0
608.6845675067516 817.0
608.9417901917803 829.0
609.1990045872135 806.0
609.4562106925683 799.0
609.7134085073615 818.0
609.9705980311098 820.0
610.2277792633305 804.0
610.4849522035397 820.0
610.7421168512552 817.0
610.9992732059933 807.0
611.2564212672709 818.0
611.5135610346049 804.0
611.7706925075122 798.0
612.0278156855098 809.0
612.2849305681145 804.0
612.542037154843 812.0
612.7991354452124 821.0
613.0562254387393 820.0
613.3133071349409 809.0
613.5703805333337 809.0
613.8274456334349 807.0
614.0845024347612 808.0
614.3415509368294 806.0
614.5985911391567 796.0
614.8556230412595 823.0
615.1126466426551 821.0
615.36966194286 814.0
615.6266689413914 803.0
615.8836676377659 806.0
616.1406580315004 814.0
616.3976401221121 811.0
616.6546139091173 804.0
616.9115793920333 816.0
617.1685365703769 828.0
617.4254854436648 818.0
617.6824260114142 814.0
617.9393582731417 823.0
618.196282228364 798.0
618.4531978765983 805.0
618.7101052173614 792.0
618.9670042501702 802.0
619.2238949745413 808.0
619.4807773899919 812.0
619.7376514960388 808.0
619.9945172921986 813.0
620.2513747779885 803.0
620.508223952925 804.0
620.7650648165256 816.0
621.0218973683066 821.0
621.2787216077849 811.0
621.5355375344776 818.0
621.7923451479013 811.0
622.0491444475734 820.0
622.3059354330103 794.0
622.5627181037288 809.0
622.8194924592461 806.0
623.0762584990788 804.0
623.333016222744 793.0
623.5897656297584 794.0
623.8465067196389 805.0
624.1032394919024 814.0
624.3599639460657 807.0
624.6166800816459 800.0
624.8733878981594 802.0
625.1300873951237 809.0
625.3867785720552 811.0
625.6434614284708 811.0
625.9001359638876 819.0
626.1568021778221 809.0
626.4134600697917 813.0
626.6701096393127 791.0
626.9267508859024 789.0
627.1833838090776 807.0
627.4400084083547 802.0
627.6966246832512 800.0
627.9532326332837 815.0
628.2098322579691 799.0
628.4664235568243 812.0
628.723006529366 802.0
628.9795811751112 796.0
629.2361474935768 815.0
629.4927054842794 818.0
629.7492551467363 807.0
630.0057964804641 810.0
630.2623294849799 810.0
630.5188541598001 806.0
630.775370504442 814.0
631.0318785184223 809.0
631.2883782012578 799.0
631.5448695524658 819.0
631.8013525715625 803.0
632.0578272580652 797.0
632.3142936114906 785.0
632.5707516313557 816.0
632.8272013171775 812.0
633.0836426684723 813.0
633.3400756847575 808.0
633.5965003655499 787.0
633.8529167103661 802.0
634.1093247187234 801.0
634.3657243901381 806.0
634.6221157241276 811.0
634.8784987202085 809.0
635.1348733778977 805.0
635.3912396967121 802.0
635.6475976761684 814.0
635.9039473157839 819.0
636.1602886150749 804.0
636.4166215735588 793.0
636.6729461907521 805.0
636.9292624661718 800.0
637.1855703993349 803.0
637.4418699897578 807.0
637.6981612369581 801.0
637.9544441404521 793.0
638.2107186997567 798.0
638.4669849143892 797.0
638.7232427838659 820.0
638.979492307704 806.0
639.2357334854204 798.0
639.4919663165317 800.0
639.7481908005552 792.0
640.0044069370073 802.0
640.2606147254052 809.0
640.5168141652655 814.0
640.7730052561054 819.0
641.0291879974413 821.0
641.2853623887906 818.0
641.5415284296699 828.0
641.797686119596 814.0
642.0538354580859 817.0
642.3099764446565 823.0
642.5661090788245 828.0
642.8222333601069 813.0
643.0783492880205 821.0
643.3344568620822 805.0
643.5905560818089 803.0
643.8466469467173 801.0
644.1027294563247 811.0
644.3588036101473 796.0
644.6148694077026 811.0
644.8709268485071 801.0
645.1269759320778 805.0
645.3830166579316 806.0
645.6390490255851 803.0
645.8950730345556 793.0
646.1510886843597 796.0
646.4070959745143 808.0
646.6630949045363 801.0
646.9190854739425 803.0
647.17506768225 806.0
647.4310415289752 804.0
647.6870070136354 799.0
647.9429641357473 798.0
648.1989128948277 806.0
648.4548532903938 797.0
648.7107853219619 807.0
648.9667089890495 814.0
649.222624291173 816.0
649.4785312278494 809.0
649.7344297985958 831.0
649.9903200029287 823.0
650.2462018403652 805.0
650.502075310422 797.0
650.7579404126162 788.0
651.0137971464646 813.0
651.2696455114838 801.0
651.525485507191 808.0
651.7813171331029 819.0
652.0371403887364 810.0
652.2929552736086 824.0
652.5487617872358 792.0
652.8045599291355 802.0
653.0603496988242 802.0
653.3161310958188 805.0
653.5719041196362 815.0
653.8276687697933 821.0
654.0834250458071 806.0
654.3391729471941 803.0
654.5949124734717 806.0
654.8506436241562 807.0
655.1063663987647 795.0
655.3620807968144 806.0
655.6177868178215 800.0
655.8734844613035 794.0
656.129173726777 805.0
656.3848546137588 810.0
656.6405271217659 820.0
656.8961912503149 801.0
657.1518469989231 807.0
657.4074943671071 799.0
657.6631333543837 796.0
657.9187639602701 813.0
658.1743861842826 804.0
658.4300000259387 811.0
658.6856054847549 811.0
658.9412025602483 805.0
659.1967912519353 816.0
659.4523715593333 806.0
659.707943481959 806.0
659.9635070193291 788.0
660.2190621709606 805.0
660.4746089363705 802.0
660.7301473150753 808.0
660.9856773065924 822.0
661.2411989104381 808.0
661.4967121261298 809.0
661.7522169531838 812.0
662.0077133911174 798.0
662.2632014394475 801.0
662.5186810976904 808.0
662.7741523653638 797.0
663.029615241984 802.0
663.2850697270679 812.0
663.5405158201327 802.0
663.7959535206948 809.0
664.0513828282715 805.0
664.3068037423793 801.0
664.5622162625355 811.0
664.8176203882564 802.0
665.0730161190594 816.0
665.3284034544613 804.0
665.5837823939785 805.0
665.8391529371283 815.0
666.0945150834276 814.0
666.349868832393 811.0
666.6052141835415 798.0
666.8605511363899 805.0
667.1158796904554 794.0
667.3711998452544 804.0
667.626511600304 810.0
667.8818149551211 821.0
668.1371099092223 811.0
668.3923964621249 802.0
668.6476746133454 808.0
668.9029443624008 818.0
669.1582057088083 796.0
669.4134586520839 798.0
669.6687031917455 814.0
669.9239393273093 825.0
670.1791670582923 808.0
670.4343863842114 823.0
670.6895973045835 803.0
670.9447998189256 814.0
671.1999939267544 809.0
671.4551796275866 808.0
671.7103569209394 796.0
671.9655258063294 811.0
672.220686283274 803.0
672.475838351289 819.0
672.7309820098925 811.0
672.9861172586005 806.0
673.2412440969302 815.0
673.4963625243987 803.0
673.7514725405223 822.0
674.0065741448183 789.0
674.2616673368035 811.0
674.5167521159946 814.0
674.7718284819086 834.0
675.0268964340622 839.0
675.2819559719727 842.0
675.5370070951565 833.0
675.7920498031307 823.0
676.0470840954122 821.0
676.3021099715176 818.0
676.5571274309642 824.0
676.8121364732684 816.0
677.0671370979474 803.0
677.3221293045178 822.0
677.5771130924968 797.0
677.8320884614011 813.0
678.0870554107474 806.0
678.3420139400529 806.0
678.5969640488343 803.0
678.8519057366083 799.0
679.1068390028922 817.0
679.3617638472023 815.0
679.616680269056 798.0
679.8715882679699 798.0
680.1264878434607 805.0
680.3813789950458 824.0
680.6362617222414 808.0
680.8911360245651 817.0
681.146001901533 806.0
681.4008593526627 799.0
681.6557083774705 800.0
681.9105489754734 805.0
682.1653811461886 813.0
682.4202048891326 812.0
682.6750202038223 814.0
682.9298270897748 799.0
683.1846255465068 811.0
683.4394155735351 806.0
683.6941971703767 805.0
683.9489703365485 818.0
684.2037350715673 799.0
684.4584913749499 805.0
684.7132392462133 821.0
684.9679786848742 817.0
685.2227096904496 818.0
685.4774322624564 800.0
685.7321464004115 802.0
685.9868521038316 801.0
686.2415493722334 810.0
686.4962382051343 814.0
686.7509186020508 819.0
687.0055905624997 830.0
687.2602540859983 819.0
687.514909172063 821.0
687.7695558202109 838.0
688.0241940299587 827.0
688.2788238008236 812.0
688.5334451323221 809.0
688.7880580239712 812.0
689.042662475288 825.0
689.2972584857889 812.0
689.5518460549912 811.0
689.8064251824115 799.0
690.0609958675668 795.0
690.3155581099742 806.0
690.5701119091498 810.0
690.8246572646113 816.0
691.0791941758752 808.0
691.3337226424583 807.0
691.5882426638777 821.0
691.84275423965 812.0
692.0972573692924 806.0
692.3517520523214 811.0
692.6062382882542 804.0
692.8607160766074 818.0
693.1151854168979 825.0
693.3696463086428 837.0
693.6240987513587 819.0
693.8785427445628 820.0
694.1329782877717 812.0
694.3874053805022 818.0
694.6418240222713 809.0
694.8962342125958 813.0
695.1506359509929 821.0
695.405029236979 817.0
695.6594140700711 841.0
695.9137904497863 830.0
696.168158375641 873.0
696.4225178471527 933.0
696.676868863838 907.0
696.9312114252134 889.0
697.1855455307963 851.0
697.4398711801031 819.0
697.6941883726512 808.0
697.9484971079568 805.0
698.2027973855375 809.0
698.4570892049098 815.0
698.7113725655903 817.0
698.9656474670965 820.0
699.2199139089445 814.0
699.4741718906519 808.0
699.7284214117353 810.0
699.9826624717113 803.0
700.2368950700971 799.0
700.4911192064093 827.0
700.7453348801653 811.0
700.9995420908814 812.0
701.2537408380745 810.0
701.5079311212619 811.0
701.7621129399598 812.0
702.016286293686 792.0
702.2704511819566 812.0
702.5246076042886 805.0
702.778755560199 829.0
703.0328950492045 864.0
703.2870260708224 832.0
703.5411486245691 818.0
703.7952627099618 816.0
704.0493683265172 824.0
704.3034654737519 816.0
704.5575541511835 811.0
704.8116343583279 806.0
705.0657060947029 805.0
705.3197693598249 814.0
705.5738241532106 814.0
705.8278704743772 826.0
706.0819083228414 819.0
706.3359376981203 861.0
706.5899585997306 906.0
706.8439710271889 906.0
707.0979749800126 873.0
707.3519704577179 844.0
707.6059574598225 825.0
707.8599359858429 808.0
708.1139060352955 806.0
708.3678676076978 821.0
708.6218207025663 804.0
708.8757653194182 814.0
709.12970145777 814.0
709.3836291171389 815.0
709.6375482970416 806.0
709.8914589969946 809.0
710.1453612165157 806.0
710.3992549551208 813.0
710.6531402123275 806.0
710.9070169876522 816.0
711.1608852806118 788.0
711.4147450907236 816.0
711.6685964175037 801.0
711.9224392604699 807.0
712.1762736191384 808.0
712.4300994930262 808.0
712.6839168816504 812.0
712.9377257845274 805.0
713.1915262011746 810.0
713.4453181311087 810.0
713.6991015738463 798.0
713.9528765289045 821.0
714.2066429958 813.0
714.4604009740502 814.0
714.7141504631712 803.0
714.9678914626805 808.0
715.2216239720948 817.0
715.4753479909306 810.0
715.7290635187052 818.0
715.982770554935 806.0
716.2364690991376 817.0
716.4901591508293 824.0
716.743840709527 818.0
716.9975137747479 810.0
717.2511783460084 811.0
717.5048344228259 791.0
717.7584820047169 793.0
718.0121210911982 811.0
718.2657516817872 809.0
718.519373776 801.0
718.772987373354 801.0
719.026592473366 815.0
719.2801890755527 822.0
719.5337771794311 800.0
719.7873567845179 820.0
720.0409278903304 810.0
720.294490496385 825.0
720.5480446021987 824.0
720.8015902072887 824.0
721.0551273111711 831.0
721.3086559133636 820.0
721.5621760133826 817.0
721.815687610745 816.0
722.0691907049679 829.0
722.3226852955679 812.0
722.5761713820622 820.0
722.8296489639672 811.0
723.0831180408002 817.0
723.3365786120778 813.0
723.5900306773169 797.0
723.8434742360346 822.0
724.0969092877473 809.0
724.3503358319725 810.0
724.6037538682267 826.0
724.8571633960265 799.0
725.1105644148894 795.0
725.3639569243315 823.0
725.6173409238706 820.0
725.8707164130229 815.0
726.1240833913054 809.0
726.3774418582351 826.0
726.6307918133285 820.0
726.8841332561029 833.0
727.137466186075 856.0
727.3907906027619 845.0
727.6441065056802 838.0
727.8974138943464 833.0
728.1507127682783 826.0
728.4040031269918 812.0
728.6572849700045 815.0
728.9105582968331 812.0
729.1638231069941 804.0
729.4170794000048 807.0
729.6703271753817 812.0
729.923566432642 803.0
730.1767971713025 816.0
730.4300193908798 809.0
730.6832330908911 809.0
730.936438270853 808.0
731.1896349302828 826.0
731.442823068697 811.0
731.6960026856123 816.0
731.949173780546 809.0
732.2023363530145 813.0
732.4554904025351 822.0
732.7086359286245 818.0
732.9617729307997 813.0
733.2149014085775 815.0
733.4680213614745 808.0
733.7211327890079 805.0
733.9742356906943 805.0
734.2273300660511 802.0
734.4804159145946 804.0
734.7334932358416 811.0
734.9865620293094 827.0
735.2396222945147 821.0
735.4926740309744 806.0
735.7457172382054 822.0
735.9987519157243 804.0
736.2517780630484 822.0
736.504795679694 818.0
736.7578047651785 838.0
737.0108053190187 838.0
737.2637973407312 855.0
737.516780829833 859.0
737.769755785841 878.0
738.0227222082721 914.0
738.2756800966428 999.0
738.5286294504706 962.0
738.781570269272 935.0
739.0345025525638 875.0
739.2874262998632 848.0
739.5403415106866 841.0
739.7932481845512 833.0
740.046146320974 823.0
740.2990359194714 806.0
740.5519169795606 820.0
740.8047895007583 815.0
741.0576534825816 821.0
741.3105089245472 826.0
741.563355826172 798.0
741.8161941869729 823.0
742.0690240064664 818.0
742.3218452841702 816.0
742.5746580196005 820.0
742.8274622122741 811.0
743.0802578617083 815.0
743.3330449674197 818.0
743.5858235289254 823.0
743.8385935457418 812.0
744.0913550173865 812.0
744.3441079433758 808.0
744.5968523232264 802.0
744.8495881564559 814.0
745.1023154425804 816.0
745.3550341811174 803.0
745.6077443715835 804.0
745.8604460134952 809.0
746.1131391063701 806.0
746.3658236497243 825.0
746.6184996430754 809.0
746.87116708594 805.0
747.1238259778346 807.0
747.3764763182764 808.0
747.6291181067822 827.0
747.8817513428692 824.0
748.1343760260539 816.0
748.3869921558529 821.0
748.6395997317837 826.0
748.8921987533628 833.0
749.1447892201071 848.0
749.3973711315336 816.0
749.6499444871589 882.0
749.9025092865003 1000.0
750.1550655290741 1212.0
750.4076132143978 1243.0
750.6601523419877 1183.0
750.912682911361 1174.0
751.1652049220347 1104.0
751.4177183735251 1096.0
751.6702232653497 1020.0
751.9227195970248 986.0
752.1752073680677 892.0
752.4276865779954 856.0
752.680157226324 854.0
752.9326193125712 839.0
753.1850728362533 836.0
753.4375177968876 822.0
753.6899541939908 816.0
753.9423820270795 808.0
754.194801295671 828.0
754.4472119992819 801.0
754.6996141374291 808.0
754.9520077096296 818.0
755.2043927154 807.0
755.4567691542577 808.0
755.7091370257187 808.0
755.9614963293008 811.0
756.2138470645202 810.0
756.4661892308942 817.0
756.7185228279395 819.0
756.9708478551728 811.0
757.2231643121112 805.0
757.4754721982714 804.0
757.7277715131704 797.0
757.9800622563251 807.0
758.2323444272521 802.0
758.4846180254688 805.0
758.7368830504913 793.0
758.9891395018373 801.0
759.2413873790232 801.0
759.4936266815657 811.0
759.7458574089821 818.0
759.9980795607888 808.0
760.2502931365033 810.0
760.502498135642 811.0
760.7546945577217 804.0
761.0068824022595 808.0
761.2590616687722 808.0
761.5112323567769 817.0
761.7633944657899 820.0
762.0155479953288 821.0
762.26769294491 829.0
762.5198293140501 836.0
762.7719571022666 895.0
763.024076309076 1057.0
763.2761869339953 1303.0
763.5282889765415 1293.0
763.780382436231 1233.0
764.032467312581 1138.0
764.2845436051083 959.0
764.53661131333 874.0
764.7886704367629 842.0
765.0407209749233 851.0
765.2927629273288 829.0
765.5447962934958 834.0
765.7968210729414 821.0
766.0488372651824 825.0
766.3008448697357 804.0
766.5528438861181 829.0
766.8048343138464 816.0
767.0568161524378 812.0
767.3087894014087 818.0
767.5607540602764 816.0
767.8127101285577 804.0
768.0646576057691 814.0
768.3165964914278 801.0
768.5685267850505 803.0
768.8204484861544 813.0
769.0723615942561 800.0
769.3242661088722 811.0
769.5761620295201 822.0
769.8280493557162 811.0
770.0799280869778 801.0
770.3317982228216 820.0
770.5836597627642 814.0
770.835512706323 798.0
771.0873570530143 805.0
771.3391928023555 801.0
771.591019953863 818.0
771.8428385070538 880.0
772.094648461445 947.0
772.3464498165532 984.0
772.5982425718955 951.0
772.8500267269885 949.0
773.1018022813494 873.0
773.3535692344948 826.0
773.6053275859415 838.0
773.8570773352067 811.0
774.108818481807 820.0
774.3605510252594 816.0
774.6122749650807 826.0
774.8639903007878 813.0
775.1156970318975 805.0
775.3673951579267 802.0
775.6190846783925 804.0
775.8707655928115 813.0
776.1224379007004 800.0
776.3741016015766 813.0
776.6257566949563 816.0
776.8774031803571 810.0
777.1290410572955 814.0
777.3806703252881 807.0
777.6322909838522 812.0
777.8839030325043 802.0
778.1355064707618 798.0
778.3871012981411 809.0
778.6386875141592 814.0
778.890265118333 812.0
779.1418341101793 805.0
779.3933944892151 806.0
779.6449462549571 799.0
779.8964894069222 811.0
780.1480239446275 823.0
780.3995498675895 807.0
780.6510671753255 810.0
780.9025758673517 806.0
781.1540759431858 810.0
781.4055674023442 818.0
781.6570502443437 823.0
781.9085244687013 806.0
782.159990074934 813.0
782.4114470625585 804.0
782.6628954310918 802.0
782.9143351800503 795.0
783.1657663089516 795.0
783.4171888173119 804.0
783.6686027046486 802.0
783.9200079704783 805.0
784.1714046143178 807.0
784.4227926356843 810.0
784.6741720340941 812.0
784.9255428090647 812.0
785.1769049601126 796.0
785.4282584867548 805.0
785.6796033885082 812.0
785.9309396648893 813.0
786.1822673154155 803.0
786.4335863396033 817.0
786.6848967369698 812.0
786.9361985070317 807.0
787.1874916493058 800.0
787.4387761633094 810.0
787.6900520485588 806.0
787.9413193045713 824.0
788.1925779308636 808.0
788.4438279269523 796.0
788.6950692923548 809.0
788.9463020265875 807.0
789.1975261291677 825.0
789.448741599612 813.0
789.6999484374371 803.0
789.9511466421604 817.0
790.2023362132982 823.0
790.4535171503677 820.0
790.7046894528855 808.0
790.9558531203689 833.0
791.2070081523347 815.0
791.458154548299 796.0
791.7092923077797 799.0
791.9604214302931 811.0
792.2115419153562 788.0
792.462653762486 792.0
792.7137569711989 810.0
792.9648515410123 803.0
793.2159374714428 835.0
793.4670147620074 813.0
793.718083412223 793.0
793.9691434216061 809.0
794.220194789674 856.0
794.4712375159432 942.0
794.722271599931 974.0
794.9732970411541 952.0
795.2243138391292 931.0
795.4753219933733 872.0
795.7263215034031 830.0
795.9773123687357 829.0
796.2282945888878 814.0
796.4792681633767 826.0
796.7302330917187 818.0
796.9811893734307 832.0
797.23213700803 812.0
797.483075995033 816.0
797.7340063339569 810.0
797.9849280243186 829.0
798.2358410656345 823.0
798.4867454574222 804.0
798.7376411991978 805.0
798.9885282904788 817.0
799.2394067307818 816.0
799.4902765196234 814.0
799.741137656521 832.0
799.9919901409909 855.0
800.2428339725506 950.0
800.4936691507165 984.0
800.7444956750055 948.0
800.9953135449347 1010.0
801.2461227600207 1052.0
801.4969233197808 965.0
801.7477152237312 965.0
801.9984984713894 904.0
802.2492730622722 862.0
802.5000389958959 830.0
802.7507962717781 816.0
803.0015448894349 820.0
803.252284848384 814.0
803.5030161481417 828.0
803.7537387882248 811.0
804.0044527681507 822.0
804.2551580874358 801.0
804.5058547455972 805.0
804.7565427421519 809.0
805.0072220766161 810.0
805.2578927485075 825.0
805.5085547573423 800.0
805.7592081026379 801.0
806.009852783911 824.0
806.2604888006782 820.0
806.5111161524568 812.0
806.7617348387631 818.0
807.0123448591147 813.0
807.2629462130279 796.0
807.5135389000196 821.0
807.7641229196071 818.0
808.0146982713067 816.0
808.2652649546358 816.0
808.5158229691108 835.0
808.7663723142489 813.0
809.016912989567 819.0
809.2674449945815 826.0
809.5179683288098 845.0
809.7684829917686 907.0
810.0189889829746 1026.0
810.269486301945 1091.0
810.5199749481961 1054.0
810.7704549212456 1190.0
811.0209262206095 1527.0
811.2713888458052 2310.0
811.5218427963496 2087.0
811.7722880717591 1983.0
812.022724671551 1894.0
812.2731525952421 1332.0
812.5235718423493 1074.0
812.7739824123893 954.0
813.0243843048788 918.0
813.2747775193352 865.0
813.5251620552749 871.0
813.7755379122152 843.0
814.0259050896724 845.0
814.276263587164 827.0
814.5266134042064 814.0
814.7769545403165 806.0
815.0272869950115 813.0
815.2776107678079 828.0
815.5279258582229 816.0
815.7782322657732 806.0
816.0285299899754 802.0
816.2788190303468 811.0
816.529099386404 820.0
816.7793710576641 805.0
817.0296340436439 816.0
817.2798883438601 812.0
817.5301339578298 814.0
817.7803708850694 810.0
818.0305991250964 805.0
818.2808186774273 792.0
818.531029541579 793.0
818.7812317170685 806.0
819.0314252034124 806.0
819.281610000128 795.0
819.5317861067317 804.0
819.7819535227408 810.0
820.0321122476719 804.0
820.2822622810417 809.0
820.5324036223675 792.0
820.7825362711658 810.0
821.0326602269538 805.0
821.2827754892483 804.0
821.5328820575656 812.0
821.7829799314234 811.0
822.033069110338 793.0
822.2831495938267 817.0
822.5332213814061 810.0
822.7832844725929 810.0
823.0333388669044 793.0
823.283384563857 789.0
823.533421562968 803.0
823.7834498637541 814.0
824.033469465732 826.0
824.2834803684189 812.0
824.5334825713311 808.0
824.7834760739862 795.0
825.0334608759005 799.0
825.2834369765912 797.0
825.5334043755751 811.0
825.7833630723688 833.0
826.0333130664897 890.0
826.2832543574541 908.0
826.5331869447793 893.0
826.783110827982 890.0
827.0330260065789 874.0
827.2829324800872 833.0
827.5328302480233 809.0
827.7827193099047 804.0
828.032599665248 812.0
828.2824713135695 828.0
828.532334254387 815.0
828.7821884872168 815.0
829.0320340115759 816.0
829.2818708269813 812.0
829.5316989329494 817.0
829.7815183289979 796.0
830.0313290146428 800.0
830.2811309894015 803.0
830.5309242527906 800.0
830.7807088043272 800.0
831.0304846435281 808.0
831.2802517699099 811.0
831.5300101829899 803.0
831.7797598822846 808.0
832.0295008673112 809.0
832.2792331375864 813.0
832.5289566926268 794.0
832.7786715319497 803.0
833.0283776550717 807.0
833.27807506151 794.0
833.5277637507811 803.0
833.7774437224018 811.0
834.0271149758895 800.0
834.2767775107606 807.0
834.526431326532 805.0
834.7760764227208 795.0
835.0257127988438 809.0
835.2753404544177 814.0
835.5249593889594 804.0
835.774569601986 816.0
836.0241710930143 804.0
836.2737638615607 794.0
836.5233479071428 821.0
836.7729232292768 805.0
837.0224898274802 796.0
837.2720477012693 793.0
837.5215968501614 810.0
837.7711372736733 804.0
838.0206689713215 814.0
838.2701919426232 807.0
838.5197061870952 823.0
838.7692117042545 801.0
839.0187084936177 805.0
839.2681965547017 803.0
839.5176758870236 813.0
839.7671464901001 808.0
840.0166083634483 832.0
840.2660615065847 854.0
840.5155059190262 958.0
840.7649416002901 938.0
841.0143685498927 914.0
841.2637867673512 957.0
841.5131962521828 889.0
841.7625970039035 869.0
842.0119890220308 1001.0
842.2613723060813 1170.0
842.5107468555723 1059.0
842.76011267002 1070.0
843.0094697489418 1052.0
843.2588180918546 886.0
843.5081576982747 849.0
843.7574885677194 827.0
844.0068106997054 840.0
844.25612409375 811.0
844.5054287493696 801.0
844.754724666081 804.0
845.0040118434015 791.0
845.2532902808475 808.0
845.5025599779364 804.0
845.7518209341847 799.0
846.0010731491091 802.0
846.2503166222269 784.0
846.4995513530547 809.0
846.7487773411094 798.0
846.9979945859081 804.0
847.2472030869674 803.0
847.4964028438043 798.0
847.7455938559353 796.0
847.994776122878 806.0
848.2439496441485 804.0
848.4931144192642 809.0
848.7422704477419 800.0
848.9914177290981 802.0
849.2405562628502 793.0
849.4896860485144 788.0
849.7388070856083 807.0
849.9879193736485 803.0
850.2370229121515 805.0
850.4861177006346 797.0
850.7352037386146 811.0
850.9842810256082 824.0
851.2333495611326 814.0
851.482409344704 830.0
851.7314603758401 874.0
851.9805026540571 907.0
852.2295361788724 853.0
852.4785609498026 881.0
852.7275769663643 865.0
852.9765842280748 836.0
853.2255827344507 813.0
853.4745724850093 802.0
853.7235534792667 793.0
853.9725257167406 803.0
854.2214891969475 814.0
854.4704439194039 801.0
854.7193898836274 809.0
854.9683270891342 804.0
855.2172555354416 809.0
855.4661752220665 795.0
855.7150861485252 802.0
855.9639883143353 803.0
856.212881719013 802.0
856.4617663620759 803.0
856.7106422430403 800.0
856.9595093614231 800.0
857.2083677167415 808.0
857.4572173085119 799.0
857.7060581362517 804.0
857.9548901994776 799.0
858.2037134977061 813.0
858.4525280304546 816.0
858.7013337972394 802.0
858.950130797578 805.0
859.1989190309868 804.0
859.4476984969828 807.0
859.696469195083 805.0
859.9452311248039 807.0
860.1939842856627 811.0
860.4427286771763 801.0
860.6914642988615 801.0
860.9401911502351 805.0
861.1889092308139 807.0
861.437618540115 804.0
861.686319077655 799.0
861.935010842951 813.0
862.1836938355198 807.0
862.432368054878 802.0
862.6810335005429 796.0
862.9296901720311 804.0
863.1783380688596 798.0
863.4269771905452 789.0
863.6756075366046 789.0
863.9242291065551 797.0
864.1728418999131 792.0
864.4214459161959 805.0
864.6700411549201 798.0
864.9186276156024 802.0
865.1672052977602 793.0
865.4157742009098 806.0
865.6643343245685 802.0
865.9128856682528 813.0
866.1614282314799 800.0
866.4099620137665 825.0
866.6584870146295 821.0
866.9070032335858 802.0
867.155510670152 809.0
867.4040093238455 804.0
867.6524991941827 806.0
867.9009802806806 797.0
868.1494525828563 806.0
868.3979161002262 818.0
868.6463708323078 804.0
868.8948167786174 796.0
869.1432539386718 802.0
869.3916823119887 798.0
869.6401018980839 807.0
869.8885126964751 800.0
870.1369147066789 799.0
870.3853079282118 808.0
870.6336923605911 794.0
870.8820680033335 796.0
871.1304348559562 794.0
871.3787929179755 797.0
871.6271421889087 802.0
871.8754826682726 803.0
872.1238143555837 797.0
872.3721372503595 791.0
872.6204513521162 794.0
872.8687566603713 793.0
873.1170531746413 789.0
873.365340894443 796.0
873.6136198192935 801.0
873.8618899487094 794.0
874.110151282208 794.0
874.3584038193057 801.0
874.6066475595196 793.0
874.8548825023668 803.0
875.1031086473636 811.0
875.3513259940273 794.0
875.5995345418747 796.0
875.8477342904224 779.0
876.0959252391877 791.0
876.3441073876871 796.0
876.5922807354377 797.0
876.8404452819562 792.0
877.0886010267599 809.0
877.3367479693651 796.0
877.5848861092887 809.0
877.8330154460481 805.0
878.0811359791594 800.0
878.3292477081402 796.0
878.5773506325071 810.0
878.8254447517768 807.0
879.0735300654665 804.0
879.3216065730924 791.0
879.5696742741723 800.0
879.8177331682225 802.0
880.0657832547598 798.0
880.3138245333014 811.0
880.5618570033639 797.0
880.8098806644645 807.0
881.0578955161196 806.0
881.3059015578464 794.0
881.5538987891618 807.0
881.8018872095822 796.0
882.0498668186252 817.0
882.297837615807 793.0
882.5457996006451 806.0
882.7937527726558 810.0
883.041697131356 813.0
883.2896326762632 795.0
883.5375594068934 796.0
883.7854773227642 801.0
884.0333864233922 804.0
884.2812867082938 793.0
884.5291781769868 803.0
884.7770608289871 804.0
885.0249346638125 811.0
885.2727996809792 804.0
885.5206558800041 813.0
885.7685032604046 814.0
886.0163418216969 796.0
886.2641715633982 797.0
886.5119924850256 805.0
886.7598045860955 794.0
887.007607866125 806.0
887.2554023246308 798.0
887.5031879611303 800.0
887.7509647751398 807.0
887.9987327661763 810.0
888.2464919337567 809.0
888.4942422773979 817.0
888.7419837966169 799.0
888.9897164909302 813.0
889.2374403598551 811.0
889.4851554029083 799.0
889.7328616196063 812.0
889.9805590094667 806.0
890.2282475720056 807.0
890.4759273067405 807.0
890.7235982131879 797.0
890.9712602908646 787.0
891.218913539288 788.0
891.4665579579743 791.0
891.7141935464408 776.0
891.9618203042044 803.0
892.2094382307815 798.0
892.4570473256895 794.0
892.7046475884449 799.0
892.9522390185649 812.0
893.1998216155661 797.0
893.4473953789653 802.0
893.6949603082797 792.0
893.9425164030258 822.0
894.1900636627211 816.0
894.4376020868815 807.0
894.6851316750246 804.0
894.9326524266672 791.0
895.1801643413257 796.0
895.4276674185177 804.0
895.6751616577593 800.0
895.922647058568 792.0
896.1701236204603 800.0
896.4175913429531 805.0
896.6650502255636 801.0
896.912500267808 809.0
897.159941469204 804.0
897.4073738292678 800.0
897.6547973475165 809.0
897.9022120234671 805.0
898.1496178566362 800.0
898.3970148465409 800.0
898.644402992698 799.0
898.8917822946241 795.0
899.1391527518367 805.0
899.386514363852 819.0
899.6338671301874 798.0
899.8812110503592 810.0
900.1285461238849 807.0
900.375872350281 802.0
900.6231897290643 815.0
900.8704982597519 808.0
901.1177979418604 817.0
901.3650887749071 802.0
901.6123707584086 797.0
901.8596438918815 789.0
902.106908174843 801.0
902.35416360681 798.0
902.6014101872993 797.0
902.8486479158278 800.0
903.095876791912 790.0
903.3430968150694 803.0
903.5903079848164 803.0
903.83751030067 809.0
904.0847037621473 804.0
904.3318883687646 805.0
904.5790641200394 810.0
904.826231015488 804.0
905.0733890546279 800.0
905.3205382369753 807.0
905.5676785620476 790.0
905.8148100293615 800.0
906.0619326384336 801.0
906.3090463887813 800.0
906.5561512799208 793.0
906.8032473113697 793.0
907.0503344826443 799.0
907.2974127932616 788.0
907.5444822427387 808.0
907.7915428305921 805.0
908.038594556339 792.0
908.2856374194963 808.0
908.5326714195803 803.0
908.7796965561088 817.0
909.0267128285976 806.0
909.2737202365645 791.0
909.520718779526 805.0
909.7677084569985 808.0
910.0146892684998 795.0
910.261661213546 806.0
910.5086242916544 800.0
910.7555785023416 816.0
911.0025238451248 810.0
911.2494603195206 818.0
911.4963879250456 812.0
911.7433066612174 853.0
911.9902165275522 975.0
912.2371175235672 933.0
912.4840096487795 902.0
912.7308929027052 930.0
912.9777672848619 880.0
913.2246327947661 837.0
913.4714894319347 823.0
913.7183371958849 824.0
913.965176086133 820.0
914.2120061021965 800.0
914.4588272435916 811.0
914.7056395098358 808.0
914.9524429004457 802.0
915.1992374149379 803.0
915.4460230528298 789.0
915.6927998136375 800.0
915.9395676968788 798.0
916.1863267020701 786.0
916.4330768287281 797.0
916.67981807637 794.0
916.9265504445123 801.0
917.1732739326723 790.0
917.4199885403666 797.0
917.6666942671121 803.0
917.9133911124259 800.0
918.1600790758242 808.0
918.4067581568248 807.0
918.6534283549438 810.0
918.9000896696987 803.0
919.1467421006058 802.0
919.3933856471822 793.0
919.6400203089449 796.0
919.8866460854103 805.0
920.1332629760961 791.0
920.3798709805186 814.0
920.6264700981943 805.0
920.8730603286409 812.0
921.1196416713748 807.0
921.3662141259131 800.0
921.6127776917724 806.0
921.8593323684695 822.0
922.1058781555217 869.0
922.3524150524454 856.0
922.598943058758 828.0
922.8454621739758 825.0
923.0919723976159 835.0
923.3384737291954 815.0
923.5849661682307 806.0
923.8314497142393 788.0
924.0779243667373 793.0
924.3243901252423 806.0
924.5708469892709 801.0
924.8172949583395 797.0
925.0637340319656 799.0
925.3101642096658 808.0
925.5565854909571 778.0
925.8029978753563 796.0
926.04940136238 798.0
926.2957959515456 797.0
926.5421816423694 804.0
926.7885584343687 816.0
927.0349263270604 808.0
927.281285319961 802.0
927.5276354125876 795.0
927.7739766044568 810.0
928.020308895086 787.0
928.2666322839915 800.0
928.5129467706906 805.0
928.7592523547 800.0
929.0055490355364 811.0
929.2518368127171 796.0
929.4981156857584 787.0
929.7443856541778 801.0
929.9906467174917 806.0
930.2368988752169 788.0
930.4831421268707 805.0
930.7293764719695 801.0
930.9756019100306 799.0
931.2218184405708 813.0
931.4680260631065 812.0
931.7142247771553 807.0
931.9604145822334 812.0
932.2065954778582 793.0
932.4527674635461 796.0
932.6989305388141 802.0
932.9450847031794 803.0
933.1912299561584 791.0
933.4373662972685 788.0
933.6834937260257 802.0
933.929612241948 813.0
934.1757218445516 809.0
934.4218225333533 801.0
934.6679143078701 805.0
934.913997167619 800.0
935.1600711121167 809.0
935.4061361408803 800.0
935.6521922534262 803.0
935.8982394492718 800.0
936.1442777279336 799.0
936.3903070889288 806.0
936.636327531774 793.0
936.882339055986 797.0
937.128341661082 797.0
937.3743353465785 814.0
937.6203201119927 804.0
937.8662959568414 806.0
938.1122628806411 806.0
938.3582208829092 796.0
938.6041699631621 800.0
938.8501101209171 786.0
939.0960413556905 794.0
939.341963667 809.0
939.5878770543618 805.0
939.8337815172929 806.0
940.0796770553103 791.0
940.3255636679306 803.0
940.5714413546712 806.0
940.8173101150486 820.0
941.0631699485793 811.0
941.309020854781 804.0
941.5548628331699 812.0
941.8006958832632 799.0
942.0465200045778 797.0
942.2923351966301 792.0
942.5381414589376 794.0
942.7839387910167 805.0
943.0297271923846 814.0
943.275506662558 804.0
943.5212772010536 793.0
943.7670388073888 804.0
944.0127914810797 798.0
944.2585352216438 801.0
944.504270028598 797.0
944.7499959014584 817.0
944.9957128397427 812.0
945.2414208429674 806.0
945.4871199106495 796.0
945.7328100423057 808.0
945.978491237453 807.0
946.2241634956084 794.0
946.4698268162882 801.0
946.71548119901 812.0
946.9611266432901 803.0
947.2067631486459 801.0
947.4523907145939 804.0
947.6980093406509 812.0
947.943619026334 804.0
948.1892197711599 816.0
948.4348115746456 800.0
948.680394436308 809.0
948.9259683556636 787.0
949.17153333223 803.0
949.4170893655231 821.0
949.6626364550607 810.0
949.9081746003591 799.0
950.1537038009352 802.0
950.3992240563063 791.0
950.6447353659886 805.0
950.8902377294995 807.0
951.1357311463555 817.0
951.381215616074 796.0
951.6266911381715 800.0
951.8721577121647 794.0
952.1176153375708 802.0
952.3630640139064 818.0
952.6085037406887 811.0
952.8539345174344 806.0
953.09935634366 794.0
953.3447692188829 802.0
953.5901731426196 810.0
953.8355681143876 798.0
954.080954133703 800.0
954.326331200083 798.0
954.5716993130445 813.0
954.8170584721041 801.0
955.0624086767792 813.0
955.3077499265863 801.0
955.5530822210421 812.0
955.798405559664 800.0
956.0437199419682 788.0
956.2890253674723 811.0
956.5343218356925 805.0
956.7796093461461 802.0
957.02488789835 803.0
957.2701574918206 802.0
957.5154181260752 817.0
957.7606698006304 797.0
958.0059125150034 814.0
958.2511462687107 801.0
958.4963710612694 807.0
958.7415868921963 806.0
958.9867937610082 812.0
959.2319916672224 820.0
959.4771806103552 807.0
959.7223605899235 785.0
959.9675316054446 810.0
960.2126936564348 810.0
960.4578467424116 798.0
960.7029908628915 802.0
960.9481260173911 810.0
961.193252205428 811.0
961.4383694265184 797.0
961.6834776801796 801.0
961.9285769659282 797.0
962.1736672832812 797.0
962.4187486317555 805.0
962.6638210108677 811.0
962.908884420135 808.0
963.153938859074 811.0
963.3989843272019 796.0
963.6440208240352 803.0
963.889048349091 793.0
964.1340669018862 811.0
964.3790764819373 803.0
964.6240770887617 803.0
964.8690687218761 816.0
965.114051380797 802.0
965.3590250650417 841.0
965.6039897741268 841.0
965.8489455075695 817.0
966.0938922648864 816.0
966.3388300455941 817.0
966.5837588492103 807.0
966.8286786752509 820.0
967.0735895232334 822.0
967.3184913926743 811.0
967.5633842830911 813.0
967.808268194 793.0
968.0531431249179 815.0
968.2980090753622 801.0
968.5428660448491 818.0
968.7877140328961 812.0
969.0325530390197 805.0
969.2773830627367 801.0
969.5222041035643 790.0
969.7670161610189 819.0
970.0118192346179 786.0
970.2566133238779 799.0
970.5013984283155 801.0
970.746174547448 797.0
970.990941680792 811.0
971.2356998278649 820.0
971.480448988183 805.0
971.725189161263 799.0
971.9699203466223 805.0
972.2146425437775 801.0
972.4593557522456 805.0
972.7040599715434 804.0
972.9487552011876 794.0
973.1934414406954 804.0
973.4381186895833 802.0
973.6827869473685 804.0
973.9274462135677 804.0
974.1720964876979 810.0
974.4167377692759 816.0
974.6613700578182 788.0
974.9059933528424 802.0
975.1506076538647 803.0
975.3952129604023 804.0
975.6398092719721 817.0
975.8843965880908 802.0
976.1289749082755 805.0
976.3735442320426 815.0
976.6181045589096 799.0
976.862655888393 790.0
977.1071982200094 820.0
977.3517315532764 801.0
977.5962558877101 800.0
977.840771222828 790.0
978.0852775581467 808.0
978.3297748931827 814.0
978.5742632274536 800.0
978.8187425604756 804.0
979.063212891766 800.0
979.3076742208415 802.0
979.5521265472191 815.0
979.7965698704156 817.0
980.0410041899477 808.0
980.2854295053326 809.0
980.5298458160865 799.0
980.7742531217272 802.0
981.0186514217711 801.0
981.2630407157347 790.0
981.5074210031356 800.0
981.7517922834901 823.0
981.9961545563154 807.0
982.2405078211283 801.0
982.4848520774455 798.0
982.729187324784 809.0
982.9735135626606 816.0
983.2178307905924 815.0
983.4621390080961 797.0
983.7064382146882 811.0
983.9507284098863 800.0
984.1950095932067 805.0
984.4392817641666 798.0
984.6835449222825 799.0
984.9277990670716 815.0
985.1720441980509 804.0
985.4162803147366 801.0
985.6605074166464 796.0
985.9047255032964 809.0
986.1489345742042 814.0
986.3931346288863 799.0
986.6373256668593 801.0
986.8815076876406 799.0
987.1256806907464 815.0
987.3698446756944 813.0
987.613999642001 795.0
987.8581455891829 805.0
988.1022825167574 794.0
988.3464104242408 799.0
988.5905293111508 818.0
988.8346391770036 801.0
989.0787400213161 804.0
989.3228318436055 797.0
989.5669146433884 803.0
989.8109884201817 799.0
990.0550531735024 807.0
990.2991089028674 808.0
990.5431556077934 798.0
990.7871932877973 794.0
991.031221942396 807.0
991.2752415711062 814.0
991.5192521734452 806.0
991.7632537489297 803.0
992.0072462970761 812.0
992.251229817402 800.0
992.4952043094236 809.0
992.7391697726582 798.0
992.9831262066227 798.0
993.2270736108336 824.0
993.4710119848082 806.0
993.7149413280629 810.0
993.958861640115 807.0
994.2027729204812 816.0
994.4466751686781 791.0
994.6905683842231 817.0
994.9344525666326 813.0
995.1783277154237 810.0
995.4221938301132 794.0
995.6660509102181 808.0
995.9098989552552 799.0
996.1537379647411 802.0
996.3975679381932 806.0
996.6413888751279 797.0
996.8852007750622 812.0
997.1290036375133 815.0
997.3727974619973 801.0
997.6165822480319 820.0
997.8603579951333 817.0
998.104124702819 794.0
998.3478823706055 812.0
998.5916309980095 794.0
998.8353705845483 804.0
999.0791011297383 800.0
999.3228226330968 810.0
999.5665350941406 806.0
999.8102385123861 805.0
1000.0539328873509 811.0
1000.2976182185512 810.0
1000.5412945055043 804.0
1000.7849617477269 804.0
1001.0286199447357 806.0
1001.2722690960481 801.0
1001.5159092011804 791.0
1001.75954025965 804.0
1002.003162270973 807.0
1002.246775234667 802.0
1002.4903791502487 817.0
1002.7339740172346 820.0
1002.9775598351421 808.0
1003.2211366034876 810.0
1003.4647043217884 808.0
1003.7082629895611 800.0
1003.9518126063224 797.0
1004.1953531715895 809.0
1004.4388846848791 805.0
1004.6824071457083 827.0
1004.9259205535938 813.0
1005.1694249080521 808.0
1005.4129202086007 796.0
1005.6564064547559 804.0
1005.8998836460353 799.0
1006.1433517819551 802.0
1006.3868108620323 798.0
1006.6302608857841 802.0
1006.8737018527269 813.0
1007.1171337623779 806.0
1007.3605566142537 825.0
1007.6039704078715 803.0
1007.8473751427481 803.0
1008.0907708184001 806.0
1008.3341574343445 810.0
1008.5775349900982 814.0
1008.8209034851784 799.0
1009.0642629191013 806.0
1009.3076132913841 822.0
1009.5509546015439 801.0
1009.7942868490973 804.0
1010.0376100335611 796.0
1010.2809241544525 812.0
1010.5242292112879 820.0
1010.7675252035845 807.0
1011.010812130859 801.0
1011.2540899926286 797.0
1011.4973587884098 809.0
1011.7406185177194 805.0
1011.9838691800747 802.0
1012.2271107749921 793.0
1012.470343301989 811.0
1012.7135667605817 803.0
1012.9567811502875 799.0
1013.1999864706231 798.0
1013.4431827211052 814.0
1013.686369901251 820.0
1013.929548010577 809.0
1014.1727170486006 807.0
1014.4158770148383 803.0
1014.6590279088067 798.0
1014.9021697300233 819.0
1015.1453024780044 818.0
1015.3884261522674 804.0
1015.6315407523286 813.0
1015.8746462777051 808.0
1016.1177427279141 816.0
1016.3608301024719 800.0
1016.603908400896 805.0
1016.8469776227028 806.0
1017.0900377674091 811.0
1017.3330888345322 788.0
1017.5761308235883 813.0
1017.8191637340951 795.0
1018.0621875655689 802.0
1018.3052023175269 790.0
1018.5482079894858 801.0
1018.7912045809622 789.0
1019.0341920914735 813.0
1019.2771705205361 806.0
1019.5201398676672 809.0
1019.7631001323837 816.0
1020.006051314202 814.0
1020.2489934126395 800.0
1020.4919264272125 806.0
1020.7348503574386 805.0
1020.9777652028342 813.0
1021.2206709629161 809.0
1021.4635676372014 799.0
1021.7064552252067 818.0
1021.9493337264495 818.0
1022.1922031404459 808.0
1022.4350634667132 806.0
1022.6779147047681 804.0
1022.9207568541273 799.0
1023.1635899143083 799.0
1023.4064138848273 799.0
1023.6492287652015 806.0
1023.8920345549478 812.0
1024.134831253583 805.0
1024.377618860624 816.0
1024.6203973755871 816.0
1024.8631667979898 808.0
1025.1059271273493 817.0
1025.3486783631818 810.0
1025.5914205050044 806.0
1025.8341535523336 809.0
1026.076877504687 813.0
1026.3195923615808 799.0
1026.5622981225324 800.0
1026.8049947870584 792.0
1027.0476823546753 785.0
1027.2903608249007 801.0
1027.5330301972513 810.0
1027.7756904712435 807.0
1028.0183416463947 816.0
1028.260983722221 812.0
1028.5036166982402 818.0
1028.7462405739689 802.0
1028.9888553489234 820.0
1029.2314610226213 807.0
1029.474057594579 807.0
1029.7166450643138 805.0
1029.9592234313418 802.0
1030.2017926951808 799.0
1030.4443528553472 815.0
1030.6869039113576 802.0
1030.9294458627296 807.0
1031.1719787089794 799.0
1031.414502449624 800.0
1031.6570170841808 807.0
1031.8995226121658 801.0
1032.1420190330966 819.0
1032.3845063464896 796.0
1032.6269845518618 807.0
1032.8694536487305 782.0
1033.111913636612 797.0
1033.3543645150232 795.0
1033.596806283481 814.0
1033.8392389415026 814.0
1034.081662488605 794.0
1034.324076924304 809.0
1034.566482248118 800.0
1034.8088784595625 799.0
1035.0512655581551 817.0
1035.2936435434124 805.0
1035.5360124148515 799.0
1035.778372171989 795.0
1036.020722814342 798.0
1036.2630643414275 801.0
1036.5053967527615 801.0
1036.7477200478622 796.0
1036.9900342262456 821.0
1037.2323392874284 797.0
1037.4746352309282 810.0
1037.7169220562612 802.0
1037.9591997629448 807.0
1038.2014683504956 794.0
1038.4437278184303 806.0
1038.685978166266 802.0
1038.9282193935196 811.0
1039.170451499708 795.0
1039.4126744843477 791.0
1039.6548883469559 803.0
1039.8970930870496 797.0
1040.1392887041452 806.0
1040.3814751977598 802.0
1040.6236525674105 794.0
1040.8658208126137 806.0
1041.107979932887 796.0
1041.3501299277466 807.0
1041.5922707967095 795.0
1041.8344025392926 794.0
1042.0765251550129 800.0
1042.3186386433872 811.0
1042.5607430039322 799.0
1042.802838236165 798.0
1043.0449243396022 789.0
1043.2870013137613 809.0
1043.5290691581586 799.0
1043.7711278723107 802.0
1044.013177455735 786.0
1044.2552179079482 797.0
1044.4972492284676 817.0
1044.7392714168093 801.0
1044.9812844724902 800.0
1045.223288395028 794.0
1045.4652831839387 811.0
1045.70726883874 813.0
1045.949245358948 813.0
1046.1912127440798 806.0
1046.4331709936528 809.0
1046.675120107183 806.0
1046.9170600841878 796.0
1047.1589909241836 803.0
1047.400912626688 801.0
1047.6428251912175 820.0
1047.8847286172886 801.0
1048.1266229044188 809.0
1048.3685080521243 807.0
1048.6103840599228 816.0
1048.8522509273307 800.0
1049.0941086538646 796.0
1049.3359572390418 796.0
1049.577796682379 810.0
1049.819626983393 803.0
1050.061448141601 802.0
1050.3032601565194 793.0
1050.5450630276655 809.0
1050.7868567545556 801.0
1051.0286413367073 812.0
1051.270416773637 809.0
1051.5121830648616 791.0
1051.7539402098982 796.0
1051.9956882082631 799.0
1052.237427059474 810.0
1052.479156763047 817.0
1052.7208773184996 796.0
1052.9625887253483 805.0
1053.2042909831098 811.0
1053.4459840913016 795.0
1053.6876680494397 787.0
1053.929342857042 798.0
1054.1710085136244 804.0
1054.4126650187043 808.0
1054.6543123717986 789.0
1054.8959505724238 814.0
1055.1375796200969 800.0
1055.3791995143351 808.0
1055.620810254655 807.0
1055.8624118405735 804.0
1056.1040042716074 805.0
1056.3455875472737 809.0
1056.5871616670893 800.0
1056.8287266305706 807.0
1057.070282437235 803.0
1057.3118290865991 795.0
1057.5533665781802 793.0
1057.7948949114943 806.0
1058.0364140860593 801.0
1058.2779241013916 794.0
1058.5194249570077 792.0
1058.760916652425 806.0
1059.0023991871599 803.0
1059.24387256073 795.0
1059.4853367726514 802.0
1059.7267918224413 817.0
1059.968237709617 795.0
1060.2096744336943 796.0
1060.451101994191 808.0
1060.6925203906237 821.0
1060.933929622509 803.0
1061.1753296893642 797.0
1061.4167205907056 813.0
1061.6581023260508 805.0
1061.8994748949162 805.0
1062.1408382968189 796.0
1062.3821925312755 794.0
1062.6235375978026 817.0
1062.8648734959181 801.0
1063.1062002251376 795.0
1063.3475177849793 795.0
1063.588826174959 804.0
1063.830125394594 801.0
1064.0714154434013 801.0
1064.312696320897 783.0
1064.553968026599 806.0
1064.7952305600238 802.0
1065.036483920688 813.0
1065.2777281081087 816.0
1065.5189631218025 817.0
1065.7601889612868 818.0
1066.001405626078 787.0
1066.2426131156928 814.0
1066.4838114296492 808.0
1066.7250005674625 799.0
1066.9661805286507 811.0
1067.2073513127305 787.0
1067.4485129192178 808.0
1067.689665347631 788.0
1067.9308085974856 827.0
1068.1719426682996 807.0
1068.413067559589 795.0
1068.654183270871 801.0
1068.8952898016628 809.0
1069.1363871514804 801.0
1069.3774753198418 801.0
1069.618554306263 811.0
1069.8596241102612 792.0
1070.100684731353 798.0
1070.3417361690556 817.0
1070.582778422886 805.0
1070.8238114923604 802.0
1071.0648353769964 801.0
1071.3058500763104 805.0
1071.5468555898192 807.0
1071.7878519170404 802.0
1072.02883905749 798.0
1072.2698170106853 805.0
1072.5107857761434 799.0
1072.75174535338 811.0
1072.9926957419138 805.0
1073.23363694126 811.0
1073.4745689509368 809.0
1073.7154917704597 802.0
1073.9564053993467 796.0
1074.1973098371145 812.0
1074.4382050832794 793.0
1074.6790911373587 801.0
1074.9199679988692 802.0
1075.1608356673278 805.0
1075.4016941422512 791.0
1075.6425434231562 805.0
1075.8833835095604 810.0
1076.1242144009796 802.0
1076.3650360969316 790.0
1076.6058485969324 808.0
1076.8466519004996 801.0
1077.0874460071498 811.0
1077.3282309163997 788.0
1077.5690066277664 809.0
1077.8097731407665 807.0
1078.0505304549172 805.0
1078.2912785697354 807.0
1078.5320174847377 797.0
1078.772747199441 819.0
1079.0134677133622 810.0
1079.2541790260184 818.0
1079.4948811369263 800.0
1079.7355740456023 798.0
1079.9762577515642 802.0
1080.2169322543277 806.0
1080.4575975534112 813.0
1080.6982536483301 806.0
1080.9389005386022 809.0
1081.179538223744 796.0
1081.4201667032721 815.0
1081.6607859767041 798.0
1081.9013960435564 794.0
1082.1419969033457 793.0
1082.382588555589 802.0
1082.6231709998035 805.0
1082.863744235506 802.0
1083.104308262213 795.0
1083.3448630794412 785.0
1083.5854086867082 800.0
1083.8259450835303 792.0
1084.0664722694248 793.0
1084.306990243908 818.0
1084.5474990064974 804.0
1084.7879985567097 819.0
1085.0284888940612 812.0
1085.2689700180695 794.0
1085.509441928251 808.0
1085.749904624123 805.0
1085.990358105202 796.0
1086.2308023710048 804.0
1086.4712374210485 802.0
1086.71166325485 802.0
1086.9520798719261 804.0
1087.1924872717937 809.0
1087.4328854539694 803.0
1087.6732744179706 804.0
1087.9136541633134 798.0
1088.1540246895156 791.0
1088.3943859960934 792.0
1088.6347380825637 801.0
1088.8750809484436 796.0
1089.1154145932499 800.0
1089.3557390164995 800.0
1089.5960542177095 811.0
1089.836360196396 791.0
1090.0766569520767 787.0
1090.3169444842679 794.0
1090.557222792487 807.0
1090.7974918762502 792.0
1091.037751735075 804.0
1091.2780023684782 791.0
1091.518243775976 795.0
1091.7584759570861 804.0
1091.9986989113247 801.0
1092.2389126382093 798.0
1092.4791171372563 788.0
1092.7193124079827 800.0
1092.9594984499054 808.0
1093.1996752625412 788.0
1093.4398428454072 809.0
1093.68000119802 806.0
1093.9201503198965 816.0
1094.1602902105537 797.0
1094.4004208695083 794.0
1094.6405422962773 803.0
1094.8806544903778 788.0
1095.120757451326 796.0
1095.3608511786392 805.0
1095.6009356718341 801.0
1095.8410109304282 794.0
1096.0810769539376 791.0
1096.3211337418795 799.0
1096.5611812937707 811.0
1096.8012196091279 801.0
1097.0412486874682 818.0
1097.2812685283084 808.0
1097.5212791311658 793.0
1097.7612804955563 801.0
1098.0012726209975 799.0
1098.2412555070064 798.0
1098.4812291530989 808.0
1098.721193558793 791.0
1098.961148723605 789.0
1099.2010946470518 799.0
1099.4410313286503 793.0
1099.6809587679172 808.0
1099.92087696437 791.0
1100.1607859175251 797.0
1100.400685626899 816.0
1100.640576092009 813.0
1100.880457312372 818.0
1101.1203292875052 793.0
1101.3601920169247 792.0
1101.6000455001479 803.0
1101.8398897366915 795.0
1102.079724726072 805.0
1102.3195504678072 802.0
1102.559366961413 798.0
1102.7991742064069 808.0
1103.0389722023056 809.0
1103.2787609486254 795.0
1103.5185404448844 804.0
1103.7583106905984 800.0
1103.9980716852845 800.0
1104.23782342846 793.0
1104.4775659196412 804.0
1104.7172991583454 810.0
1104.9570231440887 801.0
1105.1967378763893 812.0
1105.436443354763 797.0
1105.6761395787273 797.0
1105.9158265477986 794.0
1106.1555042614937 793.0
1106.3951727193298 780.0
1106.6348319208234 800.0
1106.8744818654923 801.0
1107.1141225528525 805.0
1107.3537539824208 792.0
1107.5933761537144 787.0
1107.8329890662503 793.0
1108.072592719545 792.0
1108.3121871131157 795.0
1108.551772246479 801.0
1108.7913481191517 808.0
1109.030914730651 798.0
1109.2704720804938 809.0
1109.5100201681967 808.0
1109.7495589932764 803.0
1109.9890885552504 814.0
1110.2286088536348 804.0
1110.4681198879473 808.0
1110.707621657704 803.0
1110.9471141624224 810.0
1111.1865974016187 798.0
1111.4260713748101 797.0
1111.665536081514 803.0
1111.9049915212463 802.0
1112.1444376935244 810.0
1112.3838745978653 808.0
1112.6233022337854 795.0
1112.8627206008023 805.0
1113.102129698432 774.0
1113.3415295261918 803.0
1113.5809200835986 805.0
1113.820301370169 801.0
1114.0596733854206 799.0
1114.2990361288694 810.0
1114.5383896000326 800.0
1114.7777337984273 793.0
1115.0170687235698 785.0
1115.2563943749778 795.0
1115.4957107521673 798.0
1115.7350178546556 804.0
1115.9743156819598 801.0
1116.213604233596 801.0
1116.452883509082 801.0
1116.692153507934 794.0
1116.9314142296694 802.0
1117.1706656738045 794.0
1117.4099078398563 805.0
1117.6491407273422 805.0
1117.8883643357783 799.0
1118.1275786646822 797.0
1118.36678371357 797.0
1118.6059794819594 803.0
1118.8451659693665 802.0
1119.0843431753085 811.0
1119.3235110993026 804.0
1119.5626697408647 819.0
1119.8018190995128 800.0
1120.0409591747637 803.0
1120.2800899661331 800.0
1120.519211473139 795.0
1120.7583236952978 814.0
1120.9974266321262 793.0
1121.236520283142 807.0
1121.4756046478608 791.0
1121.7146797258001 804.0
1121.9537455164768 788.0
1122.192802019408 789.0
1122.4318492341101 793.0
1122.6708871601 801.0
1122.909915796895 806.0
1123.1489351440111 818.0
1123.3879452009662 805.0
1123.6269459672762 803.0
1123.865937442459 793.0
1124.1049196260308 803.0
1124.3438925175087 808.0
