shot=34_gas=Ne_height=110_RF=198.2W_massflow=8000_coils=49.9A_HR4000 spectrum
Wavelength [nm] // Intensity [u.a.] 
194.93414 779.0
195.2037815346219 738.0
195.47341553816543 772.0
195.74304201014752 758.0
196.012660950085 757.0
196.28227235749478 784.0
196.55187623189366 777.0
196.82147257279857 768.0
197.09106137972637 774.0
197.36064265219392 764.0
197.63021638971804 787.0
197.89978259181567 781.0
198.16934125800364 769.0
198.43889238779886 773.0
198.7084359807181 776.0
198.97797203627835 765.0
199.2475005539964 764.0
199.51702153338914 779.0
199.78653497397343 775.0
200.05604087526618 776.0
200.3255392367842 780.0
200.59503005804436 772.0
200.8645133385636 759.0
201.1339890778587 770.0
201.4034572754466 771.0
201.67291793084408 783.0
201.94237104356813 767.0
202.21181661313554 768.0
202.48125463906314 788.0
202.7506851208679 766.0
203.02010805806663 782.0
203.28952345017618 758.0
203.55893129671344 781.0
203.8283315971953 756.0
204.0977243511386 767.0
204.3671095580602 770.0
204.636487217477 770.0
204.90585732890585 771.0
205.17521989186366 765.0
205.44457490586717 773.0
205.7139223704334 771.0
205.98326228507918 762.0
206.2525946493213 785.0
206.5219194626767 773.0
206.79123672466224 770.0
207.06054643479476 766.0
207.32984859259116 765.0
207.59914319756828 771.0
207.86843024924303 775.0
208.13770974713225 762.0
208.40698169075276 762.0
208.6762460796215 762.0
208.94550291325532 765.0
209.2147521911711 778.0
209.48399391288567 783.0
209.75322807791594 777.0
210.02245468577874 771.0
210.29167373599094 752.0
210.56088522806942 777.0
210.83008916153108 765.0
211.09928553589276 771.0
211.3684743506713 790.0
211.63765560538363 768.0
211.9068292995466 762.0
212.175995432677 757.0
212.44515400429182 763.0
212.71430501390782 775.0
212.98344846104192 779.0
213.25258434521103 769.0
213.52171266593191 777.0
213.79083342272153 777.0
214.05994661509675 763.0
214.3290522425744 777.0
214.5981503046713 765.0
214.8672408009044 763.0
215.13632373079054 769.0
215.4053990938466 775.0
215.6744668895894 761.0
215.94352711753592 777.0
216.21257977720293 762.0
216.48162486810728 763.0
216.7506623897659 771.0
217.01969234169565 773.0
217.2887147234134 766.0
217.55772953443596 771.0
217.82673677428028 777.0
218.0957364424632 772.0
218.36472853850154 765.0
218.6337130619122 769.0
218.9026900122121 780.0
219.17165938891804 779.0
219.4406211915469 774.0
219.70957541961562 772.0
219.97852207264097 767.0
220.24746115013983 773.0
220.5163926516291 778.0
220.78531657662566 789.0
221.05423292464639 771.0
221.32314169520808 762.0
221.59204288782766 773.0
221.860936502022 782.0
222.12982253730797 767.0
222.39870099320237 766.0
222.66757186922214 770.0
222.93643516488416 758.0
223.20529087970525 763.0
223.47413901320226 777.0
223.74297956489212 771.0
224.01181253429166 772.0
224.28063792091777 764.0
224.5494557242873 766.0
224.8182659439171 771.0
225.08706857932413 777.0
225.35586363002508 760.0
225.62465109553705 776.0
225.89343097537673 762.0
226.16220326906105 774.0
226.43096797610687 767.0
226.69972509603105 775.0
226.9684746283505 772.0
227.237216572582 766.0
227.50595092824256 781.0
227.7746776948489 772.0
228.04339687191796 776.0
228.31210845896663 770.0
228.5808124555117 782.0
228.84950886107015 775.0
229.11819767515877 768.0
229.38687889729442 779.0
229.65555252699397 762.0
229.92421856377433 775.0
230.1928770071524 769.0
230.46152785664492 770.0
230.73017111176884 766.0
230.99880677204106 765.0
231.26743483697837 766.0
231.53605530609772 776.0
231.8046681789159 776.0
232.07327345494983 771.0
232.34187113371638 785.0
232.61046121473237 758.0
232.87904369751473 768.0
233.14761858158028 765.0
233.41618586644586 762.0
233.68474555162845 750.0
233.95329763664483 773.0
234.2218421210119 771.0
234.49037900424648 777.0
234.7589082858655 770.0
235.02742996538583 761.0
235.29594404232427 773.0
235.56445051619772 783.0
235.8329493865231 781.0
236.10144065281722 749.0
236.36992431459691 769.0
236.63840037137916 772.0
236.9068688226808 762.0
237.1753296680186 779.0
237.44378290690955 772.0
237.7122285388704 763.0
237.9806665634181 764.0
238.24909698006957 761.0
238.51751978834153 772.0
238.78593498775095 771.0
239.0543425778147 770.0
239.32274255804958 773.0
239.59113492797255 784.0
239.8595196871004 759.0
240.12789683495004 767.0
240.3962663710383 779.0
240.66462829488208 773.0
240.93298260599826 769.0
241.2013293039037 766.0
241.46966838811522 786.0
241.73799985814978 779.0
242.00632371352418 758.0
242.27463995375527 768.0
242.54294857835998 775.0
242.81124958685515 782.0
243.07954297875764 776.0
243.34782875358434 778.0
243.61610691085207 778.0
243.88437745007772 783.0
244.15264037077822 754.0
244.42089567247035 772.0
244.68914335467105 772.0
244.95738341689716 764.0
245.2256158586655 780.0
245.493840679493 762.0
245.76205787889654 768.0
246.03026745639292 769.0
246.29846941149904 773.0
246.5666637437318 773.0
246.834850452608 781.0
247.1030295376446 791.0
247.37120099835838 777.0
247.63936483426627 777.0
247.9075210448851 758.0
248.17566962973177 761.0
248.4438105883231 773.0
248.71194392017603 765.0
248.98006962480733 783.0
249.248187701734 766.0
249.51629815047275 756.0
249.78440097054056 764.0
250.05249616145431 759.0
250.32058372273076 767.0
250.5886636538869 766.0
250.85673595443953 767.0
251.12480062390551 771.0
251.39285766180177 784.0
251.6609070676451 765.0
251.92894884095242 759.0
252.19698298124058 762.0
252.46500948802645 782.0
252.73302836082692 763.0
253.00103959915882 776.0
253.26904320253902 764.0
253.53703917048443 757.0
253.80502750251188 769.0
254.07300819813827 757.0
254.34098125688044 786.0
254.60894667825525 765.0
254.87690446177962 782.0
255.14485460697037 772.0
255.41279711334434 772.0
255.6807319804185 776.0
255.94865920770962 759.0
256.2165787947346 766.0
256.48449074101035 771.0
256.75239504605366 765.0
257.02029170938147 759.0
257.28818073051065 756.0
257.556062108958 763.0
257.8239358442404 769.0
258.0918019358748 767.0
258.35966038337796 766.0
258.6275111862668 782.0
258.8953543440582 774.0
259.163189856269 777.0
259.4310177224162 779.0
259.6988379420164 777.0
259.9666505145867 764.0
260.23445543964385 763.0
260.50225271670473 786.0
260.77004234528624 777.0
261.03782432490533 773.0
261.3055986550787 777.0
261.5733653353234 772.0
261.8411243651561 769.0
262.1088757440937 782.0
262.37661947165327 762.0
262.6443555473515 771.0
262.9120839707053 772.0
263.1798047412315 764.0
263.44751785844704 778.0
263.7152233218687 774.0
263.98292113101354 758.0
264.2506112853982 764.0
264.51829378453965 762.0
264.7859686279547 757.0
265.05363581516025 764.0
265.32129534567326 780.0
265.5889472190105 775.0
265.8565914346889 760.0
266.1242279922252 770.0
266.39185689113634 777.0
266.65947813093925 754.0
266.9270917111508 759.0
267.19469763128774 775.0
267.46229589086704 773.0
267.72988648940554 771.0
267.9974694264201 776.0
268.2650447014276 780.0
268.53261231394487 775.0
268.80017226348883 761.0
269.0677245495763 766.0
269.3352691717242 763.0
269.60280612944933 765.0
269.8703354222686 773.0
270.13785704969894 758.0
270.40537101125716 766.0
270.67287730646007 761.0
270.9403759348246 761.0
271.2078668958677 765.0
271.47535018910605 756.0
271.7428258140567 761.0
272.01029377023633 772.0
272.2777540571619 775.0
272.5452066743504 778.0
272.81265162131854 772.0
273.08008889758327 776.0
273.34751850266144 771.0
273.6149404360698 750.0
273.8823546973254 767.0
274.1497612859451 787.0
274.4171602014456 780.0
274.6845514433439 763.0
274.95193501115676 771.0
275.2193109044012 753.0
275.486679122594 769.0
275.7540396652521 776.0
276.02139253189216 769.0
276.2887377220313 753.0
276.55607523518626 759.0
276.82340507087395 763.0
277.09072722861123 773.0
277.3580417079149 776.0
277.62534850830195 780.0
277.8926476292892 782.0
278.1599390703934 768.0
278.4272228311316 772.0
278.69449891102056 777.0
278.96176730957717 777.0
279.22902802631836 790.0
279.4962810607609 779.0
279.76352641242164 765.0
280.0307640808177 764.0
280.29799406546556 767.0
280.5652163658824 777.0
280.8324309815849 773.0
281.09963791209003 771.0
281.3668371569146 762.0
281.6340287155756 752.0
281.9012125875897 780.0
282.168388772474 771.0
282.4355572697452 766.0
282.7027180789201 773.0
282.9698711995158 770.0
283.23701663104896 775.0
283.50415437303667 769.0
283.77128442499554 752.0
284.0384067864426 767.0
284.3055214568946 756.0
284.57262843586864 760.0
284.8397277228814 775.0
285.1068193174497 775.0
285.37390321909055 791.0
285.6409794273207 777.0
285.9080479416572 757.0
286.1751087616167 761.0
286.4421618867162 784.0
286.7092073164725 774.0
286.9762450504025 769.0
287.24327508802315 764.0
287.5102974288511 771.0
287.77731207240345 769.0
288.04431901819703 777.0
288.3113182657485 769.0
288.578309814575 765.0
288.84529366419326 776.0
289.1122698141201 761.0
289.37923826387254 760.0
289.6461990129674 760.0
289.91315206092133 773.0
290.18009740725154 774.0
290.44703505147464 765.0
290.7139649931077 773.0
290.98088723166734 746.0
291.24780176667065 771.0
291.5147085976344 762.0
291.78160772407557 775.0
292.04849914551085 774.0
292.3153828614572 784.0
292.58225887143146 757.0
292.8491271749505 776.0
293.1159877715313 774.0
293.3828406606906 779.0
293.6496858419453 780.0
293.9165233148123 760.0
294.1833530788084 767.0
294.4501751334505 772.0
294.71698947825547 770.0
294.9837961127402 763.0
295.2505950364216 774.0
295.5173862488164 785.0
295.78416974944156 765.0
296.050945537814 759.0
296.31771361345045 765.0
296.584473975868 770.0
296.8512266245832 782.0
297.11797155911313 762.0
297.38470877897464 777.0
297.6514382836846 774.0
297.9181600727598 766.0
298.18487414571723 767.0
298.4515805020736 774.0
298.71827914134593 791.0
298.9849700630511 770.0
299.2516532667058 766.0
299.518328751827 775.0
299.78499651793163 759.0
300.0516565645365 772.0
300.3183088911584 774.0
300.58495349731436 770.0
300.8515903825211 769.0
301.1182195462956 750.0
301.3848409881546 750.0
301.65145470761513 775.0
301.91806070419403 789.0
302.184658977408 769.0
302.4512495267741 778.0
302.7178323518091 771.0
302.9844074520298 765.0
303.2509748269532 764.0
303.5175344760962 772.0
303.78408639897555 783.0
304.0506305951082 769.0
304.31716706401096 778.0
304.58369580520065 763.0
304.8502168181943 770.0
305.1167301025086 766.0
305.3832356576606 783.0
305.649733483167 775.0
305.9162235785447 785.0
306.1827059433106 778.0
306.4491805769817 775.0
306.7156474790747 774.0
306.98210664910647 770.0
307.2485580865939 774.0
307.5150017910539 773.0
307.7814377620034 767.0
308.0478659989591 752.0
308.31428650143795 783.0
308.58069926895683 760.0
308.8471043010326 762.0
309.1135015971821 772.0
309.37989115692227 769.0
309.6462729797699 757.0
309.91264706524197 769.0
310.1790134128551 774.0
310.4453720221265 757.0
310.71172289257277 772.0
310.97806602371094 779.0
311.2444014150577 770.0
311.5107290661301 775.0
311.777048976445 775.0
312.04336114551904 768.0
312.30966557286945 770.0
312.5759622580128 774.0
312.8422512004661 782.0
313.1085323997461 755.0
313.3748058553698 762.0
313.641071566854 778.0
313.90732953371554 769.0
314.17357975547145 771.0
314.4398222316384 776.0
314.70605696173334 764.0
314.9722839452731 770.0
315.23850318177466 787.0
315.50471467075477 774.0
315.7709184117303 773.0
316.0371144042182 784.0
316.3033026477353 779.0
316.56948314179846 775.0
316.8356558859246 776.0
317.1018208796305 773.0
317.36797812243304 778.0
317.6341276138491 772.0
317.90026935339563 761.0
318.1664033405894 760.0
318.4325295749473 786.0
318.6986480559862 774.0
318.96475878322303 763.0
319.2308617561746 781.0
319.4969569743577 756.0
319.76304443728935 769.0
320.0291241444864 785.0
320.2951960954656 769.0
320.5612602897438 772.0
320.82731672683815 772.0
321.0933654062652 777.0
321.359406327542 764.0
321.6254394901853 758.0
321.891464893712 771.0
322.157482537639 757.0
322.4234924214832 740.0
322.68949454476143 759.0
322.95548890699064 774.0
323.2214755076875 775.0
323.487454346369 770.0
323.753425422552 787.0
324.01938873575347 768.0
324.2853442854901 770.0
324.55129207127885 775.0
324.8172320926366 774.0
325.08316434908016 764.0
325.34908884012646 762.0
325.61500556529234 771.0
325.8809145240947 782.0
326.14681571605024 751.0
326.4127091406761 782.0
326.6785947974889 771.0
326.9444726860058 775.0
327.2103428057433 777.0
327.47620515621855 776.0
327.74205973694836 765.0
328.00790654744947 783.0
328.2737455872389 776.0
328.5395768558335 756.0
328.80540035275004 759.0
329.0712160775054 771.0
329.33702402961654 770.0
329.6028242086002 775.0
329.86861661397353 776.0
330.13440124525306 754.0
330.4001781019559 770.0
330.66594718359863 772.0
330.9317084896984 790.0
331.19746201977205 768.0
331.46320777333636 776.0
331.7289457499082 774.0
331.9946759490044 786.0
332.2603983701419 780.0
332.5261130128375 772.0
332.79181987660826 773.0
333.05751896097087 774.0
333.3232102654422 762.0
333.58889378953916 780.0
333.85456953277856 781.0
334.1202374946774 775.0
334.38589767475247 786.0
334.6515500725206 772.0
334.9171946874987 783.0
335.18283151920355 784.0
335.4484605671522 770.0
335.7140818308614 777.0
335.97969530984807 770.0
336.245301003629 781.0
336.51089891172114 774.0
336.77648903364127 794.0
337.04207136890636 765.0
337.30764591703326 752.0
337.5732126775387 761.0
337.83877164993976 777.0
338.10432283375314 764.0
338.36986622849577 768.0
338.63540183368457 764.0
338.9009296488363 761.0
339.16644967346787 764.0
339.4319619070962 763.0
339.6974663492381 782.0
339.9629629994105 765.0
340.22845185713027 759.0
340.4939329219141 754.0
340.75940619327906 778.0
341.02487167074196 769.0
341.2903293538197 766.0
341.555779242029 779.0
341.821221334887 778.0
342.0866556319103 772.0
342.3520821326158 788.0
342.6175008365205 775.0
342.8829117431413 758.0
343.1483148519949 772.0
343.41371016259825 773.0
343.6790976744682 759.0
343.9444773871216 764.0
344.20984930007546 764.0
344.4752134128465 780.0
344.74056972495157 790.0
345.0059182359076 775.0
345.27125894523147 767.0
345.53659185244 786.0
345.80191695705014 774.0
346.0672342585787 769.0
346.3325437565426 782.0
346.5978454504585 773.0
346.8631393398436 768.0
347.1284254242145 774.0
347.3937037030882 769.0
347.6589741759816 784.0
347.92423684241146 773.0
348.1894917018946 756.0
348.4547387539481 764.0
348.71997799808867 767.0
348.9852094338332 777.0
349.2504330606986 781.0
349.51564887820166 796.0
349.7808568858593 767.0
350.0460570831885 772.0
350.31124946970584 775.0
350.57643404492853 778.0
350.84161080837316 767.0
351.1067797595568 751.0
351.3719408979961 761.0
351.63709422320824 778.0
351.90223973470984 771.0
352.16737743201776 778.0
352.43250731464894 780.0
352.69762938212034 764.0
352.9627436339487 764.0
353.2278500696509 771.0
353.49294868874387 761.0
353.7580394907444 779.0
354.02312247516943 781.0
354.28819764153576 760.0
354.55326498936034 753.0
354.81832451816 758.0
355.08337622745165 765.0
355.348420116752 765.0
355.613456185578 781.0
355.8784844334467 763.0
356.1435048598747 750.0
356.4085174643791 757.0
356.6735222464765 778.0
356.938519205684 764.0
357.2035083415184 755.0
357.46848965349653 778.0
357.73346314113536 756.0
357.9984288039516 754.0
358.2633866414622 771.0
358.528336653184 754.0
358.793278838634 770.0
359.05821319732894 754.0
359.3231397287857 779.0
359.5880584325211 772.0
359.8529693080521 796.0
360.1178723548955 776.0
360.3827675725683 765.0
360.64765496058726 775.0
360.9125345184692 772.0
361.1774062457311 776.0
361.44227014188965 774.0
361.707126206462 766.0
361.9719744389649 769.0
362.2368148389151 778.0
362.5016474058295 758.0
362.766472139225 789.0
363.0312890386186 786.0
363.296098103527 774.0
363.5608993334672 764.0
363.82569272795587 750.0
364.09047828651006 773.0
364.35525600864656 771.0
364.6200258938823 774.0
364.8847879417341 760.0
365.1495421517188 766.0
365.41428852335326 768.0
365.67902705615444 763.0
365.9437577496392 759.0
366.2084806033243 777.0
366.4731956167267 770.0
366.7379027893632 761.0
367.0026021207507 782.0
367.2672936104061 789.0
367.5319772578463 778.0
367.79665306258806 774.0
368.06132102414836 782.0
368.32598114204393 784.0
368.59063341579173 762.0
368.85527784490864 784.0
369.1199144289115 787.0
369.3845431673172 766.0
369.6491640596426 776.0
369.91377710540445 770.0
370.1783823041198 788.0
370.44297965530546 768.0
370.70756915847835 774.0
370.97215081315517 752.0
371.2367246188529 777.0
371.5012905750884 757.0
371.7658486813786 748.0
372.0303989372402 769.0
372.29494134219027 757.0
372.5594758957455 767.0
372.82400259742286 776.0
373.08852144673915 754.0
373.3530324432114 774.0
373.6175355863563 768.0
373.8820308756908 785.0
374.1465183107317 792.0
374.410997890996 769.0
374.6754696160004 781.0
374.93993348526186 773.0
375.2043894982973 769.0
375.4688376546235 779.0
375.7332779537573 753.0
375.9977103952157 768.0
376.26213497851546 758.0
376.52655170317354 776.0
376.7909605687067 773.0
377.05536157463183 762.0
377.3197547204658 788.0
377.5841400057256 780.0
377.84851742992794 780.0
378.11288699258984 784.0
378.37724869322795 771.0
378.64160253135935 772.0
378.90594850650075 771.0
379.1702866181692 775.0
379.4346168658814 761.0
379.69893924915425 764.0
379.9632537675047 781.0
380.2275604204495 781.0
380.49185920750574 772.0
380.75615012819 776.0
381.0204331820193 764.0
381.2847083685105 773.0
381.5489756871804 769.0
381.8132351375459 780.0
382.07748671912407 766.0
382.34173043143153 792.0
382.6059662739852 771.0
382.8701942463019 768.0
383.1344143478986 778.0
383.3986265782921 766.0
383.6628309369994 780.0
383.92702742353725 784.0
384.1912160374225 769.0
384.45539677817203 783.0
384.7195696453027 769.0
384.98373463833155 754.0
385.2478917567753 770.0
385.5120410001507 771.0
385.7761823679748 775.0
386.0403158597644 763.0
386.30444147503647 777.0
386.5685592133077 780.0
386.8326690740951 767.0
387.09677105691543 767.0
387.36086516128563 772.0
387.6249513867226 776.0
387.88902973274315 773.0
388.15310019886414 763.0
388.41716278460245 783.0
388.68121748947493 763.0
388.9452643129986 776.0
389.2093032546901 783.0
389.47333431406645 764.0
389.73735749064434 767.0
390.0013727839409 759.0
390.2653801934728 760.0
390.52937971875696 770.0
390.7933713593103 777.0
391.05735511464974 777.0
391.3213309842919 781.0
391.5852989677539 784.0
391.8492590645524 782.0
392.1132112742045 781.0
392.37715559622694 760.0
392.6410920301366 760.0
392.9050205754503 773.0
393.1689412316849 769.0
393.43285399835736 769.0
393.69675887498465 769.0
393.96065586108335 759.0
394.2245449561705 767.0
394.4884261597629 778.0
394.75229947137757 771.0
395.01616489053123 781.0
395.28002241674085 778.0
395.5438720495231 770.0
395.80771378839506 777.0
396.0715476328735 770.0
396.33537358247537 754.0
396.5991916367174 772.0
396.86300179511665 777.0
397.12680405718976 773.0
397.39059842245376 768.0
397.65438489042543 776.0
397.91816346062177 766.0
398.18193413255955 776.0
398.4456969057556 771.0
398.7094517797268 777.0
398.97319875399006 773.0
399.2369378280623 769.0
399.50066900146027 772.0
399.764392273701 780.0
400.02810764430114 771.0
400.2918151127777 775.0
400.55551467864757 777.0
400.81920634142756 768.0
401.08289010063453 774.0
401.34656595578537 768.0
401.6102339063969 786.0
401.8738939519861 788.0
402.1375460920697 775.0
402.4011903261647 777.0
402.6648266537879 779.0
402.92845507445617 771.0
403.1920755876863 761.0
403.4556881929953 773.0
403.71929288990003 775.0
403.98288967791734 778.0
404.246478556564 780.0
404.5100595253569 790.0
404.77363258381297 775.0
405.03719773144906 768.0
405.3007549677821 777.0
405.56430429232887 759.0
405.82784570460626 775.0
406.0913792041311 775.0
406.35490479042033 771.0
406.61842246299085 765.0
406.88193222135936 774.0
407.14543406504293 771.0
407.4089279935582 760.0
407.6724140064223 778.0
407.9358921031519 783.0
408.19936228326395 769.0
408.4628245462754 762.0
408.7262788917029 770.0
408.9897253190635 759.0
409.25316382787395 775.0
409.5165944176513 801.0
409.7800170879122 770.0
410.04343183817366 748.0
410.30683866795243 778.0
410.57023757676546 782.0
410.83362856412975 779.0
411.09701162956185 781.0
411.3603867725789 765.0
411.62375399269763 772.0
411.887113289435 761.0
412.1504646623078 762.0
412.4138081108329 784.0
412.6771436345273 754.0
412.94047123290767 772.0
413.20379090549096 760.0
413.46710265179405 788.0
413.7304064713339 769.0
413.9937023636272 769.0
414.25699032819097 769.0
414.52027036454194 757.0
414.78354247219704 779.0
415.0468066506732 768.0
415.31006289948726 786.0
415.5733112181561 786.0
415.83655160619645 754.0
416.0997840631253 777.0
416.3630085884595 777.0
416.62622518171594 778.0
416.8894338424115 767.0
417.152634570063 769.0
417.4158273641873 768.0
417.67901222430123 767.0
417.9421891499217 773.0
418.2053581405658 766.0
418.46851919575005 768.0
418.7316723149915 777.0
418.99481749780693 769.0
419.2579547437133 767.0
419.5210840522274 777.0
419.78420542286625 778.0
420.04731885514644 789.0
420.31042434858506 769.0
420.573521902699 766.0
420.83661151700494 757.0
421.0996931910199 770.0
421.3627669242608 772.0
421.6258327162443 763.0
421.88889056648736 764.0
422.1519404745069 767.0
422.41498243981977 764.0
422.6780164619429 770.0
422.9410425403929 792.0
423.2040606746869 782.0
423.46707086434174 778.0
423.7300731088742 759.0
423.9930674078012 773.0
424.25605376063965 778.0
424.5190321669063 770.0
424.782002626118 786.0
425.0449651377918 777.0
425.30791970144446 770.0
425.57086631659286 761.0
425.83380498275386 770.0
426.0967356994443 786.0
426.3596584661811 774.0
426.6225732824811 760.0
426.88548014786113 768.0
427.14837906183817 772.0
427.411270023929 755.0
427.6741530336505 768.0
427.9370280905195 773.0
428.199895194053 795.0
428.46275434376776 785.0
428.72560553918066 784.0
428.98844877980855 768.0
429.2512840651683 785.0
429.51411139477693 764.0
429.77693076815115 779.0
430.03974218480784 765.0
430.3025456442639 779.0
430.5653411460361 785.0
430.82812868964146 774.0
431.09090827459687 763.0
431.353679900419 754.0
431.61644356662487 766.0
431.87919927273134 794.0
432.1419470182551 777.0
432.40468680271334 772.0
432.66741862562276 762.0
432.93014248650013 766.0
433.1928583848624 772.0
433.45556632022647 759.0
433.7182662921092 769.0
433.9809583000275 750.0
434.24364234349815 766.0
434.506318422038 772.0
434.768986535164 770.0
435.031646682393 778.0
435.2942988632418 772.0
435.55694307722734 760.0
435.81957932386655 772.0
436.08220760267614 784.0
436.34482791317305 785.0
436.6074402548742 771.0
436.8700446272964 768.0
437.1326410299566 774.0
437.3952294623715 770.0
437.65780992405803 784.0
437.9203824145332 770.0
438.1829469333138 773.0
438.4455034799166 764.0
438.7080520538586 774.0
438.9705926546565 765.0
439.23312528182737 775.0
439.49564993488787 745.0
439.7581666133551 766.0
440.0206753167459 769.0
440.28317604457686 781.0
440.5456687963651 777.0
440.8081535716274 787.0
441.07063036988075 758.0
441.3330991906418 772.0
441.5955600334276 773.0
441.858012897755 790.0
442.12045778314075 763.0
442.3828946891018 773.0
442.6453236151551 761.0
442.9077445608174 771.0
443.17015752560553 769.0
443.4325625090365 774.0
443.69495951062703 766.0
443.95734852989415 777.0
444.21972956635454 771.0
444.4821026195253 765.0
444.74446768892307 760.0
445.00682477406485 759.0
445.2691738744674 761.0
445.5315149896478 777.0
445.79384811912274 774.0
446.05617326240906 774.0
446.31849041902376 768.0
446.58079958848356 770.0
446.8431007703055 790.0
447.10539396400634 769.0
447.367679169103 786.0
447.6299563851123 783.0
447.892225611551 771.0
448.15448684793625 760.0
448.4167400937847 781.0
448.67898534861325 774.0
448.9412226119389 763.0
449.2034518832783 778.0
449.46567316214856 759.0
449.72788644806633 777.0
449.99009174054856 766.0
450.2522890391122 764.0
450.514478343274 764.0
450.77665965255085 769.0
451.0388329664597 768.0
451.30099828451733 780.0
451.5631556062406 769.0
451.82530493114655 774.0
452.08744625875175 769.0
452.3495795885734 775.0
452.6117049201281 768.0
452.87382225293277 773.0
453.13593158650446 772.0
453.3980329203598 761.0
453.6601262540158 762.0
453.9222115869893 756.0
454.1842889187971 764.0
454.4463582489562 784.0
454.70841957698343 765.0
454.97047290239556 786.0
455.23251822470957 787.0
455.49455554344223 782.0
455.75658485811044 770.0
456.0186061682312 780.0
456.2806194733211 774.0
456.5426247728973 766.0
456.8046220664765 780.0
457.0666113535756 774.0
457.32859263371154 770.0
457.5905659064011 771.0
457.8525311711611 775.0
458.1144884275086 764.0
458.37643767496024 769.0
458.6383789130331 760.0
458.9003121412439 771.0
459.1622373591095 758.0
459.4241545661469 750.0
459.68606376187284 773.0
459.9479649458043 776.0
460.2098581174581 778.0
460.471743276351 773.0
460.733620422 783.0
460.9954895539219 767.0
461.2573506716337 760.0
461.51920377465206 778.0
461.78104886249406 774.0
462.0428859346764 765.0
462.304714990716 781.0
462.5665360301298 773.0
462.82834905243453 774.0
463.09015405714723 764.0
463.35195104378465 774.0
463.6137400118636 766.0
463.8755209609011 779.0
464.13729389041396 769.0
464.399058799919 766.0
464.6608156889332 765.0
464.92256455697327 770.0
465.18430540355615 780.0
465.4460382281988 789.0
465.707763030418 777.0
465.96947980973056 773.0
466.23118856565344 776.0
466.49288929770347 781.0
466.75458200539765 777.0
467.0162666882526 763.0
467.27794334578533 773.0
467.5396119775127 766.0
467.8012725829516 775.0
468.0629251616188 776.0
468.3245697130314 766.0
468.586206236706 779.0
468.8478347321596 768.0
469.109455198909 763.0
469.3710676364711 764.0
469.6326720443629 782.0
469.89426842210105 772.0
470.1558567692025 781.0
470.4174370851842 782.0
470.6790093695629 778.0
470.94057362185555 769.0
471.20212984157905 764.0
471.4636780282501 781.0
471.72521818138574 778.0
471.9867503005027 769.0
472.248274385118 777.0
472.5097904347484 782.0
472.7712984489108 779.0
473.03279842712203 775.0
473.29429036889906 762.0
473.55577427375863 762.0
473.8172501412177 786.0
474.07871797079315 753.0
474.34017776200176 773.0
474.6016295143605 785.0
474.8630732273861 780.0
475.1245089005955 769.0
475.3859365335057 771.0
475.64735612563334 761.0
475.9087676764954 771.0
476.1701711856088 777.0
476.4315666524903 786.0
476.6929540766569 777.0
476.95433345762535 778.0
477.2157047949125 761.0
477.47706808803537 771.0
477.7384233365106 774.0
477.9997705398553 777.0
478.26110969758616 779.0
478.52244080922014 788.0
478.78376387427414 756.0
479.04507889226494 776.0
479.3063858627094 766.0
479.5676847851245 771.0
479.828975659027 763.0
480.0902584839338 769.0
480.3515332593618 764.0
480.61279998482775 763.0
480.8740586598487 787.0
481.13530928394147 771.0
481.3965518566228 768.0
481.65778637740965 782.0
481.9190128458189 786.0
482.1802312613674 772.0
482.4414416235721 773.0
482.70264393194964 773.0
482.9638381860171 773.0
483.2250243852913 777.0
483.4862025292891 767.0
483.7473726175273 778.0
484.0085346495229 766.0
484.26968862479265 772.0
484.5308345428534 764.0
484.79197240322225 768.0
485.0531022054157 773.0
485.314223948951 764.0
485.57533763334476 772.0
485.8364432581139 772.0
486.0975408227754 767.0
486.35863032684597 765.0
486.61971176984247 776.0
486.880785151282 790.0
487.1418504706812 752.0
487.402907727557 756.0
487.66395692142635 770.0
487.92499805180597 791.0
488.18603111821284 765.0
488.44705612016384 766.0
488.7080730571757 755.0
488.9690819287655 771.0
489.2300827344499 766.0
489.49107547374587 762.0
489.75206014617027 751.0
490.01303675124 762.0
490.27400528847187 769.0
490.53496575738274 774.0
490.79591815748955 784.0
491.05686248830915 774.0
491.31779874935836 767.0
491.57872694015396 767.0
491.8396470602131 778.0
492.1005591090524 772.0
492.3614630861888 778.0
492.6223589911392 772.0
492.88324682342045 766.0
493.14412658254946 769.0
493.40499826804296 776.0
493.66586187941795 776.0
493.92671741619125 766.0
494.18756487787977 769.0
494.44840426400026 764.0
494.70923557406974 766.0
494.97005880760497 770.0
495.23087396412285 762.0
495.4916810431403 749.0
495.7524800441741 772.0
496.01327096674123 778.0
496.27405381035845 793.0
496.53482857454264 772.0
496.79559525881075 761.0
497.05635386267954 765.0
497.31710438566597 779.0
497.57784682728686 772.0
497.8385811870591 790.0
498.0993074644995 779.0
498.360025659125 764.0
498.6207357704524 764.0
498.88143779799873 774.0
499.14213174128065 776.0
499.40281759981514 777.0
499.6634953731191 781.0
499.92416506070924 773.0
500.1848266621026 753.0
500.445480176816 779.0
500.70612560436615 771.0
500.96676294427016 762.0
501.22739219604483 776.0
501.48801335920695 774.0
501.74862643327344 763.0
502.00923141776116 768.0
502.2698283121869 764.0
502.5304171160677 780.0
502.7909978289203 777.0
503.0515704502616 772.0
503.31213497960846 770.0
503.57269141647777 775.0
503.8332397603864 772.0
504.09378001085116 784.0
504.354312167389 778.0
504.6148362295168 780.0
504.8753521967513 776.0
505.1358600686094 777.0
505.3963598446082 779.0
505.6568515242642 779.0
505.9173351070945 760.0
506.17781059261597 781.0
506.4382779803454 780.0
506.69873726979966 774.0
506.95918846049574 760.0
507.2196315519502 784.0
507.4800665436803 774.0
507.74049343520267 765.0
508.00091222603425 769.0
508.261322915692 782.0
508.5217255036924 770.0
508.7821199895529 774.0
509.0425063727899 793.0
509.3028846529204 777.0
509.5632548294615 782.0
509.8236169019296 768.0
510.0839708698421 771.0
510.3443167327155 771.0
510.60465449006676 763.0
510.8649841414127 770.0
511.12530568627034 772.0
511.3856191241566 773.0
511.64592445458794 786.0
511.90622167708165 766.0
512.1665107911545 776.0
512.4267917963232 776.0
512.6870646921047 776.0
512.947329478016 774.0
513.2075861535739 769.0
513.467834718295 775.0
513.7280751716964 780.0
513.9883075132952 764.0
514.248531742608 770.0
514.5087478591515 794.0
514.7689558624429 765.0
515.0291557519989 766.0
515.2893475273365 768.0
515.5495311879723 777.0
515.8097067334235 789.0
516.0698741632067 775.0
516.3300334768389 773.0
516.5901846738369 774.0
516.8503277537177 772.0
517.1104627159981 777.0
517.3705895601947 790.0
517.630708285825 769.0
517.8908188924053 780.0
518.1509213794526 767.0
518.411015746484 769.0
518.6711019930159 776.0
518.9311801185657 772.0
519.19125012265 770.0
519.4513120047856 767.0
519.7113657644896 760.0
519.9714114012784 769.0
520.2314489146695 781.0
520.4914783041794 786.0
520.751499569325 789.0
521.0115127096234 768.0
521.271517724591 770.0
521.5315146137451 772.0
521.7915033766022 785.0
522.0514840126796 766.0
522.3114565214938 759.0
522.5714209025618 785.0
522.8313771554007 772.0
523.0913252795269 784.0
523.3512652744578 780.0
523.6111971397097 769.0
523.8711208747998 772.0
524.1310364792452 763.0
524.390943952562 759.0
524.6508432942679 770.0
524.9107345038794 765.0
525.1706175809132 769.0
525.4304925248866 760.0
525.690359335316 776.0
525.9502180117188 775.0
526.2100685536113 770.0
526.4699109605107 766.0
526.729745231934 769.0
526.9895713673975 763.0
527.2493893664187 776.0
527.5091992285141 758.0
527.7690009532007 773.0
528.0287945399953 763.0
528.2885799884149 773.0
528.5483572979764 776.0
528.8081264681963 764.0
529.0678874985917 777.0
529.3276403886796 773.0
529.5873851379768 760.0
529.8471217460001 764.0
530.1068502122662 778.0
530.3665705362923 767.0
530.6262827175951 765.0
530.8859867556915 772.0
531.1456826500984 778.0
531.4053704003326 776.0
531.6650500059111 784.0
531.9247214663504 790.0
532.1843847811678 778.0
532.4440399498801 771.0
532.7036869720038 755.0
532.9633258470562 782.0
533.222956574554 796.0
533.4825791540142 764.0
533.7421935849534 766.0
534.0017998668885 774.0
534.2613979993366 765.0
534.5209879818145 774.0
534.780569813839 778.0
535.0401434949268 772.0
535.2997090245951 778.0
535.5592664023607 775.0
535.8188156277402 770.0
536.0783567002508 773.0
536.3378896194092 767.0
536.5974143847321 768.0
536.8569309957369 776.0
537.1164394519398 784.0
537.3759397528582 780.0
537.6354318980087 776.0
537.8949158869082 766.0
538.1543917190737 785.0
538.4138593940218 755.0
538.6733189112697 771.0
538.932770270334 771.0
539.1922134707318 788.0
539.4516485119797 771.0
539.7110753935946 760.0
539.9704941150937 781.0
540.2299046759937 769.0
540.4893070758112 772.0
540.7487013140633 774.0
541.008087390267 776.0
541.2674653039389 776.0
541.526835054596 797.0
541.7861966417552 764.0
542.0455500649333 774.0
542.3048953236471 780.0
542.5642324174137 763.0
542.8235613457497 779.0
543.0828821081722 783.0
543.3421947041979 764.0
543.6014991333436 764.0
543.8607953951266 768.0
544.1200834890632 775.0
544.3793634146708 777.0
544.6386351714658 782.0
544.8978987589653 771.0
545.1571541766862 758.0
545.4164014241451 764.0
545.6756405008593 767.0
545.9348714063455 787.0
546.1940941401203 773.0
546.4533087017008 770.0
546.712515090604 778.0
546.9717133063466 783.0
547.2309033484453 770.0
547.4900852164174 764.0
547.7492589097793 775.0
548.0084244280482 783.0
548.2675817707409 771.0
548.526730937374 794.0
548.7858719274648 769.0
549.0450047405299 766.0
549.3041293760863 764.0
549.5632458336507 761.0
549.82235411274 769.0
550.0814542128714 765.0
550.3405461335612 760.0
550.5996298743269 764.0
550.8587054346848 775.0
551.117772814152 779.0
551.3768320122455 784.0
551.6358830284819 784.0
551.8949258623783 778.0
552.1539605134514 763.0
552.4129869812182 777.0
552.6720052651955 762.0
552.9310153649002 763.0
553.1900172798491 771.0
553.4490110095592 782.0
553.7079965535472 784.0
553.9669739113302 772.0
554.2259430824248 780.0
554.484904066348 766.0
554.7438568626167 767.0
555.0028014707476 762.0
555.261737890258 766.0
555.520666120664 762.0
555.7795861614834 771.0
556.0384980122324 772.0
556.2974016724281 769.0
556.5562971415874 769.0
556.8151844192269 781.0
557.0740635048638 769.0
557.3329343980148 759.0
557.5917970981968 771.0
557.8506516049267 768.0
558.1094979177213 778.0
558.3683360360976 772.0
558.6271659595724 772.0
558.8859876876625 782.0
559.1448012198848 761.0
559.4036065557561 773.0
559.6624036947936 777.0
559.9211926365136 775.0
560.1799733804337 762.0
560.43874592607 775.0
560.6975102729399 785.0
560.9562664205602 786.0
561.2150143684473 765.0
561.4737541161188 766.0
561.732485663091 765.0
561.9912090088809 754.0
562.2499241530056 780.0
562.5086310949818 765.0
562.7673298343262 762.0
563.026020370556 761.0
563.2847027031879 786.0
563.5433768317389 763.0
563.8020427557254 777.0
564.0607004746649 777.0
564.3193499880738 784.0
564.5779912954692 776.0
564.8366243963679 757.0
565.0952492902868 761.0
565.3538659767429 765.0
565.6124744552527 761.0
565.8710747253335 780.0
566.1296667865018 766.0
566.3882506382747 802.0
566.6468262801691 777.0
566.9053937117014 765.0
567.1639529323893 786.0
567.4225039417488 790.0
567.6810467392974 781.0
567.9395813245517 772.0
568.1981076970284 778.0
568.4566258562448 761.0
568.7151358017175 764.0
568.9736375329633 779.0
569.2321310494995 772.0
569.4906163508422 779.0
569.749093436509 793.0
570.0075623060163 769.0
570.2660229588813 769.0
570.5244753946206 764.0
570.7829196127512 773.0
571.0413556127901 782.0
571.2997833942537 776.0
571.5582029566596 761.0
571.8166142995238 775.0
572.075017422364 759.0
572.3334123246967 767.0
572.5917990060384 767.0
572.8501774659068 755.0
573.108547703818 769.0
573.3669097192892 769.0
573.6252635118373 768.0
573.8836090809789 778.0
574.1419464262314 776.0
574.400275547111 779.0
574.6585964431351 778.0
574.9169091138205 784.0
575.1752135586836 781.0
575.4335097772419 770.0
575.6917977690118 769.0
575.9500775335105 777.0
576.2083490702545 766.0
576.4666123787609 776.0
576.7248674585469 780.0
576.9831143091286 770.0
577.2413529300236 782.0
577.4995833207483 767.0
577.7578054808198 774.0
578.0160194097549 765.0
578.2742251070703 758.0
578.5324225722832 762.0
578.7906118049101 770.0
579.0487928044681 770.0
579.3069655704743 782.0
579.565130102445 782.0
579.8232863998975 768.0
580.0814344623485 764.0
580.339574289315 779.0
580.5977058803137 760.0
580.8558292348614 767.0
581.1139443524753 759.0
581.3720512326721 766.0
581.6301498749685 770.0
581.8882402788817 775.0
582.146322443928 762.0
582.4043963696251 767.0
582.6624620554893 791.0
582.9205195010375 781.0
583.1785687057866 790.0
583.4366096692537 771.0
583.6946423909554 763.0
583.9526668704085 794.0
584.2106831071303 819.0
584.4686911006373 823.0
584.7266908504463 857.0
584.9846823560746 891.0
585.2426656170385 979.0
585.5006406328554 990.0
585.7586074030418 977.0
586.0165659271148 888.0
586.2745162045912 814.0
586.5324582349878 791.0
586.7903920178214 792.0
587.0483175526091 787.0
587.3062348388676 787.0
587.5641438761138 780.0
587.8220446638645 795.0
588.0799372016369 793.0
588.3378214889474 796.0
588.5956975253132 790.0
588.8535653102509 788.0
589.1114248432776 789.0
589.3692761239103 772.0
589.6271191516653 780.0
589.88495392606 759.0
590.1427804466111 770.0
590.4005987128355 791.0
590.6584087242501 777.0
590.9162104803713 765.0
591.1740039807169 787.0
591.4317892248029 766.0
591.6895662121466 774.0
591.9473349422648 770.0
592.2050954146741 787.0
592.462847628892 773.0
592.7205915844347 767.0
592.9783272808194 777.0
593.236054717563 786.0
593.493773894182 781.0
593.7514848101939 774.0
594.009187465115 781.0
594.2668818584625 791.0
594.5245679897531 808.0
594.7822458585038 817.0
595.0399154642313 803.0
595.2975768064524 777.0
595.5552298846843 779.0
595.8128746984438 776.0
596.0705112472474 788.0
596.3281395306126 777.0
596.5857595480555 777.0
596.8433712990935 788.0
597.1009747832434 777.0
597.3585700000219 770.0
597.6161569489462 781.0
597.8737356295327 779.0
598.1313060412986 793.0
598.3888681837607 793.0
598.6464220564358 781.0
598.9039676588409 787.0
599.1615049904925 774.0
599.4190340509081 773.0
599.676554839604 760.0
599.9340673560972 758.0
600.1915715999048 778.0
600.4490675705435 788.0
600.7065552675302 772.0
600.9640346903817 768.0
601.221505838615 772.0
601.4789687117469 766.0
601.7364233092942 775.0
601.9938696307739 768.0
602.2513076757026 778.0
602.5087374435976 781.0
602.7661589339755 778.0
603.023572146353 780.0
603.2809770802475 776.0
603.5383737351752 789.0
603.7957621106534 771.0
604.053142206199 763.0
604.3105140213286 755.0
604.5678775555593 773.0
604.8252328084078 770.0
605.0825797793912 769.0
605.3399184680261 774.0
605.5972488738295 781.0
605.8545709963181 760.0
606.111884835009 782.0
606.3691903894193 770.0
606.6264876590651 785.0
606.883776643464 779.0
607.1410573421324 795.0
607.3983297545875 801.0
607.6555938803461 809.0
607.9128497189247 799.0
608.1700972698408 786.0
608.4273365326108 774.0
608.6845675067516 781.0
608.9417901917803 781.0
609.1990045872135 799.0
609.4562106925683 806.0
609.7134085073615 831.0
609.9705980311098 822.0
610.2277792633305 822.0
610.4849522035397 794.0
610.7421168512552 775.0
610.9992732059933 769.0
611.2564212672709 781.0
611.5135610346049 764.0
611.7706925075122 778.0
612.0278156855098 767.0
612.2849305681145 794.0
612.542037154843 775.0
612.7991354452124 770.0
613.0562254387393 769.0
613.3133071349409 794.0
613.5703805333337 790.0
613.8274456334349 815.0
614.0845024347612 840.0
614.3415509368294 894.0
614.5985911391567 915.0
614.8556230412595 908.0
615.1126466426551 853.0
615.36966194286 802.0
615.6266689413914 802.0
615.8836676377659 792.0
616.1406580315004 791.0
616.3976401221121 801.0
616.6546139091173 818.0
616.9115793920333 797.0
617.1685365703769 783.0
617.4254854436648 776.0
617.6824260114142 766.0
617.9393582731417 780.0
618.196282228364 790.0
618.4531978765983 776.0
618.7101052173614 792.0
618.9670042501702 774.0
619.2238949745413 769.0
619.4807773899919 750.0
619.7376514960388 782.0
619.9945172921986 774.0
620.2513747779885 771.0
620.508223952925 778.0
620.7650648165256 769.0
621.0218973683066 770.0
621.2787216077849 777.0
621.5355375344776 779.0
621.7923451479013 797.0
622.0491444475734 784.0
622.3059354330103 774.0
622.5627181037288 769.0
622.8194924592461 781.0
623.0762584990788 755.0
623.333016222744 773.0
623.5897656297584 781.0
623.8465067196389 771.0
624.1032394919024 780.0
624.3599639460657 774.0
624.6166800816459 770.0
624.8733878981594 773.0
625.1300873951237 775.0
625.3867785720552 779.0
625.6434614284708 787.0
625.9001359638876 785.0
626.1568021778221 783.0
626.4134600697917 794.0
626.6701096393127 807.0
626.9267508859024 818.0
627.1833838090776 817.0
627.4400084083547 781.0
627.6966246832512 782.0
627.9532326332837 774.0
628.2098322579691 770.0
628.4664235568243 783.0
628.723006529366 770.0
628.9795811751112 779.0
629.2361474935768 775.0
629.4927054842794 768.0
629.7492551467363 778.0
630.0057964804641 795.0
630.2623294849799 775.0
630.5188541598001 780.0
630.775370504442 785.0
631.0318785184223 780.0
631.2883782012578 782.0
631.5448695524658 775.0
631.8013525715625 780.0
632.0578272580652 778.0
632.3142936114906 791.0
632.5707516313557 794.0
632.8272013171775 801.0
633.0836426684723 804.0
633.3400756847575 809.0
633.5965003655499 843.0
633.8529167103661 816.0
634.1093247187234 826.0
634.3657243901381 792.0
634.6221157241276 793.0
634.8784987202085 770.0
635.1348733778977 778.0
635.3912396967121 772.0
635.6475976761684 770.0
635.9039473157839 774.0
636.1602886150749 775.0
636.4166215735588 771.0
636.6729461907521 776.0
636.9292624661718 766.0
637.1855703993349 785.0
637.4418699897578 796.0
637.6981612369581 801.0
637.9544441404521 801.0
638.2107186997567 816.0
638.4669849143892 840.0
638.7232427838659 845.0
638.979492307704 866.0
639.2357334854204 893.0
639.4919663165317 941.0
639.7481908005552 996.0
640.0044069370073 1066.0
640.2606147254052 1238.0
640.5168141652655 1272.0
640.7730052561054 1325.0
641.0291879974413 1084.0
641.2853623887906 894.0
641.5415284296699 832.0
641.797686119596 811.0
642.0538354580859 786.0
642.3099764446565 782.0
642.5661090788245 779.0
642.8222333601069 782.0
643.0783492880205 776.0
643.3344568620822 791.0
643.5905560818089 770.0
643.8466469467173 765.0
644.1027294563247 785.0
644.3588036101473 772.0
644.6148694077026 768.0
644.8709268485071 774.0
645.1269759320778 768.0
645.3830166579316 776.0
645.6390490255851 759.0
645.8950730345556 769.0
646.1510886843597 777.0
646.4070959745143 766.0
646.6630949045363 756.0
646.9190854739425 766.0
647.17506768225 775.0
647.4310415289752 768.0
647.6870070136354 786.0
647.9429641357473 756.0
648.1989128948277 770.0
648.4548532903938 757.0
648.7107853219619 777.0
648.9667089890495 776.0
649.222624291173 785.0
649.4785312278494 791.0
649.7344297985958 801.0
649.9903200029287 818.0
650.2462018403652 825.0
650.502075310422 838.0
650.7579404126162 865.0
651.0137971464646 869.0
651.2696455114838 880.0
651.525485507191 829.0
651.7813171331029 804.0
652.0371403887364 790.0
652.2929552736086 762.0
652.5487617872358 768.0
652.8045599291355 779.0
653.0603496988242 776.0
653.3161310958188 787.0
653.5719041196362 797.0
653.8276687697933 771.0
654.0834250458071 772.0
654.3391729471941 766.0
654.5949124734717 784.0
654.8506436241562 772.0
655.1063663987647 772.0
655.3620807968144 766.0
655.6177868178215 775.0
655.8734844613035 776.0
656.129173726777 775.0
656.3848546137588 786.0
656.6405271217659 788.0
656.8961912503149 798.0
657.1518469989231 778.0
657.4074943671071 765.0
657.6631333543837 764.0
657.9187639602701 769.0
658.1743861842826 772.0
658.4300000259387 769.0
658.6856054847549 771.0
658.9412025602483 796.0
659.1967912519353 770.0
659.4523715593333 784.0
659.707943481959 799.0
659.9635070193291 800.0
660.2190621709606 819.0
660.4746089363705 822.0
660.7301473150753 793.0
660.9856773065924 756.0
661.2411989104381 781.0
661.4967121261298 780.0
661.7522169531838 783.0
662.0077133911174 759.0
662.2632014394475 781.0
662.5186810976904 779.0
662.7741523653638 779.0
663.029615241984 778.0
663.2850697270679 774.0
663.5405158201327 768.0
663.7959535206948 771.0
664.0513828282715 773.0
664.3068037423793 773.0
664.5622162625355 783.0
664.8176203882564 797.0
665.0730161190594 773.0
665.3284034544613 771.0
665.5837823939785 780.0
665.8391529371283 767.0
666.0945150834276 770.0
666.349868832393 761.0
666.6052141835415 784.0
666.8605511363899 790.0
667.1158796904554 779.0
667.3711998452544 793.0
667.626511600304 808.0
667.8818149551211 820.0
668.1371099092223 820.0
668.3923964621249 829.0
668.6476746133454 811.0
668.9029443624008 784.0
669.1582057088083 776.0
669.4134586520839 784.0
669.6687031917455 772.0
669.9239393273093 782.0
670.1791670582923 778.0
670.4343863842114 773.0
670.6895973045835 775.0
670.9447998189256 793.0
671.1999939267544 793.0
671.4551796275866 798.0
671.7103569209394 812.0
671.9655258063294 805.0
672.220686283274 810.0
672.475838351289 805.0
672.7309820098925 785.0
672.9861172586005 777.0
673.2412440969302 781.0
673.4963625243987 778.0
673.7514725405223 761.0
674.0065741448183 760.0
674.2616673368035 776.0
674.5167521159946 777.0
674.7718284819086 786.0
675.0268964340622 775.0
675.2819559719727 779.0
675.5370070951565 752.0
675.7920498031307 754.0
676.0470840954122 761.0
676.3021099715176 763.0
676.5571274309642 766.0
676.8121364732684 765.0
677.0671370979474 760.0
677.3221293045178 748.0
677.5771130924968 772.0
677.8320884614011 778.0
678.0870554107474 778.0
678.3420139400529 777.0
678.5969640488343 762.0
678.8519057366083 772.0
679.1068390028922 785.0
679.3617638472023 787.0
679.616680269056 788.0
679.8715882679699 778.0
680.1264878434607 780.0
680.3813789950458 762.0
680.6362617222414 764.0
680.8911360245651 762.0
681.146001901533 784.0
681.4008593526627 777.0
681.6557083774705 781.0
681.9105489754734 759.0
682.1653811461886 768.0
682.4202048891326 766.0
682.6750202038223 778.0
682.9298270897748 771.0
683.1846255465068 777.0
683.4394155735351 771.0
683.6941971703767 757.0
683.9489703365485 775.0
684.2037350715673 759.0
684.4584913749499 766.0
684.7132392462133 772.0
684.9679786848742 780.0
685.2227096904496 782.0
685.4774322624564 774.0
685.7321464004115 762.0
685.9868521038316 769.0
686.2415493722334 769.0
686.4962382051343 767.0
686.7509186020508 782.0
687.0055905624997 774.0
687.2602540859983 773.0
687.514909172063 770.0
687.7695558202109 770.0
688.0241940299587 773.0
688.2788238008236 791.0
688.5334451323221 780.0
688.7880580239712 769.0
689.042662475288 765.0
689.2972584857889 758.0
689.5518460549912 763.0
689.8064251824115 777.0
690.0609958675668 769.0
690.3155581099742 773.0
690.5701119091498 765.0
690.8246572646113 769.0
691.0791941758752 797.0
691.3337226424583 786.0
691.5882426638777 784.0
691.84275423965 779.0
692.0972573692924 790.0
692.3517520523214 797.0
692.6062382882542 802.0
692.8607160766074 827.0
693.1151854168979 829.0
693.3696463086428 838.0
693.6240987513587 851.0
693.8785427445628 824.0
694.1329782877717 799.0
694.3874053805022 773.0
694.6418240222713 765.0
694.8962342125958 770.0
695.1506359509929 770.0
695.405029236979 781.0
695.6594140700711 769.0
695.9137904497863 775.0
696.168158375641 768.0
696.4225178471527 777.0
696.676868863838 774.0
696.9312114252134 776.0
697.1855455307963 772.0
697.4398711801031 785.0
697.6941883726512 780.0
697.9484971079568 764.0
698.2027973855375 771.0
698.4570892049098 765.0
698.7113725655903 776.0
698.9656474670965 789.0
699.2199139089445 773.0
699.4741718906519 781.0
699.7284214117353 782.0
699.9826624717113 785.0
700.2368950700971 762.0
700.4911192064093 771.0
700.7453348801653 762.0
700.9995420908814 786.0
701.2537408380745 775.0
701.5079311212619 761.0
701.7621129399598 778.0
702.016286293686 786.0
702.2704511819566 784.0
702.5246076042886 809.0
702.778755560199 816.0
703.0328950492045 814.0
703.2870260708224 830.0
703.5411486245691 826.0
703.7952627099618 844.0
704.0493683265172 828.0
704.3034654737519 792.0
704.5575541511835 791.0
704.8116343583279 787.0
705.0657060947029 781.0
705.3197693598249 771.0
705.5738241532106 780.0
705.8278704743772 784.0
706.0819083228414 773.0
706.3359376981203 773.0
706.5899585997306 780.0
706.8439710271889 769.0
707.0979749800126 774.0
707.3519704577179 769.0
707.6059574598225 780.0
707.8599359858429 774.0
708.1139060352955 772.0
708.3678676076978 789.0
708.6218207025663 768.0
708.8757653194182 769.0
709.12970145777 753.0
709.3836291171389 762.0
709.6375482970416 786.0
709.8914589969946 774.0
710.1453612165157 773.0
710.3992549551208 764.0
710.6531402123275 766.0
710.9070169876522 784.0
711.1608852806118 773.0
711.4147450907236 770.0
711.6685964175037 778.0
711.9224392604699 778.0
712.1762736191384 770.0
712.4300994930262 784.0
712.6839168816504 774.0
712.9377257845274 772.0
713.1915262011746 767.0
713.4453181311087 778.0
713.6991015738463 764.0
713.9528765289045 773.0
714.2066429958 783.0
714.4604009740502 784.0
714.7141504631712 779.0
714.9678914626805 755.0
715.2216239720948 777.0
715.4753479909306 776.0
715.7290635187052 773.0
715.982770554935 775.0
716.2364690991376 798.0
716.4901591508293 786.0
716.743840709527 779.0
716.9975137747479 772.0
717.2511783460084 782.0
717.5048344228259 789.0
717.7584820047169 784.0
718.0121210911982 785.0
718.2657516817872 774.0
718.519373776 758.0
718.772987373354 775.0
719.026592473366 771.0
719.2801890755527 776.0
719.5337771794311 781.0
719.7873567845179 795.0
720.0409278903304 773.0
720.294490496385 782.0
720.5480446021987 781.0
720.8015902072887 771.0
721.0551273111711 772.0
721.3086559133636 773.0
721.5621760133826 772.0
721.815687610745 767.0
722.0691907049679 765.0
722.3226852955679 764.0
722.5761713820622 778.0
722.8296489639672 772.0
723.0831180408002 770.0
723.3365786120778 785.0
723.5900306773169 775.0
723.8434742360346 796.0
724.0969092877473 789.0
724.3503358319725 798.0
724.6037538682267 812.0
724.8571633960265 805.0
725.1105644148894 809.0
725.3639569243315 795.0
725.6173409238706 769.0
725.8707164130229 777.0
726.1240833913054 769.0
726.3774418582351 777.0
726.6307918133285 777.0
726.8841332561029 778.0
727.137466186075 788.0
727.3907906027619 785.0
727.6441065056802 792.0
727.8974138943464 780.0
728.1507127682783 750.0
728.4040031269918 775.0
728.6572849700045 765.0
728.9105582968331 773.0
729.1638231069941 772.0
729.4170794000048 779.0
729.6703271753817 773.0
729.923566432642 766.0
730.1767971713025 779.0
730.4300193908798 792.0
730.6832330908911 782.0
730.936438270853 784.0
731.1896349302828 779.0
731.442823068697 768.0
731.6960026856123 777.0
731.949173780546 769.0
732.2023363530145 770.0
732.4554904025351 770.0
732.7086359286245 777.0
732.9617729307997 764.0
733.2149014085775 769.0
733.4680213614745 776.0
733.7211327890079 773.0
733.9742356906943 767.0
734.2273300660511 790.0
734.4804159145946 764.0
734.7334932358416 771.0
734.9865620293094 754.0
735.2396222945147 774.0
735.4926740309744 768.0
735.7457172382054 771.0
735.9987519157243 782.0
736.2517780630484 790.0
736.504795679694 772.0
736.7578047651785 777.0
737.0108053190187 774.0
737.2637973407312 765.0
737.516780829833 777.0
737.769755785841 757.0
738.0227222082721 776.0
738.2756800966428 763.0
738.5286294504706 771.0
738.781570269272 770.0
739.0345025525638 764.0
739.2874262998632 776.0
739.5403415106866 789.0
739.7932481845512 781.0
740.046146320974 782.0
740.2990359194714 763.0
740.5519169795606 771.0
740.8047895007583 779.0
741.0576534825816 778.0
741.3105089245472 769.0
741.563355826172 757.0
741.8161941869729 771.0
742.0690240064664 769.0
742.3218452841702 773.0
742.5746580196005 774.0
742.8274622122741 773.0
743.0802578617083 769.0
743.3330449674197 773.0
743.5858235289254 777.0
743.8385935457418 785.0
744.0913550173865 788.0
744.3441079433758 794.0
744.5968523232264 786.0
744.8495881564559 774.0
745.1023154425804 781.0
745.3550341811174 774.0
745.6077443715835 768.0
745.8604460134952 762.0
746.1131391063701 778.0
746.3658236497243 774.0
746.6184996430754 763.0
746.87116708594 785.0
747.1238259778346 787.0
747.3764763182764 778.0
747.6291181067822 782.0
747.8817513428692 785.0
748.1343760260539 752.0
748.3869921558529 772.0
748.6395997317837 758.0
748.8921987533628 773.0
749.1447892201071 778.0
749.3973711315336 780.0
749.6499444871589 780.0
749.9025092865003 761.0
750.1550655290741 769.0
750.4076132143978 773.0
750.6601523419877 777.0
750.912682911361 776.0
751.1652049220347 768.0
751.4177183735251 777.0
751.6702232653497 756.0
751.9227195970248 758.0
752.1752073680677 768.0
752.4276865779954 760.0
752.680157226324 771.0
752.9326193125712 780.0
753.1850728362533 785.0
753.4375177968876 767.0
753.6899541939908 775.0
753.9423820270795 781.0
754.194801295671 785.0
754.4472119992819 772.0
754.6996141374291 770.0
754.9520077096296 776.0
755.2043927154 783.0
755.4567691542577 784.0
755.7091370257187 776.0
755.9614963293008 781.0
756.2138470645202 769.0
756.4661892308942 762.0
756.7185228279395 765.0
756.9708478551728 772.0
757.2231643121112 769.0
757.4754721982714 770.0
757.7277715131704 763.0
757.9800622563251 778.0
758.2323444272521 777.0
758.4846180254688 768.0
758.7368830504913 781.0
758.9891395018373 785.0
759.2413873790232 774.0
759.4936266815657 762.0
759.7458574089821 786.0
759.9980795607888 784.0
760.2502931365033 764.0
760.502498135642 768.0
760.7546945577217 777.0
761.0068824022595 773.0
761.2590616687722 762.0
761.5112323567769 770.0
761.7633944657899 790.0
762.0155479953288 772.0
762.26769294491 766.0
762.5198293140501 758.0
762.7719571022666 785.0
763.024076309076 781.0
763.2761869339953 792.0
763.5282889765415 779.0
763.780382436231 768.0
764.032467312581 772.0
764.2845436051083 766.0
764.53661131333 766.0
764.7886704367629 775.0
765.0407209749233 778.0
765.2927629273288 757.0
765.5447962934958 769.0
765.7968210729414 773.0
766.0488372651824 774.0
766.3008448697357 772.0
766.5528438861181 771.0
766.8048343138464 766.0
767.0568161524378 774.0
767.3087894014087 784.0
767.5607540602764 764.0
767.8127101285577 775.0
768.0646576057691 772.0
768.3165964914278 780.0
768.5685267850505 773.0
768.8204484861544 781.0
769.0723615942561 795.0
769.3242661088722 765.0
769.5761620295201 771.0
769.8280493557162 784.0
770.0799280869778 757.0
770.3317982228216 767.0
770.5836597627642 775.0
770.835512706323 777.0
771.0873570530143 772.0
771.3391928023555 785.0
771.591019953863 788.0
771.8428385070538 780.0
772.094648461445 793.0
772.3464498165532 775.0
772.5982425718955 779.0
772.8500267269885 777.0
773.1018022813494 761.0
773.3535692344948 763.0
773.6053275859415 766.0
773.8570773352067 773.0
774.108818481807 770.0
774.3605510252594 784.0
774.6122749650807 776.0
774.8639903007878 772.0
775.1156970318975 772.0
775.3673951579267 775.0
775.6190846783925 777.0
775.8707655928115 776.0
776.1224379007004 766.0
776.3741016015766 771.0
776.6257566949563 770.0
776.8774031803571 776.0
777.1290410572955 784.0
777.3806703252881 761.0
777.6322909838522 773.0
777.8839030325043 769.0
778.1355064707618 778.0
778.3871012981411 797.0
778.6386875141592 781.0
778.890265118333 774.0
779.1418341101793 772.0
779.3933944892151 772.0
779.6449462549571 773.0
779.8964894069222 782.0
780.1480239446275 780.0
780.3995498675895 777.0
780.6510671753255 792.0
780.9025758673517 754.0
781.1540759431858 785.0
781.4055674023442 779.0
781.6570502443437 791.0
781.9085244687013 778.0
782.159990074934 770.0
782.4114470625585 772.0
782.6628954310918 768.0
782.9143351800503 780.0
783.1657663089516 768.0
783.4171888173119 759.0
783.6686027046486 769.0
783.9200079704783 771.0
784.1714046143178 766.0
784.4227926356843 780.0
784.6741720340941 790.0
784.9255428090647 770.0
785.1769049601126 772.0
785.4282584867548 780.0
785.6796033885082 785.0
785.9309396648893 761.0
786.1822673154155 778.0
786.4335863396033 782.0
786.6848967369698 768.0
786.9361985070317 774.0
787.1874916493058 776.0
787.4387761633094 776.0
787.6900520485588 777.0
787.9413193045713 772.0
788.1925779308636 783.0
788.4438279269523 786.0
788.6950692923548 776.0
788.9463020265875 777.0
789.1975261291677 777.0
789.448741599612 770.0
789.6999484374371 778.0
789.9511466421604 783.0
790.2023362132982 783.0
790.4535171503677 780.0
790.7046894528855 769.0
790.9558531203689 768.0
791.2070081523347 773.0
791.458154548299 771.0
791.7092923077797 762.0
791.9604214302931 758.0
792.2115419153562 772.0
792.462653762486 776.0
792.7137569711989 778.0
792.9648515410123 777.0
793.2159374714428 779.0
793.4670147620074 781.0
793.718083412223 774.0
793.9691434216061 758.0
794.220194789674 770.0
794.4712375159432 771.0
794.722271599931 795.0
794.9732970411541 770.0
795.2243138391292 775.0
795.4753219933733 769.0
795.7263215034031 770.0
795.9773123687357 781.0
796.2282945888878 786.0
796.4792681633767 790.0
796.7302330917187 785.0
796.9811893734307 770.0
797.23213700803 769.0
797.483075995033 770.0
797.7340063339569 780.0
797.9849280243186 768.0
798.2358410656345 781.0
798.4867454574222 778.0
798.7376411991978 779.0
798.9885282904788 773.0
799.2394067307818 777.0
799.4902765196234 782.0
799.741137656521 768.0
799.9919901409909 768.0
800.2428339725506 781.0
800.4936691507165 784.0
800.7444956750055 769.0
800.9953135449347 768.0
801.2461227600207 770.0
801.4969233197808 770.0
801.7477152237312 772.0
801.9984984713894 786.0
802.2492730622722 776.0
802.5000389958959 770.0
802.7507962717781 780.0
803.0015448894349 779.0
803.252284848384 782.0
803.5030161481417 770.0
803.7537387882248 781.0
804.0044527681507 775.0
804.2551580874358 779.0
804.5058547455972 764.0
804.7565427421519 779.0
805.0072220766161 794.0
805.2578927485075 777.0
805.5085547573423 781.0
805.7592081026379 791.0
806.009852783911 780.0
806.2604888006782 786.0
806.5111161524568 771.0
806.7617348387631 768.0
807.0123448591147 763.0
807.2629462130279 785.0
807.5135389000196 780.0
807.7641229196071 782.0
808.0146982713067 772.0
808.2652649546358 786.0
808.5158229691108 769.0
808.7663723142489 772.0
809.016912989567 768.0
809.2674449945815 777.0
809.5179683288098 755.0
809.7684829917686 767.0
810.0189889829746 771.0
810.269486301945 771.0
810.5199749481961 765.0
810.7704549212456 781.0
811.0209262206095 771.0
811.2713888458052 758.0
811.5218427963496 771.0
811.7722880717591 760.0
812.022724671551 772.0
812.2731525952421 763.0
812.5235718423493 780.0
812.7739824123893 763.0
813.0243843048788 763.0
813.2747775193352 770.0
813.5251620552749 774.0
813.7755379122152 773.0
814.0259050896724 776.0
814.276263587164 772.0
814.5266134042064 773.0
814.7769545403165 773.0
815.0272869950115 778.0
815.2776107678079 771.0
815.5279258582229 768.0
815.7782322657732 773.0
816.0285299899754 777.0
816.2788190303468 776.0
816.529099386404 780.0
816.7793710576641 783.0
817.0296340436439 765.0
817.2798883438601 769.0
817.5301339578298 772.0
817.7803708850694 775.0
818.0305991250964 773.0
818.2808186774273 774.0
818.531029541579 768.0
818.7812317170685 755.0
819.0314252034124 763.0
819.281610000128 761.0
819.5317861067317 765.0
819.7819535227408 780.0
820.0321122476719 779.0
820.2822622810417 770.0
820.5324036223675 773.0
820.7825362711658 755.0
821.0326602269538 777.0
821.2827754892483 758.0
821.5328820575656 785.0
821.7829799314234 773.0
822.033069110338 776.0
822.2831495938267 769.0
822.5332213814061 773.0
822.7832844725929 771.0
823.0333388669044 789.0
823.283384563857 768.0
823.533421562968 785.0
823.7834498637541 768.0
824.033469465732 770.0
824.2834803684189 778.0
824.5334825713311 770.0
824.7834760739862 756.0
825.0334608759005 778.0
825.2834369765912 795.0
825.5334043755751 772.0
825.7833630723688 770.0
826.0333130664897 761.0
826.2832543574541 779.0
826.5331869447793 770.0
826.783110827982 771.0
827.0330260065789 765.0
827.2829324800872 772.0
827.5328302480233 775.0
827.7827193099047 766.0
828.032599665248 771.0
828.2824713135695 775.0
828.532334254387 769.0
828.7821884872168 772.0
829.0320340115759 773.0
829.2818708269813 783.0
829.5316989329494 780.0
829.7815183289979 780.0
830.0313290146428 779.0
830.2811309894015 782.0
830.5309242527906 772.0
830.7807088043272 781.0
831.0304846435281 787.0
831.2802517699099 777.0
831.5300101829899 790.0
831.7797598822846 780.0
832.0295008673112 772.0
832.2792331375864 762.0
832.5289566926268 788.0
832.7786715319497 771.0
833.0283776550717 761.0
833.27807506151 771.0
833.5277637507811 768.0
833.7774437224018 774.0
834.0271149758895 776.0
834.2767775107606 764.0
834.526431326532 759.0
834.7760764227208 757.0
835.0257127988438 774.0
835.2753404544177 766.0
835.5249593889594 776.0
835.774569601986 775.0
836.0241710930143 776.0
836.2737638615607 772.0
836.5233479071428 781.0
836.7729232292768 772.0
837.0224898274802 769.0
837.2720477012693 776.0
837.5215968501614 782.0
837.7711372736733 780.0
838.0206689713215 772.0
838.2701919426232 785.0
838.5197061870952 760.0
838.7692117042545 775.0
839.0187084936177 771.0
839.2681965547017 775.0
839.5176758870236 762.0
839.7671464901001 775.0
840.0166083634483 772.0
840.2660615065847 761.0
840.5155059190262 772.0
840.7649416002901 765.0
841.0143685498927 768.0
841.2637867673512 776.0
841.5131962521828 774.0
841.7625970039035 761.0
842.0119890220308 786.0
842.2613723060813 780.0
842.5107468555723 780.0
842.76011267002 754.0
843.0094697489418 769.0
843.2588180918546 776.0
843.5081576982747 773.0
843.7574885677194 775.0
844.0068106997054 755.0
844.25612409375 765.0
844.5054287493696 757.0
844.754724666081 776.0
845.0040118434015 765.0
845.2532902808475 769.0
845.5025599779364 762.0
845.7518209341847 770.0
846.0010731491091 781.0
846.2503166222269 773.0
846.4995513530547 771.0
846.7487773411094 772.0
846.9979945859081 766.0
847.2472030869674 764.0
847.4964028438043 764.0
847.7455938559353 761.0
847.994776122878 773.0
848.2439496441485 771.0
848.4931144192642 761.0
848.7422704477419 766.0
848.9914177290981 769.0
849.2405562628502 771.0
849.4896860485144 770.0
849.7388070856083 777.0
849.9879193736485 764.0
850.2370229121515 763.0
850.4861177006346 770.0
850.7352037386146 754.0
850.9842810256082 762.0
851.2333495611326 776.0
851.482409344704 775.0
851.7314603758401 774.0
851.9805026540571 764.0
852.2295361788724 774.0
852.4785609498026 781.0
852.7275769663643 760.0
852.9765842280748 749.0
853.2255827344507 781.0
853.4745724850093 769.0
853.7235534792667 763.0
853.9725257167406 772.0
854.2214891969475 773.0
854.4704439194039 762.0
854.7193898836274 768.0
854.9683270891342 762.0
855.2172555354416 769.0
855.4661752220665 781.0
855.7150861485252 771.0
855.9639883143353 773.0
856.212881719013 762.0
856.4617663620759 760.0
856.7106422430403 773.0
856.9595093614231 765.0
857.2083677167415 787.0
857.4572173085119 768.0
857.7060581362517 774.0
857.9548901994776 752.0
858.2037134977061 765.0
858.4525280304546 762.0
858.7013337972394 752.0
858.950130797578 755.0
859.1989190309868 778.0
859.4476984969828 774.0
859.696469195083 772.0
859.9452311248039 794.0
860.1939842856627 763.0
860.4427286771763 766.0
860.6914642988615 766.0
860.9401911502351 773.0
861.1889092308139 771.0
861.437618540115 775.0
861.686319077655 783.0
861.935010842951 774.0
862.1836938355198 773.0
862.432368054878 760.0
862.6810335005429 768.0
862.9296901720311 760.0
863.1783380688596 768.0
863.4269771905452 773.0
863.6756075366046 771.0
863.9242291065551 773.0
864.1728418999131 764.0
864.4214459161959 783.0
864.6700411549201 775.0
864.9186276156024 760.0
865.1672052977602 771.0
865.4157742009098 773.0
865.6643343245685 769.0
865.9128856682528 750.0
866.1614282314799 775.0
866.4099620137665 777.0
866.6584870146295 786.0
866.9070032335858 760.0
867.155510670152 776.0
867.4040093238455 762.0
867.6524991941827 770.0
867.9009802806806 776.0
868.1494525828563 772.0
868.3979161002262 779.0
868.6463708323078 773.0
868.8948167786174 776.0
869.1432539386718 771.0
869.3916823119887 777.0
869.6401018980839 759.0
869.8885126964751 761.0
870.1369147066789 766.0
870.3853079282118 780.0
870.6336923605911 774.0
870.8820680033335 772.0
871.1304348559562 768.0
871.3787929179755 763.0
871.6271421889087 770.0
871.8754826682726 761.0
872.1238143555837 763.0
872.3721372503595 756.0
872.6204513521162 769.0
872.8687566603713 760.0
873.1170531746413 759.0
873.365340894443 774.0
873.6136198192935 764.0
873.8618899487094 773.0
874.110151282208 770.0
874.3584038193057 768.0
874.6066475595196 764.0
874.8548825023668 771.0
875.1031086473636 778.0
875.3513259940273 757.0
875.5995345418747 769.0
875.8477342904224 760.0
876.0959252391877 755.0
876.3441073876871 773.0
876.5922807354377 762.0
876.8404452819562 766.0
877.0886010267599 769.0
877.3367479693651 767.0
877.5848861092887 767.0
877.8330154460481 783.0
878.0811359791594 767.0
878.3292477081402 769.0
878.5773506325071 781.0
878.8254447517768 771.0
879.0735300654665 764.0
879.3216065730924 751.0
879.5696742741723 768.0
879.8177331682225 769.0
880.0657832547598 768.0
880.3138245333014 765.0
880.5618570033639 773.0
880.8098806644645 787.0
881.0578955161196 766.0
881.3059015578464 769.0
881.5538987891618 769.0
881.8018872095822 769.0
882.0498668186252 762.0
882.297837615807 773.0
882.5457996006451 780.0
882.7937527726558 773.0
883.041697131356 764.0
883.2896326762632 773.0
883.5375594068934 759.0
883.7854773227642 763.0
884.0333864233922 778.0
884.2812867082938 771.0
884.5291781769868 759.0
884.7770608289871 752.0
885.0249346638125 764.0
885.2727996809792 759.0
885.5206558800041 774.0
885.7685032604046 774.0
886.0163418216969 762.0
886.2641715633982 768.0
886.5119924850256 765.0
886.7598045860955 771.0
887.007607866125 764.0
887.2554023246308 761.0
887.5031879611303 764.0
887.7509647751398 779.0
887.9987327661763 785.0
888.2464919337567 777.0
888.4942422773979 769.0
888.7419837966169 778.0
888.9897164909302 771.0
889.2374403598551 770.0
889.4851554029083 769.0
889.7328616196063 779.0
889.9805590094667 775.0
890.2282475720056 769.0
890.4759273067405 766.0
890.7235982131879 747.0
890.9712602908646 780.0
891.218913539288 761.0
891.4665579579743 788.0
891.7141935464408 768.0
891.9618203042044 783.0
892.2094382307815 780.0
892.4570473256895 755.0
892.7046475884449 753.0
892.9522390185649 777.0
893.1998216155661 769.0
893.4473953789653 767.0
893.6949603082797 768.0
893.9425164030258 767.0
894.1900636627211 771.0
894.4376020868815 766.0
894.6851316750246 756.0
894.9326524266672 762.0
895.1801643413257 768.0
895.4276674185177 781.0
895.6751616577593 772.0
895.922647058568 781.0
896.1701236204603 774.0
896.4175913429531 771.0
896.6650502255636 775.0
896.912500267808 755.0
897.159941469204 764.0
897.4073738292678 758.0
897.6547973475165 774.0
897.9022120234671 769.0
898.1496178566362 770.0
898.3970148465409 783.0
898.644402992698 775.0
898.8917822946241 766.0
899.1391527518367 772.0
899.386514363852 771.0
899.6338671301874 769.0
899.8812110503592 760.0
900.1285461238849 770.0
900.375872350281 788.0
900.6231897290643 764.0
900.8704982597519 761.0
901.1177979418604 761.0
901.3650887749071 773.0
901.6123707584086 764.0
901.8596438918815 773.0
902.106908174843 760.0
902.35416360681 768.0
902.6014101872993 778.0
902.8486479158278 773.0
903.095876791912 760.0
903.3430968150694 764.0
903.5903079848164 768.0
903.83751030067 750.0
904.0847037621473 771.0
904.3318883687646 758.0
904.5790641200394 762.0
904.826231015488 765.0
905.0733890546279 765.0
905.3205382369753 749.0
905.5676785620476 768.0
905.8148100293615 755.0
906.0619326384336 778.0
906.3090463887813 774.0
906.5561512799208 770.0
906.8032473113697 777.0
907.0503344826443 769.0
907.2974127932616 759.0
907.5444822427387 758.0
907.7915428305921 764.0
908.038594556339 762.0
908.2856374194963 768.0
908.5326714195803 766.0
908.7796965561088 767.0
909.0267128285976 761.0
909.2737202365645 765.0
909.520718779526 765.0
909.7677084569985 756.0
910.0146892684998 781.0
910.261661213546 761.0
910.5086242916544 767.0
910.7555785023416 772.0
911.0025238451248 768.0
911.2494603195206 774.0
911.4963879250456 778.0
911.7433066612174 766.0
911.9902165275522 763.0
912.2371175235672 765.0
912.4840096487795 768.0
912.7308929027052 770.0
912.9777672848619 774.0
913.2246327947661 770.0
913.4714894319347 772.0
913.7183371958849 772.0
913.965176086133 769.0
914.2120061021965 769.0
914.4588272435916 760.0
914.7056395098358 764.0
914.9524429004457 785.0
915.1992374149379 774.0
915.4460230528298 761.0
915.6927998136375 766.0
915.9395676968788 763.0
916.1863267020701 772.0
916.4330768287281 776.0
916.67981807637 773.0
916.9265504445123 770.0
917.1732739326723 764.0
917.4199885403666 787.0
917.6666942671121 776.0
917.9133911124259 779.0
918.1600790758242 761.0
918.4067581568248 770.0
918.6534283549438 764.0
918.9000896696987 766.0
919.1467421006058 759.0
919.3933856471822 755.0
919.6400203089449 751.0
919.8866460854103 767.0
920.1332629760961 774.0
920.3798709805186 766.0
920.6264700981943 780.0
920.8730603286409 776.0
921.1196416713748 776.0
921.3662141259131 772.0
921.6127776917724 769.0
921.8593323684695 760.0
922.1058781555217 761.0
922.3524150524454 761.0
922.598943058758 774.0
922.8454621739758 765.0
923.0919723976159 769.0
923.3384737291954 774.0
923.5849661682307 774.0
923.8314497142393 761.0
924.0779243667373 766.0
924.3243901252423 772.0
924.5708469892709 783.0
924.8172949583395 773.0
925.0637340319656 764.0
925.3101642096658 774.0
925.5565854909571 786.0
925.8029978753563 770.0
926.04940136238 772.0
926.2957959515456 771.0
926.5421816423694 770.0
926.7885584343687 769.0
927.0349263270604 760.0
927.281285319961 771.0
927.5276354125876 769.0
927.7739766044568 775.0
928.020308895086 774.0
928.2666322839915 763.0
928.5129467706906 768.0
928.7592523547 769.0
929.0055490355364 761.0
929.2518368127171 770.0
929.4981156857584 774.0
929.7443856541778 762.0
929.9906467174917 760.0
930.2368988752169 757.0
930.4831421268707 754.0
930.7293764719695 773.0
930.9756019100306 770.0
931.2218184405708 752.0
931.4680260631065 756.0
931.7142247771553 765.0
931.9604145822334 771.0
932.2065954778582 757.0
932.4527674635461 775.0
932.6989305388141 763.0
932.9450847031794 777.0
933.1912299561584 764.0
933.4373662972685 767.0
933.6834937260257 752.0
933.929612241948 782.0
934.1757218445516 764.0
934.4218225333533 758.0
934.6679143078701 774.0
934.913997167619 760.0
935.1600711121167 786.0
935.4061361408803 750.0
935.6521922534262 786.0
935.8982394492718 775.0
936.1442777279336 781.0
936.3903070889288 769.0
936.636327531774 762.0
936.882339055986 760.0
937.128341661082 782.0
937.3743353465785 782.0
937.6203201119927 769.0
937.8662959568414 764.0
938.1122628806411 777.0
938.3582208829092 760.0
938.6041699631621 754.0
938.8501101209171 774.0
939.0960413556905 771.0
939.341963667 773.0
939.5878770543618 790.0
939.8337815172929 778.0
940.0796770553103 769.0
940.3255636679306 764.0
940.5714413546712 772.0
940.8173101150486 769.0
941.0631699485793 769.0
941.309020854781 776.0
941.5548628331699 764.0
941.8006958832632 753.0
942.0465200045778 756.0
942.2923351966301 777.0
942.5381414589376 765.0
942.7839387910167 759.0
943.0297271923846 762.0
943.275506662558 766.0
943.5212772010536 774.0
943.7670388073888 769.0
944.0127914810797 758.0
944.2585352216438 763.0
944.504270028598 765.0
944.7499959014584 776.0
944.9957128397427 764.0
945.2414208429674 755.0
945.4871199106495 764.0
945.7328100423057 760.0
945.978491237453 781.0
946.2241634956084 768.0
946.4698268162882 761.0
946.71548119901 769.0
946.9611266432901 770.0
947.2067631486459 755.0
947.4523907145939 766.0
947.6980093406509 757.0
947.943619026334 771.0
948.1892197711599 777.0
948.4348115746456 781.0
948.680394436308 780.0
948.9259683556636 766.0
949.17153333223 773.0
949.4170893655231 769.0
949.6626364550607 764.0
949.9081746003591 750.0
950.1537038009352 771.0
950.3992240563063 768.0
950.6447353659886 784.0
950.8902377294995 764.0
951.1357311463555 778.0
951.381215616074 774.0
951.6266911381715 779.0
951.8721577121647 761.0
952.1176153375708 761.0
952.3630640139064 768.0
952.6085037406887 777.0
952.8539345174344 774.0
953.09935634366 778.0
953.3447692188829 775.0
953.5901731426196 769.0
953.8355681143876 778.0
954.080954133703 771.0
954.326331200083 772.0
954.5716993130445 780.0
954.8170584721041 773.0
955.0624086767792 767.0
955.3077499265863 772.0
955.5530822210421 771.0
955.798405559664 759.0
956.0437199419682 758.0
956.2890253674723 769.0
956.5343218356925 766.0
956.7796093461461 761.0
957.02488789835 768.0
957.2701574918206 776.0
957.5154181260752 761.0
957.7606698006304 785.0
958.0059125150034 768.0
958.2511462687107 776.0
958.4963710612694 789.0
958.7415868921963 772.0
958.9867937610082 775.0
959.2319916672224 779.0
959.4771806103552 780.0
959.7223605899235 770.0
959.9675316054446 758.0
960.2126936564348 763.0
960.4578467424116 768.0
960.7029908628915 761.0
960.9481260173911 768.0
961.193252205428 763.0
961.4383694265184 765.0
961.6834776801796 777.0
961.9285769659282 777.0
962.1736672832812 770.0
962.4187486317555 776.0
962.6638210108677 766.0
962.908884420135 780.0
963.153938859074 767.0
963.3989843272019 780.0
963.6440208240352 770.0
963.889048349091 773.0
964.1340669018862 773.0
964.3790764819373 749.0
964.6240770887617 780.0
964.8690687218761 769.0
965.114051380797 766.0
965.3590250650417 768.0
965.6039897741268 771.0
965.8489455075695 760.0
966.0938922648864 772.0
966.3388300455941 779.0
966.5837588492103 780.0
966.8286786752509 772.0
967.0735895232334 786.0
967.3184913926743 774.0
967.5633842830911 759.0
967.808268194 768.0
968.0531431249179 769.0
968.2980090753622 792.0
968.5428660448491 773.0
968.7877140328961 772.0
969.0325530390197 774.0
969.2773830627367 761.0
969.5222041035643 761.0
969.7670161610189 764.0
970.0118192346179 766.0
970.2566133238779 782.0
970.5013984283155 776.0
970.746174547448 764.0
970.990941680792 752.0
971.2356998278649 767.0
971.480448988183 764.0
971.725189161263 765.0
971.9699203466223 761.0
972.2146425437775 780.0
972.4593557522456 782.0
972.7040599715434 773.0
972.9487552011876 766.0
973.1934414406954 764.0
973.4381186895833 765.0
973.6827869473685 760.0
973.9274462135677 778.0
974.1720964876979 758.0
974.4167377692759 766.0
974.6613700578182 763.0
974.9059933528424 782.0
975.1506076538647 788.0
975.3952129604023 771.0
975.6398092719721 770.0
975.8843965880908 763.0
976.1289749082755 772.0
976.3735442320426 776.0
976.6181045589096 775.0
976.862655888393 781.0
977.1071982200094 772.0
977.3517315532764 771.0
977.5962558877101 768.0
977.840771222828 770.0
978.0852775581467 773.0
978.3297748931827 778.0
978.5742632274536 767.0
978.8187425604756 765.0
979.063212891766 777.0
979.3076742208415 789.0
979.5521265472191 767.0
979.7965698704156 751.0
980.0410041899477 781.0
980.2854295053326 770.0
980.5298458160865 773.0
980.7742531217272 775.0
981.0186514217711 788.0
981.2630407157347 766.0
981.5074210031356 774.0
981.7517922834901 776.0
981.9961545563154 761.0
982.2405078211283 753.0
982.4848520774455 758.0
982.729187324784 760.0
982.9735135626606 778.0
983.2178307905924 776.0
983.4621390080961 774.0
983.7064382146882 769.0
983.9507284098863 783.0
984.1950095932067 774.0
984.4392817641666 770.0
984.6835449222825 784.0
984.9277990670716 780.0
985.1720441980509 773.0
985.4162803147366 771.0
985.6605074166464 771.0
985.9047255032964 771.0
986.1489345742042 773.0
986.3931346288863 773.0
986.6373256668593 774.0
986.8815076876406 762.0
987.1256806907464 759.0
987.3698446756944 771.0
987.613999642001 760.0
987.8581455891829 768.0
988.1022825167574 763.0
988.3464104242408 772.0
988.5905293111508 773.0
988.8346391770036 776.0
989.0787400213161 768.0
989.3228318436055 758.0
989.5669146433884 773.0
989.8109884201817 784.0
990.0550531735024 776.0
990.2991089028674 765.0
990.5431556077934 779.0
990.7871932877973 759.0
991.031221942396 763.0
991.2752415711062 755.0
991.5192521734452 775.0
991.7632537489297 778.0
992.0072462970761 779.0
992.251229817402 768.0
992.4952043094236 759.0
992.7391697726582 762.0
992.9831262066227 771.0
993.2270736108336 773.0
993.4710119848082 783.0
993.7149413280629 779.0
993.958861640115 774.0
994.2027729204812 768.0
994.4466751686781 780.0
994.6905683842231 773.0
994.9344525666326 765.0
995.1783277154237 772.0
995.4221938301132 761.0
995.6660509102181 785.0
995.9098989552552 777.0
996.1537379647411 769.0
996.3975679381932 788.0
996.6413888751279 776.0
996.8852007750622 763.0
997.1290036375133 770.0
997.3727974619973 752.0
997.6165822480319 782.0
997.8603579951333 777.0
998.104124702819 754.0
998.3478823706055 759.0
998.5916309980095 769.0
998.8353705845483 779.0
999.0791011297383 776.0
999.3228226330968 775.0
999.5665350941406 772.0
999.8102385123861 779.0
1000.0539328873509 772.0
1000.2976182185512 776.0
1000.5412945055043 777.0
1000.7849617477269 770.0
1001.0286199447357 773.0
1001.2722690960481 779.0
1001.5159092011804 780.0
1001.75954025965 768.0
1002.003162270973 775.0
1002.246775234667 773.0
1002.4903791502487 772.0
1002.7339740172346 771.0
1002.9775598351421 772.0
1003.2211366034876 750.0
1003.4647043217884 765.0
1003.7082629895611 788.0
1003.9518126063224 772.0
1004.1953531715895 772.0
1004.4388846848791 780.0
1004.6824071457083 780.0
1004.9259205535938 760.0
1005.1694249080521 767.0
1005.4129202086007 779.0
1005.6564064547559 772.0
1005.8998836460353 765.0
1006.1433517819551 758.0
1006.3868108620323 767.0
1006.6302608857841 766.0
1006.8737018527269 778.0
1007.1171337623779 773.0
1007.3605566142537 782.0
1007.6039704078715 769.0
1007.8473751427481 768.0
1008.0907708184001 778.0
1008.3341574343445 789.0
1008.5775349900982 771.0
1008.8209034851784 771.0
1009.0642629191013 770.0
1009.3076132913841 758.0
1009.5509546015439 765.0
1009.7942868490973 775.0
1010.0376100335611 787.0
1010.2809241544525 775.0
1010.5242292112879 768.0
1010.7675252035845 764.0
1011.010812130859 778.0
1011.2540899926286 789.0
1011.4973587884098 765.0
1011.7406185177194 766.0
1011.9838691800747 780.0
1012.2271107749921 777.0
1012.470343301989 778.0
1012.7135667605817 771.0
1012.9567811502875 767.0
1013.1999864706231 775.0
1013.4431827211052 780.0
1013.686369901251 779.0
1013.929548010577 775.0
1014.1727170486006 792.0
1014.4158770148383 789.0
1014.6590279088067 778.0
1014.9021697300233 765.0
1015.1453024780044 762.0
1015.3884261522674 770.0
1015.6315407523286 778.0
1015.8746462777051 771.0
1016.1177427279141 769.0
1016.3608301024719 757.0
1016.603908400896 768.0
1016.8469776227028 764.0
1017.0900377674091 773.0
1017.3330888345322 760.0
1017.5761308235883 767.0
1017.8191637340951 773.0
1018.0621875655689 754.0
1018.3052023175269 784.0
1018.5482079894858 777.0
1018.7912045809622 769.0
1019.0341920914735 778.0
1019.2771705205361 771.0
1019.5201398676672 781.0
1019.7631001323837 780.0
1020.006051314202 774.0
1020.2489934126395 785.0
1020.4919264272125 782.0
1020.7348503574386 771.0
1020.9777652028342 782.0
1021.2206709629161 784.0
1021.4635676372014 785.0
1021.7064552252067 769.0
1021.9493337264495 773.0
1022.1922031404459 775.0
1022.4350634667132 777.0
1022.6779147047681 764.0
1022.9207568541273 762.0
1023.1635899143083 764.0
1023.4064138848273 794.0
1023.6492287652015 774.0
1023.8920345549478 774.0
1024.134831253583 773.0
1024.377618860624 780.0
1024.6203973755871 774.0
1024.8631667979898 774.0
1025.1059271273493 761.0
1025.3486783631818 769.0
1025.5914205050044 760.0
1025.8341535523336 781.0
1026.076877504687 786.0
1026.3195923615808 775.0
1026.5622981225324 761.0
1026.8049947870584 746.0
1027.0476823546753 771.0
1027.2903608249007 771.0
1027.5330301972513 773.0
1027.7756904712435 779.0
1028.0183416463947 767.0
1028.260983722221 766.0
1028.5036166982402 769.0
1028.7462405739689 770.0
1028.9888553489234 772.0
1029.2314610226213 764.0
1029.474057594579 768.0
1029.7166450643138 770.0
1029.9592234313418 776.0
1030.2017926951808 790.0
1030.4443528553472 771.0
1030.6869039113576 753.0
1030.9294458627296 748.0
1031.1719787089794 778.0
1031.414502449624 776.0
1031.6570170841808 780.0
1031.8995226121658 773.0
1032.1420190330966 776.0
1032.3845063464896 770.0
1032.6269845518618 775.0
1032.8694536487305 764.0
1033.111913636612 772.0
1033.3543645150232 778.0
1033.596806283481 778.0
1033.8392389415026 775.0
1034.081662488605 770.0
1034.324076924304 765.0
1034.566482248118 757.0
1034.8088784595625 782.0
1035.0512655581551 782.0
1035.2936435434124 773.0
1035.5360124148515 764.0
1035.778372171989 767.0
1036.020722814342 779.0
1036.2630643414275 770.0
1036.5053967527615 776.0
1036.7477200478622 776.0
1036.9900342262456 755.0
1037.2323392874284 762.0
1037.4746352309282 754.0
1037.7169220562612 763.0
1037.9591997629448 757.0
1038.2014683504956 752.0
1038.4437278184303 775.0
1038.685978166266 776.0
1038.9282193935196 780.0
1039.170451499708 769.0
1039.4126744843477 785.0
1039.6548883469559 775.0
1039.8970930870496 778.0
1040.1392887041452 768.0
1040.3814751977598 771.0
1040.6236525674105 769.0
1040.8658208126137 769.0
1041.107979932887 769.0
1041.3501299277466 777.0
1041.5922707967095 764.0
1041.8344025392926 779.0
1042.0765251550129 768.0
1042.3186386433872 772.0
1042.5607430039322 778.0
1042.802838236165 768.0
1043.0449243396022 774.0
1043.2870013137613 780.0
1043.5290691581586 771.0
1043.7711278723107 784.0
1044.013177455735 778.0
1044.2552179079482 764.0
1044.4972492284676 777.0
1044.7392714168093 762.0
1044.9812844724902 782.0
1045.223288395028 783.0
1045.4652831839387 790.0
1045.70726883874 771.0
1045.949245358948 764.0
1046.1912127440798 782.0
1046.4331709936528 786.0
1046.675120107183 777.0
1046.9170600841878 770.0
1047.1589909241836 774.0
1047.400912626688 772.0
1047.6428251912175 774.0
1047.8847286172886 742.0
1048.1266229044188 751.0
1048.3685080521243 771.0
1048.6103840599228 769.0
1048.8522509273307 771.0
1049.0941086538646 771.0
1049.3359572390418 743.0
1049.577796682379 769.0
1049.819626983393 759.0
1050.061448141601 749.0
1050.3032601565194 769.0
1050.5450630276655 760.0
1050.7868567545556 777.0
1051.0286413367073 777.0
1051.270416773637 769.0
1051.5121830648616 768.0
1051.7539402098982 765.0
1051.9956882082631 764.0
1052.237427059474 771.0
1052.479156763047 768.0
1052.7208773184996 769.0
1052.9625887253483 764.0
1053.2042909831098 769.0
1053.4459840913016 769.0
1053.6876680494397 769.0
1053.929342857042 764.0
1054.1710085136244 781.0
1054.4126650187043 790.0
1054.6543123717986 764.0
1054.8959505724238 765.0
1055.1375796200969 782.0
1055.3791995143351 785.0
1055.620810254655 775.0
1055.8624118405735 766.0
1056.1040042716074 772.0
1056.3455875472737 777.0
1056.5871616670893 765.0
1056.8287266305706 758.0
1057.070282437235 778.0
1057.3118290865991 770.0
1057.5533665781802 773.0
1057.7948949114943 772.0
1058.0364140860593 774.0
1058.2779241013916 765.0
1058.5194249570077 776.0
1058.760916652425 779.0
1059.0023991871599 771.0
1059.24387256073 776.0
1059.4853367726514 775.0
1059.7267918224413 753.0
1059.968237709617 766.0
1060.2096744336943 754.0
1060.451101994191 775.0
1060.6925203906237 774.0
1060.933929622509 775.0
1061.1753296893642 763.0
1061.4167205907056 764.0
1061.6581023260508 774.0
1061.8994748949162 752.0
1062.1408382968189 755.0
1062.3821925312755 768.0
1062.6235375978026 771.0
1062.8648734959181 758.0
1063.1062002251376 769.0
1063.3475177849793 776.0
1063.588826174959 766.0
1063.830125394594 772.0
1064.0714154434013 776.0
1064.312696320897 762.0
1064.553968026599 764.0
1064.7952305600238 780.0
1065.036483920688 768.0
1065.2777281081087 767.0
1065.5189631218025 779.0
1065.7601889612868 774.0
1066.001405626078 778.0
1066.2426131156928 777.0
1066.4838114296492 763.0
1066.7250005674625 754.0
1066.9661805286507 776.0
1067.2073513127305 753.0
1067.4485129192178 768.0
1067.689665347631 754.0
1067.9308085974856 774.0
1068.1719426682996 778.0
1068.413067559589 793.0
1068.654183270871 769.0
1068.8952898016628 768.0
1069.1363871514804 760.0
1069.3774753198418 765.0
1069.618554306263 766.0
1069.8596241102612 770.0
1070.100684731353 774.0
1070.3417361690556 773.0
1070.582778422886 766.0
1070.8238114923604 776.0
1071.0648353769964 764.0
1071.3058500763104 752.0
1071.5468555898192 768.0
1071.7878519170404 777.0
1072.02883905749 779.0
1072.2698170106853 765.0
1072.5107857761434 768.0
1072.75174535338 766.0
1072.9926957419138 778.0
1073.23363694126 774.0
1073.4745689509368 773.0
1073.7154917704597 774.0
1073.9564053993467 786.0
1074.1973098371145 776.0
1074.4382050832794 763.0
1074.6790911373587 757.0
1074.9199679988692 766.0
1075.1608356673278 776.0
1075.4016941422512 759.0
1075.6425434231562 762.0
1075.8833835095604 752.0
1076.1242144009796 762.0
1076.3650360969316 774.0
1076.6058485969324 773.0
1076.8466519004996 772.0
1077.0874460071498 766.0
1077.3282309163997 745.0
1077.5690066277664 754.0
1077.8097731407665 763.0
1078.0505304549172 772.0
1078.2912785697354 777.0
1078.5320174847377 762.0
1078.772747199441 770.0
1079.0134677133622 769.0
1079.2541790260184 776.0
1079.4948811369263 772.0
1079.7355740456023 772.0
1079.9762577515642 766.0
1080.2169322543277 762.0
1080.4575975534112 768.0
1080.6982536483301 774.0
1080.9389005386022 771.0
1081.179538223744 753.0
1081.4201667032721 762.0
1081.6607859767041 770.0
1081.9013960435564 770.0
1082.1419969033457 760.0
1082.382588555589 762.0
1082.6231709998035 768.0
1082.863744235506 760.0
1083.104308262213 760.0
1083.3448630794412 769.0
1083.5854086867082 776.0
1083.8259450835303 765.0
1084.0664722694248 775.0
1084.306990243908 759.0
1084.5474990064974 767.0
1084.7879985567097 748.0
1085.0284888940612 777.0
1085.2689700180695 766.0
1085.509441928251 773.0
1085.749904624123 790.0
1085.990358105202 780.0
1086.2308023710048 758.0
1086.4712374210485 772.0
1086.71166325485 756.0
1086.9520798719261 754.0
1087.1924872717937 768.0
1087.4328854539694 781.0
1087.6732744179706 764.0
1087.9136541633134 777.0
1088.1540246895156 786.0
1088.3943859960934 765.0
1088.6347380825637 783.0
1088.8750809484436 753.0
1089.1154145932499 772.0
1089.3557390164995 759.0
1089.5960542177095 777.0
1089.836360196396 766.0
1090.0766569520767 770.0
1090.3169444842679 759.0
1090.557222792487 762.0
1090.7974918762502 767.0
1091.037751735075 761.0
1091.2780023684782 785.0
1091.518243775976 769.0
1091.7584759570861 763.0
1091.9986989113247 750.0
1092.2389126382093 757.0
1092.4791171372563 763.0
1092.7193124079827 766.0
1092.9594984499054 769.0
1093.1996752625412 778.0
1093.4398428454072 783.0
1093.68000119802 758.0
1093.9201503198965 771.0
1094.1602902105537 763.0
1094.4004208695083 779.0
1094.6405422962773 764.0
1094.8806544903778 758.0
1095.120757451326 768.0
1095.3608511786392 764.0
1095.6009356718341 774.0
1095.8410109304282 748.0
1096.0810769539376 762.0
1096.3211337418795 769.0
1096.5611812937707 760.0
1096.8012196091279 767.0
1097.0412486874682 772.0
1097.2812685283084 760.0
1097.5212791311658 771.0
1097.7612804955563 765.0
1098.0012726209975 762.0
1098.2412555070064 775.0
1098.4812291530989 780.0
1098.721193558793 764.0
1098.961148723605 764.0
1099.2010946470518 753.0
1099.4410313286503 755.0
1099.6809587679172 754.0
1099.92087696437 775.0
1100.1607859175251 771.0
1100.400685626899 762.0
1100.640576092009 763.0
1100.880457312372 766.0
1101.1203292875052 773.0
1101.3601920169247 788.0
1101.6000455001479 757.0
1101.8398897366915 769.0
1102.079724726072 777.0
1102.3195504678072 767.0
1102.559366961413 763.0
1102.7991742064069 777.0
1103.0389722023056 772.0
1103.2787609486254 768.0
1103.5185404448844 764.0
1103.7583106905984 761.0
1103.9980716852845 757.0
1104.23782342846 765.0
1104.4775659196412 777.0
1104.7172991583454 769.0
1104.9570231440887 773.0
1105.1967378763893 766.0
1105.436443354763 763.0
1105.6761395787273 755.0
1105.9158265477986 771.0
1106.1555042614937 766.0
1106.3951727193298 773.0
1106.6348319208234 762.0
1106.8744818654923 767.0
1107.1141225528525 768.0
1107.3537539824208 767.0
1107.5933761537144 766.0
1107.8329890662503 775.0
1108.072592719545 771.0
1108.3121871131157 759.0
1108.551772246479 770.0
1108.7913481191517 755.0
1109.030914730651 772.0
1109.2704720804938 773.0
1109.5100201681967 777.0
1109.7495589932764 773.0
1109.9890885552504 766.0
1110.2286088536348 769.0
1110.4681198879473 769.0
1110.707621657704 766.0
1110.9471141624224 763.0
1111.1865974016187 757.0
1111.4260713748101 768.0
1111.665536081514 748.0
1111.9049915212463 768.0
1112.1444376935244 771.0
1112.3838745978653 767.0
1112.6233022337854 768.0
1112.8627206008023 773.0
1113.102129698432 764.0
1113.3415295261918 760.0
1113.5809200835986 772.0
1113.820301370169 755.0
1114.0596733854206 790.0
1114.2990361288694 772.0
1114.5383896000326 766.0
1114.7777337984273 768.0
1115.0170687235698 786.0
1115.2563943749778 766.0
1115.4957107521673 756.0
1115.7350178546556 770.0
1115.9743156819598 761.0
1116.213604233596 770.0
1116.452883509082 786.0
1116.692153507934 755.0
1116.9314142296694 767.0
1117.1706656738045 763.0
1117.4099078398563 761.0
1117.6491407273422 759.0
1117.8883643357783 762.0
1118.1275786646822 755.0
1118.36678371357 759.0
1118.6059794819594 773.0
1118.8451659693665 768.0
1119.0843431753085 759.0
1119.3235110993026 756.0
1119.5626697408647 768.0
1119.8018190995128 774.0
1120.0409591747637 772.0
1120.2800899661331 770.0
1120.519211473139 771.0
1120.7583236952978 786.0
1120.9974266321262 780.0
1121.236520283142 774.0
1121.4756046478608 749.0
1121.7146797258001 764.0
1121.9537455164768 766.0
1122.192802019408 779.0
1122.4318492341101 775.0
1122.6708871601 764.0
1122.909915796895 772.0
1123.1489351440111 780.0
1123.3879452009662 764.0
1123.6269459672762 765.0
1123.865937442459 769.0
1124.1049196260308 771.0
1124.3438925175087 774.0
