142HR4000 spectrum
Wavelength [nm] // Intensity [u.a.] 
194.93414 832.0
195.2037815346219 777.0
195.47341553816543 802.0
195.74304201014752 814.0
196.012660950085 834.0
196.28227235749478 844.0
196.55187623189366 831.0
196.82147257279857 837.0
197.09106137972637 837.0
197.36064265219392 829.0
197.63021638971804 837.0
197.89978259181567 839.0
198.16934125800364 833.0
198.43889238779886 836.0
198.7084359807181 821.0
198.97797203627835 826.0
199.2475005539964 838.0
199.51702153338914 843.0
199.78653497397343 861.0
200.05604087526618 827.0
200.3255392367842 843.0
200.59503005804436 833.0
200.8645133385636 827.0
201.1339890778587 838.0
201.4034572754466 859.0
201.67291793084408 856.0
201.94237104356813 848.0
202.21181661313554 840.0
202.48125463906314 839.0
202.7506851208679 835.0
203.02010805806663 828.0
203.28952345017618 837.0
203.55893129671344 845.0
203.8283315971953 831.0
204.0977243511386 837.0
204.3671095580602 833.0
204.636487217477 853.0
204.90585732890585 842.0
205.17521989186366 829.0
205.44457490586717 840.0
205.7139223704334 837.0
205.98326228507918 828.0
206.2525946493213 844.0
206.5219194626767 841.0
206.79123672466224 843.0
207.06054643479476 836.0
207.32984859259116 839.0
207.59914319756828 832.0
207.86843024924303 867.0
208.13770974713225 832.0
208.40698169075276 825.0
208.6762460796215 850.0
208.94550291325532 849.0
209.2147521911711 849.0
209.48399391288567 836.0
209.75322807791594 824.0
210.02245468577874 856.0
210.29167373599094 851.0
210.56088522806942 858.0
210.83008916153108 852.0
211.09928553589276 839.0
211.3684743506713 858.0
211.63765560538363 839.0
211.9068292995466 856.0
212.175995432677 820.0
212.44515400429182 834.0
212.71430501390782 828.0
212.98344846104192 844.0
213.25258434521103 872.0
213.52171266593191 848.0
213.79083342272153 844.0
214.05994661509675 844.0
214.3290522425744 848.0
214.5981503046713 840.0
214.8672408009044 836.0
215.13632373079054 844.0
215.4053990938466 818.0
215.6744668895894 855.0
215.94352711753592 820.0
216.21257977720293 840.0
216.48162486810728 830.0
216.7506623897659 851.0
217.01969234169565 821.0
217.2887147234134 819.0
217.55772953443596 834.0
217.82673677428028 838.0
218.0957364424632 827.0
218.36472853850154 860.0
218.6337130619122 848.0
218.9026900122121 858.0
219.17165938891804 846.0
219.4406211915469 843.0
219.70957541961562 846.0
219.97852207264097 849.0
220.24746115013983 832.0
220.5163926516291 830.0
220.78531657662566 833.0
221.05423292464639 843.0
221.32314169520808 836.0
221.59204288782766 837.0
221.860936502022 842.0
222.12982253730797 837.0
222.39870099320237 842.0
222.66757186922214 841.0
222.93643516488416 828.0
223.20529087970525 840.0
223.47413901320226 834.0
223.74297956489212 836.0
224.01181253429166 841.0
224.28063792091777 842.0
224.5494557242873 843.0
224.8182659439171 839.0
225.08706857932413 852.0
225.35586363002508 840.0
225.62465109553705 854.0
225.89343097537673 841.0
226.16220326906105 848.0
226.43096797610687 845.0
226.69972509603105 843.0
226.9684746283505 836.0
227.237216572582 836.0
227.50595092824256 825.0
227.7746776948489 843.0
228.04339687191796 838.0
228.31210845896663 856.0
228.5808124555117 845.0
228.84950886107015 855.0
229.11819767515877 839.0
229.38687889729442 836.0
229.65555252699397 852.0
229.92421856377433 858.0
230.1928770071524 855.0
230.46152785664492 857.0
230.73017111176884 845.0
230.99880677204106 840.0
231.26743483697837 854.0
231.53605530609772 849.0
231.8046681789159 844.0
232.07327345494983 863.0
232.34187113371638 848.0
232.61046121473237 843.0
232.87904369751473 846.0
233.14761858158028 848.0
233.41618586644586 840.0
233.68474555162845 845.0
233.95329763664483 840.0
234.2218421210119 857.0
234.49037900424648 868.0
234.7589082858655 830.0
235.02742996538583 837.0
235.29594404232427 860.0
235.56445051619772 844.0
235.8329493865231 850.0
236.10144065281722 828.0
236.36992431459691 840.0
236.63840037137916 829.0
236.9068688226808 843.0
237.1753296680186 842.0
237.44378290690955 844.0
237.7122285388704 846.0
237.9806665634181 828.0
238.24909698006957 833.0
238.51751978834153 836.0
238.78593498775095 854.0
239.0543425778147 850.0
239.32274255804958 833.0
239.59113492797255 830.0
239.8595196871004 834.0
240.12789683495004 828.0
240.3962663710383 847.0
240.66462829488208 847.0
240.93298260599826 854.0
241.2013293039037 847.0
241.46966838811522 839.0
241.73799985814978 848.0
242.00632371352418 854.0
242.27463995375527 850.0
242.54294857835998 849.0
242.81124958685515 834.0
243.07954297875764 852.0
243.34782875358434 835.0
243.61610691085207 829.0
243.88437745007772 850.0
244.15264037077822 851.0
244.42089567247035 837.0
244.68914335467105 833.0
244.95738341689716 858.0
245.2256158586655 845.0
245.493840679493 843.0
245.76205787889654 848.0
246.03026745639292 857.0
246.29846941149904 838.0
246.5666637437318 837.0
246.834850452608 828.0
247.1030295376446 843.0
247.37120099835838 846.0
247.63936483426627 854.0
247.9075210448851 838.0
248.17566962973177 851.0
248.4438105883231 847.0
248.71194392017603 825.0
248.98006962480733 829.0
249.248187701734 852.0
249.51629815047275 838.0
249.78440097054056 830.0
250.05249616145431 833.0
250.32058372273076 832.0
250.5886636538869 844.0
250.85673595443953 853.0
251.12480062390551 858.0
251.39285766180177 851.0
251.6609070676451 840.0
251.92894884095242 835.0
252.19698298124058 843.0
252.46500948802645 838.0
252.73302836082692 829.0
253.00103959915882 831.0
253.26904320253902 841.0
253.53703917048443 840.0
253.80502750251188 841.0
254.07300819813827 849.0
254.34098125688044 856.0
254.60894667825525 840.0
254.87690446177962 845.0
255.14485460697037 844.0
255.41279711334434 846.0
255.6807319804185 845.0
255.94865920770962 857.0
256.2165787947346 836.0
256.48449074101035 836.0
256.75239504605366 855.0
257.02029170938147 850.0
257.28818073051065 841.0
257.556062108958 850.0
257.8239358442404 832.0
258.0918019358748 837.0
258.35966038337796 836.0
258.6275111862668 834.0
258.8953543440582 844.0
259.163189856269 834.0
259.4310177224162 837.0
259.6988379420164 835.0
259.9666505145867 837.0
260.23445543964385 857.0
260.50225271670473 850.0
260.77004234528624 837.0
261.03782432490533 853.0
261.3055986550787 841.0
261.5733653353234 818.0
261.8411243651561 845.0
262.1088757440937 851.0
262.37661947165327 859.0
262.6443555473515 849.0
262.9120839707053 851.0
263.1798047412315 845.0
263.44751785844704 830.0
263.7152233218687 846.0
263.98292113101354 843.0
264.2506112853982 817.0
264.51829378453965 846.0
264.7859686279547 834.0
265.05363581516025 830.0
265.32129534567326 836.0
265.5889472190105 841.0
265.8565914346889 828.0
266.1242279922252 825.0
266.39185689113634 837.0
266.65947813093925 851.0
266.9270917111508 854.0
267.19469763128774 860.0
267.46229589086704 848.0
267.72988648940554 841.0
267.9974694264201 846.0
268.2650447014276 836.0
268.53261231394487 847.0
268.80017226348883 845.0
269.0677245495763 840.0
269.3352691717242 837.0
269.60280612944933 832.0
269.8703354222686 837.0
270.13785704969894 830.0
270.40537101125716 850.0
270.67287730646007 845.0
270.9403759348246 843.0
271.2078668958677 838.0
271.47535018910605 826.0
271.7428258140567 846.0
272.01029377023633 839.0
272.2777540571619 833.0
272.5452066743504 833.0
272.81265162131854 842.0
273.08008889758327 844.0
273.34751850266144 828.0
273.6149404360698 849.0
273.8823546973254 838.0
274.1497612859451 839.0
274.4171602014456 847.0
274.6845514433439 833.0
274.95193501115676 836.0
275.2193109044012 859.0
275.486679122594 848.0
275.7540396652521 850.0
276.02139253189216 856.0
276.2887377220313 844.0
276.55607523518626 839.0
276.82340507087395 834.0
277.09072722861123 844.0
277.3580417079149 837.0
277.62534850830195 827.0
277.8926476292892 848.0
278.1599390703934 848.0
278.4272228311316 847.0
278.69449891102056 853.0
278.96176730957717 844.0
279.22902802631836 843.0
279.4962810607609 835.0
279.76352641242164 838.0
280.0307640808177 854.0
280.29799406546556 844.0
280.5652163658824 841.0
280.8324309815849 836.0
281.09963791209003 844.0
281.3668371569146 835.0
281.6340287155756 820.0
281.9012125875897 838.0
282.168388772474 851.0
282.4355572697452 837.0
282.7027180789201 838.0
282.9698711995158 848.0
283.23701663104896 849.0
283.50415437303667 856.0
283.77128442499554 837.0
284.0384067864426 848.0
284.3055214568946 847.0
284.57262843586864 848.0
284.8397277228814 837.0
285.1068193174497 841.0
285.37390321909055 835.0
285.6409794273207 868.0
285.9080479416572 837.0
286.1751087616167 850.0
286.4421618867162 834.0
286.7092073164725 841.0
286.9762450504025 839.0
287.24327508802315 837.0
287.5102974288511 851.0
287.77731207240345 840.0
288.04431901819703 829.0
288.3113182657485 837.0
288.578309814575 835.0
288.84529366419326 826.0
289.1122698141201 835.0
289.37923826387254 846.0
289.6461990129674 846.0
289.91315206092133 836.0
290.18009740725154 835.0
290.44703505147464 841.0
290.7139649931077 843.0
290.98088723166734 837.0
291.24780176667065 832.0
291.5147085976344 842.0
291.78160772407557 844.0
292.04849914551085 848.0
292.3153828614572 841.0
292.58225887143146 838.0
292.8491271749505 840.0
293.1159877715313 840.0
293.3828406606906 830.0
293.6496858419453 851.0
293.9165233148123 847.0
294.1833530788084 838.0
294.4501751334505 844.0
294.71698947825547 833.0
294.9837961127402 859.0
295.2505950364216 847.0
295.5173862488164 842.0
295.78416974944156 854.0
296.050945537814 846.0
296.31771361345045 839.0
296.584473975868 847.0
296.8512266245832 832.0
297.11797155911313 817.0
297.38470877897464 848.0
297.6514382836846 851.0
297.9181600727598 842.0
298.18487414571723 841.0
298.4515805020736 823.0
298.71827914134593 849.0
298.9849700630511 836.0
299.2516532667058 854.0
299.518328751827 858.0
299.78499651793163 831.0
300.0516565645365 851.0
300.3183088911584 835.0
300.58495349731436 857.0
300.8515903825211 831.0
301.1182195462956 851.0
301.3848409881546 848.0
301.65145470761513 842.0
301.91806070419403 837.0
302.184658977408 838.0
302.4512495267741 839.0
302.7178323518091 822.0
302.9844074520298 856.0
303.2509748269532 847.0
303.5175344760962 848.0
303.78408639897555 849.0
304.0506305951082 840.0
304.31716706401096 839.0
304.58369580520065 850.0
304.8502168181943 829.0
305.1167301025086 835.0
305.3832356576606 843.0
305.649733483167 856.0
305.9162235785447 837.0
306.1827059433106 844.0
306.4491805769817 842.0
306.7156474790747 840.0
306.98210664910647 852.0
307.2485580865939 853.0
307.5150017910539 846.0
307.7814377620034 847.0
308.0478659989591 849.0
308.31428650143795 845.0
308.58069926895683 855.0
308.8471043010326 852.0
309.1135015971821 838.0
309.37989115692227 843.0
309.6462729797699 834.0
309.91264706524197 840.0
310.1790134128551 828.0
310.4453720221265 834.0
310.71172289257277 826.0
310.97806602371094 820.0
311.2444014150577 849.0
311.5107290661301 847.0
311.777048976445 849.0
312.04336114551904 838.0
312.30966557286945 840.0
312.5759622580128 838.0
312.8422512004661 849.0
313.1085323997461 837.0
313.3748058553698 839.0
313.641071566854 848.0
313.90732953371554 850.0
314.17357975547145 845.0
314.4398222316384 858.0
314.70605696173334 841.0
314.9722839452731 850.0
315.23850318177466 850.0
315.50471467075477 841.0
315.7709184117303 838.0
316.0371144042182 847.0
316.3033026477353 832.0
316.56948314179846 845.0
316.8356558859246 839.0
317.1018208796305 844.0
317.36797812243304 832.0
317.6341276138491 851.0
317.90026935339563 830.0
318.1664033405894 852.0
318.4325295749473 840.0
318.6986480559862 844.0
318.96475878322303 843.0
319.2308617561746 851.0
319.4969569743577 850.0
319.76304443728935 853.0
320.0291241444864 846.0
320.2951960954656 839.0
320.5612602897438 848.0
320.82731672683815 846.0
321.0933654062652 856.0
321.359406327542 844.0
321.6254394901853 837.0
321.891464893712 836.0
322.157482537639 851.0
322.4234924214832 841.0
322.68949454476143 836.0
322.95548890699064 853.0
323.2214755076875 844.0
323.487454346369 850.0
323.753425422552 845.0
324.01938873575347 842.0
324.2853442854901 838.0
324.55129207127885 858.0
324.8172320926366 847.0
325.08316434908016 836.0
325.34908884012646 835.0
325.61500556529234 848.0
325.8809145240947 848.0
326.14681571605024 830.0
326.4127091406761 835.0
326.6785947974889 845.0
326.9444726860058 860.0
327.2103428057433 838.0
327.47620515621855 851.0
327.74205973694836 839.0
328.00790654744947 832.0
328.2737455872389 841.0
328.5395768558335 834.0
328.80540035275004 838.0
329.0712160775054 840.0
329.33702402961654 862.0
329.6028242086002 851.0
329.86861661397353 836.0
330.13440124525306 826.0
330.4001781019559 838.0
330.66594718359863 817.0
330.9317084896984 840.0
331.19746201977205 844.0
331.46320777333636 832.0
331.7289457499082 833.0
331.9946759490044 850.0
332.2603983701419 852.0
332.5261130128375 825.0
332.79181987660826 841.0
333.05751896097087 848.0
333.3232102654422 850.0
333.58889378953916 837.0
333.85456953277856 850.0
334.1202374946774 841.0
334.38589767475247 842.0
334.6515500725206 836.0
334.9171946874987 848.0
335.18283151920355 838.0
335.4484605671522 858.0
335.7140818308614 830.0
335.97969530984807 844.0
336.245301003629 851.0
336.51089891172114 846.0
336.77648903364127 859.0
337.04207136890636 848.0
337.30764591703326 849.0
337.5732126775387 845.0
337.83877164993976 837.0
338.10432283375314 822.0
338.36986622849577 825.0
338.63540183368457 823.0
338.9009296488363 850.0
339.16644967346787 833.0
339.4319619070962 851.0
339.6974663492381 839.0
339.9629629994105 844.0
340.22845185713027 833.0
340.4939329219141 843.0
340.75940619327906 856.0
341.02487167074196 852.0
341.2903293538197 846.0
341.555779242029 853.0
341.821221334887 857.0
342.0866556319103 853.0
342.3520821326158 843.0
342.6175008365205 843.0
342.8829117431413 840.0
343.1483148519949 831.0
343.41371016259825 831.0
343.6790976744682 840.0
343.9444773871216 844.0
344.20984930007546 854.0
344.4752134128465 858.0
344.74056972495157 870.0
345.0059182359076 868.0
345.27125894523147 884.0
345.53659185244 873.0
345.80191695705014 867.0
346.0672342585787 856.0
346.3325437565426 858.0
346.5978454504585 856.0
346.8631393398436 845.0
347.1284254242145 855.0
347.3937037030882 841.0
347.6589741759816 852.0
347.92423684241146 827.0
348.1894917018946 843.0
348.4547387539481 840.0
348.71997799808867 849.0
348.9852094338332 844.0
349.2504330606986 860.0
349.51564887820166 856.0
349.7808568858593 847.0
350.0460570831885 849.0
350.31124946970584 853.0
350.57643404492853 830.0
350.84161080837316 851.0
351.1067797595568 846.0
351.3719408979961 858.0
351.63709422320824 887.0
351.90223973470984 870.0
352.16737743201776 902.0
352.43250731464894 880.0
352.69762938212034 844.0
352.9627436339487 863.0
353.2278500696509 854.0
353.49294868874387 854.0
353.7580394907444 834.0
354.02312247516943 832.0
354.28819764153576 842.0
354.55326498936034 858.0
354.81832451816 836.0
355.08337622745165 831.0
355.348420116752 827.0
355.613456185578 847.0
355.8784844334467 849.0
356.1435048598747 867.0
356.4085174643791 835.0
356.6735222464765 825.0
356.938519205684 830.0
357.2035083415184 833.0
357.46848965349653 829.0
357.73346314113536 839.0
357.9984288039516 859.0
358.2633866414622 836.0
358.528336653184 838.0
358.793278838634 843.0
359.05821319732894 842.0
359.3231397287857 842.0
359.5880584325211 840.0
359.8529693080521 839.0
360.1178723548955 843.0
360.3827675725683 847.0
360.64765496058726 844.0
360.9125345184692 828.0
361.1774062457311 848.0
361.44227014188965 831.0
361.707126206462 845.0
361.9719744389649 847.0
362.2368148389151 838.0
362.5016474058295 854.0
362.766472139225 844.0
363.0312890386186 825.0
363.296098103527 846.0
363.5608993334672 831.0
363.82569272795587 852.0
364.09047828651006 860.0
364.35525600864656 847.0
364.6200258938823 834.0
364.8847879417341 845.0
365.1495421517188 842.0
365.41428852335326 841.0
365.67902705615444 825.0
365.9437577496392 854.0
366.2084806033243 820.0
366.4731956167267 845.0
366.7379027893632 834.0
367.0026021207507 839.0
367.2672936104061 865.0
367.5319772578463 841.0
367.79665306258806 833.0
368.06132102414836 855.0
368.32598114204393 850.0
368.59063341579173 837.0
368.85527784490864 848.0
369.1199144289115 836.0
369.3845431673172 832.0
369.6491640596426 855.0
369.91377710540445 844.0
370.1783823041198 846.0
370.44297965530546 849.0
370.70756915847835 837.0
370.97215081315517 837.0
371.2367246188529 838.0
371.5012905750884 844.0
371.7658486813786 830.0
372.0303989372402 839.0
372.29494134219027 827.0
372.5594758957455 852.0
372.82400259742286 846.0
373.08852144673915 823.0
373.3530324432114 834.0
373.6175355863563 845.0
373.8820308756908 848.0
374.1465183107317 839.0
374.410997890996 843.0
374.6754696160004 839.0
374.93993348526186 853.0
375.2043894982973 840.0
375.4688376546235 843.0
375.7332779537573 836.0
375.9977103952157 851.0
376.26213497851546 866.0
376.52655170317354 842.0
376.7909605687067 841.0
377.05536157463183 853.0
377.3197547204658 854.0
377.5841400057256 845.0
377.84851742992794 846.0
378.11288699258984 841.0
378.37724869322795 844.0
378.64160253135935 840.0
378.90594850650075 833.0
379.1702866181692 844.0
379.4346168658814 848.0
379.69893924915425 841.0
379.9632537675047 843.0
380.2275604204495 846.0
380.49185920750574 836.0
380.75615012819 838.0
381.0204331820193 848.0
381.2847083685105 820.0
381.5489756871804 858.0
381.8132351375459 842.0
382.07748671912407 847.0
382.34173043143153 837.0
382.6059662739852 864.0
382.8701942463019 838.0
383.1344143478986 854.0
383.3986265782921 847.0
383.6628309369994 853.0
383.92702742353725 851.0
384.1912160374225 844.0
384.45539677817203 826.0
384.7195696453027 834.0
384.98373463833155 832.0
385.2478917567753 839.0
385.5120410001507 821.0
385.7761823679748 824.0
386.0403158597644 852.0
386.30444147503647 846.0
386.5685592133077 849.0
386.8326690740951 849.0
387.09677105691543 838.0
387.36086516128563 838.0
387.6249513867226 845.0
387.88902973274315 833.0
388.15310019886414 841.0
388.41716278460245 833.0
388.68121748947493 836.0
388.9452643129986 854.0
389.2093032546901 842.0
389.47333431406645 837.0
389.73735749064434 859.0
390.0013727839409 863.0
390.2653801934728 859.0
390.52937971875696 844.0
390.7933713593103 829.0
391.05735511464974 852.0
391.3213309842919 856.0
391.5852989677539 845.0
391.8492590645524 846.0
392.1132112742045 855.0
392.37715559622694 833.0
392.6410920301366 829.0
392.9050205754503 844.0
393.1689412316849 851.0
393.43285399835736 826.0
393.69675887498465 848.0
393.96065586108335 857.0
394.2245449561705 843.0
394.4884261597629 846.0
394.75229947137757 844.0
395.01616489053123 858.0
395.28002241674085 841.0
395.5438720495231 836.0
395.80771378839506 852.0
396.0715476328735 840.0
396.33537358247537 846.0
396.5991916367174 841.0
396.86300179511665 830.0
397.12680405718976 844.0
397.39059842245376 852.0
397.65438489042543 843.0
397.91816346062177 835.0
398.18193413255955 833.0
398.4456969057556 847.0
398.7094517797268 845.0
398.97319875399006 845.0
399.2369378280623 840.0
399.50066900146027 834.0
399.764392273701 844.0
400.02810764430114 850.0
400.2918151127777 841.0
400.55551467864757 841.0
400.81920634142756 841.0
401.08289010063453 838.0
401.34656595578537 855.0
401.6102339063969 840.0
401.8738939519861 828.0
402.1375460920697 842.0
402.4011903261647 837.0
402.6648266537879 823.0
402.92845507445617 848.0
403.1920755876863 840.0
403.4556881929953 838.0
403.71929288990003 831.0
403.98288967791734 832.0
404.246478556564 835.0
404.5100595253569 842.0
404.77363258381297 832.0
405.03719773144906 842.0
405.3007549677821 836.0
405.56430429232887 849.0
405.82784570460626 856.0
406.0913792041311 844.0
406.35490479042033 837.0
406.61842246299085 835.0
406.88193222135936 839.0
407.14543406504293 846.0
407.4089279935582 846.0
407.6724140064223 844.0
407.9358921031519 839.0
408.19936228326395 859.0
408.4628245462754 854.0
408.7262788917029 848.0
408.9897253190635 841.0
409.25316382787395 837.0
409.5165944176513 849.0
409.7800170879122 860.0
410.04343183817366 852.0
410.30683866795243 831.0
410.57023757676546 846.0
410.83362856412975 852.0
411.09701162956185 860.0
411.3603867725789 855.0
411.62375399269763 841.0
411.887113289435 848.0
412.1504646623078 854.0
412.4138081108329 833.0
412.6771436345273 845.0
412.94047123290767 841.0
413.20379090549096 851.0
413.46710265179405 851.0
413.7304064713339 840.0
413.9937023636272 836.0
414.25699032819097 823.0
414.52027036454194 838.0
414.78354247219704 836.0
415.0468066506732 828.0
415.31006289948726 835.0
415.5733112181561 854.0
415.83655160619645 850.0
416.0997840631253 838.0
416.3630085884595 822.0
416.62622518171594 841.0
416.8894338424115 844.0
417.152634570063 847.0
417.4158273641873 824.0
417.67901222430123 840.0
417.9421891499217 849.0
418.2053581405658 842.0
418.46851919575005 834.0
418.7316723149915 845.0
418.99481749780693 838.0
419.2579547437133 852.0
419.5210840522274 835.0
419.78420542286625 823.0
420.04731885514644 845.0
420.31042434858506 837.0
420.573521902699 833.0
420.83661151700494 844.0
421.0996931910199 856.0
421.3627669242608 849.0
421.6258327162443 844.0
421.88889056648736 848.0
422.1519404745069 851.0
422.41498243981977 861.0
422.6780164619429 846.0
422.9410425403929 828.0
423.2040606746869 833.0
423.46707086434174 838.0
423.7300731088742 842.0
423.9930674078012 826.0
424.25605376063965 853.0
424.5190321669063 839.0
424.782002626118 817.0
425.0449651377918 841.0
425.30791970144446 830.0
425.57086631659286 832.0
425.83380498275386 827.0
426.0967356994443 855.0
426.3596584661811 841.0
426.6225732824811 857.0
426.88548014786113 850.0
427.14837906183817 844.0
427.411270023929 843.0
427.6741530336505 832.0
427.9370280905195 842.0
428.199895194053 846.0
428.46275434376776 851.0
428.72560553918066 833.0
428.98844877980855 852.0
429.2512840651683 840.0
429.51411139477693 829.0
429.77693076815115 846.0
430.03974218480784 844.0
430.3025456442639 834.0
430.5653411460361 836.0
430.82812868964146 842.0
431.09090827459687 848.0
431.353679900419 853.0
431.61644356662487 848.0
431.87919927273134 819.0
432.1419470182551 842.0
432.40468680271334 843.0
432.66741862562276 841.0
432.93014248650013 849.0
433.1928583848624 839.0
433.45556632022647 828.0
433.7182662921092 855.0
433.9809583000275 856.0
434.24364234349815 859.0
434.506318422038 847.0
434.768986535164 833.0
435.031646682393 841.0
435.2942988632418 854.0
435.55694307722734 836.0
435.81957932386655 835.0
436.08220760267614 827.0
436.34482791317305 859.0
436.6074402548742 863.0
436.8700446272964 833.0
437.1326410299566 848.0
437.3952294623715 836.0
437.65780992405803 837.0
437.9203824145332 823.0
438.1829469333138 851.0
438.4455034799166 846.0
438.7080520538586 873.0
438.9705926546565 849.0
439.23312528182737 846.0
439.49564993488787 839.0
439.7581666133551 837.0
440.0206753167459 839.0
440.28317604457686 843.0
440.5456687963651 847.0
440.8081535716274 829.0
441.07063036988075 858.0
441.3330991906418 855.0
441.5955600334276 839.0
441.858012897755 865.0
442.12045778314075 855.0
442.3828946891018 858.0
442.6453236151551 846.0
442.9077445608174 860.0
443.17015752560553 837.0
443.4325625090365 852.0
443.69495951062703 845.0
443.95734852989415 843.0
444.21972956635454 853.0
444.4821026195253 847.0
444.74446768892307 865.0
445.00682477406485 862.0
445.2691738744674 853.0
445.5315149896478 843.0
445.79384811912274 834.0
446.05617326240906 834.0
446.31849041902376 830.0
446.58079958848356 837.0
446.8431007703055 845.0
447.10539396400634 848.0
447.367679169103 844.0
447.6299563851123 850.0
447.892225611551 848.0
448.15448684793625 860.0
448.4167400937847 857.0
448.67898534861325 844.0
448.9412226119389 842.0
449.2034518832783 842.0
449.46567316214856 849.0
449.72788644806633 826.0
449.99009174054856 845.0
450.2522890391122 823.0
450.514478343274 835.0
450.77665965255085 840.0
451.0388329664597 836.0
451.30099828451733 847.0
451.5631556062406 835.0
451.82530493114655 842.0
452.08744625875175 855.0
452.3495795885734 844.0
452.6117049201281 840.0
452.87382225293277 842.0
453.13593158650446 841.0
453.3980329203598 840.0
453.6601262540158 851.0
453.9222115869893 854.0
454.1842889187971 850.0
454.4463582489562 844.0
454.70841957698343 846.0
454.97047290239556 829.0
455.23251822470957 845.0
455.49455554344223 839.0
455.75658485811044 856.0
456.0186061682312 847.0
456.2806194733211 853.0
456.5426247728973 828.0
456.8046220664765 855.0
457.0666113535756 850.0
457.32859263371154 833.0
457.5905659064011 837.0
457.8525311711611 834.0
458.1144884275086 841.0
458.37643767496024 850.0
458.6383789130331 863.0
458.9003121412439 839.0
459.1622373591095 852.0
459.4241545661469 826.0
459.68606376187284 837.0
459.9479649458043 833.0
460.2098581174581 860.0
460.471743276351 852.0
460.733620422 859.0
460.9954895539219 831.0
461.2573506716337 830.0
461.51920377465206 842.0
461.78104886249406 849.0
462.0428859346764 844.0
462.304714990716 841.0
462.5665360301298 839.0
462.82834905243453 844.0
463.09015405714723 836.0
463.35195104378465 851.0
463.6137400118636 858.0
463.8755209609011 840.0
464.13729389041396 837.0
464.399058799919 840.0
464.6608156889332 844.0
464.92256455697327 836.0
465.18430540355615 845.0
465.4460382281988 850.0
465.707763030418 847.0
465.96947980973056 849.0
466.23118856565344 845.0
466.49288929770347 848.0
466.75458200539765 846.0
467.0162666882526 854.0
467.27794334578533 849.0
467.5396119775127 849.0
467.8012725829516 835.0
468.0629251616188 848.0
468.3245697130314 855.0
468.586206236706 850.0
468.8478347321596 830.0
469.109455198909 852.0
469.3710676364711 852.0
469.6326720443629 843.0
469.89426842210105 857.0
470.1558567692025 865.0
470.4174370851842 846.0
470.6790093695629 852.0
470.94057362185555 878.0
471.20212984157905 866.0
471.4636780282501 863.0
471.72521818138574 860.0
471.9867503005027 843.0
472.248274385118 846.0
472.5097904347484 866.0
472.7712984489108 858.0
473.03279842712203 852.0
473.29429036889906 838.0
473.55577427375863 850.0
473.8172501412177 853.0
474.07871797079315 842.0
474.34017776200176 853.0
474.6016295143605 840.0
474.8630732273861 853.0
475.1245089005955 857.0
475.3859365335057 853.0
475.64735612563334 850.0
475.9087676764954 845.0
476.1701711856088 835.0
476.4315666524903 838.0
476.6929540766569 856.0
476.95433345762535 837.0
477.2157047949125 843.0
477.47706808803537 854.0
477.7384233365106 850.0
477.9997705398553 862.0
478.26110969758616 851.0
478.52244080922014 858.0
478.78376387427414 852.0
479.04507889226494 843.0
479.3063858627094 842.0
479.5676847851245 847.0
479.828975659027 850.0
480.0902584839338 834.0
480.3515332593618 857.0
480.61279998482775 833.0
480.8740586598487 854.0
481.13530928394147 848.0
481.3965518566228 846.0
481.65778637740965 866.0
481.9190128458189 850.0
482.1802312613674 858.0
482.4414416235721 836.0
482.70264393194964 849.0
482.9638381860171 833.0
483.2250243852913 859.0
483.4862025292891 850.0
483.7473726175273 848.0
484.0085346495229 858.0
484.26968862479265 857.0
484.5308345428534 855.0
484.79197240322225 850.0
485.0531022054157 854.0
485.314223948951 835.0
485.57533763334476 833.0
485.8364432581139 869.0
486.0975408227754 875.0
486.35863032684597 864.0
486.61971176984247 855.0
486.880785151282 844.0
487.1418504706812 838.0
487.402907727557 873.0
487.66395692142635 844.0
487.92499805180597 849.0
488.18603111821284 840.0
488.44705612016384 845.0
488.7080730571757 859.0
488.9690819287655 826.0
489.2300827344499 833.0
489.49107547374587 860.0
489.75206014617027 859.0
490.01303675124 862.0
490.27400528847187 835.0
490.53496575738274 831.0
490.79591815748955 850.0
491.05686248830915 854.0
491.31779874935836 855.0
491.57872694015396 833.0
491.8396470602131 842.0
492.1005591090524 837.0
492.3614630861888 850.0
492.6223589911392 841.0
492.88324682342045 828.0
493.14412658254946 846.0
493.40499826804296 844.0
493.66586187941795 853.0
493.92671741619125 867.0
494.18756487787977 841.0
494.44840426400026 846.0
494.70923557406974 847.0
494.97005880760497 826.0
495.23087396412285 845.0
495.4916810431403 839.0
495.7524800441741 851.0
496.01327096674123 838.0
496.27405381035845 860.0
496.53482857454264 852.0
496.79559525881075 825.0
497.05635386267954 840.0
497.31710438566597 849.0
497.57784682728686 840.0
497.8385811870591 863.0
498.0993074644995 848.0
498.360025659125 857.0
498.6207357704524 839.0
498.88143779799873 833.0
499.14213174128065 838.0
499.40281759981514 848.0
499.6634953731191 860.0
499.92416506070924 843.0
500.1848266621026 855.0
500.445480176816 862.0
500.70612560436615 847.0
500.96676294427016 853.0
501.22739219604483 844.0
501.48801335920695 846.0
501.74862643327344 848.0
502.00923141776116 841.0
502.2698283121869 858.0
502.5304171160677 843.0
502.7909978289203 843.0
503.0515704502616 857.0
503.31213497960846 848.0
503.57269141647777 861.0
503.8332397603864 865.0
504.09378001085116 854.0
504.354312167389 837.0
504.6148362295168 849.0
504.8753521967513 856.0
505.1358600686094 852.0
505.3963598446082 846.0
505.6568515242642 829.0
505.9173351070945 850.0
506.17781059261597 846.0
506.4382779803454 837.0
506.69873726979966 835.0
506.95918846049574 850.0
507.2196315519502 842.0
507.4800665436803 837.0
507.74049343520267 858.0
508.00091222603425 866.0
508.261322915692 848.0
508.5217255036924 835.0
508.7821199895529 862.0
509.0425063727899 849.0
509.3028846529204 848.0
509.5632548294615 855.0
509.8236169019296 846.0
510.0839708698421 840.0
510.3443167327155 837.0
510.60465449006676 849.0
510.8649841414127 844.0
511.12530568627034 860.0
511.3856191241566 849.0
511.64592445458794 838.0
511.90622167708165 850.0
512.1665107911545 859.0
512.4267917963232 842.0
512.6870646921047 839.0
512.947329478016 841.0
513.2075861535739 848.0
513.467834718295 849.0
513.7280751716964 845.0
513.9883075132952 848.0
514.248531742608 841.0
514.5087478591515 863.0
514.7689558624429 846.0
515.0291557519989 850.0
515.2893475273365 864.0
515.5495311879723 824.0
515.8097067334235 870.0
516.0698741632067 838.0
516.3300334768389 833.0
516.5901846738369 842.0
516.8503277537177 844.0
517.1104627159981 837.0
517.3705895601947 848.0
517.630708285825 839.0
517.8908188924053 851.0
518.1509213794526 846.0
518.411015746484 863.0
518.6711019930159 855.0
518.9311801185657 876.0
519.19125012265 857.0
519.4513120047856 855.0
519.7113657644896 867.0
519.9714114012784 845.0
520.2314489146695 849.0
520.4914783041794 866.0
520.751499569325 849.0
521.0115127096234 848.0
521.271517724591 856.0
521.5315146137451 866.0
521.7915033766022 847.0
522.0514840126796 858.0
522.3114565214938 875.0
522.5714209025618 857.0
522.8313771554007 847.0
523.0913252795269 849.0
523.3512652744578 858.0
523.6111971397097 836.0
523.8711208747998 834.0
524.1310364792452 827.0
524.390943952562 848.0
524.6508432942679 848.0
524.9107345038794 841.0
525.1706175809132 833.0
525.4304925248866 852.0
525.690359335316 855.0
525.9502180117188 839.0
526.2100685536113 839.0
526.4699109605107 850.0
526.729745231934 835.0
526.9895713673975 845.0
527.2493893664187 858.0
527.5091992285141 843.0
527.7690009532007 855.0
528.0287945399953 848.0
528.2885799884149 839.0
528.5483572979764 847.0
528.8081264681963 852.0
529.0678874985917 843.0
529.3276403886796 856.0
529.5873851379768 850.0
529.8471217460001 859.0
530.1068502122662 847.0
530.3665705362923 869.0
530.6262827175951 846.0
530.8859867556915 843.0
531.1456826500984 847.0
531.4053704003326 838.0
531.6650500059111 841.0
531.9247214663504 859.0
532.1843847811678 848.0
532.4440399498801 853.0
532.7036869720038 857.0
532.9633258470562 860.0
533.222956574554 886.0
533.4825791540142 869.0
533.7421935849534 876.0
534.0017998668885 870.0
534.2613979993366 876.0
534.5209879818145 861.0
534.780569813839 844.0
535.0401434949268 871.0
535.2997090245951 851.0
535.5592664023607 839.0
535.8188156277402 837.0
536.0783567002508 851.0
536.3378896194092 855.0
536.5974143847321 848.0
536.8569309957369 848.0
537.1164394519398 843.0
537.3759397528582 846.0
537.6354318980087 849.0
537.8949158869082 854.0
538.1543917190737 861.0
538.4138593940218 843.0
538.6733189112697 823.0
538.932770270334 828.0
539.1922134707318 839.0
539.4516485119797 843.0
539.7110753935946 858.0
539.9704941150937 873.0
540.2299046759937 874.0
540.4893070758112 837.0
540.7487013140633 836.0
541.008087390267 839.0
541.2674653039389 859.0
541.526835054596 839.0
541.7861966417552 834.0
542.0455500649333 839.0
542.3048953236471 838.0
542.5642324174137 834.0
542.8235613457497 850.0
543.0828821081722 836.0
543.3421947041979 855.0
543.6014991333436 841.0
543.8607953951266 844.0
544.1200834890632 854.0
544.3793634146708 843.0
544.6386351714658 843.0
544.8978987589653 845.0
545.1571541766862 842.0
545.4164014241451 856.0
545.6756405008593 833.0
545.9348714063455 834.0
546.1940941401203 836.0
546.4533087017008 834.0
546.712515090604 846.0
546.9717133063466 841.0
547.2309033484453 837.0
547.4900852164174 855.0
547.7492589097793 848.0
548.0084244280482 856.0
548.2675817707409 855.0
548.526730937374 842.0
548.7858719274648 820.0
549.0450047405299 825.0
549.3041293760863 835.0
549.5632458336507 836.0
549.82235411274 835.0
550.0814542128714 838.0
550.3405461335612 835.0
550.5996298743269 844.0
550.8587054346848 840.0
551.117772814152 854.0
551.3768320122455 848.0
551.6358830284819 847.0
551.8949258623783 857.0
552.1539605134514 841.0
552.4129869812182 833.0
552.6720052651955 841.0
552.9310153649002 858.0
553.1900172798491 847.0
553.4490110095592 848.0
553.7079965535472 852.0
553.9669739113302 834.0
554.2259430824248 838.0
554.484904066348 866.0
554.7438568626167 843.0
555.0028014707476 840.0
555.261737890258 853.0
555.520666120664 831.0
555.7795861614834 853.0
556.0384980122324 845.0
556.2974016724281 860.0
556.5562971415874 837.0
556.8151844192269 837.0
557.0740635048638 849.0
557.3329343980148 858.0
557.5917970981968 848.0
557.8506516049267 849.0
558.1094979177213 841.0
558.3683360360976 834.0
558.6271659595724 842.0
558.8859876876625 844.0
559.1448012198848 852.0
559.4036065557561 846.0
559.6624036947936 843.0
559.9211926365136 855.0
560.1799733804337 850.0
560.43874592607 849.0
560.6975102729399 836.0
560.9562664205602 824.0
561.2150143684473 851.0
561.4737541161188 833.0
561.732485663091 850.0
561.9912090088809 843.0
562.2499241530056 845.0
562.5086310949818 845.0
562.7673298343262 829.0
563.026020370556 854.0
563.2847027031879 840.0
563.5433768317389 833.0
563.8020427557254 869.0
564.0607004746649 864.0
564.3193499880738 864.0
564.5779912954692 860.0
564.8366243963679 841.0
565.0952492902868 863.0
565.3538659767429 873.0
565.6124744552527 850.0
565.8710747253335 849.0
566.1296667865018 850.0
566.3882506382747 861.0
566.6468262801691 856.0
566.9053937117014 842.0
567.1639529323893 838.0
567.4225039417488 852.0
567.6810467392974 850.0
567.9395813245517 837.0
568.1981076970284 840.0
568.4566258562448 838.0
568.7151358017175 870.0
568.9736375329633 884.0
569.2321310494995 849.0
569.4906163508422 842.0
569.749093436509 841.0
570.0075623060163 820.0
570.2660229588813 835.0
570.5244753946206 840.0
570.7829196127512 841.0
571.0413556127901 843.0
571.2997833942537 850.0
571.5582029566596 848.0
571.8166142995238 842.0
572.075017422364 833.0
572.3334123246967 840.0
572.5917990060384 842.0
572.8501774659068 833.0
573.108547703818 847.0
573.3669097192892 838.0
573.6252635118373 844.0
573.8836090809789 847.0
574.1419464262314 842.0
574.400275547111 863.0
574.6585964431351 844.0
574.9169091138205 860.0
575.1752135586836 851.0
575.4335097772419 843.0
575.6917977690118 848.0
575.9500775335105 871.0
576.2083490702545 883.0
576.4666123787609 915.0
576.7248674585469 877.0
576.9831143091286 856.0
577.2413529300236 857.0
577.4995833207483 845.0
577.7578054808198 840.0
578.0160194097549 842.0
578.2742251070703 841.0
578.5324225722832 849.0
578.7906118049101 828.0
579.0487928044681 841.0
579.3069655704743 842.0
579.565130102445 853.0
579.8232863998975 858.0
580.0814344623485 831.0
580.339574289315 842.0
580.5977058803137 868.0
580.8558292348614 858.0
581.1139443524753 847.0
581.3720512326721 870.0
581.6301498749685 874.0
581.8882402788817 878.0
582.146322443928 886.0
582.4043963696251 873.0
582.6624620554893 868.0
582.9205195010375 880.0
583.1785687057866 859.0
583.4366096692537 884.0
583.6946423909554 871.0
583.9526668704085 893.0
584.2106831071303 955.0
584.4686911006373 1120.0
584.7266908504463 1476.0
584.9846823560746 2085.0
585.2426656170385 3227.0
585.5006406328554 2344.0
585.7586074030418 1704.0
586.0165659271148 1280.0
586.2745162045912 1074.0
586.5324582349878 965.0
586.7903920178214 925.0
587.0483175526091 917.0
587.3062348388676 918.0
587.5641438761138 932.0
587.8220446638645 952.0
588.0799372016369 1052.0
588.3378214889474 1050.0
588.5956975253132 972.0
588.8535653102509 901.0
589.1114248432776 878.0
589.3692761239103 851.0
589.6271191516653 873.0
589.88495392606 861.0
590.1427804466111 871.0
590.4005987128355 890.0
590.6584087242501 917.0
590.9162104803713 884.0
591.1740039807169 861.0
591.4317892248029 880.0
591.6895662121466 867.0
591.9473349422648 867.0
592.2050954146741 849.0
592.462847628892 839.0
592.7205915844347 856.0
592.9783272808194 853.0
593.236054717563 862.0
593.493773894182 870.0
593.7514848101939 896.0
594.009187465115 963.0
594.2668818584625 1065.0
594.5245679897531 1183.0
594.7822458585038 1043.0
595.0399154642313 968.0
595.2975768064524 889.0
595.5552298846843 868.0
595.8128746984438 867.0
596.0705112472474 867.0
596.3281395306126 860.0
596.5857595480555 884.0
596.8433712990935 859.0
597.1009747832434 885.0
597.3585700000219 940.0
597.6161569489462 965.0
597.8737356295327 918.0
598.1313060412986 885.0
598.3888681837607 870.0
598.6464220564358 860.0
598.9039676588409 864.0
599.1615049904925 859.0
599.4190340509081 850.0
599.676554839604 855.0
599.9340673560972 852.0
600.1915715999048 857.0
600.4490675705435 845.0
600.7065552675302 829.0
600.9640346903817 842.0
601.221505838615 842.0
601.4789687117469 842.0
601.7364233092942 848.0
601.9938696307739 866.0
602.2513076757026 854.0
602.5087374435976 881.0
602.7661589339755 901.0
603.023572146353 960.0
603.2809770802475 905.0
603.5383737351752 884.0
603.7957621106534 869.0
604.053142206199 848.0
604.3105140213286 846.0
604.5678775555593 849.0
604.8252328084078 853.0
605.0825797793912 834.0
605.3399184680261 854.0
605.5972488738295 848.0
605.8545709963181 865.0
606.111884835009 863.0
606.3691903894193 865.0
606.6264876590651 908.0
606.883776643464 945.0
607.1410573421324 1045.0
607.3983297545875 1242.0
607.6555938803461 1128.0
607.9128497189247 1030.0
608.1700972698408 937.0
608.4273365326108 897.0
608.6845675067516 884.0
608.9417901917803 971.0
609.1990045872135 1060.0
609.4562106925683 1328.0
609.7134085073615 1405.0
609.9705980311098 1169.0
610.2277792633305 1033.0
610.4849522035397 920.0
610.7421168512552 874.0
610.9992732059933 855.0
611.2564212672709 851.0
611.5135610346049 846.0
611.7706925075122 870.0
612.0278156855098 862.0
612.2849305681145 861.0
612.542037154843 864.0
612.7991354452124 866.0
613.0562254387393 880.0
613.3133071349409 919.0
613.5703805333337 1000.0
613.8274456334349 1181.0
614.0845024347612 1586.0
614.3415509368294 1992.0
614.5985911391567 1541.0
614.8556230412595 1246.0
615.1126466426551 1055.0
615.36966194286 958.0
615.6266689413914 944.0
615.8836676377659 965.0
616.1406580315004 1054.0
616.3976401221121 1140.0
616.6546139091173 1008.0
616.9115793920333 943.0
617.1685365703769 910.0
617.4254854436648 883.0
617.6824260114142 878.0
617.9393582731417 882.0
618.196282228364 885.0
618.4531978765983 877.0
618.7101052173614 858.0
618.9670042501702 846.0
619.2238949745413 860.0
619.4807773899919 844.0
619.7376514960388 859.0
619.9945172921986 838.0
620.2513747779885 850.0
620.508223952925 862.0
620.7650648165256 889.0
621.0218973683066 900.0
621.2787216077849 927.0
621.5355375344776 976.0
621.7923451479013 994.0
622.0491444475734 952.0
622.3059354330103 886.0
622.5627181037288 852.0
622.8194924592461 864.0
623.0762584990788 866.0
623.333016222744 844.0
623.5897656297584 833.0
623.8465067196389 836.0
624.1032394919024 846.0
624.3599639460657 863.0
624.6166800816459 872.0
624.8733878981594 861.0
625.1300873951237 852.0
625.3867785720552 857.0
625.6434614284708 855.0
625.9001359638876 904.0
626.1568021778221 991.0
626.4134600697917 1175.0
626.6701096393127 1336.0
626.9267508859024 1127.0
627.1833838090776 994.0
627.4400084083547 906.0
627.6966246832512 885.0
627.9532326332837 901.0
628.2098322579691 873.0
628.4664235568243 858.0
628.723006529366 851.0
628.9795811751112 864.0
629.2361474935768 847.0
629.4927054842794 869.0
629.7492551467363 872.0
630.0057964804641 909.0
630.2623294849799 1031.0
630.5188541598001 1078.0
630.775370504442 983.0
631.0318785184223 927.0
631.2883782012578 894.0
631.5448695524658 893.0
631.8013525715625 885.0
632.0578272580652 865.0
632.3142936114906 891.0
632.5707516313557 916.0
632.8272013171775 980.0
633.0836426684723 1117.0
633.3400756847575 1385.0
633.5965003655499 1302.0
633.8529167103661 1112.0
634.1093247187234 970.0
634.3657243901381 907.0
634.6221157241276 877.0
634.8784987202085 849.0
635.1348733778977 873.0
635.3912396967121 867.0
635.6475976761684 859.0
635.9039473157839 858.0
636.1602886150749 857.0
636.4166215735588 864.0
636.6729461907521 862.0
636.9292624661718 878.0
637.1855703993349 889.0
637.4418699897578 915.0
637.6981612369581 990.0
637.9544441404521 1172.0
638.2107186997567 1486.0
638.4669849143892 1356.0
638.7232427838659 1227.0
638.979492307704 1081.0
639.2357334854204 1086.0
639.4919663165317 1317.0
639.7481908005552 1909.0
640.0044069370073 3450.0
640.2606147254052 4420.0
640.5168141652655 3057.0
640.7730052561054 2110.0
641.0291879974413 1502.0
641.2853623887906 1184.0
641.5415284296699 1026.0
641.797686119596 977.0
642.0538354580859 937.0
642.3099764446565 916.0
642.5661090788245 897.0
642.8222333601069 879.0
643.0783492880205 880.0
643.3344568620822 871.0
643.5905560818089 883.0
643.8466469467173 836.0
644.1027294563247 869.0
644.3588036101473 875.0
644.6148694077026 866.0
644.8709268485071 877.0
645.1269759320778 857.0
645.3830166579316 860.0
645.6390490255851 840.0
645.8950730345556 834.0
646.1510886843597 854.0
646.4070959745143 858.0
646.6630949045363 852.0
646.9190854739425 827.0
647.17506768225 855.0
647.4310415289752 861.0
647.6870070136354 874.0
647.9429641357473 861.0
648.1989128948277 848.0
648.4548532903938 869.0
648.7107853219619 864.0
648.9667089890495 852.0
649.222624291173 877.0
649.4785312278494 865.0
649.7344297985958 900.0
649.9903200029287 1007.0
650.2462018403652 1276.0
650.502075310422 1782.0
650.7579404126162 1767.0
651.0137971464646 1427.0
651.2696455114838 1155.0
651.525485507191 1005.0
651.7813171331029 915.0
652.0371403887364 881.0
652.2929552736086 873.0
652.5487617872358 878.0
652.8045599291355 910.0
653.0603496988242 986.0
653.3161310958188 1030.0
653.5719041196362 962.0
653.8276687697933 906.0
654.0834250458071 882.0
654.3391729471941 860.0
654.5949124734717 854.0
654.8506436241562 849.0
655.1063663987647 858.0
655.3620807968144 846.0
655.6177868178215 845.0
655.8734844613035 887.0
656.129173726777 929.0
656.3848546137588 910.0
656.6405271217659 901.0
656.8961912503149 860.0
657.1518469989231 857.0
657.4074943671071 857.0
657.6631333543837 853.0
657.9187639602701 849.0
658.1743861842826 844.0
658.4300000259387 846.0
658.6856054847549 834.0
658.9412025602483 873.0
659.1967912519353 902.0
659.4523715593333 952.0
659.707943481959 1142.0
659.9635070193291 1184.0
660.2190621709606 1070.0
660.4746089363705 962.0
660.7301473150753 901.0
660.9856773065924 872.0
661.2411989104381 873.0
661.4967121261298 856.0
661.7522169531838 850.0
662.0077133911174 841.0
662.2632014394475 865.0
662.5186810976904 846.0
662.7741523653638 861.0
663.029615241984 856.0
663.2850697270679 833.0
663.5405158201327 848.0
663.7959535206948 855.0
664.0513828282715 836.0
664.3068037423793 855.0
664.5622162625355 864.0
664.8176203882564 837.0
665.0730161190594 841.0
665.3284034544613 851.0
665.5837823939785 852.0
665.8391529371283 856.0
666.0945150834276 851.0
666.349868832393 864.0
666.6052141835415 875.0
666.8605511363899 881.0
667.1158796904554 907.0
667.3711998452544 1054.0
667.626511600304 1337.0
667.8818149551211 1392.0
668.1371099092223 1196.0
668.3923964621249 1029.0
668.6476746133454 956.0
668.9029443624008 903.0
669.1582057088083 871.0
669.4134586520839 851.0
669.6687031917455 860.0
669.9239393273093 852.0
670.1791670582923 855.0
670.4343863842114 867.0
670.6895973045835 859.0
670.9447998189256 909.0
671.1999939267544 972.0
671.4551796275866 1139.0
671.7103569209394 1236.0
671.9655258063294 1098.0
672.220686283274 1011.0
672.475838351289 921.0
672.7309820098925 879.0
672.9861172586005 854.0
673.2412440969302 848.0
673.4963625243987 843.0
673.7514725405223 850.0
674.0065741448183 859.0
674.2616673368035 848.0
674.5167521159946 842.0
674.7718284819086 843.0
675.0268964340622 847.0
675.2819559719727 846.0
675.5370070951565 862.0
675.7920498031307 845.0
676.0470840954122 846.0
676.3021099715176 846.0
676.5571274309642 849.0
676.8121364732684 847.0
677.0671370979474 849.0
677.3221293045178 844.0
677.5771130924968 842.0
677.8320884614011 840.0
678.0870554107474 846.0
678.3420139400529 853.0
678.5969640488343 856.0
678.8519057366083 836.0
679.1068390028922 844.0
679.3617638472023 841.0
679.616680269056 858.0
679.8715882679699 828.0
680.1264878434607 837.0
680.3813789950458 850.0
680.6362617222414 843.0
680.8911360245651 828.0
681.146001901533 849.0
681.4008593526627 847.0
681.6557083774705 845.0
681.9105489754734 835.0
682.1653811461886 846.0
682.4202048891326 832.0
682.6750202038223 834.0
682.9298270897748 852.0
683.1846255465068 848.0
683.4394155735351 849.0
683.6941971703767 843.0
683.9489703365485 841.0
684.2037350715673 836.0
684.4584913749499 840.0
684.7132392462133 842.0
684.9679786848742 844.0
685.2227096904496 844.0
685.4774322624564 852.0
685.7321464004115 831.0
685.9868521038316 848.0
686.2415493722334 855.0
686.4962382051343 845.0
686.7509186020508 854.0
687.0055905624997 835.0
687.2602540859983 849.0
687.514909172063 864.0
687.7695558202109 880.0
688.0241940299587 861.0
688.2788238008236 845.0
688.5334451323221 834.0
688.7880580239712 844.0
689.042662475288 848.0
689.2972584857889 849.0
689.5518460549912 840.0
689.8064251824115 844.0
690.0609958675668 854.0
690.3155581099742 850.0
690.5701119091498 855.0
690.8246572646113 867.0
691.0791941758752 855.0
691.3337226424583 849.0
691.5882426638777 860.0
691.84275423965 872.0
692.0972573692924 896.0
692.3517520523214 971.0
692.6062382882542 1223.0
692.8607160766074 1477.0
693.1151854168979 1326.0
693.3696463086428 1197.0
693.6240987513587 992.0
693.8785427445628 922.0
694.1329782877717 874.0
694.3874053805022 857.0
694.6418240222713 856.0
694.8962342125958 864.0
695.1506359509929 848.0
695.405029236979 849.0
695.6594140700711 849.0
695.9137904497863 849.0
696.168158375641 847.0
696.4225178471527 845.0
696.676868863838 857.0
696.9312114252134 856.0
697.1855455307963 853.0
697.4398711801031 851.0
697.6941883726512 860.0
697.9484971079568 852.0
698.2027973855375 842.0
698.4570892049098 851.0
698.7113725655903 849.0
698.9656474670965 828.0
699.2199139089445 849.0
699.4741718906519 850.0
699.7284214117353 836.0
699.9826624717113 855.0
700.2368950700971 850.0
700.4911192064093 838.0
700.7453348801653 845.0
700.9995420908814 830.0
701.2537408380745 853.0
701.5079311212619 848.0
701.7621129399598 852.0
702.016286293686 873.0
702.2704511819566 873.0
702.5246076042886 928.0
702.778755560199 1073.0
703.0328950492045 1422.0
703.2870260708224 1428.0
703.5411486245691 1264.0
703.7952627099618 1079.0
704.0493683265172 969.0
704.3034654737519 902.0
704.5575541511835 887.0
704.8116343583279 876.0
705.0657060947029 853.0
705.3197693598249 860.0
705.5738241532106 864.0
705.8278704743772 873.0
706.0819083228414 846.0
706.3359376981203 842.0
706.5899585997306 846.0
706.8439710271889 836.0
707.0979749800126 843.0
707.3519704577179 855.0
707.6059574598225 837.0
707.8599359858429 833.0
708.1139060352955 857.0
708.3678676076978 850.0
708.6218207025663 859.0
708.8757653194182 852.0
709.12970145777 859.0
709.3836291171389 833.0
709.6375482970416 842.0
709.8914589969946 850.0
710.1453612165157 839.0
710.3992549551208 838.0
710.6531402123275 859.0
710.9070169876522 856.0
711.1608852806118 852.0
711.4147450907236 844.0
711.6685964175037 853.0
711.9224392604699 854.0
712.1762736191384 837.0
712.4300994930262 858.0
712.6839168816504 854.0
712.9377257845274 844.0
713.1915262011746 842.0
713.4453181311087 854.0
713.6991015738463 837.0
713.9528765289045 832.0
714.2066429958 842.0
714.4604009740502 860.0
714.7141504631712 850.0
714.9678914626805 862.0
715.2216239720948 843.0
715.4753479909306 834.0
715.7290635187052 840.0
715.982770554935 844.0
716.2364690991376 859.0
716.4901591508293 849.0
716.743840709527 842.0
716.9975137747479 871.0
717.2511783460084 922.0
717.5048344228259 893.0
717.7584820047169 886.0
718.0121210911982 857.0
718.2657516817872 872.0
718.519373776 854.0
718.772987373354 862.0
719.026592473366 839.0
719.2801890755527 842.0
719.5337771794311 846.0
719.7873567845179 851.0
720.0409278903304 837.0
720.294490496385 858.0
720.5480446021987 842.0
720.8015902072887 837.0
721.0551273111711 843.0
721.3086559133636 841.0
721.5621760133826 851.0
721.815687610745 849.0
722.0691907049679 845.0
722.3226852955679 829.0
722.5761713820622 835.0
722.8296489639672 836.0
723.0831180408002 848.0
723.3365786120778 842.0
723.5900306773169 858.0
723.8434742360346 901.0
724.0969092877473 983.0
724.3503358319725 1132.0
724.6037538682267 1080.0
724.8571633960265 1036.0
725.1105644148894 932.0
725.3639569243315 890.0
725.6173409238706 854.0
725.8707164130229 853.0
726.1240833913054 863.0
726.3774418582351 852.0
726.6307918133285 847.0
726.8841332561029 862.0
727.137466186075 849.0
727.3907906027619 848.0
727.6441065056802 844.0
727.8974138943464 862.0
728.1507127682783 848.0
728.4040031269918 848.0
728.6572849700045 836.0
728.9105582968331 841.0
729.1638231069941 842.0
729.4170794000048 849.0
729.6703271753817 840.0
729.923566432642 841.0
730.1767971713025 835.0
730.4300193908798 843.0
730.6832330908911 853.0
730.936438270853 855.0
731.1896349302828 860.0
731.442823068697 848.0
731.6960026856123 841.0
731.949173780546 836.0
732.2023363530145 840.0
732.4554904025351 829.0
732.7086359286245 830.0
732.9617729307997 846.0
733.2149014085775 838.0
733.4680213614745 833.0
733.7211327890079 850.0
733.9742356906943 853.0
734.2273300660511 836.0
734.4804159145946 832.0
734.7334932358416 848.0
734.9865620293094 845.0
735.2396222945147 830.0
735.4926740309744 837.0
735.7457172382054 856.0
735.9987519157243 849.0
736.2517780630484 860.0
736.504795679694 859.0
736.7578047651785 865.0
737.0108053190187 852.0
737.2637973407312 825.0
737.516780829833 838.0
737.769755785841 832.0
738.0227222082721 841.0
738.2756800966428 830.0
738.5286294504706 848.0
738.781570269272 837.0
739.0345025525638 832.0
739.2874262998632 852.0
739.5403415106866 839.0
739.7932481845512 840.0
740.046146320974 841.0
740.2990359194714 849.0
740.5519169795606 828.0
740.8047895007583 852.0
741.0576534825816 841.0
741.3105089245472 853.0
741.563355826172 843.0
741.8161941869729 834.0
742.0690240064664 844.0
742.3218452841702 839.0
742.5746580196005 848.0
742.8274622122741 824.0
743.0802578617083 829.0
743.3330449674197 854.0
743.5858235289254 886.0
743.8385935457418 908.0
744.0913550173865 899.0
744.3441079433758 885.0
744.5968523232264 863.0
744.8495881564559 854.0
745.1023154425804 853.0
745.3550341811174 858.0
745.6077443715835 835.0
745.8604460134952 839.0
746.1131391063701 856.0
746.3658236497243 840.0
746.6184996430754 855.0
746.87116708594 858.0
747.1238259778346 851.0
747.3764763182764 856.0
747.6291181067822 876.0
747.8817513428692 826.0
748.1343760260539 848.0
748.3869921558529 862.0
748.6395997317837 856.0
748.8921987533628 864.0
749.1447892201071 865.0
749.3973711315336 850.0
749.6499444871589 836.0
749.9025092865003 836.0
750.1550655290741 846.0
750.4076132143978 833.0
750.6601523419877 845.0
750.912682911361 840.0
751.1652049220347 842.0
751.4177183735251 848.0
751.6702232653497 850.0
751.9227195970248 861.0
752.1752073680677 854.0
752.4276865779954 841.0
752.680157226324 836.0
752.9326193125712 856.0
753.1850728362533 863.0
753.4375177968876 886.0
753.6899541939908 880.0
753.9423820270795 865.0
754.194801295671 868.0
754.4472119992819 864.0
754.6996141374291 849.0
754.9520077096296 840.0
755.2043927154 834.0
755.4567691542577 837.0
755.7091370257187 812.0
755.9614963293008 844.0
756.2138470645202 844.0
756.4661892308942 839.0
756.7185228279395 843.0
756.9708478551728 837.0
757.2231643121112 847.0
757.4754721982714 848.0
757.7277715131704 849.0
757.9800622563251 840.0
758.2323444272521 843.0
758.4846180254688 857.0
758.7368830504913 853.0
758.9891395018373 844.0
759.2413873790232 858.0
759.4936266815657 848.0
759.7458574089821 853.0
759.9980795607888 842.0
760.2502931365033 843.0
760.502498135642 839.0
760.7546945577217 842.0
761.0068824022595 833.0
761.2590616687722 850.0
761.5112323567769 849.0
761.7633944657899 843.0
762.0155479953288 848.0
762.26769294491 838.0
762.5198293140501 836.0
762.7719571022666 856.0
763.024076309076 821.0
763.2761869339953 845.0
763.5282889765415 846.0
763.780382436231 838.0
764.032467312581 853.0
764.2845436051083 844.0
764.53661131333 840.0
764.7886704367629 838.0
765.0407209749233 828.0
765.2927629273288 841.0
765.5447962934958 836.0
765.7968210729414 829.0
766.0488372651824 858.0
766.3008448697357 843.0
766.5528438861181 838.0
766.8048343138464 850.0
767.0568161524378 846.0
767.3087894014087 845.0
767.5607540602764 856.0
767.8127101285577 837.0
768.0646576057691 836.0
768.3165964914278 855.0
768.5685267850505 853.0
768.8204484861544 828.0
769.0723615942561 824.0
769.3242661088722 848.0
769.5761620295201 833.0
769.8280493557162 840.0
770.0799280869778 837.0
770.3317982228216 852.0
770.5836597627642 846.0
770.835512706323 842.0
771.0873570530143 855.0
771.3391928023555 835.0
771.591019953863 840.0
771.8428385070538 843.0
772.094648461445 842.0
772.3464498165532 839.0
772.5982425718955 855.0
772.8500267269885 838.0
773.1018022813494 826.0
773.3535692344948 842.0
773.6053275859415 834.0
773.8570773352067 839.0
774.108818481807 851.0
774.3605510252594 841.0
774.6122749650807 848.0
774.8639903007878 844.0
775.1156970318975 829.0
775.3673951579267 852.0
775.6190846783925 855.0
775.8707655928115 839.0
776.1224379007004 842.0
776.3741016015766 854.0
776.6257566949563 856.0
776.8774031803571 857.0
777.1290410572955 862.0
777.3806703252881 864.0
777.6322909838522 856.0
777.8839030325043 850.0
778.1355064707618 851.0
778.3871012981411 853.0
778.6386875141592 862.0
778.890265118333 854.0
779.1418341101793 833.0
779.3933944892151 840.0
779.6449462549571 836.0
779.8964894069222 849.0
780.1480239446275 860.0
780.3995498675895 861.0
780.6510671753255 863.0
780.9025758673517 835.0
781.1540759431858 848.0
781.4055674023442 851.0
781.6570502443437 835.0
781.9085244687013 823.0
782.159990074934 855.0
782.4114470625585 841.0
782.6628954310918 846.0
782.9143351800503 831.0
783.1657663089516 852.0
783.4171888173119 837.0
783.6686027046486 828.0
783.9200079704783 824.0
784.1714046143178 839.0
784.4227926356843 851.0
784.6741720340941 838.0
784.9255428090647 844.0
785.1769049601126 837.0
785.4282584867548 848.0
785.6796033885082 840.0
785.9309396648893 841.0
786.1822673154155 843.0
786.4335863396033 852.0
786.6848967369698 851.0
786.9361985070317 842.0
787.1874916493058 843.0
787.4387761633094 841.0
787.6900520485588 837.0
787.9413193045713 830.0
788.1925779308636 841.0
788.4438279269523 844.0
788.6950692923548 846.0
788.9463020265875 848.0
789.1975261291677 854.0
789.448741599612 851.0
789.6999484374371 839.0
789.9511466421604 843.0
790.2023362132982 851.0
790.4535171503677 864.0
790.7046894528855 846.0
790.9558531203689 854.0
791.2070081523347 829.0
791.458154548299 843.0
791.7092923077797 839.0
791.9604214302931 835.0
792.2115419153562 844.0
792.462653762486 846.0
792.7137569711989 852.0
792.9648515410123 841.0
793.2159374714428 838.0
793.4670147620074 843.0
793.718083412223 828.0
793.9691434216061 832.0
794.220194789674 838.0
794.4712375159432 833.0
794.722271599931 841.0
794.9732970411541 856.0
795.2243138391292 844.0
795.4753219933733 844.0
795.7263215034031 829.0
795.9773123687357 841.0
796.2282945888878 838.0
796.4792681633767 849.0
796.7302330917187 837.0
796.9811893734307 844.0
797.23213700803 852.0
797.483075995033 836.0
797.7340063339569 845.0
797.9849280243186 845.0
798.2358410656345 839.0
798.4867454574222 850.0
798.7376411991978 842.0
798.9885282904788 841.0
799.2394067307818 840.0
799.4902765196234 836.0
799.741137656521 828.0
799.9919901409909 837.0
800.2428339725506 840.0
800.4936691507165 848.0
800.7444956750055 848.0
800.9953135449347 849.0
801.2461227600207 836.0
801.4969233197808 840.0
801.7477152237312 848.0
801.9984984713894 847.0
802.2492730622722 833.0
802.5000389958959 847.0
802.7507962717781 839.0
803.0015448894349 849.0
803.252284848384 840.0
803.5030161481417 840.0
803.7537387882248 833.0
804.0044527681507 826.0
804.2551580874358 824.0
804.5058547455972 845.0
804.7565427421519 854.0
805.0072220766161 839.0
805.2578927485075 829.0
805.5085547573423 838.0
805.7592081026379 823.0
806.009852783911 834.0
806.2604888006782 832.0
806.5111161524568 824.0
806.7617348387631 840.0
807.0123448591147 837.0
807.2629462130279 853.0
807.5135389000196 836.0
807.7641229196071 844.0
808.0146982713067 837.0
808.2652649546358 831.0
808.5158229691108 839.0
808.7663723142489 842.0
809.016912989567 848.0
809.2674449945815 830.0
809.5179683288098 833.0
809.7684829917686 849.0
810.0189889829746 852.0
810.269486301945 829.0
810.5199749481961 853.0
810.7704549212456 839.0
811.0209262206095 851.0
811.2713888458052 841.0
811.5218427963496 846.0
811.7722880717591 827.0
812.022724671551 839.0
812.2731525952421 843.0
812.5235718423493 842.0
812.7739824123893 854.0
813.0243843048788 835.0
813.2747775193352 841.0
813.5251620552749 840.0
813.7755379122152 866.0
814.0259050896724 845.0
814.276263587164 837.0
814.5266134042064 835.0
814.7769545403165 839.0
815.0272869950115 830.0
815.2776107678079 832.0
815.5279258582229 860.0
815.7782322657732 844.0
816.0285299899754 827.0
816.2788190303468 837.0
816.529099386404 845.0
816.7793710576641 838.0
817.0296340436439 819.0
817.2798883438601 830.0
817.5301339578298 850.0
817.7803708850694 832.0
818.0305991250964 833.0
818.2808186774273 826.0
818.531029541579 840.0
818.7812317170685 849.0
819.0314252034124 836.0
819.281610000128 834.0
819.5317861067317 835.0
819.7819535227408 832.0
820.0321122476719 835.0
820.2822622810417 844.0
820.5324036223675 829.0
820.7825362711658 837.0
821.0326602269538 834.0
821.2827754892483 840.0
821.5328820575656 843.0
821.7829799314234 836.0
822.033069110338 830.0
822.2831495938267 840.0
822.5332213814061 832.0
822.7832844725929 840.0
823.0333388669044 843.0
823.283384563857 823.0
823.533421562968 826.0
823.7834498637541 843.0
824.033469465732 849.0
824.2834803684189 835.0
824.5334825713311 838.0
824.7834760739862 830.0
825.0334608759005 818.0
825.2834369765912 833.0
825.5334043755751 836.0
825.7833630723688 836.0
826.0333130664897 845.0
826.2832543574541 831.0
826.5331869447793 843.0
826.783110827982 849.0
827.0330260065789 859.0
827.2829324800872 838.0
827.5328302480233 849.0
827.7827193099047 818.0
828.032599665248 833.0
828.2824713135695 840.0
828.532334254387 836.0
828.7821884872168 838.0
829.0320340115759 844.0
829.2818708269813 833.0
829.5316989329494 820.0
829.7815183289979 837.0
830.0313290146428 848.0
830.2811309894015 832.0
830.5309242527906 832.0
830.7807088043272 826.0
831.0304846435281 835.0
831.2802517699099 838.0
831.5300101829899 850.0
831.7797598822846 853.0
832.0295008673112 837.0
832.2792331375864 838.0
832.5289566926268 842.0
832.7786715319497 836.0
833.0283776550717 850.0
833.27807506151 843.0
833.5277637507811 827.0
833.7774437224018 828.0
834.0271149758895 840.0
834.2767775107606 828.0
834.526431326532 849.0
834.7760764227208 825.0
835.0257127988438 845.0
835.2753404544177 838.0
835.5249593889594 837.0
835.774569601986 840.0
836.0241710930143 834.0
836.2737638615607 839.0
836.5233479071428 851.0
836.7729232292768 838.0
837.0224898274802 839.0
837.2720477012693 854.0
837.5215968501614 885.0
837.7711372736733 880.0
838.0206689713215 881.0
838.2701919426232 861.0
838.5197061870952 846.0
838.7692117042545 848.0
839.0187084936177 833.0
839.2681965547017 825.0
839.5176758870236 843.0
839.7671464901001 848.0
840.0166083634483 853.0
840.2660615065847 834.0
840.5155059190262 829.0
840.7649416002901 848.0
841.0143685498927 844.0
841.2637867673512 842.0
841.5131962521828 835.0
841.7625970039035 866.0
842.0119890220308 844.0
842.2613723060813 836.0
842.5107468555723 848.0
842.76011267002 836.0
843.0094697489418 831.0
843.2588180918546 840.0
843.5081576982747 831.0
843.7574885677194 832.0
844.0068106997054 829.0
844.25612409375 828.0
844.5054287493696 836.0
844.754724666081 841.0
845.0040118434015 836.0
845.2532902808475 832.0
845.5025599779364 832.0
845.7518209341847 834.0
846.0010731491091 849.0
846.2503166222269 835.0
846.4995513530547 836.0
846.7487773411094 839.0
846.9979945859081 828.0
847.2472030869674 834.0
847.4964028438043 847.0
847.7455938559353 844.0
847.994776122878 839.0
848.2439496441485 838.0
848.4931144192642 818.0
848.7422704477419 833.0
848.9914177290981 844.0
849.2405562628502 860.0
849.4896860485144 843.0
849.7388070856083 851.0
849.9879193736485 848.0
850.2370229121515 851.0
850.4861177006346 846.0
850.7352037386146 841.0
850.9842810256082 846.0
851.2333495611326 846.0
851.482409344704 840.0
851.7314603758401 825.0
851.9805026540571 842.0
852.2295361788724 846.0
852.4785609498026 852.0
852.7275769663643 845.0
852.9765842280748 828.0
853.2255827344507 824.0
853.4745724850093 823.0
853.7235534792667 830.0
853.9725257167406 843.0
854.2214891969475 840.0
854.4704439194039 841.0
854.7193898836274 839.0
854.9683270891342 840.0
855.2172555354416 836.0
855.4661752220665 829.0
855.7150861485252 838.0
855.9639883143353 836.0
856.212881719013 820.0
856.4617663620759 850.0
856.7106422430403 836.0
856.9595093614231 838.0
857.2083677167415 833.0
857.4572173085119 833.0
857.7060581362517 840.0
857.9548901994776 838.0
858.2037134977061 833.0
858.4525280304546 830.0
858.7013337972394 837.0
858.950130797578 838.0
859.1989190309868 845.0
859.4476984969828 826.0
859.696469195083 838.0
859.9452311248039 840.0
860.1939842856627 848.0
860.4427286771763 847.0
860.6914642988615 823.0
860.9401911502351 833.0
861.1889092308139 846.0
861.437618540115 824.0
861.686319077655 817.0
861.935010842951 826.0
862.1836938355198 835.0
862.432368054878 849.0
862.6810335005429 847.0
862.9296901720311 826.0
863.1783380688596 845.0
863.4269771905452 855.0
863.6756075366046 847.0
863.9242291065551 828.0
864.1728418999131 848.0
864.4214459161959 847.0
864.6700411549201 829.0
864.9186276156024 837.0
865.1672052977602 858.0
865.4157742009098 851.0
865.6643343245685 845.0
865.9128856682528 840.0
866.1614282314799 826.0
866.4099620137665 822.0
866.6584870146295 845.0
866.9070032335858 845.0
867.155510670152 838.0
867.4040093238455 841.0
867.6524991941827 837.0
867.9009802806806 836.0
868.1494525828563 860.0
868.3979161002262 835.0
868.6463708323078 848.0
868.8948167786174 839.0
869.1432539386718 813.0
869.3916823119887 823.0
869.6401018980839 825.0
869.8885126964751 842.0
870.1369147066789 833.0
870.3853079282118 819.0
870.6336923605911 830.0
870.8820680033335 841.0
871.1304348559562 849.0
871.3787929179755 831.0
871.6271421889087 834.0
871.8754826682726 834.0
872.1238143555837 835.0
872.3721372503595 820.0
872.6204513521162 836.0
872.8687566603713 830.0
873.1170531746413 848.0
873.365340894443 856.0
873.6136198192935 838.0
873.8618899487094 836.0
874.110151282208 840.0
874.3584038193057 829.0
874.6066475595196 822.0
874.8548825023668 839.0
875.1031086473636 849.0
875.3513259940273 846.0
875.5995345418747 836.0
875.8477342904224 838.0
876.0959252391877 839.0
876.3441073876871 843.0
876.5922807354377 821.0
876.8404452819562 832.0
877.0886010267599 834.0
877.3367479693651 820.0
877.5848861092887 844.0
877.8330154460481 848.0
878.0811359791594 850.0
878.3292477081402 855.0
878.5773506325071 859.0
878.8254447517768 848.0
879.0735300654665 837.0
879.3216065730924 824.0
879.5696742741723 836.0
879.8177331682225 822.0
880.0657832547598 833.0
880.3138245333014 820.0
880.5618570033639 826.0
880.8098806644645 843.0
881.0578955161196 819.0
881.3059015578464 832.0
881.5538987891618 838.0
881.8018872095822 832.0
882.0498668186252 840.0
882.297837615807 823.0
882.5457996006451 840.0
882.7937527726558 820.0
883.041697131356 818.0
883.2896326762632 838.0
883.5375594068934 813.0
883.7854773227642 830.0
884.0333864233922 829.0
884.2812867082938 812.0
884.5291781769868 833.0
884.7770608289871 843.0
885.0249346638125 845.0
885.2727996809792 842.0
885.5206558800041 842.0
885.7685032604046 829.0
886.0163418216969 841.0
886.2641715633982 839.0
886.5119924850256 832.0
886.7598045860955 828.0
887.007607866125 825.0
887.2554023246308 819.0
887.5031879611303 836.0
887.7509647751398 820.0
887.9987327661763 837.0
888.2464919337567 832.0
888.4942422773979 837.0
888.7419837966169 833.0
888.9897164909302 851.0
889.2374403598551 848.0
889.4851554029083 844.0
889.7328616196063 855.0
889.9805590094667 830.0
890.2282475720056 819.0
890.4759273067405 821.0
890.7235982131879 813.0
890.9712602908646 829.0
891.218913539288 836.0
891.4665579579743 839.0
891.7141935464408 849.0
891.9618203042044 843.0
892.2094382307815 822.0
892.4570473256895 843.0
892.7046475884449 820.0
892.9522390185649 836.0
893.1998216155661 839.0
893.4473953789653 822.0
893.6949603082797 840.0
893.9425164030258 837.0
894.1900636627211 836.0
894.4376020868815 821.0
894.6851316750246 845.0
894.9326524266672 841.0
895.1801643413257 831.0
895.4276674185177 842.0
895.6751616577593 830.0
895.922647058568 835.0
896.1701236204603 839.0
896.4175913429531 840.0
896.6650502255636 834.0
896.912500267808 828.0
897.159941469204 841.0
897.4073738292678 841.0
897.6547973475165 849.0
897.9022120234671 829.0
898.1496178566362 840.0
898.3970148465409 859.0
898.644402992698 834.0
898.8917822946241 831.0
899.1391527518367 831.0
899.386514363852 836.0
899.6338671301874 842.0
899.8812110503592 833.0
900.1285461238849 828.0
900.375872350281 824.0
900.6231897290643 817.0
900.8704982597519 830.0
901.1177979418604 825.0
901.3650887749071 840.0
901.6123707584086 836.0
901.8596438918815 846.0
902.106908174843 830.0
902.35416360681 830.0
902.6014101872993 828.0
902.8486479158278 837.0
903.095876791912 844.0
903.3430968150694 832.0
903.5903079848164 820.0
903.83751030067 833.0
904.0847037621473 829.0
904.3318883687646 840.0
904.5790641200394 842.0
904.826231015488 833.0
905.0733890546279 837.0
905.3205382369753 844.0
905.5676785620476 834.0
905.8148100293615 831.0
906.0619326384336 841.0
906.3090463887813 833.0
906.5561512799208 828.0
906.8032473113697 838.0
907.0503344826443 848.0
907.2974127932616 846.0
907.5444822427387 838.0
907.7915428305921 827.0
908.038594556339 829.0
908.2856374194963 834.0
908.5326714195803 829.0
908.7796965561088 830.0
909.0267128285976 837.0
909.2737202365645 838.0
909.520718779526 825.0
909.7677084569985 833.0
910.0146892684998 816.0
910.261661213546 830.0
910.5086242916544 833.0
910.7555785023416 832.0
911.0025238451248 825.0
911.2494603195206 814.0
911.4963879250456 849.0
911.7433066612174 825.0
911.9902165275522 840.0
912.2371175235672 833.0
912.4840096487795 822.0
912.7308929027052 843.0
912.9777672848619 824.0
913.2246327947661 818.0
913.4714894319347 823.0
913.7183371958849 833.0
913.965176086133 837.0
914.2120061021965 858.0
914.4588272435916 848.0
914.7056395098358 843.0
914.9524429004457 836.0
915.1992374149379 832.0
915.4460230528298 828.0
915.6927998136375 835.0
915.9395676968788 840.0
916.1863267020701 827.0
916.4330768287281 838.0
916.67981807637 844.0
916.9265504445123 848.0
917.1732739326723 848.0
917.4199885403666 835.0
917.6666942671121 832.0
917.9133911124259 832.0
918.1600790758242 844.0
918.4067581568248 843.0
918.6534283549438 824.0
918.9000896696987 831.0
919.1467421006058 828.0
919.3933856471822 853.0
919.6400203089449 832.0
919.8866460854103 848.0
920.1332629760961 845.0
920.3798709805186 833.0
920.6264700981943 835.0
920.8730603286409 818.0
921.1196416713748 828.0
921.3662141259131 838.0
921.6127776917724 830.0
921.8593323684695 839.0
922.1058781555217 836.0
922.3524150524454 822.0
922.598943058758 830.0
922.8454621739758 836.0
923.0919723976159 826.0
923.3384737291954 830.0
923.5849661682307 838.0
923.8314497142393 846.0
924.0779243667373 834.0
924.3243901252423 816.0
924.5708469892709 823.0
924.8172949583395 845.0
925.0637340319656 836.0
925.3101642096658 842.0
925.5565854909571 841.0
925.8029978753563 832.0
926.04940136238 825.0
926.2957959515456 844.0
926.5421816423694 856.0
926.7885584343687 841.0
927.0349263270604 832.0
927.281285319961 842.0
927.5276354125876 818.0
927.7739766044568 834.0
928.020308895086 827.0
928.2666322839915 838.0
928.5129467706906 831.0
928.7592523547 830.0
929.0055490355364 829.0
929.2518368127171 834.0
929.4981156857584 828.0
929.7443856541778 840.0
929.9906467174917 834.0
930.2368988752169 837.0
930.4831421268707 832.0
930.7293764719695 842.0
930.9756019100306 825.0
931.2218184405708 834.0
931.4680260631065 833.0
931.7142247771553 827.0
931.9604145822334 846.0
932.2065954778582 855.0
932.4527674635461 840.0
932.6989305388141 820.0
932.9450847031794 833.0
933.1912299561584 836.0
933.4373662972685 829.0
933.6834937260257 836.0
933.929612241948 841.0
934.1757218445516 816.0
934.4218225333533 835.0
934.6679143078701 822.0
934.913997167619 830.0
935.1600711121167 832.0
935.4061361408803 829.0
935.6521922534262 845.0
935.8982394492718 825.0
936.1442777279336 830.0
936.3903070889288 827.0
936.636327531774 837.0
936.882339055986 836.0
937.128341661082 840.0
937.3743353465785 835.0
937.6203201119927 835.0
937.8662959568414 840.0
938.1122628806411 844.0
938.3582208829092 840.0
938.6041699631621 838.0
938.8501101209171 837.0
939.0960413556905 840.0
939.341963667 832.0
939.5878770543618 846.0
939.8337815172929 826.0
940.0796770553103 841.0
940.3255636679306 837.0
940.5714413546712 831.0
940.8173101150486 817.0
941.0631699485793 836.0
941.309020854781 826.0
941.5548628331699 816.0
941.8006958832632 810.0
942.0465200045778 831.0
942.2923351966301 833.0
942.5381414589376 843.0
942.7839387910167 849.0
943.0297271923846 848.0
943.275506662558 827.0
943.5212772010536 823.0
943.7670388073888 826.0
944.0127914810797 835.0
944.2585352216438 820.0
944.504270028598 844.0
944.7499959014584 829.0
944.9957128397427 840.0
945.2414208429674 828.0
945.4871199106495 861.0
945.7328100423057 842.0
945.978491237453 830.0
946.2241634956084 832.0
946.4698268162882 816.0
946.71548119901 820.0
946.9611266432901 841.0
947.2067631486459 844.0
947.4523907145939 818.0
947.6980093406509 832.0
947.943619026334 841.0
948.1892197711599 828.0
948.4348115746456 840.0
948.680394436308 821.0
948.9259683556636 838.0
949.17153333223 823.0
949.4170893655231 840.0
949.6626364550607 842.0
949.9081746003591 841.0
950.1537038009352 840.0
950.3992240563063 857.0
950.6447353659886 832.0
950.8902377294995 830.0
951.1357311463555 819.0
951.381215616074 822.0
951.6266911381715 836.0
951.8721577121647 845.0
952.1176153375708 838.0
952.3630640139064 819.0
952.6085037406887 836.0
952.8539345174344 823.0
953.09935634366 843.0
953.3447692188829 842.0
953.5901731426196 850.0
953.8355681143876 823.0
954.080954133703 839.0
954.326331200083 811.0
954.5716993130445 836.0
954.8170584721041 824.0
955.0624086767792 828.0
955.3077499265863 824.0
955.5530822210421 829.0
955.798405559664 829.0
956.0437199419682 821.0
956.2890253674723 822.0
956.5343218356925 838.0
956.7796093461461 829.0
957.02488789835 836.0
957.2701574918206 835.0
957.5154181260752 832.0
957.7606698006304 823.0
958.0059125150034 809.0
958.2511462687107 830.0
958.4963710612694 838.0
958.7415868921963 817.0
958.9867937610082 833.0
959.2319916672224 837.0
959.4771806103552 842.0
959.7223605899235 854.0
959.9675316054446 835.0
960.2126936564348 848.0
960.4578467424116 815.0
960.7029908628915 824.0
960.9481260173911 842.0
961.193252205428 852.0
961.4383694265184 834.0
961.6834776801796 829.0
961.9285769659282 839.0
962.1736672832812 813.0
962.4187486317555 830.0
962.6638210108677 839.0
962.908884420135 840.0
963.153938859074 824.0
963.3989843272019 823.0
963.6440208240352 829.0
963.889048349091 843.0
964.1340669018862 847.0
964.3790764819373 846.0
964.6240770887617 828.0
964.8690687218761 836.0
965.114051380797 837.0
965.3590250650417 836.0
965.6039897741268 852.0
965.8489455075695 835.0
966.0938922648864 835.0
966.3388300455941 846.0
966.5837588492103 846.0
966.8286786752509 828.0
967.0735895232334 826.0
967.3184913926743 831.0
967.5633842830911 836.0
967.808268194 830.0
968.0531431249179 839.0
968.2980090753622 829.0
968.5428660448491 834.0
968.7877140328961 821.0
969.0325530390197 832.0
969.2773830627367 824.0
969.5222041035643 830.0
969.7670161610189 833.0
970.0118192346179 829.0
970.2566133238779 826.0
970.5013984283155 808.0
970.746174547448 817.0
970.990941680792 833.0
971.2356998278649 839.0
971.480448988183 836.0
971.725189161263 843.0
971.9699203466223 824.0
972.2146425437775 839.0
972.4593557522456 834.0
972.7040599715434 828.0
972.9487552011876 844.0
973.1934414406954 828.0
973.4381186895833 841.0
973.6827869473685 826.0
973.9274462135677 836.0
974.1720964876979 836.0
974.4167377692759 837.0
974.6613700578182 831.0
974.9059933528424 818.0
975.1506076538647 850.0
975.3952129604023 857.0
975.6398092719721 841.0
975.8843965880908 841.0
976.1289749082755 834.0
976.3735442320426 844.0
976.6181045589096 822.0
976.862655888393 823.0
977.1071982200094 832.0
977.3517315532764 844.0
977.5962558877101 840.0
977.840771222828 827.0
978.0852775581467 823.0
978.3297748931827 841.0
978.5742632274536 825.0
978.8187425604756 829.0
979.063212891766 834.0
979.3076742208415 841.0
979.5521265472191 823.0
979.7965698704156 848.0
980.0410041899477 834.0
980.2854295053326 814.0
980.5298458160865 832.0
980.7742531217272 829.0
981.0186514217711 843.0
981.2630407157347 829.0
981.5074210031356 840.0
981.7517922834901 838.0
981.9961545563154 837.0
982.2405078211283 835.0
982.4848520774455 841.0
982.729187324784 838.0
982.9735135626606 836.0
983.2178307905924 832.0
983.4621390080961 826.0
983.7064382146882 832.0
983.9507284098863 824.0
984.1950095932067 844.0
984.4392817641666 852.0
984.6835449222825 832.0
984.9277990670716 845.0
985.1720441980509 851.0
985.4162803147366 823.0
985.6605074166464 838.0
985.9047255032964 834.0
986.1489345742042 838.0
986.3931346288863 830.0
986.6373256668593 829.0
986.8815076876406 827.0
987.1256806907464 832.0
987.3698446756944 824.0
987.613999642001 823.0
987.8581455891829 838.0
988.1022825167574 837.0
988.3464104242408 844.0
988.5905293111508 838.0
988.8346391770036 843.0
989.0787400213161 830.0
989.3228318436055 845.0
989.5669146433884 851.0
989.8109884201817 842.0
990.0550531735024 834.0
990.2991089028674 830.0
990.5431556077934 825.0
990.7871932877973 841.0
991.031221942396 854.0
991.2752415711062 828.0
991.5192521734452 835.0
991.7632537489297 837.0
992.0072462970761 845.0
992.251229817402 830.0
992.4952043094236 852.0
992.7391697726582 835.0
992.9831262066227 838.0
993.2270736108336 832.0
993.4710119848082 835.0
993.7149413280629 833.0
993.958861640115 832.0
994.2027729204812 833.0
994.4466751686781 857.0
994.6905683842231 838.0
994.9344525666326 837.0
995.1783277154237 832.0
995.4221938301132 824.0
995.6660509102181 836.0
995.9098989552552 837.0
996.1537379647411 836.0
996.3975679381932 835.0
996.6413888751279 836.0
996.8852007750622 842.0
997.1290036375133 850.0
997.3727974619973 842.0
997.6165822480319 864.0
997.8603579951333 844.0
998.104124702819 827.0
998.3478823706055 809.0
998.5916309980095 843.0
998.8353705845483 827.0
999.0791011297383 818.0
999.3228226330968 828.0
999.5665350941406 847.0
999.8102385123861 828.0
1000.0539328873509 826.0
1000.2976182185512 821.0
1000.5412945055043 844.0
1000.7849617477269 840.0
1001.0286199447357 837.0
1001.2722690960481 830.0
1001.5159092011804 846.0
1001.75954025965 848.0
1002.003162270973 839.0
1002.246775234667 833.0
1002.4903791502487 830.0
1002.7339740172346 836.0
1002.9775598351421 838.0
1003.2211366034876 853.0
1003.4647043217884 848.0
1003.7082629895611 835.0
1003.9518126063224 836.0
1004.1953531715895 821.0
1004.4388846848791 838.0
1004.6824071457083 842.0
1004.9259205535938 840.0
1005.1694249080521 843.0
1005.4129202086007 837.0
1005.6564064547559 837.0
1005.8998836460353 844.0
1006.1433517819551 844.0
1006.3868108620323 842.0
1006.6302608857841 843.0
1006.8737018527269 830.0
1007.1171337623779 847.0
1007.3605566142537 856.0
1007.6039704078715 828.0
1007.8473751427481 829.0
1008.0907708184001 828.0
1008.3341574343445 834.0
1008.5775349900982 832.0
1008.8209034851784 850.0
1009.0642629191013 837.0
1009.3076132913841 847.0
1009.5509546015439 837.0
1009.7942868490973 832.0
1010.0376100335611 842.0
1010.2809241544525 830.0
1010.5242292112879 829.0
1010.7675252035845 845.0
1011.010812130859 842.0
1011.2540899926286 826.0
1011.4973587884098 830.0
1011.7406185177194 835.0
1011.9838691800747 828.0
1012.2271107749921 838.0
1012.470343301989 805.0
1012.7135667605817 843.0
1012.9567811502875 830.0
1013.1999864706231 825.0
1013.4431827211052 833.0
1013.686369901251 836.0
1013.929548010577 842.0
1014.1727170486006 830.0
1014.4158770148383 845.0
1014.6590279088067 840.0
1014.9021697300233 831.0
1015.1453024780044 845.0
1015.3884261522674 856.0
1015.6315407523286 854.0
1015.8746462777051 836.0
1016.1177427279141 842.0
1016.3608301024719 840.0
1016.603908400896 838.0
1016.8469776227028 846.0
1017.0900377674091 849.0
1017.3330888345322 856.0
1017.5761308235883 829.0
1017.8191637340951 837.0
1018.0621875655689 832.0
1018.3052023175269 837.0
1018.5482079894858 831.0
1018.7912045809622 827.0
1019.0341920914735 835.0
1019.2771705205361 822.0
1019.5201398676672 844.0
1019.7631001323837 841.0
1020.006051314202 843.0
1020.2489934126395 845.0
1020.4919264272125 839.0
1020.7348503574386 836.0
1020.9777652028342 839.0
1021.2206709629161 833.0
1021.4635676372014 858.0
1021.7064552252067 854.0
1021.9493337264495 830.0
1022.1922031404459 822.0
1022.4350634667132 850.0
1022.6779147047681 844.0
1022.9207568541273 827.0
1023.1635899143083 838.0
1023.4064138848273 831.0
1023.6492287652015 834.0
1023.8920345549478 838.0
1024.134831253583 843.0
1024.377618860624 843.0
1024.6203973755871 833.0
1024.8631667979898 843.0
1025.1059271273493 843.0
1025.3486783631818 823.0
1025.5914205050044 841.0
1025.8341535523336 832.0
1026.076877504687 837.0
1026.3195923615808 827.0
1026.5622981225324 845.0
1026.8049947870584 820.0
1027.0476823546753 832.0
1027.2903608249007 826.0
1027.5330301972513 846.0
1027.7756904712435 822.0
1028.0183416463947 815.0
1028.260983722221 819.0
1028.5036166982402 837.0
1028.7462405739689 837.0
1028.9888553489234 843.0
1029.2314610226213 830.0
1029.474057594579 843.0
1029.7166450643138 844.0
1029.9592234313418 844.0
1030.2017926951808 855.0
1030.4443528553472 831.0
1030.6869039113576 835.0
1030.9294458627296 827.0
1031.1719787089794 824.0
1031.414502449624 842.0
1031.6570170841808 838.0
1031.8995226121658 855.0
1032.1420190330966 840.0
1032.3845063464896 826.0
1032.6269845518618 835.0
1032.8694536487305 839.0
1033.111913636612 837.0
1033.3543645150232 825.0
1033.596806283481 833.0
1033.8392389415026 832.0
1034.081662488605 824.0
1034.324076924304 827.0
1034.566482248118 830.0
1034.8088784595625 833.0
1035.0512655581551 836.0
1035.2936435434124 837.0
1035.5360124148515 841.0
1035.778372171989 837.0
1036.020722814342 835.0
1036.2630643414275 852.0
1036.5053967527615 850.0
1036.7477200478622 818.0
1036.9900342262456 833.0
1037.2323392874284 810.0
1037.4746352309282 821.0
1037.7169220562612 824.0
1037.9591997629448 833.0
1038.2014683504956 847.0
1038.4437278184303 828.0
1038.685978166266 846.0
1038.9282193935196 849.0
1039.170451499708 838.0
1039.4126744843477 838.0
1039.6548883469559 834.0
1039.8970930870496 843.0
1040.1392887041452 827.0
1040.3814751977598 838.0
1040.6236525674105 837.0
1040.8658208126137 836.0
1041.107979932887 818.0
1041.3501299277466 832.0
1041.5922707967095 831.0
1041.8344025392926 825.0
1042.0765251550129 831.0
1042.3186386433872 845.0
1042.5607430039322 838.0
1042.802838236165 832.0
1043.0449243396022 827.0
1043.2870013137613 849.0
1043.5290691581586 842.0
1043.7711278723107 833.0
1044.013177455735 840.0
1044.2552179079482 835.0
1044.4972492284676 854.0
1044.7392714168093 842.0
1044.9812844724902 837.0
1045.223288395028 858.0
1045.4652831839387 838.0
1045.70726883874 843.0
1045.949245358948 847.0
1046.1912127440798 837.0
1046.4331709936528 836.0
1046.675120107183 826.0
1046.9170600841878 840.0
1047.1589909241836 857.0
1047.400912626688 832.0
1047.6428251912175 821.0
1047.8847286172886 845.0
1048.1266229044188 832.0
1048.3685080521243 840.0
1048.6103840599228 842.0
1048.8522509273307 853.0
1049.0941086538646 846.0
1049.3359572390418 829.0
1049.577796682379 832.0
1049.819626983393 838.0
1050.061448141601 830.0
1050.3032601565194 830.0
1050.5450630276655 843.0
1050.7868567545556 828.0
1051.0286413367073 840.0
1051.270416773637 832.0
1051.5121830648616 837.0
1051.7539402098982 835.0
1051.9956882082631 836.0
1052.237427059474 839.0
1052.479156763047 829.0
1052.7208773184996 843.0
1052.9625887253483 826.0
1053.2042909831098 841.0
1053.4459840913016 821.0
1053.6876680494397 828.0
1053.929342857042 821.0
1054.1710085136244 832.0
1054.4126650187043 850.0
1054.6543123717986 814.0
1054.8959505724238 826.0
1055.1375796200969 846.0
1055.3791995143351 826.0
1055.620810254655 824.0
1055.8624118405735 820.0
1056.1040042716074 835.0
1056.3455875472737 833.0
1056.5871616670893 842.0
1056.8287266305706 833.0
1057.070282437235 837.0
1057.3118290865991 847.0
1057.5533665781802 826.0
1057.7948949114943 836.0
1058.0364140860593 837.0
1058.2779241013916 843.0
1058.5194249570077 836.0
1058.760916652425 836.0
1059.0023991871599 837.0
1059.24387256073 846.0
1059.4853367726514 834.0
1059.7267918224413 834.0
1059.968237709617 841.0
1060.2096744336943 837.0
1060.451101994191 832.0
1060.6925203906237 852.0
1060.933929622509 824.0
1061.1753296893642 844.0
1061.4167205907056 833.0
1061.6581023260508 852.0
1061.8994748949162 839.0
1062.1408382968189 820.0
1062.3821925312755 813.0
1062.6235375978026 839.0
1062.8648734959181 849.0
1063.1062002251376 835.0
1063.3475177849793 842.0
1063.588826174959 832.0
1063.830125394594 830.0
1064.0714154434013 842.0
1064.312696320897 841.0
1064.553968026599 847.0
1064.7952305600238 845.0
1065.036483920688 836.0
1065.2777281081087 837.0
1065.5189631218025 826.0
1065.7601889612868 828.0
1066.001405626078 836.0
1066.2426131156928 828.0
1066.4838114296492 838.0
1066.7250005674625 839.0
1066.9661805286507 817.0
1067.2073513127305 831.0
1067.4485129192178 828.0
1067.689665347631 832.0
1067.9308085974856 835.0
1068.1719426682996 854.0
1068.413067559589 848.0
1068.654183270871 816.0
1068.8952898016628 830.0
1069.1363871514804 832.0
1069.3774753198418 825.0
1069.618554306263 834.0
1069.8596241102612 837.0
1070.100684731353 838.0
1070.3417361690556 820.0
1070.582778422886 833.0
1070.8238114923604 844.0
1071.0648353769964 836.0
1071.3058500763104 841.0
1071.5468555898192 834.0
1071.7878519170404 832.0
1072.02883905749 821.0
1072.2698170106853 834.0
1072.5107857761434 829.0
1072.75174535338 830.0
1072.9926957419138 836.0
1073.23363694126 856.0
1073.4745689509368 839.0
1073.7154917704597 828.0
1073.9564053993467 839.0
1074.1973098371145 843.0
1074.4382050832794 829.0
1074.6790911373587 822.0
1074.9199679988692 839.0
1075.1608356673278 849.0
1075.4016941422512 841.0
1075.6425434231562 845.0
1075.8833835095604 832.0
1076.1242144009796 838.0
1076.3650360969316 836.0
1076.6058485969324 831.0
1076.8466519004996 828.0
1077.0874460071498 841.0
1077.3282309163997 835.0
1077.5690066277664 836.0
1077.8097731407665 839.0
1078.0505304549172 821.0
1078.2912785697354 840.0
1078.5320174847377 841.0
1078.772747199441 836.0
1079.0134677133622 827.0
1079.2541790260184 837.0
1079.4948811369263 820.0
1079.7355740456023 845.0
1079.9762577515642 833.0
1080.2169322543277 842.0
1080.4575975534112 842.0
1080.6982536483301 813.0
1080.9389005386022 841.0
1081.179538223744 838.0
1081.4201667032721 830.0
1081.6607859767041 834.0
1081.9013960435564 830.0
1082.1419969033457 844.0
1082.382588555589 838.0
1082.6231709998035 835.0
1082.863744235506 834.0
1083.104308262213 836.0
1083.3448630794412 815.0
1083.5854086867082 815.0
1083.8259450835303 836.0
1084.0664722694248 832.0
1084.306990243908 827.0
1084.5474990064974 833.0
1084.7879985567097 819.0
1085.0284888940612 842.0
1085.2689700180695 821.0
1085.509441928251 836.0
1085.749904624123 833.0
1085.990358105202 832.0
1086.2308023710048 841.0
1086.4712374210485 825.0
1086.71166325485 829.0
1086.9520798719261 814.0
1087.1924872717937 828.0
1087.4328854539694 841.0
1087.6732744179706 843.0
1087.9136541633134 820.0
1088.1540246895156 834.0
1088.3943859960934 825.0
1088.6347380825637 816.0
1088.8750809484436 836.0
1089.1154145932499 840.0
1089.3557390164995 816.0
1089.5960542177095 833.0
1089.836360196396 807.0
1090.0766569520767 836.0
1090.3169444842679 834.0
1090.557222792487 836.0
1090.7974918762502 820.0
1091.037751735075 837.0
1091.2780023684782 838.0
1091.518243775976 834.0
1091.7584759570861 844.0
1091.9986989113247 829.0
1092.2389126382093 836.0
1092.4791171372563 834.0
1092.7193124079827 837.0
1092.9594984499054 841.0
1093.1996752625412 824.0
1093.4398428454072 818.0
1093.68000119802 821.0
1093.9201503198965 832.0
1094.1602902105537 833.0
1094.4004208695083 854.0
1094.6405422962773 832.0
1094.8806544903778 835.0
1095.120757451326 816.0
1095.3608511786392 813.0
1095.6009356718341 823.0
1095.8410109304282 832.0
1096.0810769539376 824.0
1096.3211337418795 836.0
1096.5611812937707 827.0
1096.8012196091279 828.0
1097.0412486874682 817.0
1097.2812685283084 833.0
1097.5212791311658 831.0
1097.7612804955563 840.0
1098.0012726209975 830.0
1098.2412555070064 827.0
1098.4812291530989 832.0
1098.721193558793 824.0
1098.961148723605 829.0
1099.2010946470518 819.0
1099.4410313286503 834.0
1099.6809587679172 838.0
1099.92087696437 830.0
1100.1607859175251 840.0
1100.400685626899 828.0
1100.640576092009 837.0
1100.880457312372 832.0
1101.1203292875052 824.0
1101.3601920169247 828.0
1101.6000455001479 826.0
1101.8398897366915 820.0
1102.079724726072 827.0
1102.3195504678072 825.0
1102.559366961413 843.0
1102.7991742064069 836.0
1103.0389722023056 828.0
1103.2787609486254 834.0
1103.5185404448844 839.0
1103.7583106905984 832.0
1103.9980716852845 823.0
1104.23782342846 846.0
1104.4775659196412 824.0
1104.7172991583454 827.0
1104.9570231440887 829.0
1105.1967378763893 818.0
1105.436443354763 847.0
1105.6761395787273 840.0
1105.9158265477986 833.0
1106.1555042614937 806.0
1106.3951727193298 818.0
1106.6348319208234 836.0
1106.8744818654923 829.0
1107.1141225528525 829.0
1107.3537539824208 837.0
1107.5933761537144 832.0
1107.8329890662503 822.0
1108.072592719545 835.0
1108.3121871131157 835.0
1108.551772246479 822.0
1108.7913481191517 841.0
1109.030914730651 831.0
1109.2704720804938 832.0
1109.5100201681967 816.0
1109.7495589932764 834.0
1109.9890885552504 826.0
1110.2286088536348 826.0
1110.4681198879473 830.0
1110.707621657704 842.0
1110.9471141624224 830.0
1111.1865974016187 841.0
1111.4260713748101 826.0
1111.665536081514 831.0
1111.9049915212463 840.0
1112.1444376935244 849.0
1112.3838745978653 824.0
1112.6233022337854 823.0
1112.8627206008023 838.0
1113.102129698432 836.0
1113.3415295261918 825.0
1113.5809200835986 832.0
1113.820301370169 827.0
1114.0596733854206 827.0
1114.2990361288694 834.0
1114.5383896000326 840.0
1114.7777337984273 835.0
1115.0170687235698 827.0
1115.2563943749778 817.0
1115.4957107521673 810.0
1115.7350178546556 813.0
1115.9743156819598 824.0
1116.213604233596 825.0
1116.452883509082 839.0
1116.692153507934 824.0
1116.9314142296694 822.0
1117.1706656738045 824.0
1117.4099078398563 823.0
1117.6491407273422 819.0
1117.8883643357783 825.0
1118.1275786646822 826.0
1118.36678371357 838.0
1118.6059794819594 837.0
1118.8451659693665 816.0
1119.0843431753085 826.0
1119.3235110993026 833.0
1119.5626697408647 817.0
1119.8018190995128 828.0
1120.0409591747637 823.0
1120.2800899661331 809.0
1120.519211473139 817.0
1120.7583236952978 836.0
1120.9974266321262 835.0
1121.236520283142 844.0
1121.4756046478608 860.0
1121.7146797258001 840.0
1121.9537455164768 837.0
1122.192802019408 849.0
1122.4318492341101 828.0
1122.6708871601 830.0
1122.909915796895 826.0
1123.1489351440111 825.0
1123.3879452009662 825.0
1123.6269459672762 839.0
1123.865937442459 830.0
1124.1049196260308 808.0
1124.3438925175087 832.0
