shot=29_position=5_gas=Ar_height=80_RF=249.0W_massflow=500_coils=60.0A_HR4000 spectrum
Wavelength [nm] // Intensity [u.a.] 
194.93414 800.0
195.2037815346219 770.0
195.47341553816543 782.0
195.74304201014752 792.0
196.012660950085 806.0
196.28227235749478 806.0
196.55187623189366 802.0
196.82147257279857 798.0
197.09106137972637 783.0
197.36064265219392 818.0
197.63021638971804 807.0
197.89978259181567 807.0
198.16934125800364 803.0
198.43889238779886 815.0
198.7084359807181 785.0
198.97797203627835 809.0
199.2475005539964 787.0
199.51702153338914 791.0
199.78653497397343 796.0
200.05604087526618 801.0
200.3255392367842 813.0
200.59503005804436 792.0
200.8645133385636 809.0
201.1339890778587 810.0
201.4034572754466 796.0
201.67291793084408 795.0
201.94237104356813 798.0
202.21181661313554 794.0
202.48125463906314 791.0
202.7506851208679 790.0
203.02010805806663 785.0
203.28952345017618 807.0
203.55893129671344 788.0
203.8283315971953 790.0
204.0977243511386 802.0
204.3671095580602 806.0
204.636487217477 801.0
204.90585732890585 794.0
205.17521989186366 802.0
205.44457490586717 793.0
205.7139223704334 801.0
205.98326228507918 792.0
206.2525946493213 795.0
206.5219194626767 798.0
206.79123672466224 793.0
207.06054643479476 791.0
207.32984859259116 795.0
207.59914319756828 790.0
207.86843024924303 798.0
208.13770974713225 794.0
208.40698169075276 799.0
208.6762460796215 788.0
208.94550291325532 805.0
209.2147521911711 788.0
209.48399391288567 796.0
209.75322807791594 798.0
210.02245468577874 800.0
210.29167373599094 812.0
210.56088522806942 811.0
210.83008916153108 796.0
211.09928553589276 803.0
211.3684743506713 813.0
211.63765560538363 795.0
211.9068292995466 803.0
212.175995432677 782.0
212.44515400429182 781.0
212.71430501390782 804.0
212.98344846104192 789.0
213.25258434521103 790.0
213.52171266593191 796.0
213.79083342272153 797.0
214.05994661509675 795.0
214.3290522425744 794.0
214.5981503046713 814.0
214.8672408009044 808.0
215.13632373079054 796.0
215.4053990938466 799.0
215.6744668895894 814.0
215.94352711753592 806.0
216.21257977720293 816.0
216.48162486810728 806.0
216.7506623897659 804.0
217.01969234169565 791.0
217.2887147234134 803.0
217.55772953443596 810.0
217.82673677428028 799.0
218.0957364424632 792.0
218.36472853850154 790.0
218.6337130619122 817.0
218.9026900122121 787.0
219.17165938891804 814.0
219.4406211915469 800.0
219.70957541961562 802.0
219.97852207264097 799.0
220.24746115013983 803.0
220.5163926516291 822.0
220.78531657662566 808.0
221.05423292464639 794.0
221.32314169520808 794.0
221.59204288782766 799.0
221.860936502022 804.0
222.12982253730797 795.0
222.39870099320237 809.0
222.66757186922214 790.0
222.93643516488416 790.0
223.20529087970525 784.0
223.47413901320226 806.0
223.74297956489212 798.0
224.01181253429166 801.0
224.28063792091777 806.0
224.5494557242873 809.0
224.8182659439171 795.0
225.08706857932413 800.0
225.35586363002508 785.0
225.62465109553705 803.0
225.89343097537673 795.0
226.16220326906105 789.0
226.43096797610687 787.0
226.69972509603105 802.0
226.9684746283505 787.0
227.237216572582 801.0
227.50595092824256 782.0
227.7746776948489 807.0
228.04339687191796 801.0
228.31210845896663 794.0
228.5808124555117 789.0
228.84950886107015 805.0
229.11819767515877 798.0
229.38687889729442 790.0
229.65555252699397 823.0
229.92421856377433 804.0
230.1928770071524 804.0
230.46152785664492 791.0
230.73017111176884 799.0
230.99880677204106 804.0
231.26743483697837 799.0
231.53605530609772 809.0
231.8046681789159 802.0
232.07327345494983 803.0
232.34187113371638 799.0
232.61046121473237 813.0
232.87904369751473 817.0
233.14761858158028 792.0
233.41618586644586 791.0
233.68474555162845 786.0
233.95329763664483 806.0
234.2218421210119 794.0
234.49037900424648 806.0
234.7589082858655 804.0
235.02742996538583 789.0
235.29594404232427 814.0
235.56445051619772 799.0
235.8329493865231 787.0
236.10144065281722 797.0
236.36992431459691 793.0
236.63840037137916 805.0
236.9068688226808 806.0
237.1753296680186 790.0
237.44378290690955 806.0
237.7122285388704 802.0
237.9806665634181 794.0
238.24909698006957 791.0
238.51751978834153 797.0
238.78593498775095 796.0
239.0543425778147 796.0
239.32274255804958 797.0
239.59113492797255 788.0
239.8595196871004 791.0
240.12789683495004 809.0
240.3962663710383 791.0
240.66462829488208 811.0
240.93298260599826 800.0
241.2013293039037 808.0
241.46966838811522 794.0
241.73799985814978 797.0
242.00632371352418 791.0
242.27463995375527 799.0
242.54294857835998 805.0
242.81124958685515 786.0
243.07954297875764 819.0
243.34782875358434 792.0
243.61610691085207 791.0
243.88437745007772 803.0
244.15264037077822 780.0
244.42089567247035 804.0
244.68914335467105 797.0
244.95738341689716 813.0
245.2256158586655 808.0
245.493840679493 808.0
245.76205787889654 794.0
246.03026745639292 798.0
246.29846941149904 807.0
246.5666637437318 792.0
246.834850452608 798.0
247.1030295376446 776.0
247.37120099835838 793.0
247.63936483426627 809.0
247.9075210448851 802.0
248.17566962973177 800.0
248.4438105883231 814.0
248.71194392017603 789.0
248.98006962480733 792.0
249.248187701734 791.0
249.51629815047275 795.0
249.78440097054056 805.0
250.05249616145431 788.0
250.32058372273076 799.0
250.5886636538869 805.0
250.85673595443953 825.0
251.12480062390551 805.0
251.39285766180177 792.0
251.6609070676451 794.0
251.92894884095242 793.0
252.19698298124058 793.0
252.46500948802645 789.0
252.73302836082692 799.0
253.00103959915882 805.0
253.26904320253902 815.0
253.53703917048443 801.0
253.80502750251188 808.0
254.07300819813827 803.0
254.34098125688044 803.0
254.60894667825525 808.0
254.87690446177962 791.0
255.14485460697037 806.0
255.41279711334434 798.0
255.6807319804185 802.0
255.94865920770962 809.0
256.2165787947346 797.0
256.48449074101035 805.0
256.75239504605366 801.0
257.02029170938147 812.0
257.28818073051065 797.0
257.556062108958 807.0
257.8239358442404 783.0
258.0918019358748 791.0
258.35966038337796 811.0
258.6275111862668 792.0
258.8953543440582 797.0
259.163189856269 791.0
259.4310177224162 803.0
259.6988379420164 795.0
259.9666505145867 808.0
260.23445543964385 795.0
260.50225271670473 797.0
260.77004234528624 812.0
261.03782432490533 800.0
261.3055986550787 797.0
261.5733653353234 786.0
261.8411243651561 801.0
262.1088757440937 788.0
262.37661947165327 803.0
262.6443555473515 788.0
262.9120839707053 795.0
263.1798047412315 788.0
263.44751785844704 793.0
263.7152233218687 802.0
263.98292113101354 789.0
264.2506112853982 800.0
264.51829378453965 790.0
264.7859686279547 806.0
265.05363581516025 798.0
265.32129534567326 796.0
265.5889472190105 814.0
265.8565914346889 795.0
266.1242279922252 804.0
266.39185689113634 785.0
266.65947813093925 794.0
266.9270917111508 800.0
267.19469763128774 803.0
267.46229589086704 789.0
267.72988648940554 785.0
267.9974694264201 789.0
268.2650447014276 793.0
268.53261231394487 807.0
268.80017226348883 792.0
269.0677245495763 802.0
269.3352691717242 793.0
269.60280612944933 807.0
269.8703354222686 797.0
270.13785704969894 792.0
270.40537101125716 793.0
270.67287730646007 796.0
270.9403759348246 787.0
271.2078668958677 805.0
271.47535018910605 797.0
271.7428258140567 808.0
272.01029377023633 804.0
272.2777540571619 799.0
272.5452066743504 804.0
272.81265162131854 808.0
273.08008889758327 797.0
273.34751850266144 808.0
273.6149404360698 811.0
273.8823546973254 794.0
274.1497612859451 808.0
274.4171602014456 792.0
274.6845514433439 803.0
274.95193501115676 787.0
275.2193109044012 782.0
275.486679122594 801.0
275.7540396652521 804.0
276.02139253189216 791.0
276.2887377220313 788.0
276.55607523518626 805.0
276.82340507087395 793.0
277.09072722861123 786.0
277.3580417079149 797.0
277.62534850830195 805.0
277.8926476292892 799.0
278.1599390703934 804.0
278.4272228311316 802.0
278.69449891102056 795.0
278.96176730957717 796.0
279.22902802631836 789.0
279.4962810607609 826.0
279.76352641242164 786.0
280.0307640808177 806.0
280.29799406546556 792.0
280.5652163658824 792.0
280.8324309815849 797.0
281.09963791209003 801.0
281.3668371569146 782.0
281.6340287155756 794.0
281.9012125875897 812.0
282.168388772474 810.0
282.4355572697452 804.0
282.7027180789201 799.0
282.9698711995158 780.0
283.23701663104896 794.0
283.50415437303667 799.0
283.77128442499554 802.0
284.0384067864426 795.0
284.3055214568946 801.0
284.57262843586864 791.0
284.8397277228814 790.0
285.1068193174497 795.0
285.37390321909055 793.0
285.6409794273207 800.0
285.9080479416572 799.0
286.1751087616167 790.0
286.4421618867162 803.0
286.7092073164725 811.0
286.9762450504025 801.0
287.24327508802315 816.0
287.5102974288511 810.0
287.77731207240345 788.0
288.04431901819703 792.0
288.3113182657485 798.0
288.578309814575 794.0
288.84529366419326 799.0
289.1122698141201 805.0
289.37923826387254 807.0
289.6461990129674 786.0
289.91315206092133 818.0
290.18009740725154 788.0
290.44703505147464 784.0
290.7139649931077 789.0
290.98088723166734 795.0
291.24780176667065 804.0
291.5147085976344 790.0
291.78160772407557 791.0
292.04849914551085 800.0
292.3153828614572 804.0
292.58225887143146 794.0
292.8491271749505 809.0
293.1159877715313 806.0
293.3828406606906 780.0
293.6496858419453 802.0
293.9165233148123 790.0
294.1833530788084 806.0
294.4501751334505 802.0
294.71698947825547 782.0
294.9837961127402 803.0
295.2505950364216 816.0
295.5173862488164 804.0
295.78416974944156 806.0
296.050945537814 790.0
296.31771361345045 796.0
296.584473975868 792.0
296.8512266245832 807.0
297.11797155911313 801.0
297.38470877897464 795.0
297.6514382836846 813.0
297.9181600727598 793.0
298.18487414571723 795.0
298.4515805020736 792.0
298.71827914134593 807.0
298.9849700630511 792.0
299.2516532667058 809.0
299.518328751827 796.0
299.78499651793163 802.0
300.0516565645365 801.0
300.3183088911584 805.0
300.58495349731436 792.0
300.8515903825211 798.0
301.1182195462956 805.0
301.3848409881546 799.0
301.65145470761513 785.0
301.91806070419403 790.0
302.184658977408 802.0
302.4512495267741 808.0
302.7178323518091 800.0
302.9844074520298 804.0
303.2509748269532 806.0
303.5175344760962 805.0
303.78408639897555 819.0
304.0506305951082 789.0
304.31716706401096 798.0
304.58369580520065 780.0
304.8502168181943 790.0
305.1167301025086 793.0
305.3832356576606 802.0
305.649733483167 804.0
305.9162235785447 781.0
306.1827059433106 797.0
306.4491805769817 801.0
306.7156474790747 786.0
306.98210664910647 802.0
307.2485580865939 786.0
307.5150017910539 794.0
307.7814377620034 786.0
308.0478659989591 804.0
308.31428650143795 793.0
308.58069926895683 798.0
308.8471043010326 802.0
309.1135015971821 811.0
309.37989115692227 803.0
309.6462729797699 796.0
309.91264706524197 806.0
310.1790134128551 788.0
310.4453720221265 806.0
310.71172289257277 801.0
310.97806602371094 808.0
311.2444014150577 811.0
311.5107290661301 797.0
311.777048976445 792.0
312.04336114551904 799.0
312.30966557286945 812.0
312.5759622580128 796.0
312.8422512004661 799.0
313.1085323997461 795.0
313.3748058553698 792.0
313.641071566854 796.0
313.90732953371554 797.0
314.17357975547145 788.0
314.4398222316384 801.0
314.70605696173334 809.0
314.9722839452731 811.0
315.23850318177466 813.0
315.50471467075477 797.0
315.7709184117303 807.0
316.0371144042182 796.0
316.3033026477353 785.0
316.56948314179846 808.0
316.8356558859246 801.0
317.1018208796305 811.0
317.36797812243304 801.0
317.6341276138491 801.0
317.90026935339563 790.0
318.1664033405894 805.0
318.4325295749473 788.0
318.6986480559862 789.0
318.96475878322303 805.0
319.2308617561746 797.0
319.4969569743577 798.0
319.76304443728935 797.0
320.0291241444864 806.0
320.2951960954656 793.0
320.5612602897438 806.0
320.82731672683815 804.0
321.0933654062652 798.0
321.359406327542 787.0
321.6254394901853 796.0
321.891464893712 778.0
322.157482537639 794.0
322.4234924214832 797.0
322.68949454476143 800.0
322.95548890699064 791.0
323.2214755076875 804.0
323.487454346369 804.0
323.753425422552 804.0
324.01938873575347 805.0
324.2853442854901 801.0
324.55129207127885 801.0
324.8172320926366 799.0
325.08316434908016 810.0
325.34908884012646 827.0
325.61500556529234 800.0
325.8809145240947 793.0
326.14681571605024 806.0
326.4127091406761 802.0
326.6785947974889 811.0
326.9444726860058 791.0
327.2103428057433 818.0
327.47620515621855 793.0
327.74205973694836 782.0
328.00790654744947 793.0
328.2737455872389 791.0
328.5395768558335 802.0
328.80540035275004 793.0
329.0712160775054 775.0
329.33702402961654 797.0
329.6028242086002 803.0
329.86861661397353 795.0
330.13440124525306 799.0
330.4001781019559 801.0
330.66594718359863 790.0
330.9317084896984 807.0
331.19746201977205 780.0
331.46320777333636 789.0
331.7289457499082 795.0
331.9946759490044 807.0
332.2603983701419 794.0
332.5261130128375 788.0
332.79181987660826 795.0
333.05751896097087 798.0
333.3232102654422 791.0
333.58889378953916 796.0
333.85456953277856 791.0
334.1202374946774 806.0
334.38589767475247 796.0
334.6515500725206 803.0
334.9171946874987 797.0
335.18283151920355 807.0
335.4484605671522 803.0
335.7140818308614 815.0
335.97969530984807 804.0
336.245301003629 790.0
336.51089891172114 792.0
336.77648903364127 808.0
337.04207136890636 794.0
337.30764591703326 799.0
337.5732126775387 796.0
337.83877164993976 798.0
338.10432283375314 789.0
338.36986622849577 777.0
338.63540183368457 800.0
338.9009296488363 793.0
339.16644967346787 797.0
339.4319619070962 794.0
339.6974663492381 803.0
339.9629629994105 800.0
340.22845185713027 781.0
340.4939329219141 797.0
340.75940619327906 792.0
341.02487167074196 788.0
341.2903293538197 799.0
341.555779242029 793.0
341.821221334887 810.0
342.0866556319103 806.0
342.3520821326158 799.0
342.6175008365205 791.0
342.8829117431413 790.0
343.1483148519949 803.0
343.41371016259825 788.0
343.6790976744682 791.0
343.9444773871216 805.0
344.20984930007546 797.0
344.4752134128465 816.0
344.74056972495157 799.0
345.0059182359076 794.0
345.27125894523147 820.0
345.53659185244 780.0
345.80191695705014 803.0
346.0672342585787 795.0
346.3325437565426 785.0
346.5978454504585 793.0
346.8631393398436 798.0
347.1284254242145 814.0
347.3937037030882 813.0
347.6589741759816 793.0
347.92423684241146 806.0
348.1894917018946 794.0
348.4547387539481 812.0
348.71997799808867 784.0
348.9852094338332 789.0
349.2504330606986 791.0
349.51564887820166 796.0
349.7808568858593 798.0
350.0460570831885 807.0
350.31124946970584 807.0
350.57643404492853 797.0
350.84161080837316 806.0
351.1067797595568 780.0
351.3719408979961 793.0
351.63709422320824 794.0
351.90223973470984 803.0
352.16737743201776 792.0
352.43250731464894 785.0
352.69762938212034 793.0
352.9627436339487 807.0
353.2278500696509 812.0
353.49294868874387 788.0
353.7580394907444 794.0
354.02312247516943 815.0
354.28819764153576 808.0
354.55326498936034 794.0
354.81832451816 797.0
355.08337622745165 806.0
355.348420116752 803.0
355.613456185578 800.0
355.8784844334467 793.0
356.1435048598747 793.0
356.4085174643791 782.0
356.6735222464765 812.0
356.938519205684 797.0
357.2035083415184 788.0
357.46848965349653 800.0
357.73346314113536 802.0
357.9984288039516 811.0
358.2633866414622 805.0
358.528336653184 805.0
358.793278838634 793.0
359.05821319732894 792.0
359.3231397287857 795.0
359.5880584325211 805.0
359.8529693080521 807.0
360.1178723548955 790.0
360.3827675725683 799.0
360.64765496058726 798.0
360.9125345184692 793.0
361.1774062457311 809.0
361.44227014188965 797.0
361.707126206462 812.0
361.9719744389649 794.0
362.2368148389151 792.0
362.5016474058295 802.0
362.766472139225 803.0
363.0312890386186 805.0
363.296098103527 806.0
363.5608993334672 811.0
363.82569272795587 792.0
364.09047828651006 809.0
364.35525600864656 802.0
364.6200258938823 792.0
364.8847879417341 796.0
365.1495421517188 804.0
365.41428852335326 808.0
365.67902705615444 800.0
365.9437577496392 813.0
366.2084806033243 788.0
366.4731956167267 817.0
366.7379027893632 798.0
367.0026021207507 796.0
367.2672936104061 809.0
367.5319772578463 794.0
367.79665306258806 801.0
368.06132102414836 786.0
368.32598114204393 803.0
368.59063341579173 803.0
368.85527784490864 803.0
369.1199144289115 790.0
369.3845431673172 799.0
369.6491640596426 785.0
369.91377710540445 807.0
370.1783823041198 810.0
370.44297965530546 807.0
370.70756915847835 794.0
370.97215081315517 784.0
371.2367246188529 793.0
371.5012905750884 810.0
371.7658486813786 803.0
372.0303989372402 805.0
372.29494134219027 797.0
372.5594758957455 806.0
372.82400259742286 809.0
373.08852144673915 806.0
373.3530324432114 795.0
373.6175355863563 797.0
373.8820308756908 789.0
374.1465183107317 800.0
374.410997890996 803.0
374.6754696160004 801.0
374.93993348526186 798.0
375.2043894982973 802.0
375.4688376546235 808.0
375.7332779537573 779.0
375.9977103952157 798.0
376.26213497851546 801.0
376.52655170317354 798.0
376.7909605687067 802.0
377.05536157463183 808.0
377.3197547204658 801.0
377.5841400057256 811.0
377.84851742992794 809.0
378.11288699258984 808.0
378.37724869322795 802.0
378.64160253135935 784.0
378.90594850650075 793.0
379.1702866181692 797.0
379.4346168658814 787.0
379.69893924915425 812.0
379.9632537675047 803.0
380.2275604204495 797.0
380.49185920750574 805.0
380.75615012819 801.0
381.0204331820193 819.0
381.2847083685105 789.0
381.5489756871804 781.0
381.8132351375459 808.0
382.07748671912407 807.0
382.34173043143153 795.0
382.6059662739852 795.0
382.8701942463019 793.0
383.1344143478986 797.0
383.3986265782921 798.0
383.6628309369994 799.0
383.92702742353725 794.0
384.1912160374225 790.0
384.45539677817203 804.0
384.7195696453027 801.0
384.98373463833155 803.0
385.2478917567753 803.0
385.5120410001507 803.0
385.7761823679748 799.0
386.0403158597644 793.0
386.30444147503647 784.0
386.5685592133077 789.0
386.8326690740951 802.0
387.09677105691543 793.0
387.36086516128563 806.0
387.6249513867226 795.0
387.88902973274315 800.0
388.15310019886414 799.0
388.41716278460245 788.0
388.68121748947493 801.0
388.9452643129986 818.0
389.2093032546901 809.0
389.47333431406645 789.0
389.73735749064434 791.0
390.0013727839409 802.0
390.2653801934728 804.0
390.52937971875696 809.0
390.7933713593103 795.0
391.05735511464974 799.0
391.3213309842919 794.0
391.5852989677539 808.0
391.8492590645524 800.0
392.1132112742045 801.0
392.37715559622694 798.0
392.6410920301366 812.0
392.9050205754503 805.0
393.1689412316849 780.0
393.43285399835736 804.0
393.69675887498465 795.0
393.96065586108335 813.0
394.2245449561705 784.0
394.4884261597629 804.0
394.75229947137757 817.0
395.01616489053123 800.0
395.28002241674085 800.0
395.5438720495231 789.0
395.80771378839506 809.0
396.0715476328735 797.0
396.33537358247537 807.0
396.5991916367174 805.0
396.86300179511665 794.0
397.12680405718976 814.0
397.39059842245376 816.0
397.65438489042543 798.0
397.91816346062177 790.0
398.18193413255955 797.0
398.4456969057556 785.0
398.7094517797268 793.0
398.97319875399006 804.0
399.2369378280623 808.0
399.50066900146027 803.0
399.764392273701 788.0
400.02810764430114 807.0
400.2918151127777 803.0
400.55551467864757 803.0
400.81920634142756 805.0
401.08289010063453 814.0
401.34656595578537 804.0
401.6102339063969 808.0
401.8738939519861 800.0
402.1375460920697 803.0
402.4011903261647 804.0
402.6648266537879 809.0
402.92845507445617 803.0
403.1920755876863 803.0
403.4556881929953 796.0
403.71929288990003 788.0
403.98288967791734 799.0
404.246478556564 812.0
404.5100595253569 805.0
404.77363258381297 811.0
405.03719773144906 810.0
405.3007549677821 825.0
405.56430429232887 804.0
405.82784570460626 814.0
406.0913792041311 808.0
406.35490479042033 787.0
406.61842246299085 797.0
406.88193222135936 771.0
407.14543406504293 807.0
407.4089279935582 781.0
407.6724140064223 770.0
407.9358921031519 792.0
408.19936228326395 798.0
408.4628245462754 794.0
408.7262788917029 795.0
408.9897253190635 806.0
409.25316382787395 802.0
409.5165944176513 797.0
409.7800170879122 799.0
410.04343183817366 809.0
410.30683866795243 818.0
410.57023757676546 796.0
410.83362856412975 810.0
411.09701162956185 803.0
411.3603867725789 793.0
411.62375399269763 783.0
411.887113289435 807.0
412.1504646623078 800.0
412.4138081108329 807.0
412.6771436345273 809.0
412.94047123290767 804.0
413.20379090549096 795.0
413.46710265179405 794.0
413.7304064713339 803.0
413.9937023636272 794.0
414.25699032819097 788.0
414.52027036454194 793.0
414.78354247219704 789.0
415.0468066506732 795.0
415.31006289948726 822.0
415.5733112181561 812.0
415.83655160619645 816.0
416.0997840631253 827.0
416.3630085884595 824.0
416.62622518171594 809.0
416.8894338424115 798.0
417.152634570063 803.0
417.4158273641873 799.0
417.67901222430123 804.0
417.9421891499217 826.0
418.2053581405658 814.0
418.46851919575005 809.0
418.7316723149915 809.0
418.99481749780693 816.0
419.2579547437133 833.0
419.5210840522274 824.0
419.78420542286625 828.0
420.04731885514644 839.0
420.31042434858506 826.0
420.573521902699 801.0
420.83661151700494 805.0
421.0996931910199 795.0
421.3627669242608 801.0
421.6258327162443 804.0
421.88889056648736 788.0
422.1519404745069 798.0
422.41498243981977 796.0
422.6780164619429 803.0
422.9410425403929 798.0
423.2040606746869 807.0
423.46707086434174 801.0
423.7300731088742 805.0
423.9930674078012 803.0
424.25605376063965 798.0
424.5190321669063 811.0
424.782002626118 798.0
425.0449651377918 824.0
425.30791970144446 811.0
425.57086631659286 815.0
425.83380498275386 821.0
426.0967356994443 837.0
426.3596584661811 814.0
426.6225732824811 812.0
426.88548014786113 809.0
427.14837906183817 808.0
427.411270023929 804.0
427.6741530336505 803.0
427.9370280905195 799.0
428.199895194053 795.0
428.46275434376776 795.0
428.72560553918066 782.0
428.98844877980855 780.0
429.2512840651683 798.0
429.51411139477693 804.0
429.77693076815115 799.0
430.03974218480784 803.0
430.3025456442639 808.0
430.5653411460361 798.0
430.82812868964146 808.0
431.09090827459687 801.0
431.353679900419 786.0
431.61644356662487 809.0
431.87919927273134 787.0
432.1419470182551 791.0
432.40468680271334 783.0
432.66741862562276 813.0
432.93014248650013 808.0
433.1928583848624 797.0
433.45556632022647 793.0
433.7182662921092 812.0
433.9809583000275 812.0
434.24364234349815 802.0
434.506318422038 799.0
434.768986535164 790.0
435.031646682393 793.0
435.2942988632418 809.0
435.55694307722734 801.0
435.81957932386655 803.0
436.08220760267614 809.0
436.34482791317305 809.0
436.6074402548742 799.0
436.8700446272964 805.0
437.1326410299566 793.0
437.3952294623715 793.0
437.65780992405803 793.0
437.9203824145332 800.0
438.1829469333138 804.0
438.4455034799166 797.0
438.7080520538586 787.0
438.9705926546565 808.0
439.23312528182737 802.0
439.49564993488787 819.0
439.7581666133551 798.0
440.0206753167459 795.0
440.28317604457686 812.0
440.5456687963651 800.0
440.8081535716274 792.0
441.07063036988075 794.0
441.3330991906418 806.0
441.5955600334276 797.0
441.858012897755 800.0
442.12045778314075 785.0
442.3828946891018 804.0
442.6453236151551 807.0
442.9077445608174 811.0
443.17015752560553 788.0
443.4325625090365 805.0
443.69495951062703 798.0
443.95734852989415 791.0
444.21972956635454 806.0
444.4821026195253 806.0
444.74446768892307 783.0
445.00682477406485 795.0
445.2691738744674 790.0
445.5315149896478 804.0
445.79384811912274 801.0
446.05617326240906 788.0
446.31849041902376 798.0
446.58079958848356 800.0
446.8431007703055 802.0
447.10539396400634 807.0
447.367679169103 807.0
447.6299563851123 810.0
447.892225611551 801.0
448.15448684793625 798.0
448.4167400937847 799.0
448.67898534861325 797.0
448.9412226119389 804.0
449.2034518832783 805.0
449.46567316214856 794.0
449.72788644806633 795.0
449.99009174054856 797.0
450.2522890391122 799.0
450.514478343274 813.0
450.77665965255085 826.0
451.0388329664597 799.0
451.30099828451733 814.0
451.5631556062406 798.0
451.82530493114655 791.0
452.08744625875175 791.0
452.3495795885734 808.0
452.6117049201281 792.0
452.87382225293277 793.0
453.13593158650446 800.0
453.3980329203598 786.0
453.6601262540158 791.0
453.9222115869893 805.0
454.1842889187971 807.0
454.4463582489562 803.0
454.70841957698343 807.0
454.97047290239556 803.0
455.23251822470957 812.0
455.49455554344223 810.0
455.75658485811044 796.0
456.0186061682312 805.0
456.2806194733211 795.0
456.5426247728973 789.0
456.8046220664765 793.0
457.0666113535756 795.0
457.32859263371154 786.0
457.5905659064011 800.0
457.8525311711611 785.0
458.1144884275086 801.0
458.37643767496024 800.0
458.6383789130331 796.0
458.9003121412439 809.0
459.1622373591095 799.0
459.4241545661469 788.0
459.68606376187284 806.0
459.9479649458043 794.0
460.2098581174581 790.0
460.471743276351 802.0
460.733620422 786.0
460.9954895539219 789.0
461.2573506716337 801.0
461.51920377465206 804.0
461.78104886249406 795.0
462.0428859346764 802.0
462.304714990716 786.0
462.5665360301298 793.0
462.82834905243453 792.0
463.09015405714723 794.0
463.35195104378465 797.0
463.6137400118636 792.0
463.8755209609011 818.0
464.13729389041396 788.0
464.399058799919 794.0
464.6608156889332 805.0
464.92256455697327 785.0
465.18430540355615 800.0
465.4460382281988 798.0
465.707763030418 798.0
465.96947980973056 806.0
466.23118856565344 787.0
466.49288929770347 791.0
466.75458200539765 799.0
467.0162666882526 816.0
467.27794334578533 796.0
467.5396119775127 792.0
467.8012725829516 802.0
468.0629251616188 804.0
468.3245697130314 795.0
468.586206236706 809.0
468.8478347321596 792.0
469.109455198909 794.0
469.3710676364711 780.0
469.6326720443629 805.0
469.89426842210105 804.0
470.1558567692025 803.0
470.4174370851842 808.0
470.6790093695629 810.0
470.94057362185555 814.0
471.20212984157905 791.0
471.4636780282501 804.0
471.72521818138574 805.0
471.9867503005027 793.0
472.248274385118 790.0
472.5097904347484 794.0
472.7712984489108 809.0
473.03279842712203 795.0
473.29429036889906 804.0
473.55577427375863 808.0
473.8172501412177 787.0
474.07871797079315 792.0
474.34017776200176 791.0
474.6016295143605 812.0
474.8630732273861 798.0
475.1245089005955 802.0
475.3859365335057 788.0
475.64735612563334 807.0
475.9087676764954 805.0
476.1701711856088 813.0
476.4315666524903 799.0
476.6929540766569 789.0
476.95433345762535 792.0
477.2157047949125 801.0
477.47706808803537 804.0
477.7384233365106 788.0
477.9997705398553 817.0
478.26110969758616 796.0
478.52244080922014 798.0
478.78376387427414 809.0
479.04507889226494 797.0
479.3063858627094 814.0
479.5676847851245 804.0
479.828975659027 820.0
480.0902584839338 800.0
480.3515332593618 810.0
480.61279998482775 812.0
480.8740586598487 804.0
481.13530928394147 789.0
481.3965518566228 795.0
481.65778637740965 811.0
481.9190128458189 799.0
482.1802312613674 810.0
482.4414416235721 802.0
482.70264393194964 808.0
482.9638381860171 796.0
483.2250243852913 795.0
483.4862025292891 791.0
483.7473726175273 792.0
484.0085346495229 776.0
484.26968862479265 790.0
484.5308345428534 799.0
484.79197240322225 796.0
485.0531022054157 795.0
485.314223948951 786.0
485.57533763334476 784.0
485.8364432581139 801.0
486.0975408227754 800.0
486.35863032684597 818.0
486.61971176984247 794.0
486.880785151282 800.0
487.1418504706812 773.0
487.402907727557 804.0
487.66395692142635 810.0
487.92499805180597 808.0
488.18603111821284 814.0
488.44705612016384 804.0
488.7080730571757 798.0
488.9690819287655 789.0
489.2300827344499 809.0
489.49107547374587 817.0
489.75206014617027 797.0
490.01303675124 802.0
490.27400528847187 807.0
490.53496575738274 799.0
490.79591815748955 791.0
491.05686248830915 781.0
491.31779874935836 781.0
491.57872694015396 786.0
491.8396470602131 802.0
492.1005591090524 805.0
492.3614630861888 794.0
492.6223589911392 791.0
492.88324682342045 803.0
493.14412658254946 796.0
493.40499826804296 798.0
493.66586187941795 793.0
493.92671741619125 795.0
494.18756487787977 815.0
494.44840426400026 815.0
494.70923557406974 804.0
494.97005880760497 782.0
495.23087396412285 801.0
495.4916810431403 779.0
495.7524800441741 804.0
496.01327096674123 805.0
496.27405381035845 801.0
496.53482857454264 798.0
496.79559525881075 794.0
497.05635386267954 797.0
497.31710438566597 797.0
497.57784682728686 800.0
497.8385811870591 798.0
498.0993074644995 807.0
498.360025659125 798.0
498.6207357704524 795.0
498.88143779799873 798.0
499.14213174128065 802.0
499.40281759981514 804.0
499.6634953731191 789.0
499.92416506070924 809.0
500.1848266621026 802.0
500.445480176816 786.0
500.70612560436615 812.0
500.96676294427016 812.0
501.22739219604483 791.0
501.48801335920695 797.0
501.74862643327344 808.0
502.00923141776116 810.0
502.2698283121869 801.0
502.5304171160677 801.0
502.7909978289203 784.0
503.0515704502616 799.0
503.31213497960846 797.0
503.57269141647777 791.0
503.8332397603864 791.0
504.09378001085116 796.0
504.354312167389 797.0
504.6148362295168 802.0
504.8753521967513 817.0
505.1358600686094 804.0
505.3963598446082 802.0
505.6568515242642 803.0
505.9173351070945 789.0
506.17781059261597 794.0
506.4382779803454 791.0
506.69873726979966 800.0
506.95918846049574 788.0
507.2196315519502 803.0
507.4800665436803 789.0
507.74049343520267 811.0
508.00091222603425 800.0
508.261322915692 806.0
508.5217255036924 784.0
508.7821199895529 809.0
509.0425063727899 795.0
509.3028846529204 797.0
509.5632548294615 798.0
509.8236169019296 800.0
510.0839708698421 807.0
510.3443167327155 800.0
510.60465449006676 796.0
510.8649841414127 786.0
511.12530568627034 796.0
511.3856191241566 797.0
511.64592445458794 802.0
511.90622167708165 799.0
512.1665107911545 804.0
512.4267917963232 812.0
512.6870646921047 787.0
512.947329478016 797.0
513.2075861535739 817.0
513.467834718295 791.0
513.7280751716964 806.0
513.9883075132952 778.0
514.248531742608 798.0
514.5087478591515 780.0
514.7689558624429 808.0
515.0291557519989 799.0
515.2893475273365 804.0
515.5495311879723 805.0
515.8097067334235 795.0
516.0698741632067 808.0
516.3300334768389 806.0
516.5901846738369 816.0
516.8503277537177 794.0
517.1104627159981 805.0
517.3705895601947 799.0
517.630708285825 806.0
517.8908188924053 805.0
518.1509213794526 810.0
518.411015746484 804.0
518.6711019930159 808.0
518.9311801185657 813.0
519.19125012265 808.0
519.4513120047856 810.0
519.7113657644896 798.0
519.9714114012784 804.0
520.2314489146695 799.0
520.4914783041794 810.0
520.751499569325 808.0
521.0115127096234 799.0
521.271517724591 802.0
521.5315146137451 801.0
521.7915033766022 814.0
522.0514840126796 819.0
522.3114565214938 817.0
522.5714209025618 798.0
522.8313771554007 790.0
523.0913252795269 791.0
523.3512652744578 805.0
523.6111971397097 812.0
523.8711208747998 790.0
524.1310364792452 795.0
524.390943952562 818.0
524.6508432942679 805.0
524.9107345038794 820.0
525.1706175809132 810.0
525.4304925248866 797.0
525.690359335316 785.0
525.9502180117188 797.0
526.2100685536113 792.0
526.4699109605107 809.0
526.729745231934 786.0
526.9895713673975 800.0
527.2493893664187 804.0
527.5091992285141 801.0
527.7690009532007 792.0
528.0287945399953 807.0
528.2885799884149 805.0
528.5483572979764 799.0
528.8081264681963 793.0
529.0678874985917 795.0
529.3276403886796 809.0
529.5873851379768 809.0
529.8471217460001 799.0
530.1068502122662 802.0
530.3665705362923 796.0
530.6262827175951 803.0
530.8859867556915 784.0
531.1456826500984 806.0
531.4053704003326 803.0
531.6650500059111 810.0
531.9247214663504 802.0
532.1843847811678 797.0
532.4440399498801 801.0
532.7036869720038 795.0
532.9633258470562 802.0
533.222956574554 803.0
533.4825791540142 784.0
533.7421935849534 812.0
534.0017998668885 813.0
534.2613979993366 801.0
534.5209879818145 800.0
534.780569813839 802.0
535.0401434949268 797.0
535.2997090245951 802.0
535.5592664023607 805.0
535.8188156277402 802.0
536.0783567002508 803.0
536.3378896194092 799.0
536.5974143847321 803.0
536.8569309957369 789.0
537.1164394519398 803.0
537.3759397528582 802.0
537.6354318980087 793.0
537.8949158869082 797.0
538.1543917190737 798.0
538.4138593940218 809.0
538.6733189112697 810.0
538.932770270334 806.0
539.1922134707318 801.0
539.4516485119797 808.0
539.7110753935946 808.0
539.9704941150937 801.0
540.2299046759937 823.0
540.4893070758112 804.0
540.7487013140633 821.0
541.008087390267 792.0
541.2674653039389 810.0
541.526835054596 800.0
541.7861966417552 802.0
542.0455500649333 809.0
542.3048953236471 821.0
542.5642324174137 801.0
542.8235613457497 794.0
543.0828821081722 794.0
543.3421947041979 793.0
543.6014991333436 790.0
543.8607953951266 789.0
544.1200834890632 820.0
544.3793634146708 792.0
544.6386351714658 800.0
544.8978987589653 794.0
545.1571541766862 791.0
545.4164014241451 824.0
545.6756405008593 796.0
545.9348714063455 802.0
546.1940941401203 814.0
546.4533087017008 809.0
546.712515090604 808.0
546.9717133063466 806.0
547.2309033484453 800.0
547.4900852164174 805.0
547.7492589097793 786.0
548.0084244280482 810.0
548.2675817707409 810.0
548.526730937374 807.0
548.7858719274648 786.0
549.0450047405299 807.0
549.3041293760863 806.0
549.5632458336507 817.0
549.82235411274 815.0
550.0814542128714 821.0
550.3405461335612 807.0
550.5996298743269 799.0
550.8587054346848 798.0
551.117772814152 817.0
551.3768320122455 804.0
551.6358830284819 803.0
551.8949258623783 805.0
552.1539605134514 792.0
552.4129869812182 810.0
552.6720052651955 804.0
552.9310153649002 801.0
553.1900172798491 805.0
553.4490110095592 810.0
553.7079965535472 805.0
553.9669739113302 805.0
554.2259430824248 796.0
554.484904066348 801.0
554.7438568626167 817.0
555.0028014707476 810.0
555.261737890258 806.0
555.520666120664 812.0
555.7795861614834 822.0
556.0384980122324 829.0
556.2974016724281 800.0
556.5562971415874 822.0
556.8151844192269 812.0
557.0740635048638 800.0
557.3329343980148 812.0
557.5917970981968 802.0
557.8506516049267 808.0
558.1094979177213 792.0
558.3683360360976 793.0
558.6271659595724 800.0
558.8859876876625 810.0
559.1448012198848 789.0
559.4036065557561 817.0
559.6624036947936 802.0
559.9211926365136 807.0
560.1799733804337 808.0
560.43874592607 806.0
560.6975102729399 802.0
560.9562664205602 792.0
561.2150143684473 805.0
561.4737541161188 810.0
561.732485663091 803.0
561.9912090088809 799.0
562.2499241530056 795.0
562.5086310949818 794.0
562.7673298343262 805.0
563.026020370556 803.0
563.2847027031879 804.0
563.5433768317389 809.0
563.8020427557254 799.0
564.0607004746649 799.0
564.3193499880738 810.0
564.5779912954692 812.0
564.8366243963679 798.0
565.0952492902868 805.0
565.3538659767429 815.0
565.6124744552527 805.0
565.8710747253335 799.0
566.1296667865018 804.0
566.3882506382747 792.0
566.6468262801691 802.0
566.9053937117014 791.0
567.1639529323893 797.0
567.4225039417488 811.0
567.6810467392974 805.0
567.9395813245517 803.0
568.1981076970284 802.0
568.4566258562448 798.0
568.7151358017175 791.0
568.9736375329633 799.0
569.2321310494995 796.0
569.4906163508422 804.0
569.749093436509 797.0
570.0075623060163 779.0
570.2660229588813 799.0
570.5244753946206 794.0
570.7829196127512 798.0
571.0413556127901 802.0
571.2997833942537 791.0
571.5582029566596 807.0
571.8166142995238 811.0
572.075017422364 789.0
572.3334123246967 794.0
572.5917990060384 796.0
572.8501774659068 787.0
573.108547703818 813.0
573.3669097192892 810.0
573.6252635118373 807.0
573.8836090809789 802.0
574.1419464262314 817.0
574.400275547111 804.0
574.6585964431351 814.0
574.9169091138205 807.0
575.1752135586836 793.0
575.4335097772419 793.0
575.6917977690118 816.0
575.9500775335105 803.0
576.2083490702545 809.0
576.4666123787609 791.0
576.7248674585469 797.0
576.9831143091286 794.0
577.2413529300236 789.0
577.4995833207483 801.0
577.7578054808198 800.0
578.0160194097549 797.0
578.2742251070703 802.0
578.5324225722832 791.0
578.7906118049101 798.0
579.0487928044681 806.0
579.3069655704743 801.0
579.565130102445 808.0
579.8232863998975 799.0
580.0814344623485 804.0
580.339574289315 801.0
580.5977058803137 814.0
580.8558292348614 802.0
581.1139443524753 807.0
581.3720512326721 807.0
581.6301498749685 805.0
581.8882402788817 806.0
582.146322443928 794.0
582.4043963696251 801.0
582.6624620554893 809.0
582.9205195010375 806.0
583.1785687057866 789.0
583.4366096692537 798.0
583.6946423909554 811.0
583.9526668704085 801.0
584.2106831071303 786.0
584.4686911006373 798.0
584.7266908504463 806.0
584.9846823560746 802.0
585.2426656170385 805.0
585.5006406328554 794.0
585.7586074030418 792.0
586.0165659271148 807.0
586.2745162045912 803.0
586.5324582349878 794.0
586.7903920178214 800.0
587.0483175526091 791.0
587.3062348388676 803.0
587.5641438761138 800.0
587.8220446638645 792.0
588.0799372016369 803.0
588.3378214889474 791.0
588.5956975253132 795.0
588.8535653102509 814.0
589.1114248432776 814.0
589.3692761239103 808.0
589.6271191516653 795.0
589.88495392606 809.0
590.1427804466111 811.0
590.4005987128355 801.0
590.6584087242501 812.0
590.9162104803713 811.0
591.1740039807169 814.0
591.4317892248029 819.0
591.6895662121466 796.0
591.9473349422648 810.0
592.2050954146741 815.0
592.462847628892 801.0
592.7205915844347 797.0
592.9783272808194 806.0
593.236054717563 800.0
593.493773894182 794.0
593.7514848101939 807.0
594.009187465115 796.0
594.2668818584625 800.0
594.5245679897531 804.0
594.7822458585038 794.0
595.0399154642313 801.0
595.2975768064524 803.0
595.5552298846843 797.0
595.8128746984438 818.0
596.0705112472474 807.0
596.3281395306126 794.0
596.5857595480555 801.0
596.8433712990935 807.0
597.1009747832434 812.0
597.3585700000219 814.0
597.6161569489462 811.0
597.8737356295327 794.0
598.1313060412986 810.0
598.3888681837607 805.0
598.6464220564358 805.0
598.9039676588409 805.0
599.1615049904925 805.0
599.4190340509081 795.0
599.676554839604 808.0
599.9340673560972 815.0
600.1915715999048 799.0
600.4490675705435 800.0
600.7065552675302 781.0
600.9640346903817 779.0
601.221505838615 812.0
601.4789687117469 797.0
601.7364233092942 801.0
601.9938696307739 804.0
602.2513076757026 803.0
602.5087374435976 807.0
602.7661589339755 806.0
603.023572146353 823.0
603.2809770802475 854.0
603.5383737351752 834.0
603.7957621106534 818.0
604.053142206199 807.0
604.3105140213286 826.0
604.5678775555593 805.0
604.8252328084078 791.0
605.0825797793912 806.0
605.3399184680261 795.0
605.5972488738295 799.0
605.8545709963181 798.0
606.111884835009 809.0
606.3691903894193 802.0
606.6264876590651 809.0
606.883776643464 801.0
607.1410573421324 797.0
607.3983297545875 796.0
607.6555938803461 786.0
607.9128497189247 795.0
608.1700972698408 798.0
608.4273365326108 796.0
608.6845675067516 803.0
608.9417901917803 802.0
609.1990045872135 805.0
609.4562106925683 815.0
609.7134085073615 818.0
609.9705980311098 810.0
610.2277792633305 812.0
610.4849522035397 811.0
610.7421168512552 809.0
610.9992732059933 809.0
611.2564212672709 810.0
611.5135610346049 813.0
611.7706925075122 814.0
612.0278156855098 802.0
612.2849305681145 799.0
612.542037154843 800.0
612.7991354452124 796.0
613.0562254387393 805.0
613.3133071349409 819.0
613.5703805333337 794.0
613.8274456334349 796.0
614.0845024347612 801.0
614.3415509368294 817.0
614.5985911391567 812.0
614.8556230412595 795.0
615.1126466426551 795.0
615.36966194286 791.0
615.6266689413914 802.0
615.8836676377659 810.0
616.1406580315004 817.0
616.3976401221121 798.0
616.6546139091173 797.0
616.9115793920333 822.0
617.1685365703769 804.0
617.4254854436648 812.0
617.6824260114142 798.0
617.9393582731417 793.0
618.196282228364 803.0
618.4531978765983 789.0
618.7101052173614 805.0
618.9670042501702 801.0
619.2238949745413 803.0
619.4807773899919 795.0
619.7376514960388 809.0
619.9945172921986 806.0
620.2513747779885 798.0
620.508223952925 795.0
620.7650648165256 793.0
621.0218973683066 814.0
621.2787216077849 800.0
621.5355375344776 811.0
621.7923451479013 806.0
622.0491444475734 808.0
622.3059354330103 795.0
622.5627181037288 791.0
622.8194924592461 783.0
623.0762584990788 801.0
623.333016222744 813.0
623.5897656297584 797.0
623.8465067196389 803.0
624.1032394919024 796.0
624.3599639460657 808.0
624.6166800816459 825.0
624.8733878981594 803.0
625.1300873951237 813.0
625.3867785720552 797.0
625.6434614284708 819.0
625.9001359638876 787.0
626.1568021778221 795.0
626.4134600697917 800.0
626.6701096393127 786.0
626.9267508859024 792.0
627.1833838090776 796.0
627.4400084083547 789.0
627.6966246832512 794.0
627.9532326332837 805.0
628.2098322579691 794.0
628.4664235568243 801.0
628.723006529366 797.0
628.9795811751112 783.0
629.2361474935768 788.0
629.4927054842794 794.0
629.7492551467363 803.0
630.0057964804641 793.0
630.2623294849799 821.0
630.5188541598001 800.0
630.775370504442 797.0
631.0318785184223 809.0
631.2883782012578 794.0
631.5448695524658 803.0
631.8013525715625 799.0
632.0578272580652 802.0
632.3142936114906 804.0
632.5707516313557 800.0
632.8272013171775 798.0
633.0836426684723 791.0
633.3400756847575 800.0
633.5965003655499 806.0
633.8529167103661 802.0
634.1093247187234 790.0
634.3657243901381 797.0
634.6221157241276 793.0
634.8784987202085 790.0
635.1348733778977 811.0
635.3912396967121 807.0
635.6475976761684 804.0
635.9039473157839 806.0
636.1602886150749 798.0
636.4166215735588 798.0
636.6729461907521 808.0
636.9292624661718 816.0
637.1855703993349 812.0
637.4418699897578 794.0
637.6981612369581 800.0
637.9544441404521 800.0
638.2107186997567 809.0
638.4669849143892 808.0
638.7232427838659 796.0
638.979492307704 804.0
639.2357334854204 795.0
639.4919663165317 809.0
639.7481908005552 798.0
640.0044069370073 806.0
640.2606147254052 812.0
640.5168141652655 816.0
640.7730052561054 808.0
641.0291879974413 818.0
641.2853623887906 802.0
641.5415284296699 812.0
641.797686119596 812.0
642.0538354580859 808.0
642.3099764446565 786.0
642.5661090788245 794.0
642.8222333601069 790.0
643.0783492880205 794.0
643.3344568620822 788.0
643.5905560818089 804.0
643.8466469467173 801.0
644.1027294563247 794.0
644.3588036101473 797.0
644.6148694077026 813.0
644.8709268485071 792.0
645.1269759320778 783.0
645.3830166579316 790.0
645.6390490255851 802.0
645.8950730345556 810.0
646.1510886843597 805.0
646.4070959745143 792.0
646.6630949045363 794.0
646.9190854739425 809.0
647.17506768225 807.0
647.4310415289752 806.0
647.6870070136354 805.0
647.9429641357473 795.0
648.1989128948277 798.0
648.4548532903938 792.0
648.7107853219619 805.0
648.9667089890495 790.0
649.222624291173 813.0
649.4785312278494 803.0
649.7344297985958 803.0
649.9903200029287 791.0
650.2462018403652 790.0
650.502075310422 798.0
650.7579404126162 813.0
651.0137971464646 796.0
651.2696455114838 800.0
651.525485507191 778.0
651.7813171331029 800.0
652.0371403887364 785.0
652.2929552736086 803.0
652.5487617872358 804.0
652.8045599291355 804.0
653.0603496988242 787.0
653.3161310958188 790.0
653.5719041196362 808.0
653.8276687697933 792.0
654.0834250458071 822.0
654.3391729471941 809.0
654.5949124734717 801.0
654.8506436241562 791.0
655.1063663987647 790.0
655.3620807968144 802.0
655.6177868178215 808.0
655.8734844613035 784.0
656.129173726777 798.0
656.3848546137588 810.0
656.6405271217659 806.0
656.8961912503149 808.0
657.1518469989231 796.0
657.4074943671071 799.0
657.6631333543837 791.0
657.9187639602701 791.0
658.1743861842826 795.0
658.4300000259387 791.0
658.6856054847549 817.0
658.9412025602483 796.0
659.1967912519353 793.0
659.4523715593333 795.0
659.707943481959 797.0
659.9635070193291 796.0
660.2190621709606 782.0
660.4746089363705 810.0
660.7301473150753 799.0
660.9856773065924 791.0
661.2411989104381 792.0
661.4967121261298 802.0
661.7522169531838 799.0
662.0077133911174 799.0
662.2632014394475 793.0
662.5186810976904 789.0
662.7741523653638 797.0
663.029615241984 791.0
663.2850697270679 809.0
663.5405158201327 810.0
663.7959535206948 808.0
664.0513828282715 802.0
664.3068037423793 802.0
664.5622162625355 801.0
664.8176203882564 787.0
665.0730161190594 793.0
665.3284034544613 791.0
665.5837823939785 809.0
665.8391529371283 796.0
666.0945150834276 805.0
666.349868832393 793.0
666.6052141835415 803.0
666.8605511363899 809.0
667.1158796904554 800.0
667.3711998452544 818.0
667.626511600304 820.0
667.8818149551211 807.0
668.1371099092223 802.0
668.3923964621249 790.0
668.6476746133454 803.0
668.9029443624008 813.0
669.1582057088083 794.0
669.4134586520839 794.0
669.6687031917455 796.0
669.9239393273093 795.0
670.1791670582923 797.0
670.4343863842114 809.0
670.6895973045835 791.0
670.9447998189256 808.0
671.1999939267544 805.0
671.4551796275866 799.0
671.7103569209394 798.0
671.9655258063294 804.0
672.220686283274 806.0
672.475838351289 807.0
672.7309820098925 810.0
672.9861172586005 797.0
673.2412440969302 809.0
673.4963625243987 804.0
673.7514725405223 797.0
674.0065741448183 810.0
674.2616673368035 800.0
674.5167521159946 796.0
674.7718284819086 808.0
675.0268964340622 822.0
675.2819559719727 836.0
675.5370070951565 841.0
675.7920498031307 814.0
676.0470840954122 810.0
676.3021099715176 818.0
676.5571274309642 798.0
676.8121364732684 803.0
677.0671370979474 791.0
677.3221293045178 795.0
677.5771130924968 788.0
677.8320884614011 806.0
678.0870554107474 798.0
678.3420139400529 804.0
678.5969640488343 807.0
678.8519057366083 795.0
679.1068390028922 802.0
679.3617638472023 805.0
679.616680269056 809.0
679.8715882679699 807.0
680.1264878434607 820.0
680.3813789950458 801.0
680.6362617222414 793.0
680.8911360245651 800.0
681.146001901533 802.0
681.4008593526627 802.0
681.6557083774705 805.0
681.9105489754734 807.0
682.1653811461886 806.0
682.4202048891326 797.0
682.6750202038223 789.0
682.9298270897748 800.0
683.1846255465068 814.0
683.4394155735351 802.0
683.6941971703767 800.0
683.9489703365485 800.0
684.2037350715673 806.0
684.4584913749499 789.0
684.7132392462133 803.0
684.9679786848742 794.0
685.2227096904496 795.0
685.4774322624564 796.0
685.7321464004115 793.0
685.9868521038316 800.0
686.2415493722334 787.0
686.4962382051343 805.0
686.7509186020508 819.0
687.0055905624997 837.0
687.2602540859983 825.0
687.514909172063 823.0
687.7695558202109 817.0
688.0241940299587 812.0
688.2788238008236 798.0
688.5334451323221 805.0
688.7880580239712 803.0
689.042662475288 801.0
689.2972584857889 809.0
689.5518460549912 776.0
689.8064251824115 799.0
690.0609958675668 807.0
690.3155581099742 816.0
690.5701119091498 800.0
690.8246572646113 810.0
691.0791941758752 799.0
691.3337226424583 799.0
691.5882426638777 808.0
691.84275423965 782.0
692.0972573692924 812.0
692.3517520523214 810.0
692.6062382882542 805.0
692.8607160766074 797.0
693.1151854168979 791.0
693.3696463086428 802.0
693.6240987513587 820.0
693.8785427445628 800.0
694.1329782877717 828.0
694.3874053805022 804.0
694.6418240222713 795.0
694.8962342125958 806.0
695.1506359509929 809.0
695.405029236979 788.0
695.6594140700711 837.0
695.9137904497863 835.0
696.168158375641 844.0
696.4225178471527 878.0
696.676868863838 922.0
696.9312114252134 908.0
697.1855455307963 855.0
697.4398711801031 825.0
697.6941883726512 810.0
697.9484971079568 825.0
698.2027973855375 809.0
698.4570892049098 802.0
698.7113725655903 800.0
698.9656474670965 813.0
699.2199139089445 813.0
699.4741718906519 794.0
699.7284214117353 818.0
699.9826624717113 826.0
700.2368950700971 814.0
700.4911192064093 794.0
700.7453348801653 797.0
700.9995420908814 801.0
701.2537408380745 796.0
701.5079311212619 830.0
701.7621129399598 788.0
702.016286293686 817.0
702.2704511819566 823.0
702.5246076042886 818.0
702.778755560199 831.0
703.0328950492045 822.0
703.2870260708224 828.0
703.5411486245691 806.0
703.7952627099618 805.0
704.0493683265172 797.0
704.3034654737519 816.0
704.5575541511835 805.0
704.8116343583279 813.0
705.0657060947029 784.0
705.3197693598249 809.0
705.5738241532106 824.0
705.8278704743772 806.0
706.0819083228414 818.0
706.3359376981203 837.0
706.5899585997306 870.0
706.8439710271889 876.0
707.0979749800126 885.0
707.3519704577179 858.0
707.6059574598225 826.0
707.8599359858429 814.0
708.1139060352955 812.0
708.3678676076978 812.0
708.6218207025663 793.0
708.8757653194182 807.0
709.12970145777 797.0
709.3836291171389 803.0
709.6375482970416 809.0
709.8914589969946 799.0
710.1453612165157 803.0
710.3992549551208 802.0
710.6531402123275 805.0
710.9070169876522 792.0
711.1608852806118 798.0
711.4147450907236 810.0
711.6685964175037 793.0
711.9224392604699 799.0
712.1762736191384 811.0
712.4300994930262 807.0
712.6839168816504 812.0
712.9377257845274 804.0
713.1915262011746 814.0
713.4453181311087 796.0
713.6991015738463 800.0
713.9528765289045 800.0
714.2066429958 801.0
714.4604009740502 811.0
714.7141504631712 823.0
714.9678914626805 801.0
715.2216239720948 810.0
715.4753479909306 815.0
715.7290635187052 814.0
715.982770554935 820.0
716.2364690991376 792.0
716.4901591508293 811.0
716.743840709527 788.0
716.9975137747479 801.0
717.2511783460084 807.0
717.5048344228259 800.0
717.7584820047169 792.0
718.0121210911982 795.0
718.2657516817872 803.0
718.519373776 798.0
718.772987373354 798.0
719.026592473366 808.0
719.2801890755527 819.0
719.5337771794311 805.0
719.7873567845179 804.0
720.0409278903304 808.0
720.294490496385 808.0
720.5480446021987 818.0
720.8015902072887 808.0
721.0551273111711 801.0
721.3086559133636 816.0
721.5621760133826 821.0
721.815687610745 804.0
722.0691907049679 798.0
722.3226852955679 814.0
722.5761713820622 791.0
722.8296489639672 800.0
723.0831180408002 796.0
723.3365786120778 799.0
723.5900306773169 801.0
723.8434742360346 803.0
724.0969092877473 829.0
724.3503358319725 808.0
724.6037538682267 800.0
724.8571633960265 793.0
725.1105644148894 810.0
725.3639569243315 805.0
725.6173409238706 800.0
725.8707164130229 793.0
726.1240833913054 806.0
726.3774418582351 815.0
726.6307918133285 804.0
726.8841332561029 814.0
727.137466186075 821.0
727.3907906027619 828.0
727.6441065056802 826.0
727.8974138943464 829.0
728.1507127682783 811.0
728.4040031269918 814.0
728.6572849700045 798.0
728.9105582968331 816.0
729.1638231069941 794.0
729.4170794000048 788.0
729.6703271753817 808.0
729.923566432642 804.0
730.1767971713025 817.0
730.4300193908798 804.0
730.6832330908911 788.0
730.936438270853 800.0
731.1896349302828 803.0
731.442823068697 807.0
731.6960026856123 817.0
731.949173780546 800.0
732.2023363530145 809.0
732.4554904025351 805.0
732.7086359286245 805.0
732.9617729307997 802.0
733.2149014085775 809.0
733.4680213614745 789.0
733.7211327890079 806.0
733.9742356906943 802.0
734.2273300660511 809.0
734.4804159145946 809.0
734.7334932358416 798.0
734.9865620293094 809.0
735.2396222945147 827.0
735.4926740309744 820.0
735.7457172382054 802.0
735.9987519157243 809.0
736.2517780630484 822.0
736.504795679694 819.0
736.7578047651785 811.0
737.0108053190187 844.0
737.2637973407312 854.0
737.516780829833 871.0
737.769755785841 877.0
738.0227222082721 908.0
738.2756800966428 961.0
738.5286294504706 936.0
738.781570269272 924.0
739.0345025525638 897.0
739.2874262998632 833.0
739.5403415106866 834.0
739.7932481845512 798.0
740.046146320974 809.0
740.2990359194714 805.0
740.5519169795606 810.0
740.8047895007583 782.0
741.0576534825816 793.0
741.3105089245472 799.0
741.563355826172 801.0
741.8161941869729 803.0
742.0690240064664 816.0
742.3218452841702 806.0
742.5746580196005 804.0
742.8274622122741 812.0
743.0802578617083 796.0
743.3330449674197 816.0
743.5858235289254 801.0
743.8385935457418 795.0
744.0913550173865 806.0
744.3441079433758 797.0
744.5968523232264 803.0
744.8495881564559 799.0
745.1023154425804 794.0
745.3550341811174 801.0
745.6077443715835 798.0
745.8604460134952 802.0
746.1131391063701 799.0
746.3658236497243 803.0
746.6184996430754 799.0
746.87116708594 809.0
747.1238259778346 806.0
747.3764763182764 808.0
747.6291181067822 837.0
747.8817513428692 806.0
748.1343760260539 809.0
748.3869921558529 812.0
748.6395997317837 811.0
748.8921987533628 811.0
749.1447892201071 825.0
749.3973711315336 843.0
749.6499444871589 893.0
749.9025092865003 1016.0
750.1550655290741 1141.0
750.4076132143978 1250.0
750.6601523419877 1192.0
750.912682911361 1219.0
751.1652049220347 1110.0
751.4177183735251 1114.0
751.6702232653497 1030.0
751.9227195970248 1010.0
752.1752073680677 922.0
752.4276865779954 857.0
752.680157226324 835.0
752.9326193125712 826.0
753.1850728362533 826.0
753.4375177968876 811.0
753.6899541939908 815.0
753.9423820270795 825.0
754.194801295671 814.0
754.4472119992819 804.0
754.6996141374291 786.0
754.9520077096296 810.0
755.2043927154 813.0
755.4567691542577 809.0
755.7091370257187 794.0
755.9614963293008 798.0
756.2138470645202 820.0
756.4661892308942 797.0
756.7185228279395 791.0
756.9708478551728 789.0
757.2231643121112 804.0
757.4754721982714 801.0
757.7277715131704 810.0
757.9800622563251 794.0
758.2323444272521 798.0
758.4846180254688 804.0
758.7368830504913 793.0
758.9891395018373 793.0
759.2413873790232 796.0
759.4936266815657 784.0
759.7458574089821 806.0
759.9980795607888 813.0
760.2502931365033 803.0
760.502498135642 797.0
760.7546945577217 801.0
761.0068824022595 780.0
761.2590616687722 809.0
761.5112323567769 794.0
761.7633944657899 816.0
762.0155479953288 806.0
762.26769294491 808.0
762.5198293140501 840.0
762.7719571022666 909.0
763.024076309076 1058.0
763.2761869339953 1230.0
763.5282889765415 1361.0
763.780382436231 1259.0
764.032467312581 1283.0
764.2845436051083 1067.0
764.53661131333 916.0
764.7886704367629 848.0
765.0407209749233 842.0
765.2927629273288 839.0
765.5447962934958 826.0
765.7968210729414 818.0
766.0488372651824 813.0
766.3008448697357 813.0
766.5528438861181 798.0
766.8048343138464 801.0
767.0568161524378 819.0
767.3087894014087 793.0
767.5607540602764 788.0
767.8127101285577 803.0
768.0646576057691 804.0
768.3165964914278 800.0
768.5685267850505 822.0
768.8204484861544 815.0
769.0723615942561 784.0
769.3242661088722 795.0
769.5761620295201 803.0
769.8280493557162 808.0
770.0799280869778 804.0
770.3317982228216 806.0
770.5836597627642 818.0
770.835512706323 797.0
771.0873570530143 805.0
771.3391928023555 802.0
771.591019953863 830.0
771.8428385070538 864.0
772.094648461445 919.0
772.3464498165532 976.0
772.5982425718955 948.0
772.8500267269885 953.0
773.1018022813494 888.0
773.3535692344948 852.0
773.6053275859415 829.0
773.8570773352067 819.0
774.108818481807 816.0
774.3605510252594 801.0
774.6122749650807 794.0
774.8639903007878 797.0
775.1156970318975 795.0
775.3673951579267 801.0
775.6190846783925 816.0
775.8707655928115 781.0
776.1224379007004 795.0
776.3741016015766 787.0
776.6257566949563 790.0
776.8774031803571 799.0
777.1290410572955 801.0
777.3806703252881 825.0
777.6322909838522 817.0
777.8839030325043 805.0
778.1355064707618 795.0
778.3871012981411 797.0
778.6386875141592 799.0
778.890265118333 795.0
779.1418341101793 791.0
779.3933944892151 785.0
779.6449462549571 809.0
779.8964894069222 797.0
780.1480239446275 795.0
780.3995498675895 804.0
780.6510671753255 819.0
780.9025758673517 800.0
781.1540759431858 810.0
781.4055674023442 794.0
781.6570502443437 804.0
781.9085244687013 798.0
782.159990074934 816.0
782.4114470625585 802.0
782.6628954310918 798.0
782.9143351800503 793.0
783.1657663089516 800.0
783.4171888173119 800.0
783.6686027046486 801.0
783.9200079704783 797.0
784.1714046143178 804.0
784.4227926356843 796.0
784.6741720340941 790.0
784.9255428090647 795.0
785.1769049601126 798.0
785.4282584867548 801.0
785.6796033885082 793.0
785.9309396648893 801.0
786.1822673154155 799.0
786.4335863396033 797.0
786.6848967369698 810.0
786.9361985070317 796.0
787.1874916493058 798.0
787.4387761633094 801.0
787.6900520485588 782.0
787.9413193045713 796.0
788.1925779308636 798.0
788.4438279269523 801.0
788.6950692923548 800.0
788.9463020265875 808.0
789.1975261291677 812.0
789.448741599612 795.0
789.6999484374371 806.0
789.9511466421604 805.0
790.2023362132982 814.0
790.4535171503677 787.0
790.7046894528855 798.0
790.9558531203689 789.0
791.2070081523347 808.0
791.458154548299 811.0
791.7092923077797 798.0
791.9604214302931 799.0
792.2115419153562 799.0
792.462653762486 805.0
792.7137569711989 794.0
792.9648515410123 790.0
793.2159374714428 806.0
793.4670147620074 804.0
793.718083412223 808.0
793.9691434216061 829.0
794.220194789674 863.0
794.4712375159432 925.0
794.722271599931 955.0
794.9732970411541 933.0
795.2243138391292 944.0
795.4753219933733 918.0
795.7263215034031 849.0
795.9773123687357 835.0
796.2282945888878 809.0
796.4792681633767 805.0
796.7302330917187 809.0
796.9811893734307 814.0
797.23213700803 800.0
797.483075995033 786.0
797.7340063339569 802.0
797.9849280243186 798.0
798.2358410656345 801.0
798.4867454574222 810.0
798.7376411991978 807.0
798.9885282904788 803.0
799.2394067307818 802.0
799.4902765196234 813.0
799.741137656521 821.0
799.9919901409909 839.0
800.2428339725506 898.0
800.4936691507165 972.0
800.7444956750055 957.0
800.9953135449347 1004.0
801.2461227600207 1066.0
801.4969233197808 1001.0
801.7477152237312 941.0
801.9984984713894 933.0
802.2492730622722 890.0
802.5000389958959 852.0
802.7507962717781 811.0
803.0015448894349 819.0
803.252284848384 797.0
803.5030161481417 797.0
803.7537387882248 813.0
804.0044527681507 812.0
804.2551580874358 806.0
804.5058547455972 801.0
804.7565427421519 817.0
805.0072220766161 810.0
805.2578927485075 803.0
805.5085547573423 809.0
805.7592081026379 808.0
806.009852783911 798.0
806.2604888006782 817.0
806.5111161524568 802.0
806.7617348387631 793.0
807.0123448591147 797.0
807.2629462130279 784.0
807.5135389000196 797.0
807.7641229196071 809.0
808.0146982713067 819.0
808.2652649546358 816.0
808.5158229691108 836.0
808.7663723142489 823.0
809.016912989567 817.0
809.2674449945815 824.0
809.5179683288098 816.0
809.7684829917686 905.0
810.0189889829746 983.0
810.269486301945 1058.0
810.5199749481961 1054.0
810.7704549212456 1220.0
811.0209262206095 1543.0
811.2713888458052 2076.0
811.5218427963496 2187.0
811.7722880717591 1955.0
812.022724671551 2044.0
812.2731525952421 1625.0
812.5235718423493 1165.0
812.7739824123893 1001.0
813.0243843048788 918.0
813.2747775193352 863.0
813.5251620552749 865.0
813.7755379122152 843.0
814.0259050896724 817.0
814.276263587164 824.0
814.5266134042064 815.0
814.7769545403165 815.0
815.0272869950115 821.0
815.2776107678079 798.0
815.5279258582229 804.0
815.7782322657732 806.0
816.0285299899754 816.0
816.2788190303468 801.0
816.529099386404 806.0
816.7793710576641 811.0
817.0296340436439 796.0
817.2798883438601 791.0
817.5301339578298 778.0
817.7803708850694 805.0
818.0305991250964 793.0
818.2808186774273 807.0
818.531029541579 785.0
818.7812317170685 802.0
819.0314252034124 790.0
819.281610000128 809.0
819.5317861067317 795.0
819.7819535227408 808.0
820.0321122476719 794.0
820.2822622810417 799.0
820.5324036223675 803.0
820.7825362711658 797.0
821.0326602269538 808.0
821.2827754892483 809.0
821.5328820575656 812.0
821.7829799314234 793.0
822.033069110338 806.0
822.2831495938267 805.0
822.5332213814061 792.0
822.7832844725929 805.0
823.0333388669044 803.0
823.283384563857 807.0
823.533421562968 793.0
823.7834498637541 786.0
824.033469465732 796.0
824.2834803684189 796.0
824.5334825713311 795.0
824.7834760739862 801.0
825.0334608759005 810.0
825.2834369765912 814.0
825.5334043755751 816.0
825.7833630723688 810.0
826.0333130664897 850.0
826.2832543574541 901.0
826.5331869447793 885.0
826.783110827982 878.0
827.0330260065789 876.0
827.2829324800872 840.0
827.5328302480233 820.0
827.7827193099047 805.0
828.032599665248 799.0
828.2824713135695 808.0
828.532334254387 799.0
828.7821884872168 806.0
829.0320340115759 827.0
829.2818708269813 787.0
829.5316989329494 792.0
829.7815183289979 801.0
830.0313290146428 808.0
830.2811309894015 796.0
830.5309242527906 809.0
830.7807088043272 802.0
831.0304846435281 803.0
831.2802517699099 798.0
831.5300101829899 799.0
831.7797598822846 799.0
832.0295008673112 803.0
832.2792331375864 803.0
832.5289566926268 780.0
832.7786715319497 793.0
833.0283776550717 804.0
833.27807506151 789.0
833.5277637507811 793.0
833.7774437224018 796.0
834.0271149758895 780.0
834.2767775107606 792.0
834.526431326532 806.0
834.7760764227208 788.0
835.0257127988438 799.0
835.2753404544177 802.0
835.5249593889594 789.0
835.774569601986 779.0
836.0241710930143 794.0
836.2737638615607 788.0
836.5233479071428 792.0
836.7729232292768 791.0
837.0224898274802 809.0
837.2720477012693 797.0
837.5215968501614 805.0
837.7711372736733 800.0
838.0206689713215 799.0
838.2701919426232 800.0
838.5197061870952 804.0
838.7692117042545 819.0
839.0187084936177 786.0
839.2681965547017 816.0
839.5176758870236 792.0
839.7671464901001 804.0
840.0166083634483 812.0
840.2660615065847 865.0
840.5155059190262 935.0
840.7649416002901 944.0
841.0143685498927 930.0
841.2637867673512 926.0
841.5131962521828 922.0
841.7625970039035 896.0
842.0119890220308 994.0
842.2613723060813 1121.0
842.5107468555723 1047.0
842.76011267002 1063.0
843.0094697489418 1073.0
843.2588180918546 968.0
843.5081576982747 848.0
843.7574885677194 843.0
844.0068106997054 828.0
844.25612409375 825.0
844.5054287493696 803.0
844.754724666081 792.0
845.0040118434015 793.0
845.2532902808475 796.0
845.5025599779364 803.0
845.7518209341847 801.0
846.0010731491091 804.0
846.2503166222269 802.0
846.4995513530547 810.0
846.7487773411094 801.0
846.9979945859081 790.0
847.2472030869674 807.0
847.4964028438043 798.0
847.7455938559353 801.0
847.994776122878 789.0
848.2439496441485 796.0
848.4931144192642 803.0
848.7422704477419 796.0
848.9914177290981 776.0
849.2405562628502 792.0
849.4896860485144 794.0
849.7388070856083 807.0
849.9879193736485 791.0
850.2370229121515 794.0
850.4861177006346 799.0
850.7352037386146 805.0
850.9842810256082 798.0
851.2333495611326 799.0
851.482409344704 814.0
851.7314603758401 847.0
851.9805026540571 881.0
852.2295361788724 883.0
852.4785609498026 870.0
852.7275769663643 863.0
852.9765842280748 844.0
853.2255827344507 812.0
853.4745724850093 791.0
853.7235534792667 786.0
853.9725257167406 787.0
854.2214891969475 790.0
854.4704439194039 799.0
854.7193898836274 804.0
854.9683270891342 795.0
855.2172555354416 813.0
855.4661752220665 790.0
855.7150861485252 804.0
855.9639883143353 782.0
856.212881719013 796.0
856.4617663620759 791.0
856.7106422430403 790.0
856.9595093614231 790.0
857.2083677167415 796.0
857.4572173085119 788.0
857.7060581362517 789.0
857.9548901994776 799.0
858.2037134977061 795.0
858.4525280304546 798.0
858.7013337972394 791.0
858.950130797578 795.0
859.1989190309868 801.0
859.4476984969828 800.0
859.696469195083 790.0
859.9452311248039 798.0
860.1939842856627 801.0
860.4427286771763 788.0
860.6914642988615 790.0
860.9401911502351 802.0
861.1889092308139 807.0
861.437618540115 806.0
861.686319077655 785.0
861.935010842951 812.0
862.1836938355198 794.0
862.432368054878 793.0
862.6810335005429 797.0
862.9296901720311 805.0
863.1783380688596 796.0
863.4269771905452 788.0
863.6756075366046 811.0
863.9242291065551 793.0
864.1728418999131 799.0
864.4214459161959 795.0
864.6700411549201 797.0
864.9186276156024 791.0
865.1672052977602 788.0
865.4157742009098 796.0
865.6643343245685 792.0
865.9128856682528 788.0
866.1614282314799 810.0
866.4099620137665 805.0
866.6584870146295 805.0
866.9070032335858 795.0
867.155510670152 800.0
867.4040093238455 793.0
867.6524991941827 795.0
867.9009802806806 793.0
868.1494525828563 794.0
868.3979161002262 786.0
868.6463708323078 800.0
868.8948167786174 802.0
869.1432539386718 799.0
869.3916823119887 798.0
869.6401018980839 801.0
869.8885126964751 798.0
870.1369147066789 801.0
870.3853079282118 777.0
870.6336923605911 788.0
870.8820680033335 794.0
871.1304348559562 792.0
871.3787929179755 796.0
871.6271421889087 794.0
871.8754826682726 803.0
872.1238143555837 803.0
872.3721372503595 794.0
872.6204513521162 802.0
872.8687566603713 795.0
873.1170531746413 807.0
873.365340894443 798.0
873.6136198192935 790.0
873.8618899487094 800.0
874.110151282208 779.0
874.3584038193057 801.0
874.6066475595196 790.0
874.8548825023668 793.0
875.1031086473636 809.0
875.3513259940273 796.0
875.5995345418747 784.0
875.8477342904224 801.0
876.0959252391877 805.0
876.3441073876871 782.0
876.5922807354377 794.0
876.8404452819562 804.0
877.0886010267599 800.0
877.3367479693651 805.0
877.5848861092887 815.0
877.8330154460481 781.0
878.0811359791594 786.0
878.3292477081402 793.0
878.5773506325071 787.0
878.8254447517768 794.0
879.0735300654665 796.0
879.3216065730924 800.0
879.5696742741723 788.0
879.8177331682225 791.0
880.0657832547598 790.0
880.3138245333014 809.0
880.5618570033639 804.0
880.8098806644645 798.0
881.0578955161196 795.0
881.3059015578464 785.0
881.5538987891618 791.0
881.8018872095822 795.0
882.0498668186252 800.0
882.297837615807 804.0
882.5457996006451 789.0
882.7937527726558 807.0
883.041697131356 807.0
883.2896326762632 788.0
883.5375594068934 798.0
883.7854773227642 790.0
884.0333864233922 788.0
884.2812867082938 805.0
884.5291781769868 789.0
884.7770608289871 798.0
885.0249346638125 797.0
885.2727996809792 785.0
885.5206558800041 808.0
885.7685032604046 796.0
886.0163418216969 796.0
886.2641715633982 786.0
886.5119924850256 804.0
886.7598045860955 789.0
887.007607866125 796.0
887.2554023246308 796.0
887.5031879611303 779.0
887.7509647751398 793.0
887.9987327661763 804.0
888.2464919337567 802.0
888.4942422773979 791.0
888.7419837966169 785.0
888.9897164909302 808.0
889.2374403598551 799.0
889.4851554029083 799.0
889.7328616196063 784.0
889.9805590094667 780.0
890.2282475720056 790.0
890.4759273067405 796.0
890.7235982131879 803.0
890.9712602908646 788.0
891.218913539288 796.0
891.4665579579743 791.0
891.7141935464408 795.0
891.9618203042044 798.0
892.2094382307815 798.0
892.4570473256895 789.0
892.7046475884449 805.0
892.9522390185649 808.0
893.1998216155661 797.0
893.4473953789653 800.0
893.6949603082797 797.0
893.9425164030258 792.0
894.1900636627211 790.0
894.4376020868815 789.0
894.6851316750246 779.0
894.9326524266672 797.0
895.1801643413257 819.0
895.4276674185177 784.0
895.6751616577593 778.0
895.922647058568 793.0
896.1701236204603 811.0
896.4175913429531 798.0
896.6650502255636 792.0
896.912500267808 803.0
897.159941469204 797.0
897.4073738292678 808.0
897.6547973475165 781.0
897.9022120234671 799.0
898.1496178566362 783.0
898.3970148465409 801.0
898.644402992698 781.0
898.8917822946241 798.0
899.1391527518367 800.0
899.386514363852 808.0
899.6338671301874 803.0
899.8812110503592 784.0
900.1285461238849 799.0
900.375872350281 796.0
900.6231897290643 791.0
900.8704982597519 798.0
901.1177979418604 779.0
901.3650887749071 782.0
901.6123707584086 789.0
901.8596438918815 797.0
902.106908174843 795.0
902.35416360681 813.0
902.6014101872993 802.0
902.8486479158278 793.0
903.095876791912 782.0
903.3430968150694 794.0
903.5903079848164 801.0
903.83751030067 781.0
904.0847037621473 810.0
904.3318883687646 810.0
904.5790641200394 791.0
904.826231015488 778.0
905.0733890546279 802.0
905.3205382369753 778.0
905.5676785620476 795.0
905.8148100293615 800.0
906.0619326384336 800.0
906.3090463887813 799.0
906.5561512799208 813.0
906.8032473113697 799.0
907.0503344826443 799.0
907.2974127932616 795.0
907.5444822427387 803.0
907.7915428305921 802.0
908.038594556339 784.0
908.2856374194963 779.0
908.5326714195803 804.0
908.7796965561088 794.0
909.0267128285976 799.0
909.2737202365645 813.0
909.520718779526 792.0
909.7677084569985 794.0
910.0146892684998 792.0
910.261661213546 800.0
910.5086242916544 798.0
910.7555785023416 803.0
911.0025238451248 780.0
911.2494603195206 793.0
911.4963879250456 800.0
911.7433066612174 842.0
911.9902165275522 979.0
912.2371175235672 952.0
912.4840096487795 902.0
912.7308929027052 916.0
912.9777672848619 906.0
913.2246327947661 850.0
913.4714894319347 812.0
913.7183371958849 832.0
913.965176086133 821.0
914.2120061021965 803.0
914.4588272435916 788.0
914.7056395098358 808.0
914.9524429004457 784.0
915.1992374149379 798.0
915.4460230528298 800.0
915.6927998136375 799.0
915.9395676968788 805.0
916.1863267020701 800.0
916.4330768287281 798.0
916.67981807637 796.0
916.9265504445123 793.0
917.1732739326723 787.0
917.4199885403666 804.0
917.6666942671121 799.0
917.9133911124259 800.0
918.1600790758242 807.0
918.4067581568248 793.0
918.6534283549438 793.0
918.9000896696987 817.0
919.1467421006058 798.0
919.3933856471822 789.0
919.6400203089449 775.0
919.8866460854103 798.0
920.1332629760961 782.0
920.3798709805186 802.0
920.6264700981943 801.0
920.8730603286409 803.0
921.1196416713748 804.0
921.3662141259131 801.0
921.6127776917724 791.0
921.8593323684695 816.0
922.1058781555217 843.0
922.3524150524454 841.0
922.598943058758 826.0
922.8454621739758 825.0
923.0919723976159 835.0
923.3384737291954 825.0
923.5849661682307 801.0
923.8314497142393 795.0
924.0779243667373 789.0
924.3243901252423 807.0
924.5708469892709 789.0
924.8172949583395 804.0
925.0637340319656 786.0
925.3101642096658 797.0
925.5565854909571 787.0
925.8029978753563 790.0
926.04940136238 790.0
926.2957959515456 792.0
926.5421816423694 803.0
926.7885584343687 786.0
927.0349263270604 806.0
927.281285319961 792.0
927.5276354125876 804.0
927.7739766044568 785.0
928.020308895086 781.0
928.2666322839915 801.0
928.5129467706906 807.0
928.7592523547 802.0
929.0055490355364 804.0
929.2518368127171 796.0
929.4981156857584 795.0
929.7443856541778 799.0
929.9906467174917 790.0
930.2368988752169 795.0
930.4831421268707 795.0
930.7293764719695 785.0
930.9756019100306 802.0
931.2218184405708 795.0
931.4680260631065 796.0
931.7142247771553 786.0
931.9604145822334 808.0
932.2065954778582 795.0
932.4527674635461 803.0
932.6989305388141 808.0
932.9450847031794 790.0
933.1912299561584 806.0
933.4373662972685 805.0
933.6834937260257 799.0
933.929612241948 797.0
934.1757218445516 799.0
934.4218225333533 795.0
934.6679143078701 785.0
934.913997167619 792.0
935.1600711121167 782.0
935.4061361408803 798.0
935.6521922534262 785.0
935.8982394492718 784.0
936.1442777279336 796.0
936.3903070889288 796.0
936.636327531774 793.0
936.882339055986 788.0
937.128341661082 797.0
937.3743353465785 790.0
937.6203201119927 799.0
937.8662959568414 804.0
938.1122628806411 798.0
938.3582208829092 769.0
938.6041699631621 790.0
938.8501101209171 789.0
939.0960413556905 784.0
939.341963667 792.0
939.5878770543618 793.0
939.8337815172929 797.0
940.0796770553103 792.0
940.3255636679306 791.0
940.5714413546712 786.0
940.8173101150486 791.0
941.0631699485793 786.0
941.309020854781 783.0
941.5548628331699 801.0
941.8006958832632 787.0
942.0465200045778 785.0
942.2923351966301 790.0
942.5381414589376 789.0
942.7839387910167 806.0
943.0297271923846 795.0
943.275506662558 792.0
943.5212772010536 802.0
943.7670388073888 795.0
944.0127914810797 796.0
944.2585352216438 789.0
944.504270028598 791.0
944.7499959014584 797.0
944.9957128397427 811.0
945.2414208429674 788.0
945.4871199106495 798.0
945.7328100423057 790.0
945.978491237453 790.0
946.2241634956084 788.0
946.4698268162882 807.0
946.71548119901 812.0
946.9611266432901 797.0
947.2067631486459 782.0
947.4523907145939 778.0
947.6980093406509 802.0
947.943619026334 780.0
948.1892197711599 794.0
948.4348115746456 787.0
948.680394436308 789.0
948.9259683556636 797.0
949.17153333223 785.0
949.4170893655231 795.0
949.6626364550607 801.0
949.9081746003591 797.0
950.1537038009352 793.0
950.3992240563063 810.0
950.6447353659886 793.0
950.8902377294995 779.0
951.1357311463555 800.0
951.381215616074 783.0
951.6266911381715 795.0
951.8721577121647 796.0
952.1176153375708 808.0
952.3630640139064 797.0
952.6085037406887 780.0
952.8539345174344 800.0
953.09935634366 796.0
953.3447692188829 802.0
953.5901731426196 789.0
953.8355681143876 798.0
954.080954133703 786.0
954.326331200083 798.0
954.5716993130445 800.0
954.8170584721041 795.0
955.0624086767792 786.0
955.3077499265863 800.0
955.5530822210421 786.0
955.798405559664 786.0
956.0437199419682 803.0
956.2890253674723 784.0
956.5343218356925 798.0
956.7796093461461 791.0
957.02488789835 803.0
957.2701574918206 801.0
957.5154181260752 786.0
957.7606698006304 800.0
958.0059125150034 790.0
958.2511462687107 775.0
958.4963710612694 790.0
958.7415868921963 798.0
958.9867937610082 813.0
959.2319916672224 802.0
959.4771806103552 792.0
959.7223605899235 795.0
959.9675316054446 778.0
960.2126936564348 800.0
960.4578467424116 802.0
960.7029908628915 800.0
960.9481260173911 801.0
961.193252205428 810.0
961.4383694265184 792.0
961.6834776801796 793.0
961.9285769659282 800.0
962.1736672832812 790.0
962.4187486317555 797.0
962.6638210108677 806.0
962.908884420135 800.0
963.153938859074 784.0
963.3989843272019 798.0
963.6440208240352 792.0
963.889048349091 810.0
964.1340669018862 813.0
964.3790764819373 817.0
964.6240770887617 803.0
964.8690687218761 807.0
965.114051380797 807.0
965.3590250650417 830.0
965.6039897741268 872.0
965.8489455075695 816.0
966.0938922648864 797.0
966.3388300455941 813.0
966.5837588492103 801.0
966.8286786752509 807.0
967.0735895232334 807.0
967.3184913926743 799.0
967.5633842830911 798.0
967.808268194 790.0
968.0531431249179 789.0
968.2980090753622 797.0
968.5428660448491 787.0
968.7877140328961 786.0
969.0325530390197 798.0
969.2773830627367 795.0
969.5222041035643 800.0
969.7670161610189 793.0
970.0118192346179 797.0
970.2566133238779 792.0
970.5013984283155 788.0
970.746174547448 794.0
970.990941680792 797.0
971.2356998278649 790.0
971.480448988183 807.0
971.725189161263 803.0
971.9699203466223 793.0
972.2146425437775 791.0
972.4593557522456 780.0
972.7040599715434 799.0
972.9487552011876 789.0
973.1934414406954 793.0
973.4381186895833 802.0
973.6827869473685 794.0
973.9274462135677 802.0
974.1720964876979 794.0
974.4167377692759 814.0
974.6613700578182 803.0
974.9059933528424 803.0
975.1506076538647 791.0
975.3952129604023 794.0
975.6398092719721 798.0
975.8843965880908 805.0
976.1289749082755 800.0
976.3735442320426 792.0
976.6181045589096 792.0
976.862655888393 797.0
977.1071982200094 795.0
977.3517315532764 792.0
977.5962558877101 795.0
977.840771222828 804.0
978.0852775581467 797.0
978.3297748931827 801.0
978.5742632274536 794.0
978.8187425604756 785.0
979.063212891766 784.0
979.3076742208415 808.0
979.5521265472191 783.0
979.7965698704156 800.0
980.0410041899477 792.0
980.2854295053326 789.0
980.5298458160865 799.0
980.7742531217272 801.0
981.0186514217711 815.0
981.2630407157347 800.0
981.5074210031356 798.0
981.7517922834901 780.0
981.9961545563154 786.0
982.2405078211283 797.0
982.4848520774455 784.0
982.729187324784 795.0
982.9735135626606 792.0
983.2178307905924 797.0
983.4621390080961 788.0
983.7064382146882 798.0
983.9507284098863 790.0
984.1950095932067 786.0
984.4392817641666 806.0
984.6835449222825 787.0
984.9277990670716 800.0
985.1720441980509 801.0
985.4162803147366 790.0
985.6605074166464 798.0
985.9047255032964 798.0
986.1489345742042 805.0
986.3931346288863 791.0
986.6373256668593 807.0
986.8815076876406 802.0
987.1256806907464 797.0
987.3698446756944 791.0
987.613999642001 799.0
987.8581455891829 786.0
988.1022825167574 789.0
988.3464104242408 792.0
988.5905293111508 775.0
988.8346391770036 801.0
989.0787400213161 801.0
989.3228318436055 817.0
989.5669146433884 805.0
989.8109884201817 802.0
990.0550531735024 797.0
990.2991089028674 797.0
990.5431556077934 806.0
990.7871932877973 800.0
991.031221942396 790.0
991.2752415711062 806.0
991.5192521734452 786.0
991.7632537489297 791.0
992.0072462970761 790.0
992.251229817402 796.0
992.4952043094236 794.0
992.7391697726582 798.0
992.9831262066227 782.0
993.2270736108336 797.0
993.4710119848082 795.0
993.7149413280629 789.0
993.958861640115 798.0
994.2027729204812 793.0
994.4466751686781 796.0
994.6905683842231 797.0
994.9344525666326 802.0
995.1783277154237 788.0
995.4221938301132 780.0
995.6660509102181 777.0
995.9098989552552 804.0
996.1537379647411 800.0
996.3975679381932 809.0
996.6413888751279 807.0
996.8852007750622 799.0
997.1290036375133 808.0
997.3727974619973 796.0
997.6165822480319 797.0
997.8603579951333 798.0
998.104124702819 790.0
998.3478823706055 813.0
998.5916309980095 804.0
998.8353705845483 801.0
999.0791011297383 800.0
999.3228226330968 802.0
999.5665350941406 799.0
999.8102385123861 787.0
1000.0539328873509 802.0
1000.2976182185512 808.0
1000.5412945055043 790.0
1000.7849617477269 778.0
1001.0286199447357 793.0
1001.2722690960481 796.0
1001.5159092011804 801.0
1001.75954025965 802.0
1002.003162270973 801.0
1002.246775234667 786.0
1002.4903791502487 779.0
1002.7339740172346 799.0
1002.9775598351421 791.0
1003.2211366034876 792.0
1003.4647043217884 802.0
1003.7082629895611 796.0
1003.9518126063224 805.0
1004.1953531715895 797.0
1004.4388846848791 800.0
1004.6824071457083 790.0
1004.9259205535938 798.0
1005.1694249080521 787.0
1005.4129202086007 785.0
1005.6564064547559 809.0
1005.8998836460353 802.0
1006.1433517819551 788.0
1006.3868108620323 800.0
1006.6302608857841 807.0
1006.8737018527269 808.0
1007.1171337623779 796.0
1007.3605566142537 797.0
1007.6039704078715 804.0
1007.8473751427481 792.0
1008.0907708184001 786.0
1008.3341574343445 784.0
1008.5775349900982 786.0
1008.8209034851784 799.0
1009.0642629191013 800.0
1009.3076132913841 805.0
1009.5509546015439 807.0
1009.7942868490973 798.0
1010.0376100335611 800.0
1010.2809241544525 790.0
1010.5242292112879 793.0
1010.7675252035845 797.0
1011.010812130859 802.0
1011.2540899926286 809.0
1011.4973587884098 816.0
1011.7406185177194 782.0
1011.9838691800747 801.0
1012.2271107749921 786.0
1012.470343301989 801.0
1012.7135667605817 802.0
1012.9567811502875 790.0
1013.1999864706231 787.0
1013.4431827211052 788.0
1013.686369901251 792.0
1013.929548010577 794.0
1014.1727170486006 808.0
1014.4158770148383 810.0
1014.6590279088067 814.0
1014.9021697300233 810.0
1015.1453024780044 801.0
1015.3884261522674 806.0
1015.6315407523286 795.0
1015.8746462777051 796.0
1016.1177427279141 799.0
1016.3608301024719 797.0
1016.603908400896 796.0
1016.8469776227028 797.0
1017.0900377674091 793.0
1017.3330888345322 794.0
1017.5761308235883 798.0
1017.8191637340951 800.0
1018.0621875655689 802.0
1018.3052023175269 794.0
1018.5482079894858 799.0
1018.7912045809622 785.0
1019.0341920914735 801.0
1019.2771705205361 806.0
1019.5201398676672 805.0
1019.7631001323837 806.0
1020.006051314202 808.0
1020.2489934126395 790.0
1020.4919264272125 778.0
1020.7348503574386 800.0
1020.9777652028342 799.0
1021.2206709629161 801.0
1021.4635676372014 782.0
1021.7064552252067 795.0
1021.9493337264495 814.0
1022.1922031404459 788.0
1022.4350634667132 791.0
1022.6779147047681 793.0
1022.9207568541273 798.0
1023.1635899143083 810.0
1023.4064138848273 798.0
1023.6492287652015 799.0
1023.8920345549478 795.0
1024.134831253583 797.0
1024.377618860624 789.0
1024.6203973755871 782.0
1024.8631667979898 793.0
1025.1059271273493 798.0
1025.3486783631818 796.0
1025.5914205050044 797.0
1025.8341535523336 789.0
1026.076877504687 778.0
1026.3195923615808 796.0
1026.5622981225324 813.0
1026.8049947870584 788.0
1027.0476823546753 790.0
1027.2903608249007 795.0
1027.5330301972513 795.0
1027.7756904712435 786.0
1028.0183416463947 804.0
1028.260983722221 789.0
1028.5036166982402 806.0
1028.7462405739689 794.0
1028.9888553489234 800.0
1029.2314610226213 804.0
1029.474057594579 784.0
1029.7166450643138 782.0
1029.9592234313418 803.0
1030.2017926951808 793.0
1030.4443528553472 785.0
1030.6869039113576 800.0
1030.9294458627296 802.0
1031.1719787089794 792.0
1031.414502449624 788.0
1031.6570170841808 807.0
1031.8995226121658 797.0
1032.1420190330966 804.0
1032.3845063464896 784.0
1032.6269845518618 792.0
1032.8694536487305 782.0
1033.111913636612 808.0
1033.3543645150232 805.0
1033.596806283481 793.0
1033.8392389415026 795.0
1034.081662488605 797.0
1034.324076924304 793.0
1034.566482248118 796.0
1034.8088784595625 796.0
1035.0512655581551 804.0
1035.2936435434124 808.0
1035.5360124148515 804.0
1035.778372171989 790.0
1036.020722814342 795.0
1036.2630643414275 804.0
1036.5053967527615 787.0
1036.7477200478622 792.0
1036.9900342262456 810.0
1037.2323392874284 809.0
1037.4746352309282 803.0
1037.7169220562612 797.0
1037.9591997629448 804.0
1038.2014683504956 779.0
1038.4437278184303 797.0
1038.685978166266 795.0
1038.9282193935196 789.0
1039.170451499708 786.0
1039.4126744843477 792.0
1039.6548883469559 793.0
1039.8970930870496 782.0
1040.1392887041452 795.0
1040.3814751977598 787.0
1040.6236525674105 794.0
1040.8658208126137 801.0
1041.107979932887 799.0
1041.3501299277466 792.0
1041.5922707967095 810.0
1041.8344025392926 804.0
1042.0765251550129 792.0
1042.3186386433872 802.0
1042.5607430039322 785.0
1042.802838236165 801.0
1043.0449243396022 794.0
1043.2870013137613 801.0
1043.5290691581586 796.0
1043.7711278723107 809.0
1044.013177455735 805.0
1044.2552179079482 801.0
1044.4972492284676 803.0
1044.7392714168093 792.0
1044.9812844724902 803.0
1045.223288395028 796.0
1045.4652831839387 814.0
1045.70726883874 795.0
1045.949245358948 787.0
1046.1912127440798 801.0
1046.4331709936528 801.0
1046.675120107183 798.0
1046.9170600841878 783.0
1047.1589909241836 798.0
1047.400912626688 790.0
1047.6428251912175 793.0
1047.8847286172886 790.0
1048.1266229044188 784.0
1048.3685080521243 785.0
1048.6103840599228 789.0
1048.8522509273307 790.0
1049.0941086538646 797.0
1049.3359572390418 790.0
1049.577796682379 792.0
1049.819626983393 797.0
1050.061448141601 800.0
1050.3032601565194 790.0
1050.5450630276655 806.0
1050.7868567545556 797.0
1051.0286413367073 800.0
1051.270416773637 805.0
1051.5121830648616 811.0
1051.7539402098982 795.0
1051.9956882082631 785.0
1052.237427059474 793.0
1052.479156763047 800.0
1052.7208773184996 802.0
1052.9625887253483 807.0
1053.2042909831098 795.0
1053.4459840913016 809.0
1053.6876680494397 799.0
1053.929342857042 798.0
1054.1710085136244 808.0
1054.4126650187043 802.0
1054.6543123717986 801.0
1054.8959505724238 808.0
1055.1375796200969 814.0
1055.3791995143351 799.0
1055.620810254655 811.0
1055.8624118405735 795.0
1056.1040042716074 798.0
1056.3455875472737 789.0
1056.5871616670893 794.0
1056.8287266305706 797.0
1057.070282437235 799.0
1057.3118290865991 789.0
1057.5533665781802 796.0
1057.7948949114943 793.0
1058.0364140860593 804.0
1058.2779241013916 806.0
1058.5194249570077 802.0
1058.760916652425 800.0
1059.0023991871599 808.0
1059.24387256073 801.0
1059.4853367726514 790.0
1059.7267918224413 797.0
1059.968237709617 796.0
1060.2096744336943 785.0
1060.451101994191 801.0
1060.6925203906237 795.0
1060.933929622509 800.0
1061.1753296893642 777.0
1061.4167205907056 797.0
1061.6581023260508 777.0
1061.8994748949162 793.0
1062.1408382968189 797.0
1062.3821925312755 798.0
1062.6235375978026 786.0
1062.8648734959181 786.0
1063.1062002251376 773.0
1063.3475177849793 785.0
1063.588826174959 782.0
1063.830125394594 798.0
1064.0714154434013 789.0
1064.312696320897 814.0
1064.553968026599 810.0
1064.7952305600238 809.0
1065.036483920688 783.0
1065.2777281081087 796.0
1065.5189631218025 792.0
1065.7601889612868 778.0
1066.001405626078 802.0
1066.2426131156928 802.0
1066.4838114296492 790.0
1066.7250005674625 790.0
1066.9661805286507 798.0
1067.2073513127305 800.0
1067.4485129192178 805.0
1067.689665347631 805.0
1067.9308085974856 798.0
1068.1719426682996 794.0
1068.413067559589 787.0
1068.654183270871 804.0
1068.8952898016628 796.0
1069.1363871514804 799.0
1069.3774753198418 783.0
1069.618554306263 787.0
1069.8596241102612 789.0
1070.100684731353 799.0
1070.3417361690556 790.0
1070.582778422886 798.0
1070.8238114923604 812.0
1071.0648353769964 796.0
1071.3058500763104 811.0
1071.5468555898192 797.0
1071.7878519170404 797.0
1072.02883905749 800.0
1072.2698170106853 799.0
1072.5107857761434 789.0
1072.75174535338 784.0
1072.9926957419138 789.0
1073.23363694126 797.0
1073.4745689509368 796.0
1073.7154917704597 791.0
1073.9564053993467 782.0
1074.1973098371145 783.0
1074.4382050832794 794.0
1074.6790911373587 800.0
1074.9199679988692 794.0
1075.1608356673278 798.0
1075.4016941422512 794.0
1075.6425434231562 807.0
1075.8833835095604 794.0
1076.1242144009796 800.0
1076.3650360969316 804.0
1076.6058485969324 788.0
1076.8466519004996 796.0
1077.0874460071498 786.0
1077.3282309163997 796.0
1077.5690066277664 792.0
1077.8097731407665 788.0
1078.0505304549172 794.0
1078.2912785697354 795.0
1078.5320174847377 804.0
1078.772747199441 781.0
1079.0134677133622 787.0
1079.2541790260184 792.0
1079.4948811369263 807.0
1079.7355740456023 801.0
1079.9762577515642 797.0
1080.2169322543277 804.0
1080.4575975534112 785.0
1080.6982536483301 812.0
1080.9389005386022 808.0
1081.179538223744 787.0
1081.4201667032721 788.0
1081.6607859767041 797.0
1081.9013960435564 790.0
1082.1419969033457 790.0
1082.382588555589 795.0
1082.6231709998035 798.0
1082.863744235506 793.0
1083.104308262213 792.0
1083.3448630794412 804.0
1083.5854086867082 796.0
1083.8259450835303 793.0
1084.0664722694248 798.0
1084.306990243908 794.0
1084.5474990064974 800.0
1084.7879985567097 786.0
1085.0284888940612 798.0
1085.2689700180695 808.0
1085.509441928251 793.0
1085.749904624123 774.0
1085.990358105202 794.0
1086.2308023710048 791.0
1086.4712374210485 808.0
1086.71166325485 802.0
1086.9520798719261 801.0
1087.1924872717937 799.0
1087.4328854539694 785.0
1087.6732744179706 796.0
1087.9136541633134 792.0
1088.1540246895156 794.0
1088.3943859960934 799.0
1088.6347380825637 812.0
1088.8750809484436 792.0
1089.1154145932499 788.0
1089.3557390164995 797.0
1089.5960542177095 793.0
1089.836360196396 785.0
1090.0766569520767 794.0
1090.3169444842679 793.0
1090.557222792487 802.0
1090.7974918762502 802.0
1091.037751735075 804.0
1091.2780023684782 779.0
1091.518243775976 792.0
1091.7584759570861 789.0
1091.9986989113247 797.0
1092.2389126382093 787.0
1092.4791171372563 800.0
1092.7193124079827 790.0
1092.9594984499054 789.0
1093.1996752625412 810.0
1093.4398428454072 793.0
1093.68000119802 795.0
1093.9201503198965 798.0
1094.1602902105537 810.0
1094.4004208695083 800.0
1094.6405422962773 798.0
1094.8806544903778 787.0
1095.120757451326 794.0
1095.3608511786392 801.0
1095.6009356718341 781.0
1095.8410109304282 800.0
1096.0810769539376 796.0
1096.3211337418795 803.0
1096.5611812937707 797.0
1096.8012196091279 782.0
1097.0412486874682 791.0
1097.2812685283084 781.0
1097.5212791311658 798.0
1097.7612804955563 796.0
1098.0012726209975 803.0
1098.2412555070064 797.0
1098.4812291530989 808.0
1098.721193558793 798.0
1098.961148723605 794.0
1099.2010946470518 802.0
1099.4410313286503 772.0
1099.6809587679172 798.0
1099.92087696437 796.0
1100.1607859175251 796.0
1100.400685626899 794.0
1100.640576092009 793.0
1100.880457312372 806.0
1101.1203292875052 804.0
1101.3601920169247 791.0
1101.6000455001479 791.0
1101.8398897366915 804.0
1102.079724726072 798.0
1102.3195504678072 795.0
1102.559366961413 806.0
1102.7991742064069 797.0
1103.0389722023056 803.0
1103.2787609486254 794.0
1103.5185404448844 795.0
1103.7583106905984 777.0
1103.9980716852845 795.0
1104.23782342846 788.0
1104.4775659196412 799.0
1104.7172991583454 805.0
1104.9570231440887 787.0
1105.1967378763893 790.0
1105.436443354763 798.0
1105.6761395787273 793.0
1105.9158265477986 796.0
1106.1555042614937 795.0
1106.3951727193298 805.0
1106.6348319208234 801.0
1106.8744818654923 801.0
1107.1141225528525 788.0
1107.3537539824208 801.0
1107.5933761537144 796.0
1107.8329890662503 786.0
1108.072592719545 787.0
1108.3121871131157 793.0
1108.551772246479 798.0
1108.7913481191517 790.0
1109.030914730651 791.0
1109.2704720804938 801.0
1109.5100201681967 788.0
1109.7495589932764 776.0
1109.9890885552504 787.0
1110.2286088536348 794.0
1110.4681198879473 796.0
1110.707621657704 800.0
1110.9471141624224 781.0
1111.1865974016187 806.0
1111.4260713748101 800.0
1111.665536081514 790.0
1111.9049915212463 790.0
1112.1444376935244 789.0
1112.3838745978653 788.0
1112.6233022337854 799.0
1112.8627206008023 802.0
1113.102129698432 791.0
1113.3415295261918 796.0
1113.5809200835986 796.0
1113.820301370169 785.0
1114.0596733854206 779.0
1114.2990361288694 806.0
1114.5383896000326 796.0
1114.7777337984273 794.0
1115.0170687235698 789.0
1115.2563943749778 789.0
1115.4957107521673 787.0
1115.7350178546556 796.0
1115.9743156819598 787.0
1116.213604233596 791.0
1116.452883509082 796.0
1116.692153507934 801.0
1116.9314142296694 795.0
1117.1706656738045 796.0
1117.4099078398563 785.0
1117.6491407273422 804.0
1117.8883643357783 792.0
1118.1275786646822 778.0
1118.36678371357 772.0
1118.6059794819594 800.0
1118.8451659693665 787.0
1119.0843431753085 792.0
1119.3235110993026 799.0
1119.5626697408647 781.0
1119.8018190995128 799.0
1120.0409591747637 784.0
1120.2800899661331 793.0
1120.519211473139 795.0
1120.7583236952978 796.0
1120.9974266321262 792.0
1121.236520283142 785.0
1121.4756046478608 797.0
1121.7146797258001 797.0
1121.9537455164768 799.0
1122.192802019408 789.0
1122.4318492341101 796.0
1122.6708871601 789.0
1122.909915796895 803.0
1123.1489351440111 795.0
1123.3879452009662 798.0
1123.6269459672762 794.0
1123.865937442459 796.0
1124.1049196260308 794.0
1124.3438925175087 778.0
