shot=11_position=3_gas=Ne_height=80_RF=249.0W_massflow=8000_coils=60.0A_HR4000 spectrum
Wavelength [nm] // Intensity [u.a.] 
194.93414 789.0
195.2037815346219 785.0
195.47341553816543 786.0
195.74304201014752 791.0
196.012660950085 793.0
196.28227235749478 793.0
196.55187623189366 796.0
196.82147257279857 808.0
197.09106137972637 788.0
197.36064265219392 795.0
197.63021638971804 796.0
197.89978259181567 807.0
198.16934125800364 792.0
198.43889238779886 787.0
198.7084359807181 804.0
198.97797203627835 799.0
199.2475005539964 801.0
199.51702153338914 790.0
199.78653497397343 812.0
200.05604087526618 804.0
200.3255392367842 788.0
200.59503005804436 797.0
200.8645133385636 781.0
201.1339890778587 821.0
201.4034572754466 788.0
201.67291793084408 795.0
201.94237104356813 786.0
202.21181661313554 808.0
202.48125463906314 798.0
202.7506851208679 787.0
203.02010805806663 788.0
203.28952345017618 798.0
203.55893129671344 807.0
203.8283315971953 813.0
204.0977243511386 799.0
204.3671095580602 782.0
204.636487217477 800.0
204.90585732890585 788.0
205.17521989186366 802.0
205.44457490586717 814.0
205.7139223704334 790.0
205.98326228507918 813.0
206.2525946493213 803.0
206.5219194626767 797.0
206.79123672466224 806.0
207.06054643479476 785.0
207.32984859259116 804.0
207.59914319756828 810.0
207.86843024924303 794.0
208.13770974713225 804.0
208.40698169075276 799.0
208.6762460796215 794.0
208.94550291325532 794.0
209.2147521911711 790.0
209.48399391288567 801.0
209.75322807791594 792.0
210.02245468577874 804.0
210.29167373599094 807.0
210.56088522806942 795.0
210.83008916153108 794.0
211.09928553589276 796.0
211.3684743506713 797.0
211.63765560538363 802.0
211.9068292995466 794.0
212.175995432677 787.0
212.44515400429182 792.0
212.71430501390782 802.0
212.98344846104192 804.0
213.25258434521103 814.0
213.52171266593191 802.0
213.79083342272153 818.0
214.05994661509675 816.0
214.3290522425744 801.0
214.5981503046713 790.0
214.8672408009044 797.0
215.13632373079054 805.0
215.4053990938466 793.0
215.6744668895894 808.0
215.94352711753592 818.0
216.21257977720293 804.0
216.48162486810728 800.0
216.7506623897659 805.0
217.01969234169565 790.0
217.2887147234134 806.0
217.55772953443596 813.0
217.82673677428028 810.0
218.0957364424632 808.0
218.36472853850154 792.0
218.6337130619122 814.0
218.9026900122121 811.0
219.17165938891804 806.0
219.4406211915469 812.0
219.70957541961562 794.0
219.97852207264097 818.0
220.24746115013983 809.0
220.5163926516291 796.0
220.78531657662566 803.0
221.05423292464639 804.0
221.32314169520808 829.0
221.59204288782766 810.0
221.860936502022 811.0
222.12982253730797 796.0
222.39870099320237 796.0
222.66757186922214 807.0
222.93643516488416 785.0
223.20529087970525 803.0
223.47413901320226 787.0
223.74297956489212 799.0
224.01181253429166 797.0
224.28063792091777 793.0
224.5494557242873 796.0
224.8182659439171 798.0
225.08706857932413 782.0
225.35586363002508 794.0
225.62465109553705 818.0
225.89343097537673 805.0
226.16220326906105 816.0
226.43096797610687 802.0
226.69972509603105 804.0
226.9684746283505 809.0
227.237216572582 802.0
227.50595092824256 808.0
227.7746776948489 795.0
228.04339687191796 802.0
228.31210845896663 796.0
228.5808124555117 795.0
228.84950886107015 809.0
229.11819767515877 818.0
229.38687889729442 794.0
229.65555252699397 794.0
229.92421856377433 801.0
230.1928770071524 795.0
230.46152785664492 812.0
230.73017111176884 786.0
230.99880677204106 793.0
231.26743483697837 796.0
231.53605530609772 807.0
231.8046681789159 808.0
232.07327345494983 804.0
232.34187113371638 805.0
232.61046121473237 787.0
232.87904369751473 801.0
233.14761858158028 800.0
233.41618586644586 810.0
233.68474555162845 786.0
233.95329763664483 798.0
234.2218421210119 789.0
234.49037900424648 796.0
234.7589082858655 803.0
235.02742996538583 787.0
235.29594404232427 800.0
235.56445051619772 803.0
235.8329493865231 794.0
236.10144065281722 804.0
236.36992431459691 817.0
236.63840037137916 809.0
236.9068688226808 799.0
237.1753296680186 790.0
237.44378290690955 794.0
237.7122285388704 806.0
237.9806665634181 811.0
238.24909698006957 802.0
238.51751978834153 793.0
238.78593498775095 798.0
239.0543425778147 801.0
239.32274255804958 797.0
239.59113492797255 807.0
239.8595196871004 805.0
240.12789683495004 790.0
240.3962663710383 778.0
240.66462829488208 814.0
240.93298260599826 801.0
241.2013293039037 804.0
241.46966838811522 800.0
241.73799985814978 796.0
242.00632371352418 792.0
242.27463995375527 775.0
242.54294857835998 812.0
242.81124958685515 802.0
243.07954297875764 794.0
243.34782875358434 785.0
243.61610691085207 802.0
243.88437745007772 796.0
244.15264037077822 795.0
244.42089567247035 811.0
244.68914335467105 791.0
244.95738341689716 798.0
245.2256158586655 800.0
245.493840679493 790.0
245.76205787889654 786.0
246.03026745639292 799.0
246.29846941149904 795.0
246.5666637437318 804.0
246.834850452608 803.0
247.1030295376446 796.0
247.37120099835838 781.0
247.63936483426627 798.0
247.9075210448851 806.0
248.17566962973177 815.0
248.4438105883231 802.0
248.71194392017603 801.0
248.98006962480733 808.0
249.248187701734 807.0
249.51629815047275 787.0
249.78440097054056 795.0
250.05249616145431 799.0
250.32058372273076 807.0
250.5886636538869 819.0
250.85673595443953 798.0
251.12480062390551 806.0
251.39285766180177 804.0
251.6609070676451 789.0
251.92894884095242 807.0
252.19698298124058 800.0
252.46500948802645 800.0
252.73302836082692 797.0
253.00103959915882 802.0
253.26904320253902 795.0
253.53703917048443 798.0
253.80502750251188 805.0
254.07300819813827 807.0
254.34098125688044 802.0
254.60894667825525 792.0
254.87690446177962 799.0
255.14485460697037 791.0
255.41279711334434 808.0
255.6807319804185 794.0
255.94865920770962 812.0
256.2165787947346 802.0
256.48449074101035 797.0
256.75239504605366 774.0
257.02029170938147 790.0
257.28818073051065 803.0
257.556062108958 812.0
257.8239358442404 800.0
258.0918019358748 813.0
258.35966038337796 792.0
258.6275111862668 799.0
258.8953543440582 801.0
259.163189856269 804.0
259.4310177224162 797.0
259.6988379420164 801.0
259.9666505145867 811.0
260.23445543964385 806.0
260.50225271670473 812.0
260.77004234528624 810.0
261.03782432490533 793.0
261.3055986550787 808.0
261.5733653353234 810.0
261.8411243651561 786.0
262.1088757440937 809.0
262.37661947165327 786.0
262.6443555473515 806.0
262.9120839707053 804.0
263.1798047412315 795.0
263.44751785844704 799.0
263.7152233218687 800.0
263.98292113101354 804.0
264.2506112853982 805.0
264.51829378453965 808.0
264.7859686279547 805.0
265.05363581516025 816.0
265.32129534567326 806.0
265.5889472190105 824.0
265.8565914346889 797.0
266.1242279922252 794.0
266.39185689113634 798.0
266.65947813093925 796.0
266.9270917111508 794.0
267.19469763128774 791.0
267.46229589086704 799.0
267.72988648940554 803.0
267.9974694264201 802.0
268.2650447014276 792.0
268.53261231394487 804.0
268.80017226348883 805.0
269.0677245495763 796.0
269.3352691717242 812.0
269.60280612944933 803.0
269.8703354222686 806.0
270.13785704969894 795.0
270.40537101125716 784.0
270.67287730646007 775.0
270.9403759348246 791.0
271.2078668958677 811.0
271.47535018910605 795.0
271.7428258140567 798.0
272.01029377023633 795.0
272.2777540571619 810.0
272.5452066743504 800.0
272.81265162131854 806.0
273.08008889758327 814.0
273.34751850266144 802.0
273.6149404360698 812.0
273.8823546973254 804.0
274.1497612859451 805.0
274.4171602014456 794.0
274.6845514433439 788.0
274.95193501115676 797.0
275.2193109044012 787.0
275.486679122594 810.0
275.7540396652521 790.0
276.02139253189216 797.0
276.2887377220313 802.0
276.55607523518626 815.0
276.82340507087395 804.0
277.09072722861123 795.0
277.3580417079149 805.0
277.62534850830195 796.0
277.8926476292892 814.0
278.1599390703934 805.0
278.4272228311316 790.0
278.69449891102056 796.0
278.96176730957717 800.0
279.22902802631836 799.0
279.4962810607609 793.0
279.76352641242164 807.0
280.0307640808177 793.0
280.29799406546556 799.0
280.5652163658824 805.0
280.8324309815849 807.0
281.09963791209003 791.0
281.3668371569146 803.0
281.6340287155756 823.0
281.9012125875897 796.0
282.168388772474 806.0
282.4355572697452 812.0
282.7027180789201 805.0
282.9698711995158 803.0
283.23701663104896 803.0
283.50415437303667 796.0
283.77128442499554 805.0
284.0384067864426 807.0
284.3055214568946 790.0
284.57262843586864 786.0
284.8397277228814 799.0
285.1068193174497 790.0
285.37390321909055 790.0
285.6409794273207 800.0
285.9080479416572 800.0
286.1751087616167 813.0
286.4421618867162 796.0
286.7092073164725 784.0
286.9762450504025 800.0
287.24327508802315 796.0
287.5102974288511 795.0
287.77731207240345 794.0
288.04431901819703 807.0
288.3113182657485 802.0
288.578309814575 788.0
288.84529366419326 805.0
289.1122698141201 809.0
289.37923826387254 811.0
289.6461990129674 785.0
289.91315206092133 799.0
290.18009740725154 807.0
290.44703505147464 786.0
290.7139649931077 798.0
290.98088723166734 797.0
291.24780176667065 789.0
291.5147085976344 781.0
291.78160772407557 798.0
292.04849914551085 788.0
292.3153828614572 790.0
292.58225887143146 797.0
292.8491271749505 802.0
293.1159877715313 804.0
293.3828406606906 788.0
293.6496858419453 822.0
293.9165233148123 805.0
294.1833530788084 796.0
294.4501751334505 792.0
294.71698947825547 797.0
294.9837961127402 810.0
295.2505950364216 791.0
295.5173862488164 796.0
295.78416974944156 802.0
296.050945537814 786.0
296.31771361345045 785.0
296.584473975868 803.0
296.8512266245832 799.0
297.11797155911313 808.0
297.38470877897464 797.0
297.6514382836846 799.0
297.9181600727598 793.0
298.18487414571723 796.0
298.4515805020736 801.0
298.71827914134593 807.0
298.9849700630511 812.0
299.2516532667058 786.0
299.518328751827 796.0
299.78499651793163 810.0
300.0516565645365 796.0
300.3183088911584 793.0
300.58495349731436 795.0
300.8515903825211 806.0
301.1182195462956 808.0
301.3848409881546 820.0
301.65145470761513 801.0
301.91806070419403 796.0
302.184658977408 797.0
302.4512495267741 801.0
302.7178323518091 795.0
302.9844074520298 795.0
303.2509748269532 815.0
303.5175344760962 798.0
303.78408639897555 796.0
304.0506305951082 800.0
304.31716706401096 810.0
304.58369580520065 789.0
304.8502168181943 796.0
305.1167301025086 805.0
305.3832356576606 793.0
305.649733483167 808.0
305.9162235785447 812.0
306.1827059433106 796.0
306.4491805769817 802.0
306.7156474790747 801.0
306.98210664910647 801.0
307.2485580865939 787.0
307.5150017910539 796.0
307.7814377620034 797.0
308.0478659989591 795.0
308.31428650143795 805.0
308.58069926895683 801.0
308.8471043010326 791.0
309.1135015971821 805.0
309.37989115692227 795.0
309.6462729797699 803.0
309.91264706524197 816.0
310.1790134128551 794.0
310.4453720221265 798.0
310.71172289257277 811.0
310.97806602371094 808.0
311.2444014150577 807.0
311.5107290661301 800.0
311.777048976445 813.0
312.04336114551904 813.0
312.30966557286945 805.0
312.5759622580128 798.0
312.8422512004661 804.0
313.1085323997461 799.0
313.3748058553698 801.0
313.641071566854 799.0
313.90732953371554 803.0
314.17357975547145 798.0
314.4398222316384 793.0
314.70605696173334 802.0
314.9722839452731 792.0
315.23850318177466 791.0
315.50471467075477 805.0
315.7709184117303 806.0
316.0371144042182 787.0
316.3033026477353 778.0
316.56948314179846 803.0
316.8356558859246 798.0
317.1018208796305 801.0
317.36797812243304 790.0
317.6341276138491 803.0
317.90026935339563 800.0
318.1664033405894 811.0
318.4325295749473 806.0
318.6986480559862 798.0
318.96475878322303 811.0
319.2308617561746 806.0
319.4969569743577 805.0
319.76304443728935 781.0
320.0291241444864 795.0
320.2951960954656 799.0
320.5612602897438 806.0
320.82731672683815 792.0
321.0933654062652 802.0
321.359406327542 806.0
321.6254394901853 798.0
321.891464893712 797.0
322.157482537639 806.0
322.4234924214832 786.0
322.68949454476143 789.0
322.95548890699064 794.0
323.2214755076875 809.0
323.487454346369 802.0
323.753425422552 802.0
324.01938873575347 793.0
324.2853442854901 804.0
324.55129207127885 786.0
324.8172320926366 786.0
325.08316434908016 804.0
325.34908884012646 792.0
325.61500556529234 803.0
325.8809145240947 787.0
326.14681571605024 802.0
326.4127091406761 802.0
326.6785947974889 809.0
326.9444726860058 800.0
327.2103428057433 790.0
327.47620515621855 805.0
327.74205973694836 795.0
328.00790654744947 807.0
328.2737455872389 791.0
328.5395768558335 793.0
328.80540035275004 789.0
329.0712160775054 794.0
329.33702402961654 806.0
329.6028242086002 779.0
329.86861661397353 797.0
330.13440124525306 785.0
330.4001781019559 799.0
330.66594718359863 805.0
330.9317084896984 808.0
331.19746201977205 797.0
331.46320777333636 798.0
331.7289457499082 807.0
331.9946759490044 797.0
332.2603983701419 776.0
332.5261130128375 786.0
332.79181987660826 791.0
333.05751896097087 804.0
333.3232102654422 791.0
333.58889378953916 808.0
333.85456953277856 803.0
334.1202374946774 807.0
334.38589767475247 802.0
334.6515500725206 792.0
334.9171946874987 781.0
335.18283151920355 787.0
335.4484605671522 798.0
335.7140818308614 797.0
335.97969530984807 809.0
336.245301003629 788.0
336.51089891172114 814.0
336.77648903364127 797.0
337.04207136890636 799.0
337.30764591703326 789.0
337.5732126775387 782.0
337.83877164993976 797.0
338.10432283375314 807.0
338.36986622849577 798.0
338.63540183368457 816.0
338.9009296488363 809.0
339.16644967346787 798.0
339.4319619070962 810.0
339.6974663492381 799.0
339.9629629994105 798.0
340.22845185713027 793.0
340.4939329219141 786.0
340.75940619327906 800.0
341.02487167074196 794.0
341.2903293538197 787.0
341.555779242029 799.0
341.821221334887 811.0
342.0866556319103 797.0
342.3520821326158 806.0
342.6175008365205 805.0
342.8829117431413 793.0
343.1483148519949 807.0
343.41371016259825 788.0
343.6790976744682 803.0
343.9444773871216 795.0
344.20984930007546 797.0
344.4752134128465 795.0
344.74056972495157 790.0
345.0059182359076 794.0
345.27125894523147 806.0
345.53659185244 833.0
345.80191695705014 812.0
346.0672342585787 808.0
346.3325437565426 814.0
346.5978454504585 810.0
346.8631393398436 798.0
347.1284254242145 815.0
347.3937037030882 809.0
347.6589741759816 799.0
347.92423684241146 789.0
348.1894917018946 778.0
348.4547387539481 796.0
348.71997799808867 789.0
348.9852094338332 803.0
349.2504330606986 797.0
349.51564887820166 805.0
349.7808568858593 804.0
350.0460570831885 802.0
350.31124946970584 804.0
350.57643404492853 795.0
350.84161080837316 806.0
351.1067797595568 802.0
351.3719408979961 804.0
351.63709422320824 804.0
351.90223973470984 814.0
352.16737743201776 840.0
352.43250731464894 810.0
352.69762938212034 799.0
352.9627436339487 799.0
353.2278500696509 796.0
353.49294868874387 817.0
353.7580394907444 796.0
354.02312247516943 804.0
354.28819764153576 795.0
354.55326498936034 806.0
354.81832451816 789.0
355.08337622745165 789.0
355.348420116752 799.0
355.613456185578 805.0
355.8784844334467 804.0
356.1435048598747 804.0
356.4085174643791 801.0
356.6735222464765 787.0
356.938519205684 809.0
357.2035083415184 799.0
357.46848965349653 791.0
357.73346314113536 794.0
357.9984288039516 809.0
358.2633866414622 797.0
358.528336653184 802.0
358.793278838634 802.0
359.05821319732894 790.0
359.3231397287857 813.0
359.5880584325211 807.0
359.8529693080521 792.0
360.1178723548955 804.0
360.3827675725683 803.0
360.64765496058726 795.0
360.9125345184692 800.0
361.1774062457311 807.0
361.44227014188965 802.0
361.707126206462 805.0
361.9719744389649 803.0
362.2368148389151 792.0
362.5016474058295 804.0
362.766472139225 805.0
363.0312890386186 801.0
363.296098103527 815.0
363.5608993334672 812.0
363.82569272795587 787.0
364.09047828651006 795.0
364.35525600864656 814.0
364.6200258938823 796.0
364.8847879417341 791.0
365.1495421517188 807.0
365.41428852335326 794.0
365.67902705615444 806.0
365.9437577496392 800.0
366.2084806033243 799.0
366.4731956167267 803.0
366.7379027893632 804.0
367.0026021207507 807.0
367.2672936104061 798.0
367.5319772578463 800.0
367.79665306258806 818.0
368.06132102414836 805.0
368.32598114204393 808.0
368.59063341579173 798.0
368.85527784490864 811.0
369.1199144289115 800.0
369.3845431673172 801.0
369.6491640596426 815.0
369.91377710540445 803.0
370.1783823041198 805.0
370.44297965530546 796.0
370.70756915847835 814.0
370.97215081315517 802.0
371.2367246188529 789.0
371.5012905750884 800.0
371.7658486813786 798.0
372.0303989372402 804.0
372.29494134219027 806.0
372.5594758957455 798.0
372.82400259742286 811.0
373.08852144673915 788.0
373.3530324432114 802.0
373.6175355863563 792.0
373.8820308756908 807.0
374.1465183107317 808.0
374.410997890996 793.0
374.6754696160004 796.0
374.93993348526186 808.0
375.2043894982973 804.0
375.4688376546235 815.0
375.7332779537573 798.0
375.9977103952157 790.0
376.26213497851546 804.0
376.52655170317354 804.0
376.7909605687067 797.0
377.05536157463183 806.0
377.3197547204658 807.0
377.5841400057256 795.0
377.84851742992794 792.0
378.11288699258984 790.0
378.37724869322795 811.0
378.64160253135935 819.0
378.90594850650075 812.0
379.1702866181692 832.0
379.4346168658814 798.0
379.69893924915425 814.0
379.9632537675047 816.0
380.2275604204495 802.0
380.49185920750574 810.0
380.75615012819 809.0
381.0204331820193 792.0
381.2847083685105 782.0
381.5489756871804 809.0
381.8132351375459 814.0
382.07748671912407 823.0
382.34173043143153 821.0
382.6059662739852 790.0
382.8701942463019 809.0
383.1344143478986 804.0
383.3986265782921 812.0
383.6628309369994 796.0
383.92702742353725 794.0
384.1912160374225 793.0
384.45539677817203 803.0
384.7195696453027 802.0
384.98373463833155 805.0
385.2478917567753 798.0
385.5120410001507 790.0
385.7761823679748 794.0
386.0403158597644 803.0
386.30444147503647 789.0
386.5685592133077 788.0
386.8326690740951 801.0
387.09677105691543 803.0
387.36086516128563 812.0
387.6249513867226 799.0
387.88902973274315 792.0
388.15310019886414 787.0
388.41716278460245 779.0
388.68121748947493 796.0
388.9452643129986 807.0
389.2093032546901 828.0
389.47333431406645 800.0
389.73735749064434 791.0
390.0013727839409 806.0
390.2653801934728 807.0
390.52937971875696 802.0
390.7933713593103 796.0
391.05735511464974 808.0
391.3213309842919 819.0
391.5852989677539 807.0
391.8492590645524 797.0
392.1132112742045 788.0
392.37715559622694 796.0
392.6410920301366 790.0
392.9050205754503 802.0
393.1689412316849 792.0
393.43285399835736 793.0
393.69675887498465 797.0
393.96065586108335 801.0
394.2245449561705 795.0
394.4884261597629 808.0
394.75229947137757 800.0
395.01616489053123 806.0
395.28002241674085 798.0
395.5438720495231 796.0
395.80771378839506 805.0
396.0715476328735 805.0
396.33537358247537 798.0
396.5991916367174 813.0
396.86300179511665 797.0
397.12680405718976 804.0
397.39059842245376 796.0
397.65438489042543 811.0
397.91816346062177 805.0
398.18193413255955 807.0
398.4456969057556 818.0
398.7094517797268 799.0
398.97319875399006 805.0
399.2369378280623 804.0
399.50066900146027 780.0
399.764392273701 794.0
400.02810764430114 806.0
400.2918151127777 796.0
400.55551467864757 795.0
400.81920634142756 798.0
401.08289010063453 801.0
401.34656595578537 797.0
401.6102339063969 788.0
401.8738939519861 800.0
402.1375460920697 796.0
402.4011903261647 800.0
402.6648266537879 807.0
402.92845507445617 807.0
403.1920755876863 816.0
403.4556881929953 804.0
403.71929288990003 794.0
403.98288967791734 806.0
404.246478556564 795.0
404.5100595253569 791.0
404.77363258381297 803.0
405.03719773144906 813.0
405.3007549677821 797.0
405.56430429232887 806.0
405.82784570460626 809.0
406.0913792041311 795.0
406.35490479042033 809.0
406.61842246299085 804.0
406.88193222135936 799.0
407.14543406504293 804.0
407.4089279935582 807.0
407.6724140064223 792.0
407.9358921031519 819.0
408.19936228326395 806.0
408.4628245462754 802.0
408.7262788917029 818.0
408.9897253190635 796.0
409.25316382787395 815.0
409.5165944176513 792.0
409.7800170879122 806.0
410.04343183817366 810.0
410.30683866795243 810.0
410.57023757676546 796.0
410.83362856412975 807.0
411.09701162956185 807.0
411.3603867725789 804.0
411.62375399269763 803.0
411.887113289435 801.0
412.1504646623078 791.0
412.4138081108329 794.0
412.6771436345273 786.0
412.94047123290767 813.0
413.20379090549096 804.0
413.46710265179405 805.0
413.7304064713339 793.0
413.9937023636272 802.0
414.25699032819097 787.0
414.52027036454194 804.0
414.78354247219704 802.0
415.0468066506732 785.0
415.31006289948726 798.0
415.5733112181561 794.0
415.83655160619645 813.0
416.0997840631253 790.0
416.3630085884595 804.0
416.62622518171594 795.0
416.8894338424115 804.0
417.152634570063 805.0
417.4158273641873 804.0
417.67901222430123 796.0
417.9421891499217 787.0
418.2053581405658 807.0
418.46851919575005 786.0
418.7316723149915 795.0
418.99481749780693 792.0
419.2579547437133 795.0
419.5210840522274 800.0
419.78420542286625 804.0
420.04731885514644 806.0
420.31042434858506 803.0
420.573521902699 811.0
420.83661151700494 805.0
421.0996931910199 801.0
421.3627669242608 804.0
421.6258327162443 806.0
421.88889056648736 800.0
422.1519404745069 811.0
422.41498243981977 815.0
422.6780164619429 812.0
422.9410425403929 790.0
423.2040606746869 793.0
423.46707086434174 803.0
423.7300731088742 797.0
423.9930674078012 804.0
424.25605376063965 806.0
424.5190321669063 807.0
424.782002626118 805.0
425.0449651377918 815.0
425.30791970144446 798.0
425.57086631659286 799.0
425.83380498275386 809.0
426.0967356994443 806.0
426.3596584661811 798.0
426.6225732824811 795.0
426.88548014786113 822.0
427.14837906183817 804.0
427.411270023929 792.0
427.6741530336505 804.0
427.9370280905195 792.0
428.199895194053 802.0
428.46275434376776 792.0
428.72560553918066 797.0
428.98844877980855 801.0
429.2512840651683 809.0
429.51411139477693 809.0
429.77693076815115 804.0
430.03974218480784 814.0
430.3025456442639 797.0
430.5653411460361 792.0
430.82812868964146 785.0
431.09090827459687 791.0
431.353679900419 809.0
431.61644356662487 796.0
431.87919927273134 801.0
432.1419470182551 804.0
432.40468680271334 808.0
432.66741862562276 792.0
432.93014248650013 807.0
433.1928583848624 819.0
433.45556632022647 805.0
433.7182662921092 804.0
433.9809583000275 808.0
434.24364234349815 812.0
434.506318422038 804.0
434.768986535164 802.0
435.031646682393 792.0
435.2942988632418 788.0
435.55694307722734 814.0
435.81957932386655 817.0
436.08220760267614 803.0
436.34482791317305 783.0
436.6074402548742 791.0
436.8700446272964 800.0
437.1326410299566 817.0
437.3952294623715 796.0
437.65780992405803 793.0
437.9203824145332 807.0
438.1829469333138 795.0
438.4455034799166 787.0
438.7080520538586 805.0
438.9705926546565 795.0
439.23312528182737 799.0
439.49564993488787 792.0
439.7581666133551 807.0
440.0206753167459 790.0
440.28317604457686 794.0
440.5456687963651 796.0
440.8081535716274 799.0
441.07063036988075 798.0
441.3330991906418 799.0
441.5955600334276 780.0
441.858012897755 812.0
442.12045778314075 800.0
442.3828946891018 804.0
442.6453236151551 790.0
442.9077445608174 800.0
443.17015752560553 798.0
443.4325625090365 800.0
443.69495951062703 781.0
443.95734852989415 798.0
444.21972956635454 793.0
444.4821026195253 806.0
444.74446768892307 782.0
445.00682477406485 796.0
445.2691738744674 817.0
445.5315149896478 800.0
445.79384811912274 793.0
446.05617326240906 791.0
446.31849041902376 790.0
446.58079958848356 804.0
446.8431007703055 800.0
447.10539396400634 788.0
447.367679169103 804.0
447.6299563851123 801.0
447.892225611551 802.0
448.15448684793625 797.0
448.4167400937847 804.0
448.67898534861325 809.0
448.9412226119389 790.0
449.2034518832783 782.0
449.46567316214856 802.0
449.72788644806633 810.0
449.99009174054856 792.0
450.2522890391122 800.0
450.514478343274 801.0
450.77665965255085 789.0
451.0388329664597 806.0
451.30099828451733 802.0
451.5631556062406 794.0
451.82530493114655 798.0
452.08744625875175 810.0
452.3495795885734 796.0
452.6117049201281 796.0
452.87382225293277 799.0
453.13593158650446 807.0
453.3980329203598 813.0
453.6601262540158 801.0
453.9222115869893 799.0
454.1842889187971 788.0
454.4463582489562 805.0
454.70841957698343 798.0
454.97047290239556 806.0
455.23251822470957 797.0
455.49455554344223 791.0
455.75658485811044 799.0
456.0186061682312 804.0
456.2806194733211 814.0
456.5426247728973 803.0
456.8046220664765 803.0
457.0666113535756 785.0
457.32859263371154 799.0
457.5905659064011 806.0
457.8525311711611 796.0
458.1144884275086 807.0
458.37643767496024 802.0
458.6383789130331 813.0
458.9003121412439 803.0
459.1622373591095 789.0
459.4241545661469 799.0
459.68606376187284 789.0
459.9479649458043 798.0
460.2098581174581 791.0
460.471743276351 803.0
460.733620422 799.0
460.9954895539219 805.0
461.2573506716337 797.0
461.51920377465206 790.0
461.78104886249406 792.0
462.0428859346764 793.0
462.304714990716 799.0
462.5665360301298 791.0
462.82834905243453 799.0
463.09015405714723 778.0
463.35195104378465 800.0
463.6137400118636 821.0
463.8755209609011 807.0
464.13729389041396 796.0
464.399058799919 800.0
464.6608156889332 800.0
464.92256455697327 781.0
465.18430540355615 797.0
465.4460382281988 797.0
465.707763030418 784.0
465.96947980973056 808.0
466.23118856565344 793.0
466.49288929770347 795.0
466.75458200539765 802.0
467.0162666882526 806.0
467.27794334578533 803.0
467.5396119775127 799.0
467.8012725829516 786.0
468.0629251616188 791.0
468.3245697130314 793.0
468.586206236706 803.0
468.8478347321596 801.0
469.109455198909 795.0
469.3710676364711 796.0
469.6326720443629 810.0
469.89426842210105 805.0
470.1558567692025 800.0
470.4174370851842 805.0
470.6790093695629 789.0
470.94057362185555 809.0
471.20212984157905 809.0
471.4636780282501 780.0
471.72521818138574 789.0
471.9867503005027 807.0
472.248274385118 803.0
472.5097904347484 803.0
472.7712984489108 805.0
473.03279842712203 799.0
473.29429036889906 800.0
473.55577427375863 792.0
473.8172501412177 799.0
474.07871797079315 805.0
474.34017776200176 789.0
474.6016295143605 804.0
474.8630732273861 808.0
475.1245089005955 798.0
475.3859365335057 809.0
475.64735612563334 814.0
475.9087676764954 814.0
476.1701711856088 793.0
476.4315666524903 807.0
476.6929540766569 797.0
476.95433345762535 787.0
477.2157047949125 793.0
477.47706808803537 809.0
477.7384233365106 819.0
477.9997705398553 804.0
478.26110969758616 780.0
478.52244080922014 788.0
478.78376387427414 818.0
479.04507889226494 793.0
479.3063858627094 808.0
479.5676847851245 804.0
479.828975659027 795.0
480.0902584839338 793.0
480.3515332593618 802.0
480.61279998482775 810.0
480.8740586598487 782.0
481.13530928394147 812.0
481.3965518566228 798.0
481.65778637740965 805.0
481.9190128458189 808.0
482.1802312613674 811.0
482.4414416235721 814.0
482.70264393194964 799.0
482.9638381860171 806.0
483.2250243852913 804.0
483.4862025292891 790.0
483.7473726175273 801.0
484.0085346495229 810.0
484.26968862479265 808.0
484.5308345428534 807.0
484.79197240322225 810.0
485.0531022054157 805.0
485.314223948951 815.0
485.57533763334476 819.0
485.8364432581139 805.0
486.0975408227754 826.0
486.35863032684597 825.0
486.61971176984247 812.0
486.880785151282 809.0
487.1418504706812 803.0
487.402907727557 795.0
487.66395692142635 807.0
487.92499805180597 803.0
488.18603111821284 790.0
488.44705612016384 814.0
488.7080730571757 820.0
488.9690819287655 795.0
489.2300827344499 790.0
489.49107547374587 803.0
489.75206014617027 798.0
490.01303675124 793.0
490.27400528847187 791.0
490.53496575738274 806.0
490.79591815748955 807.0
491.05686248830915 798.0
491.31779874935836 785.0
491.57872694015396 800.0
491.8396470602131 791.0
492.1005591090524 802.0
492.3614630861888 813.0
492.6223589911392 808.0
492.88324682342045 810.0
493.14412658254946 801.0
493.40499826804296 793.0
493.66586187941795 804.0
493.92671741619125 804.0
494.18756487787977 819.0
494.44840426400026 800.0
494.70923557406974 807.0
494.97005880760497 795.0
495.23087396412285 801.0
495.4916810431403 795.0
495.7524800441741 793.0
496.01327096674123 798.0
496.27405381035845 809.0
496.53482857454264 804.0
496.79559525881075 790.0
497.05635386267954 809.0
497.31710438566597 798.0
497.57784682728686 801.0
497.8385811870591 804.0
498.0993074644995 798.0
498.360025659125 803.0
498.6207357704524 790.0
498.88143779799873 806.0
499.14213174128065 804.0
499.40281759981514 789.0
499.6634953731191 800.0
499.92416506070924 798.0
500.1848266621026 808.0
500.445480176816 804.0
500.70612560436615 805.0
500.96676294427016 803.0
501.22739219604483 804.0
501.48801335920695 808.0
501.74862643327344 804.0
502.00923141776116 794.0
502.2698283121869 796.0
502.5304171160677 789.0
502.7909978289203 802.0
503.0515704502616 794.0
503.31213497960846 801.0
503.57269141647777 804.0
503.8332397603864 800.0
504.09378001085116 801.0
504.354312167389 808.0
504.6148362295168 809.0
504.8753521967513 808.0
505.1358600686094 799.0
505.3963598446082 807.0
505.6568515242642 802.0
505.9173351070945 799.0
506.17781059261597 791.0
506.4382779803454 794.0
506.69873726979966 796.0
506.95918846049574 790.0
507.2196315519502 811.0
507.4800665436803 801.0
507.74049343520267 805.0
508.00091222603425 806.0
508.261322915692 814.0
508.5217255036924 802.0
508.7821199895529 802.0
509.0425063727899 801.0
509.3028846529204 797.0
509.5632548294615 786.0
509.8236169019296 810.0
510.0839708698421 805.0
510.3443167327155 804.0
510.60465449006676 805.0
510.8649841414127 806.0
511.12530568627034 792.0
511.3856191241566 818.0
511.64592445458794 802.0
511.90622167708165 798.0
512.1665107911545 796.0
512.4267917963232 793.0
512.6870646921047 804.0
512.947329478016 796.0
513.2075861535739 794.0
513.467834718295 796.0
513.7280751716964 807.0
513.9883075132952 809.0
514.248531742608 819.0
514.5087478591515 812.0
514.7689558624429 798.0
515.0291557519989 810.0
515.2893475273365 808.0
515.5495311879723 813.0
515.8097067334235 811.0
516.0698741632067 813.0
516.3300334768389 808.0
516.5901846738369 816.0
516.8503277537177 789.0
517.1104627159981 795.0
517.3705895601947 805.0
517.630708285825 788.0
517.8908188924053 792.0
518.1509213794526 799.0
518.411015746484 806.0
518.6711019930159 804.0
518.9311801185657 820.0
519.19125012265 798.0
519.4513120047856 796.0
519.7113657644896 806.0
519.9714114012784 794.0
520.2314489146695 808.0
520.4914783041794 812.0
520.751499569325 804.0
521.0115127096234 815.0
521.271517724591 808.0
521.5315146137451 796.0
521.7915033766022 809.0
522.0514840126796 800.0
522.3114565214938 805.0
522.5714209025618 797.0
522.8313771554007 789.0
523.0913252795269 797.0
523.3512652744578 804.0
523.6111971397097 802.0
523.8711208747998 800.0
524.1310364792452 802.0
524.390943952562 798.0
524.6508432942679 792.0
524.9107345038794 803.0
525.1706175809132 785.0
525.4304925248866 805.0
525.690359335316 803.0
525.9502180117188 804.0
526.2100685536113 802.0
526.4699109605107 793.0
526.729745231934 805.0
526.9895713673975 785.0
527.2493893664187 802.0
527.5091992285141 796.0
527.7690009532007 804.0
528.0287945399953 816.0
528.2885799884149 796.0
528.5483572979764 803.0
528.8081264681963 800.0
529.0678874985917 804.0
529.3276403886796 807.0
529.5873851379768 826.0
529.8471217460001 813.0
530.1068502122662 802.0
530.3665705362923 797.0
530.6262827175951 812.0
530.8859867556915 810.0
531.1456826500984 800.0
531.4053704003326 806.0
531.6650500059111 799.0
531.9247214663504 798.0
532.1843847811678 802.0
532.4440399498801 825.0
532.7036869720038 814.0
532.9633258470562 801.0
533.222956574554 825.0
533.4825791540142 802.0
533.7421935849534 818.0
534.0017998668885 826.0
534.2613979993366 817.0
534.5209879818145 817.0
534.780569813839 818.0
535.0401434949268 813.0
535.2997090245951 807.0
535.5592664023607 798.0
535.8188156277402 786.0
536.0783567002508 805.0
536.3378896194092 807.0
536.5974143847321 811.0
536.8569309957369 805.0
537.1164394519398 788.0
537.3759397528582 804.0
537.6354318980087 784.0
537.8949158869082 802.0
538.1543917190737 794.0
538.4138593940218 794.0
538.6733189112697 794.0
538.932770270334 787.0
539.1922134707318 809.0
539.4516485119797 807.0
539.7110753935946 804.0
539.9704941150937 786.0
540.2299046759937 819.0
540.4893070758112 815.0
540.7487013140633 808.0
541.008087390267 798.0
541.2674653039389 791.0
541.526835054596 816.0
541.7861966417552 811.0
542.0455500649333 800.0
542.3048953236471 788.0
542.5642324174137 802.0
542.8235613457497 805.0
543.0828821081722 795.0
543.3421947041979 789.0
543.6014991333436 804.0
543.8607953951266 816.0
544.1200834890632 805.0
544.3793634146708 804.0
544.6386351714658 805.0
544.8978987589653 806.0
545.1571541766862 786.0
545.4164014241451 806.0
545.6756405008593 792.0
545.9348714063455 809.0
546.1940941401203 787.0
546.4533087017008 797.0
546.712515090604 803.0
546.9717133063466 797.0
547.2309033484453 805.0
547.4900852164174 806.0
547.7492589097793 785.0
548.0084244280482 808.0
548.2675817707409 790.0
548.526730937374 787.0
548.7858719274648 797.0
549.0450047405299 803.0
549.3041293760863 802.0
549.5632458336507 809.0
549.82235411274 808.0
550.0814542128714 794.0
550.3405461335612 822.0
550.5996298743269 802.0
550.8587054346848 813.0
551.117772814152 795.0
551.3768320122455 806.0
551.6358830284819 803.0
551.8949258623783 814.0
552.1539605134514 823.0
552.4129869812182 817.0
552.6720052651955 802.0
552.9310153649002 789.0
553.1900172798491 793.0
553.4490110095592 803.0
553.7079965535472 825.0
553.9669739113302 800.0
554.2259430824248 791.0
554.484904066348 799.0
554.7438568626167 801.0
555.0028014707476 796.0
555.261737890258 803.0
555.520666120664 790.0
555.7795861614834 791.0
556.0384980122324 812.0
556.2974016724281 812.0
556.5562971415874 794.0
556.8151844192269 803.0
557.0740635048638 804.0
557.3329343980148 803.0
557.5917970981968 798.0
557.8506516049267 811.0
558.1094979177213 789.0
558.3683360360976 795.0
558.6271659595724 802.0
558.8859876876625 793.0
559.1448012198848 792.0
559.4036065557561 800.0
559.6624036947936 808.0
559.9211926365136 800.0
560.1799733804337 803.0
560.43874592607 796.0
560.6975102729399 810.0
560.9562664205602 784.0
561.2150143684473 806.0
561.4737541161188 795.0
561.732485663091 789.0
561.9912090088809 800.0
562.2499241530056 802.0
562.5086310949818 801.0
562.7673298343262 806.0
563.026020370556 820.0
563.2847027031879 799.0
563.5433768317389 800.0
563.8020427557254 789.0
564.0607004746649 804.0
564.3193499880738 797.0
564.5779912954692 801.0
564.8366243963679 808.0
565.0952492902868 814.0
565.3538659767429 809.0
565.6124744552527 810.0
565.8710747253335 809.0
566.1296667865018 806.0
566.3882506382747 809.0
566.6468262801691 810.0
566.9053937117014 792.0
567.1639529323893 788.0
567.4225039417488 806.0
567.6810467392974 809.0
567.9395813245517 808.0
568.1981076970284 804.0
568.4566258562448 794.0
568.7151358017175 795.0
568.9736375329633 825.0
569.2321310494995 812.0
569.4906163508422 805.0
569.749093436509 801.0
570.0075623060163 790.0
570.2660229588813 806.0
570.5244753946206 805.0
570.7829196127512 805.0
571.0413556127901 799.0
571.2997833942537 810.0
571.5582029566596 792.0
571.8166142995238 787.0
572.075017422364 816.0
572.3334123246967 812.0
572.5917990060384 815.0
572.8501774659068 803.0
573.108547703818 806.0
573.3669097192892 805.0
573.6252635118373 807.0
573.8836090809789 792.0
574.1419464262314 804.0
574.400275547111 811.0
574.6585964431351 791.0
574.9169091138205 816.0
575.1752135586836 800.0
575.4335097772419 804.0
575.6917977690118 812.0
575.9500775335105 827.0
576.2083490702545 819.0
576.4666123787609 849.0
576.7248674585469 819.0
576.9831143091286 810.0
577.2413529300236 799.0
577.4995833207483 795.0
577.7578054808198 804.0
578.0160194097549 798.0
578.2742251070703 791.0
578.5324225722832 795.0
578.7906118049101 796.0
579.0487928044681 812.0
579.3069655704743 806.0
579.565130102445 805.0
579.8232863998975 789.0
580.0814344623485 808.0
580.339574289315 806.0
580.5977058803137 795.0
580.8558292348614 819.0
581.1139443524753 816.0
581.3720512326721 830.0
581.6301498749685 823.0
581.8882402788817 837.0
582.146322443928 839.0
582.4043963696251 824.0
582.6624620554893 815.0
582.9205195010375 820.0
583.1785687057866 827.0
583.4366096692537 820.0
583.6946423909554 834.0
583.9526668704085 845.0
584.2106831071303 909.0
584.4686911006373 1041.0
584.7266908504463 1145.0
584.9846823560746 1316.0
585.2426656170385 1845.0
585.5006406328554 1770.0
585.7586074030418 1374.0
586.0165659271148 1081.0
586.2745162045912 929.0
586.5324582349878 875.0
586.7903920178214 840.0
587.0483175526091 844.0
587.3062348388676 836.0
587.5641438761138 856.0
587.8220446638645 867.0
588.0799372016369 919.0
588.3378214889474 928.0
588.5956975253132 867.0
588.8535653102509 860.0
589.1114248432776 826.0
589.3692761239103 824.0
589.6271191516653 808.0
589.88495392606 821.0
590.1427804466111 826.0
590.4005987128355 841.0
590.6584087242501 819.0
590.9162104803713 818.0
591.1740039807169 819.0
591.4317892248029 834.0
591.6895662121466 818.0
591.9473349422648 803.0
592.2050954146741 805.0
592.462847628892 820.0
592.7205915844347 816.0
592.9783272808194 817.0
593.236054717563 815.0
593.493773894182 812.0
593.7514848101939 867.0
594.009187465115 872.0
594.2668818584625 917.0
594.5245679897531 1006.0
594.7822458585038 951.0
595.0399154642313 875.0
595.2975768064524 837.0
595.5552298846843 820.0
595.8128746984438 811.0
596.0705112472474 814.0
596.3281395306126 813.0
596.5857595480555 824.0
596.8433712990935 816.0
597.1009747832434 826.0
597.3585700000219 838.0
597.6161569489462 842.0
597.8737356295327 849.0
598.1313060412986 817.0
598.3888681837607 824.0
598.6464220564358 813.0
598.9039676588409 795.0
599.1615049904925 806.0
599.4190340509081 787.0
599.676554839604 811.0
599.9340673560972 796.0
600.1915715999048 800.0
600.4490675705435 804.0
600.7065552675302 800.0
600.9640346903817 790.0
601.221505838615 820.0
601.4789687117469 817.0
601.7364233092942 817.0
601.9938696307739 797.0
602.2513076757026 816.0
602.5087374435976 812.0
602.7661589339755 838.0
603.023572146353 886.0
603.2809770802475 871.0
603.5383737351752 839.0
603.7957621106534 799.0
604.053142206199 813.0
604.3105140213286 805.0
604.5678775555593 800.0
604.8252328084078 815.0
605.0825797793912 791.0
605.3399184680261 806.0
605.5972488738295 795.0
605.8545709963181 812.0
606.111884835009 799.0
606.3691903894193 819.0
606.6264876590651 841.0
606.883776643464 855.0
607.1410573421324 899.0
607.3983297545875 1008.0
607.6555938803461 1003.0
607.9128497189247 909.0
608.1700972698408 861.0
608.4273365326108 848.0
608.6845675067516 861.0
608.9417901917803 881.0
609.1990045872135 923.0
609.4562106925683 1006.0
609.7134085073615 1154.0
609.9705980311098 1045.0
610.2277792633305 940.0
610.4849522035397 886.0
610.7421168512552 821.0
610.9992732059933 820.0
611.2564212672709 821.0
611.5135610346049 819.0
611.7706925075122 810.0
612.0278156855098 817.0
612.2849305681145 821.0
612.542037154843 814.0
612.7991354452124 826.0
613.0562254387393 844.0
613.3133071349409 865.0
613.5703805333337 932.0
613.8274456334349 1014.0
614.0845024347612 1098.0
614.3415509368294 1416.0
614.5985911391567 1288.0
614.8556230412595 1108.0
615.1126466426551 970.0
615.36966194286 891.0
615.6266689413914 882.0
615.8836676377659 874.0
616.1406580315004 894.0
616.3976401221121 970.0
616.6546139091173 925.0
616.9115793920333 882.0
617.1685365703769 848.0
617.4254854436648 806.0
617.6824260114142 810.0
617.9393582731417 808.0
618.196282228364 826.0
618.4531978765983 806.0
618.7101052173614 824.0
618.9670042501702 815.0
619.2238949745413 808.0
619.4807773899919 801.0
619.7376514960388 807.0
619.9945172921986 812.0
620.2513747779885 810.0
620.508223952925 802.0
620.7650648165256 823.0
621.0218973683066 824.0
621.2787216077849 844.0
621.5355375344776 870.0
621.7923451479013 886.0
622.0491444475734 876.0
622.3059354330103 834.0
622.5627181037288 819.0
622.8194924592461 805.0
623.0762584990788 820.0
623.333016222744 803.0
623.5897656297584 803.0
623.8465067196389 798.0
624.1032394919024 821.0
624.3599639460657 796.0
624.6166800816459 807.0
624.8733878981594 807.0
625.1300873951237 820.0
625.3867785720552 823.0
625.6434614284708 852.0
625.9001359638876 859.0
626.1568021778221 889.0
626.4134600697917 938.0
626.6701096393127 1073.0
626.9267508859024 1022.0
627.1833838090776 956.0
627.4400084083547 880.0
627.6966246832512 828.0
627.9532326332837 814.0
628.2098322579691 809.0
628.4664235568243 808.0
628.723006529366 825.0
628.9795811751112 803.0
629.2361474935768 824.0
629.4927054842794 821.0
629.7492551467363 838.0
630.0057964804641 848.0
630.2623294849799 893.0
630.5188541598001 936.0
630.775370504442 911.0
631.0318785184223 879.0
631.2883782012578 841.0
631.5448695524658 819.0
631.8013525715625 819.0
632.0578272580652 819.0
632.3142936114906 829.0
632.5707516313557 857.0
632.8272013171775 902.0
633.0836426684723 938.0
633.3400756847575 1023.0
633.5965003655499 1078.0
633.8529167103661 987.0
634.1093247187234 923.0
634.3657243901381 852.0
634.6221157241276 832.0
634.8784987202085 808.0
635.1348733778977 816.0
635.3912396967121 795.0
635.6475976761684 796.0
635.9039473157839 809.0
636.1602886150749 828.0
636.4166215735588 814.0
636.6729461907521 827.0
636.9292624661718 816.0
637.1855703993349 828.0
637.4418699897578 846.0
637.6981612369581 920.0
637.9544441404521 958.0
638.2107186997567 1116.0
638.4669849143892 1187.0
638.7232427838659 1098.0
638.979492307704 1014.0
639.2357334854204 1035.0
639.4919663165317 1249.0
639.7481908005552 1498.0
640.0044069370073 1882.0
640.2606147254052 2711.0
640.5168141652655 2321.0
640.7730052561054 1873.0
641.0291879974413 1319.0
641.2853623887906 1062.0
641.5415284296699 927.0
641.797686119596 887.0
642.0538354580859 852.0
642.3099764446565 849.0
642.5661090788245 834.0
642.8222333601069 829.0
643.0783492880205 824.0
643.3344568620822 821.0
643.5905560818089 815.0
643.8466469467173 814.0
644.1027294563247 817.0
644.3588036101473 819.0
644.6148694077026 806.0
644.8709268485071 809.0
645.1269759320778 807.0
645.3830166579316 810.0
645.6390490255851 803.0
645.8950730345556 809.0
646.1510886843597 809.0
646.4070959745143 817.0
646.6630949045363 827.0
646.9190854739425 794.0
647.17506768225 807.0
647.4310415289752 798.0
647.6870070136354 810.0
647.9429641357473 802.0
648.1989128948277 806.0
648.4548532903938 817.0
648.7107853219619 809.0
648.9667089890495 802.0
649.222624291173 820.0
649.4785312278494 819.0
649.7344297985958 869.0
649.9903200029287 956.0
650.2462018403652 1023.0
650.502075310422 1209.0
650.7579404126162 1397.0
651.0137971464646 1249.0
651.2696455114838 1062.0
651.525485507191 927.0
651.7813171331029 864.0
652.0371403887364 835.0
652.2929552736086 823.0
652.5487617872358 841.0
652.8045599291355 825.0
653.0603496988242 863.0
653.3161310958188 890.0
653.5719041196362 889.0
653.8276687697933 866.0
654.0834250458071 836.0
654.3391729471941 825.0
654.5949124734717 808.0
654.8506436241562 807.0
655.1063663987647 804.0
655.3620807968144 818.0
655.6177868178215 826.0
655.8734844613035 822.0
656.129173726777 857.0
656.3848546137588 888.0
656.6405271217659 862.0
656.8961912503149 822.0
657.1518469989231 818.0
657.4074943671071 822.0
657.6631333543837 806.0
657.9187639602701 810.0
658.1743861842826 794.0
658.4300000259387 808.0
658.6856054847549 802.0
658.9412025602483 840.0
659.1967912519353 851.0
659.4523715593333 882.0
659.707943481959 931.0
659.9635070193291 996.0
660.2190621709606 964.0
660.4746089363705 926.0
660.7301473150753 850.0
660.9856773065924 829.0
661.2411989104381 830.0
661.4967121261298 802.0
661.7522169531838 810.0
662.0077133911174 800.0
662.2632014394475 801.0
662.5186810976904 810.0
662.7741523653638 786.0
663.029615241984 795.0
663.2850697270679 802.0
663.5405158201327 797.0
663.7959535206948 804.0
664.0513828282715 803.0
664.3068037423793 801.0
664.5622162625355 796.0
664.8176203882564 812.0
665.0730161190594 805.0
665.3284034544613 825.0
665.5837823939785 812.0
665.8391529371283 805.0
666.0945150834276 819.0
666.349868832393 811.0
666.6052141835415 816.0
666.8605511363899 824.0
667.1158796904554 874.0
667.3711998452544 911.0
667.626511600304 994.0
667.8818149551211 1117.0
668.1371099092223 1073.0
668.3923964621249 988.0
668.6476746133454 886.0
668.9029443624008 841.0
669.1582057088083 825.0
669.4134586520839 818.0
669.6687031917455 822.0
669.9239393273093 811.0
670.1791670582923 807.0
670.4343863842114 804.0
670.6895973045835 806.0
670.9447998189256 852.0
671.1999939267544 875.0
671.4551796275866 924.0
671.7103569209394 1023.0
671.9655258063294 988.0
672.220686283274 944.0
672.475838351289 878.0
672.7309820098925 826.0
672.9861172586005 823.0
673.2412440969302 800.0
673.4963625243987 799.0
673.7514725405223 803.0
674.0065741448183 796.0
674.2616673368035 810.0
674.5167521159946 811.0
674.7718284819086 800.0
675.0268964340622 803.0
675.2819559719727 803.0
675.5370070951565 805.0
675.7920498031307 799.0
676.0470840954122 808.0
676.3021099715176 801.0
676.5571274309642 804.0
676.8121364732684 799.0
677.0671370979474 819.0
677.3221293045178 805.0
677.5771130924968 820.0
677.8320884614011 801.0
678.0870554107474 778.0
678.3420139400529 800.0
678.5969640488343 805.0
678.8519057366083 798.0
679.1068390028922 802.0
679.3617638472023 802.0
679.616680269056 794.0
679.8715882679699 810.0
680.1264878434607 784.0
680.3813789950458 812.0
680.6362617222414 785.0
680.8911360245651 797.0
681.146001901533 805.0
681.4008593526627 810.0
681.6557083774705 802.0
681.9105489754734 805.0
682.1653811461886 805.0
682.4202048891326 796.0
682.6750202038223 804.0
682.9298270897748 797.0
683.1846255465068 803.0
683.4394155735351 792.0
683.6941971703767 807.0
683.9489703365485 798.0
684.2037350715673 801.0
684.4584913749499 809.0
684.7132392462133 801.0
684.9679786848742 809.0
685.2227096904496 809.0
685.4774322624564 802.0
685.7321464004115 793.0
685.9868521038316 805.0
686.2415493722334 791.0
686.4962382051343 805.0
686.7509186020508 811.0
687.0055905624997 808.0
687.2602540859983 805.0
687.514909172063 801.0
687.7695558202109 801.0
688.0241940299587 797.0
688.2788238008236 786.0
688.5334451323221 794.0
688.7880580239712 805.0
689.042662475288 793.0
689.2972584857889 798.0
689.5518460549912 812.0
689.8064251824115 799.0
690.0609958675668 804.0
690.3155581099742 805.0
690.5701119091498 804.0
690.8246572646113 810.0
691.0791941758752 801.0
691.3337226424583 817.0
691.5882426638777 808.0
691.84275423965 819.0
692.0972573692924 825.0
692.3517520523214 899.0
692.6062382882542 999.0
692.8607160766074 1126.0
693.1151854168979 1148.0
693.3696463086428 1083.0
693.6240987513587 956.0
693.8785427445628 860.0
694.1329782877717 849.0
694.3874053805022 825.0
694.6418240222713 824.0
694.8962342125958 803.0
695.1506359509929 828.0
695.405029236979 809.0
695.6594140700711 796.0
695.9137904497863 803.0
696.168158375641 797.0
696.4225178471527 797.0
696.676868863838 819.0
696.9312114252134 818.0
697.1855455307963 800.0
697.4398711801031 789.0
697.6941883726512 790.0
697.9484971079568 816.0
698.2027973855375 811.0
698.4570892049098 809.0
698.7113725655903 798.0
698.9656474670965 807.0
699.2199139089445 792.0
699.4741718906519 804.0
699.7284214117353 806.0
699.9826624717113 802.0
700.2368950700971 802.0
700.4911192064093 804.0
700.7453348801653 811.0
700.9995420908814 807.0
701.2537408380745 798.0
701.5079311212619 815.0
701.7621129399598 819.0
702.016286293686 806.0
702.2704511819566 828.0
702.5246076042886 890.0
702.778755560199 964.0
703.0328950492045 1062.0
703.2870260708224 1129.0
703.5411486245691 1084.0
703.7952627099618 1006.0
704.0493683265172 897.0
704.3034654737519 846.0
704.5575541511835 837.0
704.8116343583279 823.0
705.0657060947029 822.0
705.3197693598249 820.0
705.5738241532106 802.0
705.8278704743772 812.0
706.0819083228414 798.0
706.3359376981203 812.0
706.5899585997306 807.0
706.8439710271889 803.0
707.0979749800126 792.0
707.3519704577179 801.0
707.6059574598225 806.0
707.8599359858429 804.0
708.1139060352955 801.0
708.3678676076978 809.0
708.6218207025663 814.0
708.8757653194182 811.0
709.12970145777 805.0
709.3836291171389 799.0
709.6375482970416 818.0
709.8914589969946 801.0
710.1453612165157 815.0
710.3992549551208 808.0
710.6531402123275 798.0
710.9070169876522 806.0
711.1608852806118 791.0
711.4147450907236 794.0
711.6685964175037 804.0
711.9224392604699 795.0
712.1762736191384 781.0
712.4300994930262 795.0
712.6839168816504 810.0
712.9377257845274 802.0
713.1915262011746 814.0
713.4453181311087 816.0
713.6991015738463 816.0
713.9528765289045 798.0
714.2066429958 810.0
714.4604009740502 807.0
714.7141504631712 800.0
714.9678914626805 818.0
715.2216239720948 804.0
715.4753479909306 817.0
715.7290635187052 802.0
715.982770554935 795.0
716.2364690991376 796.0
716.4901591508293 798.0
716.743840709527 800.0
716.9975137747479 837.0
717.2511783460084 830.0
717.5048344228259 844.0
717.7584820047169 844.0
718.0121210911982 827.0
718.2657516817872 808.0
718.519373776 820.0
718.772987373354 806.0
719.026592473366 805.0
719.2801890755527 796.0
719.5337771794311 801.0
719.7873567845179 814.0
720.0409278903304 808.0
720.294490496385 799.0
720.5480446021987 806.0
720.8015902072887 800.0
721.0551273111711 813.0
721.3086559133636 810.0
721.5621760133826 804.0
721.815687610745 800.0
722.0691907049679 797.0
722.3226852955679 809.0
722.5761713820622 801.0
722.8296489639672 808.0
723.0831180408002 815.0
723.3365786120778 812.0
723.5900306773169 811.0
723.8434742360346 850.0
724.0969092877473 892.0
724.3503358319725 948.0
724.6037538682267 948.0
724.8571633960265 930.0
725.1105644148894 908.0
725.3639569243315 839.0
725.6173409238706 830.0
725.8707164130229 826.0
726.1240833913054 817.0
726.3774418582351 811.0
726.6307918133285 799.0
726.8841332561029 794.0
727.137466186075 802.0
727.3907906027619 809.0
727.6441065056802 800.0
727.8974138943464 815.0
728.1507127682783 808.0
728.4040031269918 817.0
728.6572849700045 794.0
728.9105582968331 793.0
729.1638231069941 793.0
729.4170794000048 793.0
729.6703271753817 813.0
729.923566432642 804.0
730.1767971713025 807.0
730.4300193908798 802.0
730.6832330908911 797.0
730.936438270853 800.0
731.1896349302828 795.0
731.442823068697 795.0
731.6960026856123 817.0
731.949173780546 812.0
732.2023363530145 809.0
732.4554904025351 805.0
732.7086359286245 808.0
732.9617729307997 796.0
733.2149014085775 807.0
733.4680213614745 808.0
733.7211327890079 804.0
733.9742356906943 819.0
734.2273300660511 805.0
734.4804159145946 809.0
734.7334932358416 798.0
734.9865620293094 805.0
735.2396222945147 800.0
735.4926740309744 795.0
735.7457172382054 799.0
735.9987519157243 806.0
736.2517780630484 803.0
736.504795679694 797.0
736.7578047651785 809.0
737.0108053190187 784.0
737.2637973407312 808.0
737.516780829833 795.0
737.769755785841 819.0
738.0227222082721 799.0
738.2756800966428 797.0
738.5286294504706 805.0
738.781570269272 797.0
739.0345025525638 802.0
739.2874262998632 799.0
739.5403415106866 804.0
739.7932481845512 797.0
740.046146320974 808.0
740.2990359194714 801.0
740.5519169795606 796.0
740.8047895007583 789.0
741.0576534825816 800.0
741.3105089245472 805.0
741.563355826172 809.0
741.8161941869729 801.0
742.0690240064664 788.0
742.3218452841702 806.0
742.5746580196005 801.0
742.8274622122741 793.0
743.0802578617083 800.0
743.3330449674197 806.0
743.5858235289254 819.0
743.8385935457418 823.0
744.0913550173865 823.0
744.3441079433758 837.0
744.5968523232264 821.0
744.8495881564559 810.0
745.1023154425804 807.0
745.3550341811174 809.0
745.6077443715835 797.0
745.8604460134952 804.0
746.1131391063701 817.0
746.3658236497243 811.0
746.6184996430754 804.0
746.87116708594 816.0
747.1238259778346 813.0
747.3764763182764 804.0
747.6291181067822 818.0
747.8817513428692 797.0
748.1343760260539 808.0
748.3869921558529 812.0
748.6395997317837 810.0
748.8921987533628 815.0
749.1447892201071 808.0
749.3973711315336 825.0
749.6499444871589 813.0
749.9025092865003 814.0
750.1550655290741 802.0
750.4076132143978 805.0
750.6601523419877 803.0
750.912682911361 804.0
751.1652049220347 808.0
751.4177183735251 807.0
751.6702232653497 795.0
751.9227195970248 813.0
752.1752073680677 799.0
752.4276865779954 803.0
752.680157226324 833.0
752.9326193125712 799.0
753.1850728362533 809.0
753.4375177968876 825.0
753.6899541939908 812.0
753.9423820270795 830.0
754.194801295671 820.0
754.4472119992819 816.0
754.6996141374291 810.0
754.9520077096296 805.0
755.2043927154 807.0
755.4567691542577 795.0
755.7091370257187 807.0
755.9614963293008 805.0
756.2138470645202 797.0
756.4661892308942 798.0
756.7185228279395 784.0
756.9708478551728 801.0
757.2231643121112 797.0
757.4754721982714 802.0
757.7277715131704 806.0
757.9800622563251 798.0
758.2323444272521 796.0
758.4846180254688 809.0
758.7368830504913 797.0
758.9891395018373 802.0
759.2413873790232 802.0
759.4936266815657 798.0
759.7458574089821 799.0
759.9980795607888 805.0
760.2502931365033 811.0
760.502498135642 795.0
760.7546945577217 810.0
761.0068824022595 813.0
761.2590616687722 805.0
761.5112323567769 820.0
761.7633944657899 798.0
762.0155479953288 806.0
762.26769294491 809.0
762.5198293140501 806.0
762.7719571022666 800.0
763.024076309076 802.0
763.2761869339953 797.0
763.5282889765415 802.0
763.780382436231 820.0
764.032467312581 806.0
764.2845436051083 807.0
764.53661131333 799.0
764.7886704367629 790.0
765.0407209749233 816.0
765.2927629273288 812.0
765.5447962934958 801.0
765.7968210729414 817.0
766.0488372651824 793.0
766.3008448697357 804.0
766.5528438861181 800.0
766.8048343138464 820.0
767.0568161524378 806.0
767.3087894014087 796.0
767.5607540602764 799.0
767.8127101285577 804.0
768.0646576057691 804.0
768.3165964914278 810.0
768.5685267850505 796.0
768.8204484861544 799.0
769.0723615942561 789.0
769.3242661088722 804.0
769.5761620295201 791.0
769.8280493557162 811.0
770.0799280869778 812.0
770.3317982228216 814.0
770.5836597627642 799.0
770.835512706323 800.0
771.0873570530143 796.0
771.3391928023555 804.0
771.591019953863 798.0
771.8428385070538 805.0
772.094648461445 800.0
772.3464498165532 792.0
772.5982425718955 795.0
772.8500267269885 802.0
773.1018022813494 799.0
773.3535692344948 800.0
773.6053275859415 801.0
773.8570773352067 779.0
774.108818481807 800.0
774.3605510252594 806.0
774.6122749650807 817.0
774.8639903007878 787.0
775.1156970318975 800.0
775.3673951579267 810.0
775.6190846783925 805.0
775.8707655928115 790.0
776.1224379007004 805.0
776.3741016015766 808.0
776.6257566949563 802.0
776.8774031803571 799.0
777.1290410572955 851.0
777.3806703252881 837.0
777.6322909838522 833.0
777.8839030325043 831.0
778.1355064707618 806.0
778.3871012981411 800.0
778.6386875141592 803.0
778.890265118333 801.0
779.1418341101793 808.0
779.3933944892151 790.0
779.6449462549571 803.0
779.8964894069222 807.0
780.1480239446275 801.0
780.3995498675895 800.0
780.6510671753255 796.0
780.9025758673517 795.0
781.1540759431858 809.0
781.4055674023442 804.0
781.6570502443437 809.0
781.9085244687013 802.0
782.159990074934 797.0
782.4114470625585 799.0
782.6628954310918 802.0
782.9143351800503 786.0
783.1657663089516 806.0
783.4171888173119 811.0
783.6686027046486 821.0
783.9200079704783 797.0
784.1714046143178 804.0
784.4227926356843 806.0
784.6741720340941 814.0
784.9255428090647 804.0
785.1769049601126 790.0
785.4282584867548 784.0
785.6796033885082 786.0
785.9309396648893 796.0
786.1822673154155 784.0
786.4335863396033 806.0
786.6848967369698 798.0
786.9361985070317 804.0
787.1874916493058 786.0
787.4387761633094 805.0
787.6900520485588 797.0
787.9413193045713 798.0
788.1925779308636 806.0
788.4438279269523 799.0
788.6950692923548 800.0
788.9463020265875 810.0
789.1975261291677 785.0
789.448741599612 808.0
789.6999484374371 797.0
789.9511466421604 814.0
790.2023362132982 789.0
790.4535171503677 800.0
790.7046894528855 801.0
790.9558531203689 794.0
791.2070081523347 793.0
791.458154548299 809.0
791.7092923077797 794.0
791.9604214302931 796.0
792.2115419153562 814.0
792.462653762486 811.0
792.7137569711989 825.0
792.9648515410123 806.0
793.2159374714428 801.0
793.4670147620074 797.0
793.718083412223 794.0
793.9691434216061 818.0
794.220194789674 808.0
794.4712375159432 795.0
794.722271599931 798.0
794.9732970411541 791.0
795.2243138391292 807.0
795.4753219933733 789.0
795.7263215034031 789.0
795.9773123687357 782.0
796.2282945888878 798.0
796.4792681633767 792.0
796.7302330917187 792.0
796.9811893734307 791.0
797.23213700803 798.0
797.483075995033 800.0
797.7340063339569 800.0
797.9849280243186 804.0
798.2358410656345 796.0
798.4867454574222 808.0
798.7376411991978 796.0
798.9885282904788 788.0
799.2394067307818 795.0
799.4902765196234 801.0
799.741137656521 798.0
799.9919901409909 796.0
800.2428339725506 796.0
800.4936691507165 790.0
800.7444956750055 792.0
800.9953135449347 794.0
801.2461227600207 790.0
801.4969233197808 803.0
801.7477152237312 784.0
801.9984984713894 803.0
802.2492730622722 794.0
802.5000389958959 804.0
802.7507962717781 803.0
803.0015448894349 798.0
803.252284848384 784.0
803.5030161481417 798.0
803.7537387882248 796.0
804.0044527681507 790.0
804.2551580874358 789.0
804.5058547455972 786.0
804.7565427421519 800.0
805.0072220766161 803.0
805.2578927485075 795.0
805.5085547573423 790.0
805.7592081026379 800.0
806.009852783911 796.0
806.2604888006782 799.0
806.5111161524568 802.0
806.7617348387631 808.0
807.0123448591147 807.0
807.2629462130279 790.0
807.5135389000196 798.0
807.7641229196071 800.0
808.0146982713067 801.0
808.2652649546358 792.0
808.5158229691108 781.0
808.7663723142489 789.0
809.016912989567 787.0
809.2674449945815 813.0
809.5179683288098 800.0
809.7684829917686 809.0
810.0189889829746 780.0
810.269486301945 812.0
810.5199749481961 799.0
810.7704549212456 791.0
811.0209262206095 809.0
811.2713888458052 806.0
811.5218427963496 797.0
811.7722880717591 799.0
812.022724671551 792.0
812.2731525952421 811.0
812.5235718423493 802.0
812.7739824123893 799.0
813.0243843048788 791.0
813.2747775193352 800.0
813.5251620552749 795.0
813.7755379122152 807.0
814.0259050896724 791.0
814.276263587164 791.0
814.5266134042064 795.0
814.7769545403165 800.0
815.0272869950115 789.0
815.2776107678079 800.0
815.5279258582229 804.0
815.7782322657732 806.0
816.0285299899754 803.0
816.2788190303468 787.0
816.529099386404 796.0
816.7793710576641 801.0
817.0296340436439 784.0
817.2798883438601 812.0
817.5301339578298 790.0
817.7803708850694 804.0
818.0305991250964 801.0
818.2808186774273 803.0
818.531029541579 794.0
818.7812317170685 785.0
819.0314252034124 801.0
819.281610000128 797.0
819.5317861067317 804.0
819.7819535227408 777.0
820.0321122476719 797.0
820.2822622810417 796.0
820.5324036223675 799.0
820.7825362711658 809.0
821.0326602269538 803.0
821.2827754892483 798.0
821.5328820575656 784.0
821.7829799314234 804.0
822.033069110338 782.0
822.2831495938267 798.0
822.5332213814061 788.0
822.7832844725929 797.0
823.0333388669044 808.0
823.283384563857 792.0
823.533421562968 815.0
823.7834498637541 801.0
824.033469465732 813.0
824.2834803684189 795.0
824.5334825713311 801.0
824.7834760739862 793.0
825.0334608759005 786.0
825.2834369765912 781.0
825.5334043755751 782.0
825.7833630723688 796.0
826.0333130664897 781.0
826.2832543574541 788.0
826.5331869447793 792.0
826.783110827982 807.0
827.0330260065789 797.0
827.2829324800872 799.0
827.5328302480233 787.0
827.7827193099047 797.0
828.032599665248 806.0
828.2824713135695 802.0
828.532334254387 801.0
828.7821884872168 793.0
829.0320340115759 801.0
829.2818708269813 797.0
829.5316989329494 804.0
829.7815183289979 807.0
830.0313290146428 805.0
830.2811309894015 806.0
830.5309242527906 801.0
830.7807088043272 790.0
831.0304846435281 801.0
831.2802517699099 796.0
831.5300101829899 779.0
831.7797598822846 781.0
832.0295008673112 805.0
832.2792331375864 791.0
832.5289566926268 793.0
832.7786715319497 806.0
833.0283776550717 791.0
833.27807506151 801.0
833.5277637507811 797.0
833.7774437224018 791.0
834.0271149758895 784.0
834.2767775107606 799.0
834.526431326532 785.0
834.7760764227208 793.0
835.0257127988438 791.0
835.2753404544177 799.0
835.5249593889594 796.0
835.774569601986 795.0
836.0241710930143 805.0
836.2737638615607 800.0
836.5233479071428 813.0
836.7729232292768 802.0
837.0224898274802 796.0
837.2720477012693 799.0
837.5215968501614 807.0
837.7711372736733 824.0
838.0206689713215 819.0
838.2701919426232 826.0
838.5197061870952 803.0
838.7692117042545 802.0
839.0187084936177 782.0
839.2681965547017 777.0
839.5176758870236 800.0
839.7671464901001 798.0
840.0166083634483 809.0
840.2660615065847 802.0
840.5155059190262 805.0
840.7649416002901 798.0
841.0143685498927 795.0
841.2637867673512 795.0
841.5131962521828 797.0
841.7625970039035 804.0
842.0119890220308 787.0
842.2613723060813 793.0
842.5107468555723 794.0
842.76011267002 796.0
843.0094697489418 780.0
843.2588180918546 791.0
843.5081576982747 791.0
843.7574885677194 791.0
844.0068106997054 802.0
844.25612409375 794.0
844.5054287493696 794.0
844.754724666081 799.0
845.0040118434015 808.0
845.2532902808475 795.0
845.5025599779364 796.0
845.7518209341847 799.0
846.0010731491091 793.0
846.2503166222269 794.0
846.4995513530547 789.0
846.7487773411094 799.0
846.9979945859081 792.0
847.2472030869674 793.0
847.4964028438043 805.0
847.7455938559353 804.0
847.994776122878 777.0
848.2439496441485 792.0
848.4931144192642 803.0
848.7422704477419 800.0
848.9914177290981 803.0
849.2405562628502 798.0
849.4896860485144 812.0
849.7388070856083 806.0
849.9879193736485 810.0
850.2370229121515 817.0
850.4861177006346 797.0
850.7352037386146 793.0
850.9842810256082 790.0
851.2333495611326 780.0
851.482409344704 802.0
851.7314603758401 804.0
851.9805026540571 799.0
852.2295361788724 794.0
852.4785609498026 808.0
852.7275769663643 792.0
852.9765842280748 785.0
853.2255827344507 800.0
853.4745724850093 803.0
853.7235534792667 798.0
853.9725257167406 799.0
854.2214891969475 797.0
854.4704439194039 796.0
854.7193898836274 799.0
854.9683270891342 793.0
855.2172555354416 796.0
855.4661752220665 777.0
855.7150861485252 806.0
855.9639883143353 801.0
856.212881719013 795.0
856.4617663620759 794.0
856.7106422430403 804.0
856.9595093614231 794.0
857.2083677167415 814.0
857.4572173085119 800.0
857.7060581362517 783.0
857.9548901994776 797.0
858.2037134977061 797.0
858.4525280304546 794.0
858.7013337972394 792.0
858.950130797578 794.0
859.1989190309868 805.0
859.4476984969828 812.0
859.696469195083 791.0
859.9452311248039 786.0
860.1939842856627 781.0
860.4427286771763 798.0
860.6914642988615 805.0
860.9401911502351 795.0
861.1889092308139 791.0
861.437618540115 796.0
861.686319077655 785.0
861.935010842951 800.0
862.1836938355198 803.0
862.432368054878 788.0
862.6810335005429 788.0
862.9296901720311 805.0
863.1783380688596 807.0
863.4269771905452 790.0
863.6756075366046 796.0
863.9242291065551 801.0
864.1728418999131 804.0
864.4214459161959 794.0
864.6700411549201 793.0
864.9186276156024 804.0
865.1672052977602 808.0
865.4157742009098 798.0
865.6643343245685 801.0
865.9128856682528 807.0
866.1614282314799 808.0
866.4099620137665 805.0
866.6584870146295 788.0
866.9070032335858 798.0
867.155510670152 795.0
867.4040093238455 807.0
867.6524991941827 812.0
867.9009802806806 806.0
868.1494525828563 798.0
868.3979161002262 795.0
868.6463708323078 801.0
868.8948167786174 803.0
869.1432539386718 794.0
869.3916823119887 810.0
869.6401018980839 797.0
869.8885126964751 788.0
870.1369147066789 802.0
870.3853079282118 804.0
870.6336923605911 779.0
870.8820680033335 798.0
871.1304348559562 809.0
871.3787929179755 810.0
871.6271421889087 804.0
871.8754826682726 789.0
872.1238143555837 784.0
872.3721372503595 781.0
872.6204513521162 793.0
872.8687566603713 792.0
873.1170531746413 806.0
873.365340894443 797.0
873.6136198192935 787.0
873.8618899487094 803.0
874.110151282208 807.0
874.3584038193057 805.0
874.6066475595196 803.0
874.8548825023668 795.0
875.1031086473636 785.0
875.3513259940273 795.0
875.5995345418747 789.0
875.8477342904224 782.0
876.0959252391877 786.0
876.3441073876871 789.0
876.5922807354377 798.0
876.8404452819562 805.0
877.0886010267599 783.0
877.3367479693651 777.0
877.5848861092887 796.0
877.8330154460481 822.0
878.0811359791594 805.0
878.3292477081402 819.0
878.5773506325071 802.0
878.8254447517768 817.0
879.0735300654665 821.0
879.3216065730924 799.0
879.5696742741723 802.0
879.8177331682225 788.0
880.0657832547598 795.0
880.3138245333014 794.0
880.5618570033639 807.0
880.8098806644645 795.0
881.0578955161196 801.0
881.3059015578464 801.0
881.5538987891618 797.0
881.8018872095822 788.0
882.0498668186252 812.0
882.297837615807 799.0
882.5457996006451 780.0
882.7937527726558 796.0
883.041697131356 798.0
883.2896326762632 780.0
883.5375594068934 802.0
883.7854773227642 801.0
884.0333864233922 804.0
884.2812867082938 814.0
884.5291781769868 796.0
884.7770608289871 793.0
885.0249346638125 799.0
885.2727996809792 791.0
885.5206558800041 778.0
885.7685032604046 797.0
886.0163418216969 786.0
886.2641715633982 804.0
886.5119924850256 798.0
886.7598045860955 802.0
887.007607866125 790.0
887.2554023246308 792.0
887.5031879611303 791.0
887.7509647751398 802.0
887.9987327661763 791.0
888.2464919337567 803.0
888.4942422773979 802.0
888.7419837966169 796.0
888.9897164909302 809.0
889.2374403598551 798.0
889.4851554029083 782.0
889.7328616196063 784.0
889.9805590094667 781.0
890.2282475720056 787.0
890.4759273067405 795.0
890.7235982131879 778.0
890.9712602908646 804.0
891.218913539288 790.0
891.4665579579743 773.0
891.7141935464408 792.0
891.9618203042044 802.0
892.2094382307815 800.0
892.4570473256895 801.0
892.7046475884449 796.0
892.9522390185649 790.0
893.1998216155661 794.0
893.4473953789653 788.0
893.6949603082797 788.0
893.9425164030258 797.0
894.1900636627211 808.0
894.4376020868815 782.0
894.6851316750246 788.0
894.9326524266672 788.0
895.1801643413257 795.0
895.4276674185177 785.0
895.6751616577593 791.0
895.922647058568 786.0
896.1701236204603 784.0
896.4175913429531 785.0
896.6650502255636 785.0
896.912500267808 804.0
897.159941469204 793.0
897.4073738292678 808.0
897.6547973475165 795.0
897.9022120234671 787.0
898.1496178566362 797.0
898.3970148465409 802.0
898.644402992698 802.0
898.8917822946241 796.0
899.1391527518367 785.0
899.386514363852 788.0
899.6338671301874 794.0
899.8812110503592 791.0
900.1285461238849 801.0
900.375872350281 788.0
900.6231897290643 789.0
900.8704982597519 795.0
901.1177979418604 788.0
901.3650887749071 807.0
901.6123707584086 790.0
901.8596438918815 791.0
902.106908174843 787.0
902.35416360681 810.0
902.6014101872993 804.0
902.8486479158278 785.0
903.095876791912 785.0
903.3430968150694 787.0
903.5903079848164 790.0
903.83751030067 791.0
904.0847037621473 804.0
904.3318883687646 795.0
904.5790641200394 793.0
904.826231015488 787.0
905.0733890546279 778.0
905.3205382369753 793.0
905.5676785620476 805.0
905.8148100293615 790.0
906.0619326384336 793.0
906.3090463887813 796.0
906.5561512799208 805.0
906.8032473113697 798.0
907.0503344826443 798.0
907.2974127932616 792.0
907.5444822427387 787.0
907.7915428305921 797.0
908.038594556339 796.0
908.2856374194963 784.0
908.5326714195803 784.0
908.7796965561088 794.0
909.0267128285976 794.0
909.2737202365645 798.0
909.520718779526 799.0
909.7677084569985 807.0
910.0146892684998 793.0
910.261661213546 787.0
910.5086242916544 794.0
910.7555785023416 784.0
911.0025238451248 791.0
911.2494603195206 790.0
911.4963879250456 788.0
911.7433066612174 776.0
911.9902165275522 795.0
912.2371175235672 797.0
912.4840096487795 782.0
912.7308929027052 793.0
912.9777672848619 792.0
913.2246327947661 795.0
913.4714894319347 783.0
913.7183371958849 794.0
913.965176086133 794.0
914.2120061021965 799.0
914.4588272435916 800.0
914.7056395098358 790.0
914.9524429004457 794.0
915.1992374149379 786.0
915.4460230528298 791.0
915.6927998136375 792.0
915.9395676968788 786.0
916.1863267020701 798.0
916.4330768287281 794.0
916.67981807637 778.0
916.9265504445123 791.0
917.1732739326723 797.0
917.4199885403666 785.0
917.6666942671121 801.0
917.9133911124259 791.0
918.1600790758242 803.0
918.4067581568248 788.0
918.6534283549438 797.0
918.9000896696987 799.0
919.1467421006058 815.0
919.3933856471822 803.0
919.6400203089449 803.0
919.8866460854103 804.0
920.1332629760961 796.0
920.3798709805186 797.0
920.6264700981943 804.0
920.8730603286409 796.0
921.1196416713748 794.0
921.3662141259131 779.0
921.6127776917724 802.0
921.8593323684695 785.0
922.1058781555217 804.0
922.3524150524454 796.0
922.598943058758 794.0
922.8454621739758 796.0
923.0919723976159 789.0
923.3384737291954 793.0
923.5849661682307 805.0
923.8314497142393 800.0
924.0779243667373 798.0
924.3243901252423 796.0
924.5708469892709 779.0
924.8172949583395 784.0
925.0637340319656 795.0
925.3101642096658 792.0
925.5565854909571 794.0
925.8029978753563 793.0
926.04940136238 794.0
926.2957959515456 786.0
926.5421816423694 817.0
926.7885584343687 798.0
927.0349263270604 798.0
927.281285319961 799.0
927.5276354125876 797.0
927.7739766044568 797.0
928.020308895086 795.0
928.2666322839915 789.0
928.5129467706906 795.0
928.7592523547 796.0
929.0055490355364 805.0
929.2518368127171 814.0
929.4981156857584 799.0
929.7443856541778 773.0
929.9906467174917 787.0
930.2368988752169 784.0
930.4831421268707 796.0
930.7293764719695 796.0
930.9756019100306 801.0
931.2218184405708 803.0
931.4680260631065 794.0
931.7142247771553 786.0
931.9604145822334 792.0
932.2065954778582 799.0
932.4527674635461 797.0
932.6989305388141 800.0
932.9450847031794 784.0
933.1912299561584 791.0
933.4373662972685 792.0
933.6834937260257 784.0
933.929612241948 797.0
934.1757218445516 793.0
934.4218225333533 795.0
934.6679143078701 790.0
934.913997167619 797.0
935.1600711121167 801.0
935.4061361408803 798.0
935.6521922534262 797.0
935.8982394492718 790.0
936.1442777279336 798.0
936.3903070889288 802.0
936.636327531774 803.0
936.882339055986 797.0
937.128341661082 791.0
937.3743353465785 796.0
937.6203201119927 792.0
937.8662959568414 795.0
938.1122628806411 800.0
938.3582208829092 792.0
938.6041699631621 781.0
938.8501101209171 789.0
939.0960413556905 791.0
939.341963667 792.0
939.5878770543618 808.0
939.8337815172929 795.0
940.0796770553103 809.0
940.3255636679306 783.0
940.5714413546712 789.0
940.8173101150486 785.0
941.0631699485793 798.0
941.309020854781 792.0
941.5548628331699 801.0
941.8006958832632 814.0
942.0465200045778 814.0
942.2923351966301 787.0
942.5381414589376 791.0
942.7839387910167 801.0
943.0297271923846 791.0
943.275506662558 801.0
943.5212772010536 802.0
943.7670388073888 798.0
944.0127914810797 773.0
944.2585352216438 801.0
944.504270028598 799.0
944.7499959014584 801.0
944.9957128397427 803.0
945.2414208429674 805.0
945.4871199106495 792.0
945.7328100423057 795.0
945.978491237453 800.0
946.2241634956084 796.0
946.4698268162882 794.0
946.71548119901 790.0
946.9611266432901 789.0
947.2067631486459 786.0
947.4523907145939 788.0
947.6980093406509 785.0
947.943619026334 803.0
948.1892197711599 792.0
948.4348115746456 796.0
948.680394436308 783.0
948.9259683556636 794.0
949.17153333223 796.0
949.4170893655231 789.0
949.6626364550607 796.0
949.9081746003591 786.0
950.1537038009352 806.0
950.3992240563063 789.0
950.6447353659886 810.0
950.8902377294995 779.0
951.1357311463555 786.0
951.381215616074 796.0
951.6266911381715 794.0
951.8721577121647 781.0
952.1176153375708 790.0
952.3630640139064 796.0
952.6085037406887 786.0
952.8539345174344 794.0
953.09935634366 775.0
953.3447692188829 801.0
953.5901731426196 803.0
953.8355681143876 791.0
954.080954133703 799.0
954.326331200083 800.0
954.5716993130445 786.0
954.8170584721041 795.0
955.0624086767792 802.0
955.3077499265863 777.0
955.5530822210421 796.0
955.798405559664 777.0
956.0437199419682 800.0
956.2890253674723 792.0
956.5343218356925 797.0
956.7796093461461 810.0
957.02488789835 784.0
957.2701574918206 795.0
957.5154181260752 791.0
957.7606698006304 804.0
958.0059125150034 801.0
958.2511462687107 799.0
958.4963710612694 809.0
958.7415868921963 788.0
958.9867937610082 812.0
959.2319916672224 787.0
959.4771806103552 803.0
959.7223605899235 804.0
959.9675316054446 818.0
960.2126936564348 783.0
960.4578467424116 789.0
960.7029908628915 797.0
960.9481260173911 785.0
961.193252205428 794.0
961.4383694265184 800.0
961.6834776801796 796.0
961.9285769659282 784.0
962.1736672832812 779.0
962.4187486317555 802.0
962.6638210108677 797.0
962.908884420135 806.0
963.153938859074 802.0
963.3989843272019 796.0
963.6440208240352 813.0
963.889048349091 798.0
964.1340669018862 799.0
964.3790764819373 809.0
964.6240770887617 806.0
964.8690687218761 788.0
965.114051380797 792.0
965.3590250650417 789.0
965.6039897741268 791.0
965.8489455075695 792.0
966.0938922648864 802.0
966.3388300455941 811.0
966.5837588492103 802.0
966.8286786752509 803.0
967.0735895232334 801.0
967.3184913926743 806.0
967.5633842830911 781.0
967.808268194 805.0
968.0531431249179 782.0
968.2980090753622 795.0
968.5428660448491 789.0
968.7877140328961 792.0
969.0325530390197 790.0
969.2773830627367 809.0
969.5222041035643 792.0
969.7670161610189 804.0
970.0118192346179 796.0
970.2566133238779 794.0
970.5013984283155 799.0
970.746174547448 796.0
970.990941680792 789.0
971.2356998278649 806.0
971.480448988183 807.0
971.725189161263 799.0
971.9699203466223 794.0
972.2146425437775 798.0
972.4593557522456 785.0
972.7040599715434 777.0
972.9487552011876 802.0
973.1934414406954 792.0
973.4381186895833 791.0
973.6827869473685 802.0
973.9274462135677 808.0
974.1720964876979 806.0
974.4167377692759 777.0
974.6613700578182 788.0
974.9059933528424 794.0
975.1506076538647 800.0
975.3952129604023 801.0
975.6398092719721 796.0
975.8843965880908 793.0
976.1289749082755 801.0
976.3735442320426 804.0
976.6181045589096 796.0
976.862655888393 793.0
977.1071982200094 798.0
977.3517315532764 795.0
977.5962558877101 796.0
977.840771222828 803.0
978.0852775581467 790.0
978.3297748931827 805.0
978.5742632274536 795.0
978.8187425604756 804.0
979.063212891766 805.0
979.3076742208415 788.0
979.5521265472191 799.0
979.7965698704156 792.0
980.0410041899477 808.0
980.2854295053326 794.0
980.5298458160865 784.0
980.7742531217272 802.0
981.0186514217711 799.0
981.2630407157347 805.0
981.5074210031356 805.0
981.7517922834901 809.0
981.9961545563154 805.0
982.2405078211283 803.0
982.4848520774455 802.0
982.729187324784 797.0
982.9735135626606 797.0
983.2178307905924 800.0
983.4621390080961 796.0
983.7064382146882 795.0
983.9507284098863 790.0
984.1950095932067 802.0
984.4392817641666 798.0
984.6835449222825 783.0
984.9277990670716 791.0
985.1720441980509 794.0
985.4162803147366 790.0
985.6605074166464 788.0
985.9047255032964 795.0
986.1489345742042 795.0
986.3931346288863 777.0
986.6373256668593 798.0
986.8815076876406 800.0
987.1256806907464 802.0
987.3698446756944 796.0
987.613999642001 793.0
987.8581455891829 800.0
988.1022825167574 789.0
988.3464104242408 801.0
988.5905293111508 810.0
988.8346391770036 806.0
989.0787400213161 810.0
989.3228318436055 801.0
989.5669146433884 796.0
989.8109884201817 795.0
990.0550531735024 784.0
990.2991089028674 780.0
990.5431556077934 806.0
990.7871932877973 795.0
991.031221942396 797.0
991.2752415711062 796.0
991.5192521734452 803.0
991.7632537489297 804.0
992.0072462970761 800.0
992.251229817402 795.0
992.4952043094236 805.0
992.7391697726582 789.0
992.9831262066227 794.0
993.2270736108336 788.0
993.4710119848082 799.0
993.7149413280629 786.0
993.958861640115 798.0
994.2027729204812 792.0
994.4466751686781 814.0
994.6905683842231 793.0
994.9344525666326 805.0
995.1783277154237 814.0
995.4221938301132 786.0
995.6660509102181 801.0
995.9098989552552 792.0
996.1537379647411 803.0
996.3975679381932 796.0
996.6413888751279 808.0
996.8852007750622 796.0
997.1290036375133 804.0
997.3727974619973 794.0
997.6165822480319 798.0
997.8603579951333 784.0
998.104124702819 793.0
998.3478823706055 803.0
998.5916309980095 799.0
998.8353705845483 784.0
999.0791011297383 792.0
999.3228226330968 804.0
999.5665350941406 801.0
999.8102385123861 792.0
1000.0539328873509 806.0
1000.2976182185512 803.0
1000.5412945055043 805.0
1000.7849617477269 803.0
1001.0286199447357 799.0
1001.2722690960481 794.0
1001.5159092011804 793.0
1001.75954025965 808.0
1002.003162270973 789.0
1002.246775234667 807.0
1002.4903791502487 773.0
1002.7339740172346 792.0
1002.9775598351421 793.0
1003.2211366034876 794.0
1003.4647043217884 803.0
1003.7082629895611 788.0
1003.9518126063224 790.0
1004.1953531715895 803.0
1004.4388846848791 799.0
1004.6824071457083 797.0
1004.9259205535938 797.0
1005.1694249080521 794.0
1005.4129202086007 791.0
1005.6564064547559 793.0
1005.8998836460353 801.0
1006.1433517819551 810.0
1006.3868108620323 801.0
1006.6302608857841 800.0
1006.8737018527269 792.0
1007.1171337623779 805.0
1007.3605566142537 806.0
1007.6039704078715 780.0
1007.8473751427481 802.0
1008.0907708184001 789.0
1008.3341574343445 804.0
1008.5775349900982 806.0
1008.8209034851784 797.0
1009.0642629191013 793.0
1009.3076132913841 789.0
1009.5509546015439 807.0
1009.7942868490973 793.0
1010.0376100335611 785.0
1010.2809241544525 815.0
1010.5242292112879 802.0
1010.7675252035845 797.0
1011.010812130859 801.0
1011.2540899926286 799.0
1011.4973587884098 803.0
1011.7406185177194 780.0
1011.9838691800747 785.0
1012.2271107749921 795.0
1012.470343301989 795.0
1012.7135667605817 791.0
1012.9567811502875 800.0
1013.1999864706231 801.0
1013.4431827211052 793.0
1013.686369901251 794.0
1013.929548010577 799.0
1014.1727170486006 793.0
1014.4158770148383 802.0
1014.6590279088067 799.0
1014.9021697300233 806.0
1015.1453024780044 792.0
1015.3884261522674 809.0
1015.6315407523286 824.0
1015.8746462777051 807.0
1016.1177427279141 796.0
1016.3608301024719 789.0
1016.603908400896 793.0
1016.8469776227028 790.0
1017.0900377674091 815.0
1017.3330888345322 794.0
1017.5761308235883 814.0
1017.8191637340951 784.0
1018.0621875655689 798.0
1018.3052023175269 796.0
1018.5482079894858 785.0
1018.7912045809622 800.0
1019.0341920914735 801.0
1019.2771705205361 790.0
1019.5201398676672 780.0
1019.7631001323837 800.0
1020.006051314202 799.0
1020.2489934126395 799.0
1020.4919264272125 803.0
1020.7348503574386 808.0
1020.9777652028342 786.0
1021.2206709629161 793.0
1021.4635676372014 804.0
1021.7064552252067 807.0
1021.9493337264495 773.0
1022.1922031404459 802.0
1022.4350634667132 800.0
1022.6779147047681 799.0
1022.9207568541273 794.0
1023.1635899143083 801.0
1023.4064138848273 801.0
1023.6492287652015 805.0
1023.8920345549478 796.0
1024.134831253583 794.0
1024.377618860624 799.0
1024.6203973755871 788.0
1024.8631667979898 805.0
1025.1059271273493 778.0
1025.3486783631818 791.0
1025.5914205050044 802.0
1025.8341535523336 808.0
1026.076877504687 804.0
1026.3195923615808 810.0
1026.5622981225324 794.0
1026.8049947870584 808.0
1027.0476823546753 805.0
1027.2903608249007 803.0
1027.5330301972513 784.0
1027.7756904712435 792.0
1028.0183416463947 796.0
1028.260983722221 791.0
1028.5036166982402 792.0
1028.7462405739689 800.0
1028.9888553489234 791.0
1029.2314610226213 790.0
1029.474057594579 782.0
1029.7166450643138 806.0
1029.9592234313418 808.0
1030.2017926951808 804.0
1030.4443528553472 792.0
1030.6869039113576 805.0
1030.9294458627296 798.0
1031.1719787089794 798.0
1031.414502449624 807.0
1031.6570170841808 800.0
1031.8995226121658 792.0
1032.1420190330966 803.0
1032.3845063464896 806.0
1032.6269845518618 800.0
1032.8694536487305 808.0
1033.111913636612 803.0
1033.3543645150232 800.0
1033.596806283481 803.0
1033.8392389415026 802.0
1034.081662488605 803.0
1034.324076924304 795.0
1034.566482248118 800.0
1034.8088784595625 799.0
1035.0512655581551 804.0
1035.2936435434124 797.0
1035.5360124148515 813.0
1035.778372171989 788.0
1036.020722814342 805.0
1036.2630643414275 799.0
1036.5053967527615 797.0
1036.7477200478622 795.0
1036.9900342262456 802.0
1037.2323392874284 802.0
1037.4746352309282 804.0
1037.7169220562612 790.0
1037.9591997629448 798.0
1038.2014683504956 800.0
1038.4437278184303 797.0
1038.685978166266 804.0
1038.9282193935196 794.0
1039.170451499708 799.0
1039.4126744843477 790.0
1039.6548883469559 792.0
1039.8970930870496 797.0
1040.1392887041452 792.0
1040.3814751977598 795.0
1040.6236525674105 793.0
1040.8658208126137 788.0
1041.107979932887 788.0
1041.3501299277466 795.0
1041.5922707967095 790.0
1041.8344025392926 791.0
1042.0765251550129 800.0
1042.3186386433872 785.0
1042.5607430039322 796.0
1042.802838236165 788.0
1043.0449243396022 797.0
1043.2870013137613 791.0
1043.5290691581586 792.0
1043.7711278723107 805.0
1044.013177455735 783.0
1044.2552179079482 786.0
1044.4972492284676 801.0
1044.7392714168093 815.0
1044.9812844724902 793.0
1045.223288395028 783.0
1045.4652831839387 796.0
1045.70726883874 805.0
1045.949245358948 797.0
1046.1912127440798 800.0
1046.4331709936528 790.0
1046.675120107183 779.0
1046.9170600841878 800.0
1047.1589909241836 800.0
1047.400912626688 798.0
1047.6428251912175 790.0
1047.8847286172886 794.0
1048.1266229044188 797.0
1048.3685080521243 794.0
1048.6103840599228 803.0
1048.8522509273307 793.0
1049.0941086538646 797.0
1049.3359572390418 786.0
1049.577796682379 790.0
1049.819626983393 795.0
1050.061448141601 789.0
1050.3032601565194 806.0
1050.5450630276655 799.0
1050.7868567545556 786.0
1051.0286413367073 785.0
1051.270416773637 792.0
1051.5121830648616 792.0
1051.7539402098982 786.0
1051.9956882082631 796.0
1052.237427059474 799.0
1052.479156763047 798.0
1052.7208773184996 795.0
1052.9625887253483 797.0
1053.2042909831098 789.0
1053.4459840913016 800.0
1053.6876680494397 796.0
1053.929342857042 799.0
1054.1710085136244 796.0
1054.4126650187043 802.0
1054.6543123717986 797.0
1054.8959505724238 797.0
1055.1375796200969 791.0
1055.3791995143351 785.0
1055.620810254655 796.0
1055.8624118405735 798.0
1056.1040042716074 816.0
1056.3455875472737 805.0
1056.5871616670893 800.0
1056.8287266305706 812.0
1057.070282437235 802.0
1057.3118290865991 808.0
1057.5533665781802 801.0
1057.7948949114943 803.0
1058.0364140860593 794.0
1058.2779241013916 803.0
1058.5194249570077 797.0
1058.760916652425 795.0
1059.0023991871599 801.0
1059.24387256073 790.0
1059.4853367726514 794.0
1059.7267918224413 796.0
1059.968237709617 806.0
1060.2096744336943 798.0
1060.451101994191 800.0
1060.6925203906237 798.0
1060.933929622509 807.0
1061.1753296893642 807.0
1061.4167205907056 801.0
1061.6581023260508 805.0
1061.8994748949162 792.0
1062.1408382968189 802.0
1062.3821925312755 789.0
1062.6235375978026 798.0
1062.8648734959181 805.0
1063.1062002251376 787.0
1063.3475177849793 778.0
1063.588826174959 790.0
1063.830125394594 799.0
1064.0714154434013 796.0
1064.312696320897 795.0
1064.553968026599 807.0
1064.7952305600238 810.0
1065.036483920688 812.0
1065.2777281081087 783.0
1065.5189631218025 808.0
1065.7601889612868 788.0
1066.001405626078 793.0
1066.2426131156928 796.0
1066.4838114296492 794.0
1066.7250005674625 802.0
1066.9661805286507 787.0
1067.2073513127305 795.0
1067.4485129192178 786.0
1067.689665347631 793.0
1067.9308085974856 803.0
1068.1719426682996 800.0
1068.413067559589 793.0
1068.654183270871 808.0
1068.8952898016628 805.0
1069.1363871514804 796.0
1069.3774753198418 792.0
1069.618554306263 786.0
1069.8596241102612 799.0
1070.100684731353 791.0
1070.3417361690556 787.0
1070.582778422886 804.0
1070.8238114923604 792.0
1071.0648353769964 798.0
1071.3058500763104 779.0
1071.5468555898192 799.0
1071.7878519170404 796.0
1072.02883905749 779.0
1072.2698170106853 789.0
1072.5107857761434 791.0
1072.75174535338 794.0
1072.9926957419138 795.0
1073.23363694126 789.0
1073.4745689509368 791.0
1073.7154917704597 784.0
1073.9564053993467 796.0
1074.1973098371145 785.0
1074.4382050832794 799.0
1074.6790911373587 784.0
1074.9199679988692 801.0
1075.1608356673278 799.0
1075.4016941422512 800.0
1075.6425434231562 793.0
1075.8833835095604 817.0
1076.1242144009796 804.0
1076.3650360969316 793.0
1076.6058485969324 805.0
1076.8466519004996 787.0
1077.0874460071498 800.0
1077.3282309163997 793.0
1077.5690066277664 792.0
1077.8097731407665 789.0
1078.0505304549172 788.0
1078.2912785697354 799.0
1078.5320174847377 803.0
1078.772747199441 793.0
1079.0134677133622 786.0
1079.2541790260184 794.0
1079.4948811369263 803.0
1079.7355740456023 809.0
1079.9762577515642 787.0
1080.2169322543277 788.0
1080.4575975534112 801.0
1080.6982536483301 789.0
1080.9389005386022 798.0
1081.179538223744 793.0
1081.4201667032721 794.0
1081.6607859767041 802.0
1081.9013960435564 795.0
1082.1419969033457 795.0
1082.382588555589 791.0
1082.6231709998035 797.0
1082.863744235506 794.0
1083.104308262213 804.0
1083.3448630794412 782.0
1083.5854086867082 782.0
1083.8259450835303 802.0
1084.0664722694248 800.0
1084.306990243908 784.0
1084.5474990064974 791.0
1084.7879985567097 796.0
1085.0284888940612 792.0
1085.2689700180695 785.0
1085.509441928251 795.0
1085.749904624123 812.0
1085.990358105202 798.0
1086.2308023710048 802.0
1086.4712374210485 780.0
1086.71166325485 809.0
1086.9520798719261 797.0
1087.1924872717937 789.0
1087.4328854539694 785.0
1087.6732744179706 800.0
1087.9136541633134 806.0
1088.1540246895156 792.0
1088.3943859960934 809.0
1088.6347380825637 798.0
1088.8750809484436 794.0
1089.1154145932499 793.0
1089.3557390164995 804.0
1089.5960542177095 804.0
1089.836360196396 792.0
1090.0766569520767 808.0
1090.3169444842679 795.0
1090.557222792487 802.0
1090.7974918762502 795.0
1091.037751735075 794.0
1091.2780023684782 796.0
1091.518243775976 791.0
1091.7584759570861 775.0
1091.9986989113247 783.0
1092.2389126382093 803.0
1092.4791171372563 798.0
1092.7193124079827 795.0
1092.9594984499054 785.0
1093.1996752625412 797.0
1093.4398428454072 806.0
1093.68000119802 793.0
1093.9201503198965 803.0
1094.1602902105537 784.0
1094.4004208695083 784.0
1094.6405422962773 795.0
1094.8806544903778 785.0
1095.120757451326 805.0
1095.3608511786392 778.0
1095.6009356718341 802.0
1095.8410109304282 816.0
1096.0810769539376 781.0
1096.3211337418795 808.0
1096.5611812937707 815.0
1096.8012196091279 809.0
1097.0412486874682 794.0
1097.2812685283084 789.0
1097.5212791311658 800.0
1097.7612804955563 791.0
1098.0012726209975 789.0
1098.2412555070064 780.0
1098.4812291530989 789.0
1098.721193558793 785.0
1098.961148723605 787.0
1099.2010946470518 797.0
1099.4410313286503 792.0
1099.6809587679172 799.0
1099.92087696437 791.0
1100.1607859175251 791.0
1100.400685626899 797.0
1100.640576092009 786.0
1100.880457312372 810.0
1101.1203292875052 796.0
1101.3601920169247 805.0
1101.6000455001479 810.0
1101.8398897366915 798.0
1102.079724726072 797.0
1102.3195504678072 788.0
1102.559366961413 794.0
1102.7991742064069 779.0
1103.0389722023056 798.0
1103.2787609486254 796.0
1103.5185404448844 781.0
1103.7583106905984 790.0
1103.9980716852845 803.0
1104.23782342846 790.0
1104.4775659196412 790.0
1104.7172991583454 802.0
1104.9570231440887 789.0
1105.1967378763893 799.0
1105.436443354763 803.0
1105.6761395787273 785.0
1105.9158265477986 801.0
1106.1555042614937 787.0
1106.3951727193298 791.0
1106.6348319208234 787.0
1106.8744818654923 798.0
1107.1141225528525 804.0
1107.3537539824208 802.0
1107.5933761537144 796.0
1107.8329890662503 778.0
1108.072592719545 806.0
1108.3121871131157 804.0
1108.551772246479 800.0
1108.7913481191517 786.0
1109.030914730651 801.0
1109.2704720804938 783.0
1109.5100201681967 784.0
1109.7495589932764 788.0
1109.9890885552504 795.0
1110.2286088536348 804.0
1110.4681198879473 789.0
1110.707621657704 817.0
1110.9471141624224 780.0
1111.1865974016187 785.0
1111.4260713748101 782.0
1111.665536081514 780.0
1111.9049915212463 792.0
1112.1444376935244 806.0
1112.3838745978653 802.0
1112.6233022337854 782.0
1112.8627206008023 786.0
1113.102129698432 775.0
1113.3415295261918 778.0
1113.5809200835986 793.0
1113.820301370169 790.0
1114.0596733854206 798.0
1114.2990361288694 795.0
1114.5383896000326 806.0
1114.7777337984273 789.0
1115.0170687235698 801.0
1115.2563943749778 809.0
1115.4957107521673 804.0
1115.7350178546556 796.0
1115.9743156819598 797.0
1116.213604233596 807.0
1116.452883509082 780.0
1116.692153507934 807.0
1116.9314142296694 812.0
1117.1706656738045 796.0
1117.4099078398563 797.0
1117.6491407273422 780.0
1117.8883643357783 792.0
1118.1275786646822 797.0
1118.36678371357 796.0
1118.6059794819594 782.0
1118.8451659693665 792.0
1119.0843431753085 785.0
1119.3235110993026 798.0
1119.5626697408647 794.0
1119.8018190995128 803.0
1120.0409591747637 805.0
1120.2800899661331 796.0
1120.519211473139 805.0
1120.7583236952978 797.0
1120.9974266321262 782.0
1121.236520283142 805.0
1121.4756046478608 788.0
1121.7146797258001 802.0
1121.9537455164768 786.0
1122.192802019408 787.0
1122.4318492341101 800.0
1122.6708871601 800.0
1122.909915796895 785.0
1123.1489351440111 788.0
1123.3879452009662 789.0
1123.6269459672762 791.0
1123.865937442459 801.0
1124.1049196260308 786.0
1124.3438925175087 789.0
