shot=8_position=3_gas=Ne_height=80_RF=149.3W_massflow=8000_coils=60.0A_HR4000 spectrum
Wavelength [nm] // Intensity [u.a.] 
194.93414 789.0
195.2037815346219 770.0
195.47341553816543 783.0
195.74304201014752 791.0
196.012660950085 812.0
196.28227235749478 795.0
196.55187623189366 786.0
196.82147257279857 795.0
197.09106137972637 798.0
197.36064265219392 794.0
197.63021638971804 791.0
197.89978259181567 813.0
198.16934125800364 804.0
198.43889238779886 813.0
198.7084359807181 800.0
198.97797203627835 807.0
199.2475005539964 790.0
199.51702153338914 789.0
199.78653497397343 806.0
200.05604087526618 784.0
200.3255392367842 795.0
200.59503005804436 805.0
200.8645133385636 805.0
201.1339890778587 803.0
201.4034572754466 802.0
201.67291793084408 812.0
201.94237104356813 807.0
202.21181661313554 803.0
202.48125463906314 808.0
202.7506851208679 792.0
203.02010805806663 808.0
203.28952345017618 798.0
203.55893129671344 810.0
203.8283315971953 798.0
204.0977243511386 796.0
204.3671095580602 802.0
204.636487217477 797.0
204.90585732890585 804.0
205.17521989186366 800.0
205.44457490586717 804.0
205.7139223704334 781.0
205.98326228507918 798.0
206.2525946493213 801.0
206.5219194626767 793.0
206.79123672466224 803.0
207.06054643479476 806.0
207.32984859259116 811.0
207.59914319756828 810.0
207.86843024924303 798.0
208.13770974713225 794.0
208.40698169075276 818.0
208.6762460796215 795.0
208.94550291325532 793.0
209.2147521911711 789.0
209.48399391288567 796.0
209.75322807791594 801.0
210.02245468577874 775.0
210.29167373599094 799.0
210.56088522806942 801.0
210.83008916153108 799.0
211.09928553589276 811.0
211.3684743506713 806.0
211.63765560538363 795.0
211.9068292995466 798.0
212.175995432677 808.0
212.44515400429182 809.0
212.71430501390782 814.0
212.98344846104192 806.0
213.25258434521103 799.0
213.52171266593191 808.0
213.79083342272153 782.0
214.05994661509675 798.0
214.3290522425744 800.0
214.5981503046713 813.0
214.8672408009044 800.0
215.13632373079054 802.0
215.4053990938466 802.0
215.6744668895894 792.0
215.94352711753592 795.0
216.21257977720293 801.0
216.48162486810728 807.0
216.7506623897659 798.0
217.01969234169565 817.0
217.2887147234134 787.0
217.55772953443596 787.0
217.82673677428028 810.0
218.0957364424632 802.0
218.36472853850154 801.0
218.6337130619122 804.0
218.9026900122121 799.0
219.17165938891804 793.0
219.4406211915469 813.0
219.70957541961562 807.0
219.97852207264097 797.0
220.24746115013983 799.0
220.5163926516291 801.0
220.78531657662566 792.0
221.05423292464639 797.0
221.32314169520808 790.0
221.59204288782766 806.0
221.860936502022 795.0
222.12982253730797 799.0
222.39870099320237 798.0
222.66757186922214 819.0
222.93643516488416 804.0
223.20529087970525 797.0
223.47413901320226 806.0
223.74297956489212 822.0
224.01181253429166 805.0
224.28063792091777 795.0
224.5494557242873 803.0
224.8182659439171 798.0
225.08706857932413 779.0
225.35586363002508 798.0
225.62465109553705 803.0
225.89343097537673 794.0
226.16220326906105 805.0
226.43096797610687 808.0
226.69972509603105 798.0
226.9684746283505 799.0
227.237216572582 807.0
227.50595092824256 806.0
227.7746776948489 803.0
228.04339687191796 796.0
228.31210845896663 807.0
228.5808124555117 788.0
228.84950886107015 792.0
229.11819767515877 804.0
229.38687889729442 800.0
229.65555252699397 803.0
229.92421856377433 800.0
230.1928770071524 799.0
230.46152785664492 798.0
230.73017111176884 794.0
230.99880677204106 799.0
231.26743483697837 804.0
231.53605530609772 807.0
231.8046681789159 814.0
232.07327345494983 807.0
232.34187113371638 792.0
232.61046121473237 794.0
232.87904369751473 792.0
233.14761858158028 808.0
233.41618586644586 811.0
233.68474555162845 809.0
233.95329763664483 799.0
234.2218421210119 800.0
234.49037900424648 802.0
234.7589082858655 799.0
235.02742996538583 807.0
235.29594404232427 811.0
235.56445051619772 812.0
235.8329493865231 807.0
236.10144065281722 803.0
236.36992431459691 800.0
236.63840037137916 810.0
236.9068688226808 794.0
237.1753296680186 789.0
237.44378290690955 794.0
237.7122285388704 815.0
237.9806665634181 804.0
238.24909698006957 796.0
238.51751978834153 807.0
238.78593498775095 812.0
239.0543425778147 796.0
239.32274255804958 795.0
239.59113492797255 791.0
239.8595196871004 808.0
240.12789683495004 808.0
240.3962663710383 799.0
240.66462829488208 802.0
240.93298260599826 808.0
241.2013293039037 805.0
241.46966838811522 813.0
241.73799985814978 815.0
242.00632371352418 793.0
242.27463995375527 797.0
242.54294857835998 804.0
242.81124958685515 814.0
243.07954297875764 800.0
243.34782875358434 799.0
243.61610691085207 802.0
243.88437745007772 814.0
244.15264037077822 821.0
244.42089567247035 817.0
244.68914335467105 792.0
244.95738341689716 793.0
245.2256158586655 811.0
245.493840679493 809.0
245.76205787889654 790.0
246.03026745639292 800.0
246.29846941149904 803.0
246.5666637437318 799.0
246.834850452608 795.0
247.1030295376446 803.0
247.37120099835838 800.0
247.63936483426627 804.0
247.9075210448851 816.0
248.17566962973177 803.0
248.4438105883231 813.0
248.71194392017603 816.0
248.98006962480733 795.0
249.248187701734 816.0
249.51629815047275 808.0
249.78440097054056 803.0
250.05249616145431 793.0
250.32058372273076 805.0
250.5886636538869 808.0
250.85673595443953 792.0
251.12480062390551 786.0
251.39285766180177 803.0
251.6609070676451 806.0
251.92894884095242 801.0
252.19698298124058 789.0
252.46500948802645 807.0
252.73302836082692 802.0
253.00103959915882 793.0
253.26904320253902 788.0
253.53703917048443 794.0
253.80502750251188 802.0
254.07300819813827 792.0
254.34098125688044 803.0
254.60894667825525 808.0
254.87690446177962 812.0
255.14485460697037 794.0
255.41279711334434 793.0
255.6807319804185 792.0
255.94865920770962 802.0
256.2165787947346 796.0
256.48449074101035 800.0
256.75239504605366 818.0
257.02029170938147 795.0
257.28818073051065 794.0
257.556062108958 800.0
257.8239358442404 810.0
258.0918019358748 797.0
258.35966038337796 792.0
258.6275111862668 813.0
258.8953543440582 806.0
259.163189856269 807.0
259.4310177224162 809.0
259.6988379420164 804.0
259.9666505145867 803.0
260.23445543964385 814.0
260.50225271670473 806.0
260.77004234528624 795.0
261.03782432490533 804.0
261.3055986550787 801.0
261.5733653353234 805.0
261.8411243651561 799.0
262.1088757440937 811.0
262.37661947165327 799.0
262.6443555473515 814.0
262.9120839707053 808.0
263.1798047412315 799.0
263.44751785844704 793.0
263.7152233218687 791.0
263.98292113101354 793.0
264.2506112853982 802.0
264.51829378453965 804.0
264.7859686279547 799.0
265.05363581516025 790.0
265.32129534567326 800.0
265.5889472190105 799.0
265.8565914346889 796.0
266.1242279922252 805.0
266.39185689113634 799.0
266.65947813093925 800.0
266.9270917111508 799.0
267.19469763128774 807.0
267.46229589086704 795.0
267.72988648940554 812.0
267.9974694264201 813.0
268.2650447014276 798.0
268.53261231394487 809.0
268.80017226348883 793.0
269.0677245495763 801.0
269.3352691717242 785.0
269.60280612944933 798.0
269.8703354222686 799.0
270.13785704969894 817.0
270.40537101125716 800.0
270.67287730646007 783.0
270.9403759348246 789.0
271.2078668958677 788.0
271.47535018910605 782.0
271.7428258140567 802.0
272.01029377023633 800.0
272.2777540571619 788.0
272.5452066743504 797.0
272.81265162131854 804.0
273.08008889758327 809.0
273.34751850266144 795.0
273.6149404360698 785.0
273.8823546973254 818.0
274.1497612859451 817.0
274.4171602014456 805.0
274.6845514433439 802.0
274.95193501115676 802.0
275.2193109044012 805.0
275.486679122594 805.0
275.7540396652521 809.0
276.02139253189216 801.0
276.2887377220313 798.0
276.55607523518626 800.0
276.82340507087395 797.0
277.09072722861123 795.0
277.3580417079149 806.0
277.62534850830195 796.0
277.8926476292892 800.0
278.1599390703934 784.0
278.4272228311316 805.0
278.69449891102056 804.0
278.96176730957717 800.0
279.22902802631836 794.0
279.4962810607609 816.0
279.76352641242164 807.0
280.0307640808177 812.0
280.29799406546556 803.0
280.5652163658824 809.0
280.8324309815849 811.0
281.09963791209003 805.0
281.3668371569146 799.0
281.6340287155756 797.0
281.9012125875897 787.0
282.168388772474 800.0
282.4355572697452 797.0
282.7027180789201 793.0
282.9698711995158 796.0
283.23701663104896 807.0
283.50415437303667 792.0
283.77128442499554 798.0
284.0384067864426 802.0
284.3055214568946 800.0
284.57262843586864 802.0
284.8397277228814 793.0
285.1068193174497 794.0
285.37390321909055 801.0
285.6409794273207 807.0
285.9080479416572 802.0
286.1751087616167 795.0
286.4421618867162 795.0
286.7092073164725 799.0
286.9762450504025 806.0
287.24327508802315 791.0
287.5102974288511 798.0
287.77731207240345 794.0
288.04431901819703 808.0
288.3113182657485 802.0
288.578309814575 781.0
288.84529366419326 789.0
289.1122698141201 793.0
289.37923826387254 791.0
289.6461990129674 785.0
289.91315206092133 808.0
290.18009740725154 806.0
290.44703505147464 797.0
290.7139649931077 789.0
290.98088723166734 799.0
291.24780176667065 797.0
291.5147085976344 788.0
291.78160772407557 810.0
292.04849914551085 790.0
292.3153828614572 789.0
292.58225887143146 798.0
292.8491271749505 807.0
293.1159877715313 806.0
293.3828406606906 805.0
293.6496858419453 802.0
293.9165233148123 813.0
294.1833530788084 797.0
294.4501751334505 806.0
294.71698947825547 795.0
294.9837961127402 794.0
295.2505950364216 788.0
295.5173862488164 791.0
295.78416974944156 787.0
296.050945537814 801.0
296.31771361345045 787.0
296.584473975868 811.0
296.8512266245832 788.0
297.11797155911313 789.0
297.38470877897464 800.0
297.6514382836846 787.0
297.9181600727598 796.0
298.18487414571723 801.0
298.4515805020736 784.0
298.71827914134593 795.0
298.9849700630511 800.0
299.2516532667058 779.0
299.518328751827 781.0
299.78499651793163 801.0
300.0516565645365 800.0
300.3183088911584 817.0
300.58495349731436 806.0
300.8515903825211 802.0
301.1182195462956 799.0
301.3848409881546 810.0
301.65145470761513 799.0
301.91806070419403 806.0
302.184658977408 802.0
302.4512495267741 802.0
302.7178323518091 797.0
302.9844074520298 800.0
303.2509748269532 795.0
303.5175344760962 778.0
303.78408639897555 803.0
304.0506305951082 794.0
304.31716706401096 803.0
304.58369580520065 798.0
304.8502168181943 805.0
305.1167301025086 793.0
305.3832356576606 803.0
305.649733483167 798.0
305.9162235785447 796.0
306.1827059433106 793.0
306.4491805769817 804.0
306.7156474790747 810.0
306.98210664910647 789.0
307.2485580865939 800.0
307.5150017910539 802.0
307.7814377620034 799.0
308.0478659989591 802.0
308.31428650143795 793.0
308.58069926895683 805.0
308.8471043010326 794.0
309.1135015971821 800.0
309.37989115692227 802.0
309.6462729797699 802.0
309.91264706524197 797.0
310.1790134128551 804.0
310.4453720221265 792.0
310.71172289257277 781.0
310.97806602371094 794.0
311.2444014150577 792.0
311.5107290661301 799.0
311.777048976445 794.0
312.04336114551904 806.0
312.30966557286945 790.0
312.5759622580128 820.0
312.8422512004661 785.0
313.1085323997461 805.0
313.3748058553698 809.0
313.641071566854 807.0
313.90732953371554 808.0
314.17357975547145 802.0
314.4398222316384 807.0
314.70605696173334 806.0
314.9722839452731 809.0
315.23850318177466 785.0
315.50471467075477 783.0
315.7709184117303 800.0
316.0371144042182 811.0
316.3033026477353 810.0
316.56948314179846 815.0
316.8356558859246 804.0
317.1018208796305 802.0
317.36797812243304 801.0
317.6341276138491 795.0
317.90026935339563 799.0
318.1664033405894 794.0
318.4325295749473 794.0
318.6986480559862 795.0
318.96475878322303 797.0
319.2308617561746 795.0
319.4969569743577 796.0
319.76304443728935 811.0
320.0291241444864 793.0
320.2951960954656 802.0
320.5612602897438 780.0
320.82731672683815 802.0
321.0933654062652 802.0
321.359406327542 801.0
321.6254394901853 797.0
321.891464893712 809.0
322.157482537639 798.0
322.4234924214832 804.0
322.68949454476143 798.0
322.95548890699064 799.0
323.2214755076875 812.0
323.487454346369 797.0
323.753425422552 793.0
324.01938873575347 788.0
324.2853442854901 807.0
324.55129207127885 808.0
324.8172320926366 806.0
325.08316434908016 799.0
325.34908884012646 795.0
325.61500556529234 804.0
325.8809145240947 799.0
326.14681571605024 796.0
326.4127091406761 809.0
326.6785947974889 785.0
326.9444726860058 805.0
327.2103428057433 787.0
327.47620515621855 795.0
327.74205973694836 798.0
328.00790654744947 818.0
328.2737455872389 814.0
328.5395768558335 811.0
328.80540035275004 816.0
329.0712160775054 799.0
329.33702402961654 803.0
329.6028242086002 808.0
329.86861661397353 804.0
330.13440124525306 795.0
330.4001781019559 805.0
330.66594718359863 797.0
330.9317084896984 809.0
331.19746201977205 801.0
331.46320777333636 796.0
331.7289457499082 815.0
331.9946759490044 814.0
332.2603983701419 818.0
332.5261130128375 793.0
332.79181987660826 797.0
333.05751896097087 803.0
333.3232102654422 805.0
333.58889378953916 785.0
333.85456953277856 796.0
334.1202374946774 802.0
334.38589767475247 802.0
334.6515500725206 802.0
334.9171946874987 800.0
335.18283151920355 805.0
335.4484605671522 806.0
335.7140818308614 806.0
335.97969530984807 800.0
336.245301003629 798.0
336.51089891172114 804.0
336.77648903364127 800.0
337.04207136890636 793.0
337.30764591703326 806.0
337.5732126775387 817.0
337.83877164993976 802.0
338.10432283375314 810.0
338.36986622849577 818.0
338.63540183368457 795.0
338.9009296488363 788.0
339.16644967346787 801.0
339.4319619070962 782.0
339.6974663492381 794.0
339.9629629994105 802.0
340.22845185713027 813.0
340.4939329219141 814.0
340.75940619327906 810.0
341.02487167074196 801.0
341.2903293538197 799.0
341.555779242029 802.0
341.821221334887 802.0
342.0866556319103 802.0
342.3520821326158 789.0
342.6175008365205 806.0
342.8829117431413 794.0
343.1483148519949 805.0
343.41371016259825 798.0
343.6790976744682 810.0
343.9444773871216 799.0
344.20984930007546 808.0
344.4752134128465 811.0
344.74056972495157 811.0
345.0059182359076 813.0
345.27125894523147 809.0
345.53659185244 810.0
345.80191695705014 802.0
346.0672342585787 806.0
346.3325437565426 808.0
346.5978454504585 806.0
346.8631393398436 800.0
347.1284254242145 804.0
347.3937037030882 799.0
347.6589741759816 799.0
347.92423684241146 795.0
348.1894917018946 798.0
348.4547387539481 808.0
348.71997799808867 803.0
348.9852094338332 798.0
349.2504330606986 807.0
349.51564887820166 812.0
349.7808568858593 814.0
350.0460570831885 795.0
350.31124946970584 820.0
350.57643404492853 813.0
350.84161080837316 788.0
351.1067797595568 786.0
351.3719408979961 803.0
351.63709422320824 808.0
351.90223973470984 812.0
352.16737743201776 825.0
352.43250731464894 822.0
352.69762938212034 809.0
352.9627436339487 798.0
353.2278500696509 805.0
353.49294868874387 809.0
353.7580394907444 787.0
354.02312247516943 788.0
354.28819764153576 786.0
354.55326498936034 788.0
354.81832451816 783.0
355.08337622745165 805.0
355.348420116752 811.0
355.613456185578 793.0
355.8784844334467 797.0
356.1435048598747 801.0
356.4085174643791 794.0
356.6735222464765 825.0
356.938519205684 809.0
357.2035083415184 806.0
357.46848965349653 807.0
357.73346314113536 799.0
357.9984288039516 794.0
358.2633866414622 790.0
358.528336653184 810.0
358.793278838634 809.0
359.05821319732894 792.0
359.3231397287857 799.0
359.5880584325211 812.0
359.8529693080521 801.0
360.1178723548955 790.0
360.3827675725683 786.0
360.64765496058726 789.0
360.9125345184692 795.0
361.1774062457311 801.0
361.44227014188965 789.0
361.707126206462 799.0
361.9719744389649 800.0
362.2368148389151 808.0
362.5016474058295 792.0
362.766472139225 802.0
363.0312890386186 810.0
363.296098103527 795.0
363.5608993334672 793.0
363.82569272795587 796.0
364.09047828651006 796.0
364.35525600864656 806.0
364.6200258938823 805.0
364.8847879417341 812.0
365.1495421517188 806.0
365.41428852335326 799.0
365.67902705615444 797.0
365.9437577496392 788.0
366.2084806033243 801.0
366.4731956167267 808.0
366.7379027893632 801.0
367.0026021207507 817.0
367.2672936104061 799.0
367.5319772578463 806.0
367.79665306258806 795.0
368.06132102414836 792.0
368.32598114204393 799.0
368.59063341579173 811.0
368.85527784490864 798.0
369.1199144289115 805.0
369.3845431673172 800.0
369.6491640596426 801.0
369.91377710540445 806.0
370.1783823041198 795.0
370.44297965530546 802.0
370.70756915847835 793.0
370.97215081315517 787.0
371.2367246188529 807.0
371.5012905750884 806.0
371.7658486813786 798.0
372.0303989372402 804.0
372.29494134219027 795.0
372.5594758957455 796.0
372.82400259742286 797.0
373.08852144673915 810.0
373.3530324432114 795.0
373.6175355863563 796.0
373.8820308756908 795.0
374.1465183107317 806.0
374.410997890996 803.0
374.6754696160004 806.0
374.93993348526186 797.0
375.2043894982973 808.0
375.4688376546235 804.0
375.7332779537573 808.0
375.9977103952157 801.0
376.26213497851546 797.0
376.52655170317354 804.0
376.7909605687067 804.0
377.05536157463183 797.0
377.3197547204658 812.0
377.5841400057256 800.0
377.84851742992794 804.0
378.11288699258984 796.0
378.37724869322795 798.0
378.64160253135935 796.0
378.90594850650075 790.0
379.1702866181692 789.0
379.4346168658814 791.0
379.69893924915425 801.0
379.9632537675047 802.0
380.2275604204495 789.0
380.49185920750574 786.0
380.75615012819 807.0
381.0204331820193 791.0
381.2847083685105 796.0
381.5489756871804 789.0
381.8132351375459 804.0
382.07748671912407 807.0
382.34173043143153 812.0
382.6059662739852 803.0
382.8701942463019 806.0
383.1344143478986 806.0
383.3986265782921 796.0
383.6628309369994 797.0
383.92702742353725 794.0
384.1912160374225 798.0
384.45539677817203 803.0
384.7195696453027 802.0
384.98373463833155 799.0
385.2478917567753 806.0
385.5120410001507 771.0
385.7761823679748 807.0
386.0403158597644 799.0
386.30444147503647 795.0
386.5685592133077 801.0
386.8326690740951 808.0
387.09677105691543 797.0
387.36086516128563 802.0
387.6249513867226 821.0
387.88902973274315 798.0
388.15310019886414 790.0
388.41716278460245 802.0
388.68121748947493 804.0
388.9452643129986 800.0
389.2093032546901 790.0
389.47333431406645 792.0
389.73735749064434 801.0
390.0013727839409 803.0
390.2653801934728 802.0
390.52937971875696 813.0
390.7933713593103 797.0
391.05735511464974 791.0
391.3213309842919 795.0
391.5852989677539 785.0
391.8492590645524 810.0
392.1132112742045 795.0
392.37715559622694 808.0
392.6410920301366 802.0
392.9050205754503 800.0
393.1689412316849 807.0
393.43285399835736 795.0
393.69675887498465 799.0
393.96065586108335 795.0
394.2245449561705 827.0
394.4884261597629 804.0
394.75229947137757 813.0
395.01616489053123 814.0
395.28002241674085 800.0
395.5438720495231 810.0
395.80771378839506 805.0
396.0715476328735 796.0
396.33537358247537 805.0
396.5991916367174 810.0
396.86300179511665 790.0
397.12680405718976 796.0
397.39059842245376 797.0
397.65438489042543 786.0
397.91816346062177 808.0
398.18193413255955 791.0
398.4456969057556 793.0
398.7094517797268 800.0
398.97319875399006 787.0
399.2369378280623 787.0
399.50066900146027 806.0
399.764392273701 797.0
400.02810764430114 792.0
400.2918151127777 814.0
400.55551467864757 806.0
400.81920634142756 806.0
401.08289010063453 802.0
401.34656595578537 802.0
401.6102339063969 803.0
401.8738939519861 794.0
402.1375460920697 795.0
402.4011903261647 814.0
402.6648266537879 813.0
402.92845507445617 805.0
403.1920755876863 810.0
403.4556881929953 806.0
403.71929288990003 800.0
403.98288967791734 789.0
404.246478556564 805.0
404.5100595253569 794.0
404.77363258381297 806.0
405.03719773144906 795.0
405.3007549677821 796.0
405.56430429232887 801.0
405.82784570460626 807.0
406.0913792041311 799.0
406.35490479042033 803.0
406.61842246299085 811.0
406.88193222135936 800.0
407.14543406504293 796.0
407.4089279935582 817.0
407.6724140064223 809.0
407.9358921031519 806.0
408.19936228326395 807.0
408.4628245462754 792.0
408.7262788917029 798.0
408.9897253190635 796.0
409.25316382787395 795.0
409.5165944176513 810.0
409.7800170879122 793.0
410.04343183817366 798.0
410.30683866795243 803.0
410.57023757676546 802.0
410.83362856412975 789.0
411.09701162956185 795.0
411.3603867725789 799.0
411.62375399269763 802.0
411.887113289435 807.0
412.1504646623078 793.0
412.4138081108329 809.0
412.6771436345273 797.0
412.94047123290767 795.0
413.20379090549096 794.0
413.46710265179405 793.0
413.7304064713339 798.0
413.9937023636272 799.0
414.25699032819097 805.0
414.52027036454194 809.0
414.78354247219704 807.0
415.0468066506732 795.0
415.31006289948726 801.0
415.5733112181561 811.0
415.83655160619645 794.0
416.0997840631253 797.0
416.3630085884595 801.0
416.62622518171594 801.0
416.8894338424115 806.0
417.152634570063 802.0
417.4158273641873 803.0
417.67901222430123 799.0
417.9421891499217 803.0
418.2053581405658 786.0
418.46851919575005 803.0
418.7316723149915 813.0
418.99481749780693 806.0
419.2579547437133 803.0
419.5210840522274 801.0
419.78420542286625 802.0
420.04731885514644 804.0
420.31042434858506 808.0
420.573521902699 813.0
420.83661151700494 805.0
421.0996931910199 804.0
421.3627669242608 802.0
421.6258327162443 793.0
421.88889056648736 807.0
422.1519404745069 806.0
422.41498243981977 814.0
422.6780164619429 796.0
422.9410425403929 812.0
423.2040606746869 804.0
423.46707086434174 800.0
423.7300731088742 795.0
423.9930674078012 801.0
424.25605376063965 801.0
424.5190321669063 819.0
424.782002626118 816.0
425.0449651377918 790.0
425.30791970144446 805.0
425.57086631659286 799.0
425.83380498275386 799.0
426.0967356994443 786.0
426.3596584661811 802.0
426.6225732824811 795.0
426.88548014786113 805.0
427.14837906183817 797.0
427.411270023929 803.0
427.6741530336505 799.0
427.9370280905195 799.0
428.199895194053 788.0
428.46275434376776 799.0
428.72560553918066 787.0
428.98844877980855 794.0
429.2512840651683 793.0
429.51411139477693 796.0
429.77693076815115 813.0
430.03974218480784 803.0
430.3025456442639 796.0
430.5653411460361 785.0
430.82812868964146 797.0
431.09090827459687 787.0
431.353679900419 801.0
431.61644356662487 798.0
431.87919927273134 806.0
432.1419470182551 806.0
432.40468680271334 808.0
432.66741862562276 804.0
432.93014248650013 795.0
433.1928583848624 802.0
433.45556632022647 789.0
433.7182662921092 787.0
433.9809583000275 785.0
434.24364234349815 814.0
434.506318422038 808.0
434.768986535164 795.0
435.031646682393 783.0
435.2942988632418 784.0
435.55694307722734 789.0
435.81957932386655 799.0
436.08220760267614 802.0
436.34482791317305 799.0
436.6074402548742 799.0
436.8700446272964 801.0
437.1326410299566 809.0
437.3952294623715 802.0
437.65780992405803 802.0
437.9203824145332 776.0
438.1829469333138 795.0
438.4455034799166 808.0
438.7080520538586 797.0
438.9705926546565 807.0
439.23312528182737 794.0
439.49564993488787 806.0
439.7581666133551 810.0
440.0206753167459 808.0
440.28317604457686 798.0
440.5456687963651 792.0
440.8081535716274 795.0
441.07063036988075 789.0
441.3330991906418 807.0
441.5955600334276 808.0
441.858012897755 799.0
442.12045778314075 805.0
442.3828946891018 811.0
442.6453236151551 806.0
442.9077445608174 816.0
443.17015752560553 812.0
443.4325625090365 788.0
443.69495951062703 786.0
443.95734852989415 798.0
444.21972956635454 807.0
444.4821026195253 806.0
444.74446768892307 790.0
445.00682477406485 797.0
445.2691738744674 821.0
445.5315149896478 819.0
445.79384811912274 815.0
446.05617326240906 797.0
446.31849041902376 785.0
446.58079958848356 806.0
446.8431007703055 798.0
447.10539396400634 795.0
447.367679169103 803.0
447.6299563851123 807.0
447.892225611551 790.0
448.15448684793625 808.0
448.4167400937847 801.0
448.67898534861325 814.0
448.9412226119389 799.0
449.2034518832783 798.0
449.46567316214856 799.0
449.72788644806633 798.0
449.99009174054856 811.0
450.2522890391122 803.0
450.514478343274 814.0
450.77665965255085 808.0
451.0388329664597 827.0
451.30099828451733 811.0
451.5631556062406 794.0
451.82530493114655 807.0
452.08744625875175 816.0
452.3495795885734 798.0
452.6117049201281 804.0
452.87382225293277 802.0
453.13593158650446 805.0
453.3980329203598 796.0
453.6601262540158 801.0
453.9222115869893 796.0
454.1842889187971 792.0
454.4463582489562 797.0
454.70841957698343 798.0
454.97047290239556 789.0
455.23251822470957 810.0
455.49455554344223 809.0
455.75658485811044 798.0
456.0186061682312 803.0
456.2806194733211 797.0
456.5426247728973 793.0
456.8046220664765 791.0
457.0666113535756 796.0
457.32859263371154 787.0
457.5905659064011 786.0
457.8525311711611 806.0
458.1144884275086 802.0
458.37643767496024 801.0
458.6383789130331 798.0
458.9003121412439 791.0
459.1622373591095 795.0
459.4241545661469 804.0
459.68606376187284 807.0
459.9479649458043 798.0
460.2098581174581 786.0
460.471743276351 781.0
460.733620422 788.0
460.9954895539219 807.0
461.2573506716337 789.0
461.51920377465206 786.0
461.78104886249406 793.0
462.0428859346764 787.0
462.304714990716 802.0
462.5665360301298 791.0
462.82834905243453 799.0
463.09015405714723 795.0
463.35195104378465 806.0
463.6137400118636 800.0
463.8755209609011 785.0
464.13729389041396 800.0
464.399058799919 779.0
464.6608156889332 798.0
464.92256455697327 794.0
465.18430540355615 785.0
465.4460382281988 799.0
465.707763030418 800.0
465.96947980973056 793.0
466.23118856565344 788.0
466.49288929770347 783.0
466.75458200539765 801.0
467.0162666882526 811.0
467.27794334578533 808.0
467.5396119775127 798.0
467.8012725829516 797.0
468.0629251616188 802.0
468.3245697130314 801.0
468.586206236706 810.0
468.8478347321596 796.0
469.109455198909 786.0
469.3710676364711 797.0
469.6326720443629 784.0
469.89426842210105 804.0
470.1558567692025 803.0
470.4174370851842 801.0
470.6790093695629 805.0
470.94057362185555 810.0
471.20212984157905 805.0
471.4636780282501 798.0
471.72521818138574 805.0
471.9867503005027 797.0
472.248274385118 801.0
472.5097904347484 801.0
472.7712984489108 814.0
473.03279842712203 794.0
473.29429036889906 828.0
473.55577427375863 804.0
473.8172501412177 802.0
474.07871797079315 805.0
474.34017776200176 800.0
474.6016295143605 801.0
474.8630732273861 800.0
475.1245089005955 795.0
475.3859365335057 790.0
475.64735612563334 786.0
475.9087676764954 801.0
476.1701711856088 811.0
476.4315666524903 816.0
476.6929540766569 826.0
476.95433345762535 807.0
477.2157047949125 795.0
477.47706808803537 802.0
477.7384233365106 811.0
477.9997705398553 790.0
478.26110969758616 796.0
478.52244080922014 796.0
478.78376387427414 809.0
479.04507889226494 807.0
479.3063858627094 804.0
479.5676847851245 794.0
479.828975659027 785.0
480.0902584839338 786.0
480.3515332593618 784.0
480.61279998482775 797.0
480.8740586598487 796.0
481.13530928394147 789.0
481.3965518566228 792.0
481.65778637740965 800.0
481.9190128458189 804.0
482.1802312613674 796.0
482.4414416235721 797.0
482.70264393194964 805.0
482.9638381860171 810.0
483.2250243852913 790.0
483.4862025292891 805.0
483.7473726175273 808.0
484.0085346495229 806.0
484.26968862479265 800.0
484.5308345428534 799.0
484.79197240322225 812.0
485.0531022054157 801.0
485.314223948951 815.0
485.57533763334476 809.0
485.8364432581139 815.0
486.0975408227754 801.0
486.35863032684597 821.0
486.61971176984247 804.0
486.880785151282 805.0
487.1418504706812 795.0
487.402907727557 797.0
487.66395692142635 805.0
487.92499805180597 792.0
488.18603111821284 816.0
488.44705612016384 816.0
488.7080730571757 799.0
488.9690819287655 804.0
489.2300827344499 796.0
489.49107547374587 805.0
489.75206014617027 812.0
490.01303675124 795.0
490.27400528847187 802.0
490.53496575738274 814.0
490.79591815748955 797.0
491.05686248830915 784.0
491.31779874935836 790.0
491.57872694015396 804.0
491.8396470602131 800.0
492.1005591090524 801.0
492.3614630861888 813.0
492.6223589911392 807.0
492.88324682342045 803.0
493.14412658254946 819.0
493.40499826804296 805.0
493.66586187941795 800.0
493.92671741619125 800.0
494.18756487787977 800.0
494.44840426400026 803.0
494.70923557406974 806.0
494.97005880760497 797.0
495.23087396412285 793.0
495.4916810431403 811.0
495.7524800441741 794.0
496.01327096674123 814.0
496.27405381035845 809.0
496.53482857454264 808.0
496.79559525881075 788.0
497.05635386267954 788.0
497.31710438566597 792.0
497.57784682728686 802.0
497.8385811870591 787.0
498.0993074644995 786.0
498.360025659125 806.0
498.6207357704524 798.0
498.88143779799873 796.0
499.14213174128065 801.0
499.40281759981514 797.0
499.6634953731191 806.0
499.92416506070924 805.0
500.1848266621026 806.0
500.445480176816 787.0
500.70612560436615 804.0
500.96676294427016 805.0
501.22739219604483 794.0
501.48801335920695 798.0
501.74862643327344 791.0
502.00923141776116 802.0
502.2698283121869 815.0
502.5304171160677 810.0
502.7909978289203 794.0
503.0515704502616 803.0
503.31213497960846 800.0
503.57269141647777 782.0
503.8332397603864 809.0
504.09378001085116 817.0
504.354312167389 803.0
504.6148362295168 811.0
504.8753521967513 820.0
505.1358600686094 799.0
505.3963598446082 788.0
505.6568515242642 797.0
505.9173351070945 795.0
506.17781059261597 790.0
506.4382779803454 793.0
506.69873726979966 798.0
506.95918846049574 798.0
507.2196315519502 806.0
507.4800665436803 805.0
507.74049343520267 820.0
508.00091222603425 812.0
508.261322915692 801.0
508.5217255036924 813.0
508.7821199895529 812.0
509.0425063727899 795.0
509.3028846529204 801.0
509.5632548294615 785.0
509.8236169019296 805.0
510.0839708698421 795.0
510.3443167327155 795.0
510.60465449006676 802.0
510.8649841414127 798.0
511.12530568627034 794.0
511.3856191241566 802.0
511.64592445458794 795.0
511.90622167708165 802.0
512.1665107911545 810.0
512.4267917963232 806.0
512.6870646921047 790.0
512.947329478016 802.0
513.2075861535739 806.0
513.467834718295 805.0
513.7280751716964 811.0
513.9883075132952 778.0
514.248531742608 795.0
514.5087478591515 792.0
514.7689558624429 800.0
515.0291557519989 804.0
515.2893475273365 808.0
515.5495311879723 805.0
515.8097067334235 790.0
516.0698741632067 813.0
516.3300334768389 795.0
516.5901846738369 800.0
516.8503277537177 806.0
517.1104627159981 806.0
517.3705895601947 799.0
517.630708285825 801.0
517.8908188924053 804.0
518.1509213794526 802.0
518.411015746484 801.0
518.6711019930159 814.0
518.9311801185657 818.0
519.19125012265 812.0
519.4513120047856 812.0
519.7113657644896 795.0
519.9714114012784 802.0
520.2314489146695 805.0
520.4914783041794 795.0
520.751499569325 796.0
521.0115127096234 799.0
521.271517724591 800.0
521.5315146137451 813.0
521.7915033766022 808.0
522.0514840126796 812.0
522.3114565214938 795.0
522.5714209025618 794.0
522.8313771554007 803.0
523.0913252795269 800.0
523.3512652744578 805.0
523.6111971397097 795.0
523.8711208747998 800.0
524.1310364792452 793.0
524.390943952562 806.0
524.6508432942679 799.0
524.9107345038794 816.0
525.1706175809132 823.0
525.4304925248866 814.0
525.690359335316 796.0
525.9502180117188 798.0
526.2100685536113 792.0
526.4699109605107 803.0
526.729745231934 792.0
526.9895713673975 791.0
527.2493893664187 806.0
527.5091992285141 791.0
527.7690009532007 782.0
528.0287945399953 799.0
528.2885799884149 790.0
528.5483572979764 799.0
528.8081264681963 798.0
529.0678874985917 805.0
529.3276403886796 801.0
529.5873851379768 784.0
529.8471217460001 796.0
530.1068502122662 804.0
530.3665705362923 792.0
530.6262827175951 804.0
530.8859867556915 814.0
531.1456826500984 789.0
531.4053704003326 788.0
531.6650500059111 780.0
531.9247214663504 817.0
532.1843847811678 812.0
532.4440399498801 798.0
532.7036869720038 809.0
532.9633258470562 782.0
533.222956574554 818.0
533.4825791540142 816.0
533.7421935849534 794.0
534.0017998668885 816.0
534.2613979993366 817.0
534.5209879818145 830.0
534.780569813839 806.0
535.0401434949268 800.0
535.2997090245951 798.0
535.5592664023607 796.0
535.8188156277402 805.0
536.0783567002508 803.0
536.3378896194092 798.0
536.5974143847321 805.0
536.8569309957369 793.0
537.1164394519398 796.0
537.3759397528582 803.0
537.6354318980087 797.0
537.8949158869082 816.0
538.1543917190737 781.0
538.4138593940218 793.0
538.6733189112697 785.0
538.932770270334 783.0
539.1922134707318 798.0
539.4516485119797 799.0
539.7110753935946 786.0
539.9704941150937 802.0
540.2299046759937 808.0
540.4893070758112 789.0
540.7487013140633 804.0
541.008087390267 794.0
541.2674653039389 801.0
541.526835054596 790.0
541.7861966417552 796.0
542.0455500649333 795.0
542.3048953236471 799.0
542.5642324174137 794.0
542.8235613457497 799.0
543.0828821081722 801.0
543.3421947041979 790.0
543.6014991333436 799.0
543.8607953951266 790.0
544.1200834890632 804.0
544.3793634146708 801.0
544.6386351714658 812.0
544.8978987589653 803.0
545.1571541766862 806.0
545.4164014241451 808.0
545.6756405008593 812.0
545.9348714063455 796.0
546.1940941401203 801.0
546.4533087017008 819.0
546.712515090604 796.0
546.9717133063466 798.0
547.2309033484453 806.0
547.4900852164174 805.0
547.7492589097793 792.0
548.0084244280482 817.0
548.2675817707409 781.0
548.526730937374 804.0
548.7858719274648 801.0
549.0450047405299 818.0
549.3041293760863 798.0
549.5632458336507 797.0
549.82235411274 802.0
550.0814542128714 795.0
550.3405461335612 803.0
550.5996298743269 796.0
550.8587054346848 806.0
551.117772814152 802.0
551.3768320122455 793.0
551.6358830284819 788.0
551.8949258623783 808.0
552.1539605134514 801.0
552.4129869812182 788.0
552.6720052651955 797.0
552.9310153649002 800.0
553.1900172798491 803.0
553.4490110095592 791.0
553.7079965535472 790.0
553.9669739113302 793.0
554.2259430824248 785.0
554.484904066348 802.0
554.7438568626167 806.0
555.0028014707476 798.0
555.261737890258 783.0
555.520666120664 806.0
555.7795861614834 796.0
556.0384980122324 809.0
556.2974016724281 801.0
556.5562971415874 802.0
556.8151844192269 799.0
557.0740635048638 794.0
557.3329343980148 806.0
557.5917970981968 799.0
557.8506516049267 798.0
558.1094979177213 806.0
558.3683360360976 801.0
558.6271659595724 796.0
558.8859876876625 795.0
559.1448012198848 791.0
559.4036065557561 799.0
559.6624036947936 814.0
559.9211926365136 811.0
560.1799733804337 794.0
560.43874592607 793.0
560.6975102729399 803.0
560.9562664205602 803.0
561.2150143684473 807.0
561.4737541161188 818.0
561.732485663091 803.0
561.9912090088809 802.0
562.2499241530056 800.0
562.5086310949818 803.0
562.7673298343262 803.0
563.026020370556 801.0
563.2847027031879 804.0
563.5433768317389 805.0
563.8020427557254 794.0
564.0607004746649 800.0
564.3193499880738 790.0
564.5779912954692 797.0
564.8366243963679 805.0
565.0952492902868 806.0
565.3538659767429 799.0
565.6124744552527 798.0
565.8710747253335 811.0
566.1296667865018 804.0
566.3882506382747 805.0
566.6468262801691 804.0
566.9053937117014 801.0
567.1639529323893 811.0
567.4225039417488 789.0
567.6810467392974 798.0
567.9395813245517 803.0
568.1981076970284 807.0
568.4566258562448 799.0
568.7151358017175 802.0
568.9736375329633 820.0
569.2321310494995 801.0
569.4906163508422 799.0
569.749093436509 789.0
570.0075623060163 808.0
570.2660229588813 804.0
570.5244753946206 786.0
570.7829196127512 796.0
571.0413556127901 803.0
571.2997833942537 792.0
571.5582029566596 798.0
571.8166142995238 802.0
572.075017422364 806.0
572.3334123246967 803.0
572.5917990060384 801.0
572.8501774659068 807.0
573.108547703818 816.0
573.3669097192892 804.0
573.6252635118373 802.0
573.8836090809789 786.0
574.1419464262314 801.0
574.400275547111 798.0
574.6585964431351 803.0
574.9169091138205 800.0
575.1752135586836 803.0
575.4335097772419 797.0
575.6917977690118 793.0
575.9500775335105 797.0
576.2083490702545 813.0
576.4666123787609 825.0
576.7248674585469 818.0
576.9831143091286 812.0
577.2413529300236 803.0
577.4995833207483 792.0
577.7578054808198 806.0
578.0160194097549 800.0
578.2742251070703 803.0
578.5324225722832 802.0
578.7906118049101 803.0
579.0487928044681 806.0
579.3069655704743 795.0
579.565130102445 801.0
579.8232863998975 800.0
580.0814344623485 800.0
580.339574289315 793.0
580.5977058803137 801.0
580.8558292348614 814.0
581.1139443524753 797.0
581.3720512326721 802.0
581.6301498749685 794.0
581.8882402788817 809.0
582.146322443928 812.0
582.4043963696251 814.0
582.6624620554893 799.0
582.9205195010375 808.0
583.1785687057866 806.0
583.4366096692537 796.0
583.6946423909554 822.0
583.9526668704085 836.0
584.2106831071303 868.0
584.4686911006373 931.0
584.7266908504463 997.0
584.9846823560746 1100.0
585.2426656170385 1400.0
585.5006406328554 1342.0
585.7586074030418 1117.0
586.0165659271148 974.0
586.2745162045912 870.0
586.5324582349878 846.0
586.7903920178214 842.0
587.0483175526091 820.0
587.3062348388676 820.0
587.5641438761138 840.0
587.8220446638645 816.0
588.0799372016369 856.0
588.3378214889474 887.0
588.5956975253132 877.0
588.8535653102509 824.0
589.1114248432776 808.0
589.3692761239103 795.0
589.6271191516653 807.0
589.88495392606 827.0
590.1427804466111 821.0
590.4005987128355 813.0
590.6584087242501 813.0
590.9162104803713 797.0
591.1740039807169 804.0
591.4317892248029 806.0
591.6895662121466 806.0
591.9473349422648 820.0
592.2050954146741 819.0
592.462847628892 801.0
592.7205915844347 792.0
592.9783272808194 814.0
593.236054717563 806.0
593.493773894182 814.0
593.7514848101939 834.0
594.009187465115 831.0
594.2668818584625 844.0
594.5245679897531 894.0
594.7822458585038 890.0
595.0399154642313 848.0
595.2975768064524 817.0
595.5552298846843 796.0
595.8128746984438 811.0
596.0705112472474 799.0
596.3281395306126 800.0
596.5857595480555 798.0
596.8433712990935 796.0
597.1009747832434 812.0
597.3585700000219 819.0
597.6161569489462 829.0
597.8737356295327 835.0
598.1313060412986 812.0
598.3888681837607 817.0
598.6464220564358 803.0
598.9039676588409 796.0
599.1615049904925 785.0
599.4190340509081 806.0
599.676554839604 808.0
599.9340673560972 803.0
600.1915715999048 798.0
600.4490675705435 784.0
600.7065552675302 808.0
600.9640346903817 794.0
601.221505838615 795.0
601.4789687117469 804.0
601.7364233092942 807.0
601.9938696307739 802.0
602.2513076757026 806.0
602.5087374435976 797.0
602.7661589339755 820.0
603.023572146353 838.0
603.2809770802475 817.0
603.5383737351752 821.0
603.7957621106534 802.0
604.053142206199 825.0
604.3105140213286 816.0
604.5678775555593 799.0
604.8252328084078 806.0
605.0825797793912 804.0
605.3399184680261 790.0
605.5972488738295 813.0
605.8545709963181 796.0
606.111884835009 810.0
606.3691903894193 811.0
606.6264876590651 813.0
606.883776643464 833.0
607.1410573421324 842.0
607.3983297545875 886.0
607.6555938803461 901.0
607.9128497189247 853.0
608.1700972698408 837.0
608.4273365326108 822.0
608.6845675067516 834.0
608.9417901917803 857.0
609.1990045872135 883.0
609.4562106925683 918.0
609.7134085073615 996.0
609.9705980311098 922.0
610.2277792633305 852.0
610.4849522035397 824.0
610.7421168512552 827.0
610.9992732059933 798.0
611.2564212672709 814.0
611.5135610346049 809.0
611.7706925075122 796.0
612.0278156855098 814.0
612.2849305681145 808.0
612.542037154843 800.0
612.7991354452124 809.0
613.0562254387393 818.0
613.3133071349409 838.0
613.5703805333337 863.0
613.8274456334349 907.0
614.0845024347612 984.0
614.3415509368294 1119.0
614.5985911391567 1057.0
614.8556230412595 958.0
615.1126466426551 882.0
615.36966194286 851.0
615.6266689413914 838.0
615.8836676377659 860.0
616.1406580315004 854.0
616.3976401221121 885.0
616.6546139091173 866.0
616.9115793920333 845.0
617.1685365703769 819.0
617.4254854436648 796.0
617.6824260114142 805.0
617.9393582731417 801.0
618.196282228364 818.0
618.4531978765983 810.0
618.7101052173614 820.0
618.9670042501702 811.0
619.2238949745413 796.0
619.4807773899919 795.0
619.7376514960388 787.0
619.9945172921986 799.0
620.2513747779885 815.0
620.508223952925 806.0
620.7650648165256 817.0
621.0218973683066 823.0
621.2787216077849 821.0
621.5355375344776 833.0
621.7923451479013 857.0
622.0491444475734 825.0
622.3059354330103 814.0
622.5627181037288 814.0
622.8194924592461 807.0
623.0762584990788 814.0
623.333016222744 809.0
623.5897656297584 796.0
623.8465067196389 801.0
624.1032394919024 806.0
624.3599639460657 792.0
624.6166800816459 796.0
624.8733878981594 813.0
625.1300873951237 829.0
625.3867785720552 807.0
625.6434614284708 803.0
625.9001359638876 832.0
626.1568021778221 850.0
626.4134600697917 874.0
626.6701096393127 940.0
626.9267508859024 909.0
627.1833838090776 879.0
627.4400084083547 839.0
627.6966246832512 830.0
627.9532326332837 804.0
628.2098322579691 802.0
628.4664235568243 795.0
628.723006529366 807.0
628.9795811751112 795.0
629.2361474935768 792.0
629.4927054842794 792.0
629.7492551467363 822.0
630.0057964804641 826.0
630.2623294849799 843.0
630.5188541598001 880.0
630.775370504442 861.0
631.0318785184223 845.0
631.2883782012578 811.0
631.5448695524658 813.0
631.8013525715625 807.0
632.0578272580652 821.0
632.3142936114906 808.0
632.5707516313557 833.0
632.8272013171775 844.0
633.0836426684723 877.0
633.3400756847575 934.0
633.5965003655499 968.0
633.8529167103661 912.0
634.1093247187234 850.0
634.3657243901381 821.0
634.6221157241276 825.0
634.8784987202085 805.0
635.1348733778977 810.0
635.3912396967121 799.0
635.6475976761684 791.0
635.9039473157839 798.0
636.1602886150749 808.0
636.4166215735588 815.0
636.6729461907521 808.0
636.9292624661718 814.0
637.1855703993349 818.0
637.4418699897578 847.0
637.6981612369581 860.0
637.9544441404521 891.0
638.2107186997567 960.0
638.4669849143892 990.0
638.7232427838659 946.0
638.979492307704 892.0
639.2357334854204 914.0
639.4919663165317 1017.0
639.7481908005552 1168.0
640.0044069370073 1350.0
640.2606147254052 1716.0
640.5168141652655 1551.0
640.7730052561054 1330.0
641.0291879974413 1052.0
641.2853623887906 939.0
641.5415284296699 866.0
641.797686119596 846.0
642.0538354580859 830.0
642.3099764446565 818.0
642.5661090788245 824.0
642.8222333601069 798.0
643.0783492880205 807.0
643.3344568620822 799.0
643.5905560818089 811.0
643.8466469467173 811.0
644.1027294563247 806.0
644.3588036101473 804.0
644.6148694077026 817.0
644.8709268485071 812.0
645.1269759320778 804.0
645.3830166579316 786.0
645.6390490255851 784.0
645.8950730345556 809.0
646.1510886843597 804.0
646.4070959745143 809.0
646.6630949045363 805.0
646.9190854739425 807.0
647.17506768225 796.0
647.4310415289752 794.0
647.6870070136354 804.0
647.9429641357473 801.0
648.1989128948277 806.0
648.4548532903938 795.0
648.7107853219619 799.0
648.9667089890495 817.0
649.222624291173 802.0
649.4785312278494 813.0
649.7344297985958 830.0
649.9903200029287 877.0
650.2462018403652 913.0
650.502075310422 1017.0
650.7579404126162 1113.0
651.0137971464646 1032.0
651.2696455114838 946.0
651.525485507191 864.0
651.7813171331029 832.0
652.0371403887364 799.0
652.2929552736086 816.0
652.5487617872358 831.0
652.8045599291355 829.0
653.0603496988242 834.0
653.3161310958188 846.0
653.5719041196362 845.0
653.8276687697933 826.0
654.0834250458071 819.0
654.3391729471941 795.0
654.5949124734717 805.0
654.8506436241562 802.0
655.1063663987647 802.0
655.3620807968144 798.0
655.6177868178215 808.0
655.8734844613035 816.0
656.129173726777 820.0
656.3848546137588 846.0
656.6405271217659 834.0
656.8961912503149 814.0
657.1518469989231 820.0
657.4074943671071 789.0
657.6631333543837 815.0
657.9187639602701 799.0
658.1743861842826 800.0
658.4300000259387 821.0
658.6856054847549 817.0
658.9412025602483 810.0
659.1967912519353 829.0
659.4523715593333 830.0
659.707943481959 877.0
659.9635070193291 914.0
660.2190621709606 880.0
660.4746089363705 873.0
660.7301473150753 833.0
660.9856773065924 812.0
661.2411989104381 798.0
661.4967121261298 798.0
661.7522169531838 798.0
662.0077133911174 803.0
662.2632014394475 809.0
662.5186810976904 791.0
662.7741523653638 812.0
663.029615241984 803.0
663.2850697270679 803.0
663.5405158201327 799.0
663.7959535206948 809.0
664.0513828282715 802.0
664.3068037423793 797.0
664.5622162625355 807.0
664.8176203882564 794.0
665.0730161190594 799.0
665.3284034544613 800.0
665.5837823939785 802.0
665.8391529371283 796.0
666.0945150834276 785.0
666.349868832393 811.0
666.6052141835415 806.0
666.8605511363899 801.0
667.1158796904554 832.0
667.3711998452544 861.0
667.626511600304 911.0
667.8818149551211 952.0
668.1371099092223 934.0
668.3923964621249 911.0
668.6476746133454 853.0
668.9029443624008 836.0
669.1582057088083 826.0
669.4134586520839 805.0
669.6687031917455 797.0
669.9239393273093 800.0
670.1791670582923 801.0
670.4343863842114 807.0
670.6895973045835 816.0
670.9447998189256 828.0
671.1999939267544 851.0
671.4551796275866 864.0
671.7103569209394 922.0
671.9655258063294 892.0
672.220686283274 877.0
672.475838351289 841.0
672.7309820098925 835.0
672.9861172586005 810.0
673.2412440969302 799.0
673.4963625243987 807.0
673.7514725405223 800.0
674.0065741448183 803.0
674.2616673368035 801.0
674.5167521159946 802.0
674.7718284819086 803.0
675.0268964340622 796.0
675.2819559719727 797.0
675.5370070951565 799.0
675.7920498031307 813.0
676.0470840954122 820.0
676.3021099715176 817.0
676.5571274309642 803.0
676.8121364732684 812.0
677.0671370979474 806.0
677.3221293045178 801.0
677.5771130924968 792.0
677.8320884614011 804.0
678.0870554107474 807.0
678.3420139400529 801.0
678.5969640488343 808.0
678.8519057366083 802.0
679.1068390028922 794.0
679.3617638472023 801.0
679.616680269056 796.0
679.8715882679699 797.0
680.1264878434607 794.0
680.3813789950458 793.0
680.6362617222414 775.0
680.8911360245651 796.0
681.146001901533 802.0
681.4008593526627 805.0
681.6557083774705 796.0
681.9105489754734 790.0
682.1653811461886 796.0
682.4202048891326 796.0
682.6750202038223 800.0
682.9298270897748 797.0
683.1846255465068 794.0
683.4394155735351 792.0
683.6941971703767 798.0
683.9489703365485 807.0
684.2037350715673 790.0
684.4584913749499 792.0
684.7132392462133 804.0
684.9679786848742 812.0
685.2227096904496 808.0
685.4774322624564 804.0
685.7321464004115 816.0
685.9868521038316 812.0
686.2415493722334 809.0
686.4962382051343 810.0
686.7509186020508 796.0
687.0055905624997 805.0
687.2602540859983 810.0
687.514909172063 806.0
687.7695558202109 802.0
688.0241940299587 803.0
688.2788238008236 803.0
688.5334451323221 812.0
688.7880580239712 798.0
689.042662475288 814.0
689.2972584857889 809.0
689.5518460549912 802.0
689.8064251824115 786.0
690.0609958675668 792.0
690.3155581099742 806.0
690.5701119091498 820.0
690.8246572646113 804.0
691.0791941758752 813.0
691.3337226424583 800.0
691.5882426638777 798.0
691.84275423965 808.0
692.0972573692924 816.0
692.3517520523214 857.0
692.6062382882542 887.0
692.8607160766074 952.0
693.1151854168979 972.0
693.3696463086428 933.0
693.6240987513587 889.0
693.8785427445628 844.0
694.1329782877717 828.0
694.3874053805022 817.0
694.6418240222713 807.0
694.8962342125958 814.0
695.1506359509929 801.0
695.405029236979 808.0
695.6594140700711 812.0
695.9137904497863 787.0
696.168158375641 805.0
696.4225178471527 807.0
696.676868863838 804.0
696.9312114252134 804.0
697.1855455307963 809.0
697.4398711801031 788.0
697.6941883726512 808.0
697.9484971079568 794.0
698.2027973855375 802.0
698.4570892049098 795.0
698.7113725655903 799.0
698.9656474670965 813.0
699.2199139089445 801.0
699.4741718906519 813.0
699.7284214117353 809.0
699.9826624717113 804.0
700.2368950700971 804.0
700.4911192064093 805.0
700.7453348801653 802.0
700.9995420908814 798.0
701.2537408380745 811.0
701.5079311212619 804.0
701.7621129399598 819.0
702.016286293686 816.0
702.2704511819566 825.0
702.5246076042886 846.0
702.778755560199 884.0
703.0328950492045 927.0
703.2870260708224 987.0
703.5411486245691 934.0
703.7952627099618 902.0
704.0493683265172 855.0
704.3034654737519 834.0
704.5575541511835 822.0
704.8116343583279 805.0
705.0657060947029 800.0
705.3197693598249 821.0
705.5738241532106 799.0
705.8278704743772 805.0
706.0819083228414 801.0
706.3359376981203 800.0
706.5899585997306 791.0
706.8439710271889 796.0
707.0979749800126 796.0
707.3519704577179 796.0
707.6059574598225 802.0
707.8599359858429 797.0
708.1139060352955 808.0
708.3678676076978 786.0
708.6218207025663 814.0
708.8757653194182 799.0
709.12970145777 799.0
709.3836291171389 795.0
709.6375482970416 806.0
709.8914589969946 814.0
710.1453612165157 788.0
710.3992549551208 796.0
710.6531402123275 807.0
710.9070169876522 794.0
711.1608852806118 803.0
711.4147450907236 803.0
711.6685964175037 803.0
711.9224392604699 783.0
712.1762736191384 813.0
712.4300994930262 792.0
712.6839168816504 801.0
712.9377257845274 804.0
713.1915262011746 802.0
713.4453181311087 806.0
713.6991015738463 790.0
713.9528765289045 803.0
714.2066429958 796.0
714.4604009740502 807.0
714.7141504631712 808.0
714.9678914626805 802.0
715.2216239720948 810.0
715.4753479909306 804.0
715.7290635187052 784.0
715.982770554935 798.0
716.2364690991376 808.0
716.4901591508293 811.0
716.743840709527 805.0
716.9975137747479 814.0
717.2511783460084 815.0
717.5048344228259 806.0
717.7584820047169 819.0
718.0121210911982 804.0
718.2657516817872 816.0
718.519373776 811.0
718.772987373354 817.0
719.026592473366 794.0
719.2801890755527 788.0
719.5337771794311 791.0
719.7873567845179 798.0
720.0409278903304 817.0
720.294490496385 802.0
720.5480446021987 801.0
720.8015902072887 801.0
721.0551273111711 798.0
721.3086559133636 793.0
721.5621760133826 787.0
721.815687610745 796.0
722.0691907049679 801.0
722.3226852955679 815.0
722.5761713820622 813.0
722.8296489639672 793.0
723.0831180408002 790.0
723.3365786120778 802.0
723.5900306773169 809.0
723.8434742360346 817.0
724.0969092877473 838.0
724.3503358319725 881.0
724.6037538682267 886.0
724.8571633960265 883.0
725.1105644148894 868.0
725.3639569243315 833.0
725.6173409238706 811.0
725.8707164130229 824.0
726.1240833913054 807.0
726.3774418582351 800.0
726.6307918133285 789.0
726.8841332561029 793.0
727.137466186075 803.0
727.3907906027619 804.0
727.6441065056802 801.0
727.8974138943464 789.0
728.1507127682783 792.0
728.4040031269918 797.0
728.6572849700045 805.0
728.9105582968331 803.0
729.1638231069941 797.0
729.4170794000048 811.0
729.6703271753817 793.0
729.923566432642 809.0
730.1767971713025 805.0
730.4300193908798 831.0
730.6832330908911 800.0
730.936438270853 800.0
731.1896349302828 796.0
731.442823068697 794.0
731.6960026856123 803.0
731.949173780546 799.0
732.2023363530145 796.0
732.4554904025351 806.0
732.7086359286245 803.0
732.9617729307997 796.0
733.2149014085775 797.0
733.4680213614745 809.0
733.7211327890079 815.0
733.9742356906943 808.0
734.2273300660511 805.0
734.4804159145946 796.0
734.7334932358416 800.0
734.9865620293094 812.0
735.2396222945147 801.0
735.4926740309744 806.0
735.7457172382054 805.0
735.9987519157243 799.0
736.2517780630484 802.0
736.504795679694 809.0
736.7578047651785 796.0
737.0108053190187 800.0
737.2637973407312 790.0
737.516780829833 798.0
737.769755785841 808.0
738.0227222082721 799.0
738.2756800966428 801.0
738.5286294504706 810.0
738.781570269272 807.0
739.0345025525638 798.0
739.2874262998632 797.0
739.5403415106866 802.0
739.7932481845512 799.0
740.046146320974 797.0
740.2990359194714 805.0
740.5519169795606 783.0
740.8047895007583 795.0
741.0576534825816 811.0
741.3105089245472 805.0
741.563355826172 798.0
741.8161941869729 804.0
742.0690240064664 798.0
742.3218452841702 790.0
742.5746580196005 800.0
742.8274622122741 795.0
743.0802578617083 786.0
743.3330449674197 805.0
743.5858235289254 813.0
743.8385935457418 813.0
744.0913550173865 808.0
744.3441079433758 827.0
744.5968523232264 812.0
744.8495881564559 799.0
745.1023154425804 802.0
745.3550341811174 817.0
745.6077443715835 807.0
745.8604460134952 818.0
746.1131391063701 807.0
746.3658236497243 801.0
746.6184996430754 797.0
746.87116708594 788.0
747.1238259778346 797.0
747.3764763182764 802.0
747.6291181067822 804.0
747.8817513428692 819.0
748.1343760260539 818.0
748.3869921558529 812.0
748.6395997317837 816.0
748.8921987533628 807.0
749.1447892201071 792.0
749.3973711315336 823.0
749.6499444871589 812.0
749.9025092865003 814.0
750.1550655290741 810.0
750.4076132143978 814.0
750.6601523419877 825.0
750.912682911361 800.0
751.1652049220347 806.0
751.4177183735251 802.0
751.6702232653497 813.0
751.9227195970248 800.0
752.1752073680677 794.0
752.4276865779954 797.0
752.680157226324 796.0
752.9326193125712 811.0
753.1850728362533 807.0
753.4375177968876 819.0
753.6899541939908 813.0
753.9423820270795 804.0
754.194801295671 819.0
754.4472119992819 816.0
754.6996141374291 818.0
754.9520077096296 802.0
755.2043927154 798.0
755.4567691542577 795.0
755.7091370257187 798.0
755.9614963293008 796.0
756.2138470645202 804.0
756.4661892308942 791.0
756.7185228279395 801.0
756.9708478551728 788.0
757.2231643121112 786.0
757.4754721982714 801.0
757.7277715131704 802.0
757.9800622563251 812.0
758.2323444272521 794.0
758.4846180254688 783.0
758.7368830504913 803.0
758.9891395018373 786.0
759.2413873790232 801.0
759.4936266815657 794.0
759.7458574089821 801.0
759.9980795607888 808.0
760.2502931365033 796.0
760.502498135642 798.0
760.7546945577217 799.0
761.0068824022595 797.0
761.2590616687722 790.0
761.5112323567769 791.0
761.7633944657899 803.0
762.0155479953288 812.0
762.26769294491 801.0
762.5198293140501 797.0
762.7719571022666 816.0
763.024076309076 816.0
763.2761869339953 796.0
763.5282889765415 795.0
763.780382436231 803.0
764.032467312581 803.0
764.2845436051083 792.0
764.53661131333 798.0
764.7886704367629 806.0
765.0407209749233 811.0
765.2927629273288 795.0
765.5447962934958 809.0
765.7968210729414 793.0
766.0488372651824 800.0
766.3008448697357 811.0
766.5528438861181 802.0
766.8048343138464 820.0
767.0568161524378 794.0
767.3087894014087 812.0
767.5607540602764 790.0
767.8127101285577 805.0
768.0646576057691 793.0
768.3165964914278 798.0
768.5685267850505 809.0
768.8204484861544 812.0
769.0723615942561 797.0
769.3242661088722 792.0
769.5761620295201 815.0
769.8280493557162 805.0
770.0799280869778 798.0
770.3317982228216 808.0
770.5836597627642 807.0
770.835512706323 794.0
771.0873570530143 799.0
771.3391928023555 808.0
771.591019953863 805.0
771.8428385070538 806.0
772.094648461445 797.0
772.3464498165532 796.0
772.5982425718955 798.0
772.8500267269885 809.0
773.1018022813494 788.0
773.3535692344948 800.0
773.6053275859415 801.0
773.8570773352067 789.0
774.108818481807 803.0
774.3605510252594 806.0
774.6122749650807 794.0
774.8639903007878 804.0
775.1156970318975 813.0
775.3673951579267 802.0
775.6190846783925 805.0
775.8707655928115 800.0
776.1224379007004 797.0
776.3741016015766 804.0
776.6257566949563 803.0
776.8774031803571 829.0
777.1290410572955 817.0
777.3806703252881 808.0
777.6322909838522 817.0
777.8839030325043 800.0
778.1355064707618 798.0
778.3871012981411 812.0
778.6386875141592 810.0
778.890265118333 799.0
779.1418341101793 794.0
779.3933944892151 792.0
779.6449462549571 809.0
779.8964894069222 797.0
780.1480239446275 799.0
780.3995498675895 798.0
780.6510671753255 814.0
780.9025758673517 805.0
781.1540759431858 782.0
781.4055674023442 795.0
781.6570502443437 801.0
781.9085244687013 794.0
782.159990074934 796.0
782.4114470625585 807.0
782.6628954310918 797.0
782.9143351800503 785.0
783.1657663089516 810.0
783.4171888173119 803.0
783.6686027046486 809.0
783.9200079704783 796.0
784.1714046143178 805.0
784.4227926356843 791.0
784.6741720340941 797.0
784.9255428090647 790.0
785.1769049601126 807.0
785.4282584867548 802.0
785.6796033885082 792.0
785.9309396648893 807.0
786.1822673154155 803.0
786.4335863396033 796.0
786.6848967369698 801.0
786.9361985070317 804.0
787.1874916493058 788.0
787.4387761633094 793.0
787.6900520485588 806.0
787.9413193045713 795.0
788.1925779308636 799.0
788.4438279269523 796.0
788.6950692923548 798.0
788.9463020265875 798.0
789.1975261291677 807.0
789.448741599612 812.0
789.6999484374371 797.0
789.9511466421604 807.0
790.2023362132982 792.0
790.4535171503677 797.0
790.7046894528855 792.0
790.9558531203689 791.0
791.2070081523347 805.0
791.458154548299 795.0
791.7092923077797 797.0
791.9604214302931 786.0
792.2115419153562 790.0
792.462653762486 806.0
792.7137569711989 787.0
792.9648515410123 797.0
793.2159374714428 801.0
793.4670147620074 812.0
793.718083412223 803.0
793.9691434216061 796.0
794.220194789674 806.0
794.4712375159432 807.0
794.722271599931 794.0
794.9732970411541 797.0
795.2243138391292 813.0
795.4753219933733 803.0
795.7263215034031 802.0
795.9773123687357 814.0
796.2282945888878 807.0
796.4792681633767 800.0
796.7302330917187 801.0
796.9811893734307 804.0
797.23213700803 790.0
797.483075995033 802.0
797.7340063339569 812.0
797.9849280243186 813.0
798.2358410656345 798.0
798.4867454574222 795.0
798.7376411991978 785.0
798.9885282904788 802.0
799.2394067307818 782.0
799.4902765196234 793.0
799.741137656521 790.0
799.9919901409909 798.0
800.2428339725506 796.0
800.4936691507165 795.0
800.7444956750055 811.0
800.9953135449347 802.0
801.2461227600207 799.0
801.4969233197808 802.0
801.7477152237312 806.0
801.9984984713894 799.0
802.2492730622722 814.0
802.5000389958959 801.0
802.7507962717781 809.0
803.0015448894349 804.0
803.252284848384 799.0
803.5030161481417 807.0
803.7537387882248 804.0
804.0044527681507 803.0
804.2551580874358 815.0
804.5058547455972 802.0
804.7565427421519 805.0
805.0072220766161 802.0
805.2578927485075 796.0
805.5085547573423 807.0
805.7592081026379 797.0
806.009852783911 799.0
806.2604888006782 814.0
806.5111161524568 799.0
806.7617348387631 795.0
807.0123448591147 803.0
807.2629462130279 804.0
807.5135389000196 805.0
807.7641229196071 809.0
808.0146982713067 807.0
808.2652649546358 812.0
808.5158229691108 793.0
808.7663723142489 804.0
809.016912989567 786.0
809.2674449945815 795.0
809.5179683288098 804.0
809.7684829917686 816.0
810.0189889829746 793.0
810.269486301945 791.0
810.5199749481961 790.0
810.7704549212456 793.0
811.0209262206095 806.0
811.2713888458052 811.0
811.5218427963496 805.0
811.7722880717591 808.0
812.022724671551 814.0
812.2731525952421 794.0
812.5235718423493 804.0
812.7739824123893 797.0
813.0243843048788 796.0
813.2747775193352 810.0
813.5251620552749 796.0
813.7755379122152 797.0
814.0259050896724 790.0
814.276263587164 788.0
814.5266134042064 797.0
814.7769545403165 808.0
815.0272869950115 795.0
815.2776107678079 796.0
815.5279258582229 820.0
815.7782322657732 802.0
816.0285299899754 806.0
816.2788190303468 795.0
816.529099386404 782.0
816.7793710576641 796.0
817.0296340436439 805.0
817.2798883438601 796.0
817.5301339578298 806.0
817.7803708850694 802.0
818.0305991250964 784.0
818.2808186774273 789.0
818.531029541579 801.0
818.7812317170685 805.0
819.0314252034124 785.0
819.281610000128 782.0
819.5317861067317 802.0
819.7819535227408 802.0
820.0321122476719 800.0
820.2822622810417 794.0
820.5324036223675 797.0
820.7825362711658 786.0
821.0326602269538 796.0
821.2827754892483 790.0
821.5328820575656 793.0
821.7829799314234 804.0
822.033069110338 796.0
822.2831495938267 809.0
822.5332213814061 798.0
822.7832844725929 800.0
823.0333388669044 802.0
823.283384563857 805.0
823.533421562968 796.0
823.7834498637541 796.0
824.033469465732 791.0
824.2834803684189 784.0
824.5334825713311 790.0
824.7834760739862 784.0
825.0334608759005 797.0
825.2834369765912 796.0
825.5334043755751 800.0
825.7833630723688 797.0
826.0333130664897 792.0
826.2832543574541 804.0
826.5331869447793 802.0
826.783110827982 805.0
827.0330260065789 803.0
827.2829324800872 805.0
827.5328302480233 801.0
827.7827193099047 784.0
828.032599665248 811.0
828.2824713135695 798.0
828.532334254387 801.0
828.7821884872168 788.0
829.0320340115759 810.0
829.2818708269813 803.0
829.5316989329494 804.0
829.7815183289979 799.0
830.0313290146428 808.0
830.2811309894015 807.0
830.5309242527906 801.0
830.7807088043272 785.0
831.0304846435281 787.0
831.2802517699099 788.0
831.5300101829899 798.0
831.7797598822846 798.0
832.0295008673112 790.0
832.2792331375864 799.0
832.5289566926268 807.0
832.7786715319497 804.0
833.0283776550717 808.0
833.27807506151 803.0
833.5277637507811 791.0
833.7774437224018 789.0
834.0271149758895 798.0
834.2767775107606 802.0
834.526431326532 792.0
834.7760764227208 789.0
835.0257127988438 796.0
835.2753404544177 806.0
835.5249593889594 795.0
835.774569601986 797.0
836.0241710930143 798.0
836.2737638615607 787.0
836.5233479071428 808.0
836.7729232292768 798.0
837.0224898274802 794.0
837.2720477012693 782.0
837.5215968501614 806.0
837.7711372736733 815.0
838.0206689713215 805.0
838.2701919426232 824.0
838.5197061870952 799.0
838.7692117042545 797.0
839.0187084936177 798.0
839.2681965547017 804.0
839.5176758870236 804.0
839.7671464901001 795.0
840.0166083634483 801.0
840.2660615065847 792.0
840.5155059190262 794.0
840.7649416002901 805.0
841.0143685498927 790.0
841.2637867673512 802.0
841.5131962521828 803.0
841.7625970039035 808.0
842.0119890220308 796.0
842.2613723060813 815.0
842.5107468555723 804.0
842.76011267002 780.0
843.0094697489418 788.0
843.2588180918546 807.0
843.5081576982747 800.0
843.7574885677194 785.0
844.0068106997054 776.0
844.25612409375 801.0
844.5054287493696 793.0
844.754724666081 790.0
845.0040118434015 801.0
845.2532902808475 807.0
845.5025599779364 797.0
845.7518209341847 800.0
846.0010731491091 804.0
846.2503166222269 799.0
846.4995513530547 795.0
846.7487773411094 801.0
846.9979945859081 790.0
847.2472030869674 797.0
847.4964028438043 795.0
847.7455938559353 794.0
847.994776122878 798.0
848.2439496441485 810.0
848.4931144192642 801.0
848.7422704477419 816.0
848.9914177290981 801.0
849.2405562628502 790.0
849.4896860485144 803.0
849.7388070856083 801.0
849.9879193736485 791.0
850.2370229121515 816.0
850.4861177006346 810.0
850.7352037386146 792.0
850.9842810256082 798.0
851.2333495611326 803.0
851.482409344704 800.0
851.7314603758401 808.0
851.9805026540571 793.0
852.2295361788724 794.0
852.4785609498026 800.0
852.7275769663643 798.0
852.9765842280748 798.0
853.2255827344507 794.0
853.4745724850093 782.0
853.7235534792667 791.0
853.9725257167406 791.0
854.2214891969475 794.0
854.4704439194039 792.0
854.7193898836274 800.0
854.9683270891342 799.0
855.2172555354416 794.0
855.4661752220665 785.0
855.7150861485252 811.0
855.9639883143353 799.0
856.212881719013 793.0
856.4617663620759 794.0
856.7106422430403 809.0
856.9595093614231 804.0
857.2083677167415 792.0
857.4572173085119 795.0
857.7060581362517 799.0
857.9548901994776 782.0
858.2037134977061 787.0
858.4525280304546 795.0
858.7013337972394 805.0
858.950130797578 798.0
859.1989190309868 801.0
859.4476984969828 796.0
859.696469195083 787.0
859.9452311248039 791.0
860.1939842856627 802.0
860.4427286771763 790.0
860.6914642988615 800.0
860.9401911502351 796.0
861.1889092308139 800.0
861.437618540115 799.0
861.686319077655 798.0
861.935010842951 795.0
862.1836938355198 800.0
862.432368054878 797.0
862.6810335005429 806.0
862.9296901720311 780.0
863.1783380688596 802.0
863.4269771905452 789.0
863.6756075366046 804.0
863.9242291065551 794.0
864.1728418999131 798.0
864.4214459161959 785.0
864.6700411549201 803.0
864.9186276156024 794.0
865.1672052977602 797.0
865.4157742009098 796.0
865.6643343245685 783.0
865.9128856682528 789.0
866.1614282314799 796.0
866.4099620137665 805.0
866.6584870146295 802.0
866.9070032335858 779.0
867.155510670152 791.0
867.4040093238455 803.0
867.6524991941827 800.0
867.9009802806806 788.0
868.1494525828563 800.0
868.3979161002262 810.0
868.6463708323078 804.0
868.8948167786174 807.0
869.1432539386718 787.0
869.3916823119887 803.0
869.6401018980839 801.0
869.8885126964751 800.0
870.1369147066789 801.0
870.3853079282118 810.0
870.6336923605911 794.0
870.8820680033335 799.0
871.1304348559562 773.0
871.3787929179755 795.0
871.6271421889087 784.0
871.8754826682726 800.0
872.1238143555837 812.0
872.3721372503595 793.0
872.6204513521162 790.0
872.8687566603713 782.0
873.1170531746413 790.0
873.365340894443 791.0
873.6136198192935 794.0
873.8618899487094 785.0
874.110151282208 781.0
874.3584038193057 793.0
874.6066475595196 809.0
874.8548825023668 806.0
875.1031086473636 809.0
875.3513259940273 817.0
875.5995345418747 785.0
875.8477342904224 807.0
876.0959252391877 795.0
876.3441073876871 790.0
876.5922807354377 792.0
876.8404452819562 802.0
877.0886010267599 800.0
877.3367479693651 802.0
877.5848861092887 780.0
877.8330154460481 791.0
878.0811359791594 800.0
878.3292477081402 792.0
878.5773506325071 795.0
878.8254447517768 802.0
879.0735300654665 802.0
879.3216065730924 798.0
879.5696742741723 784.0
879.8177331682225 789.0
880.0657832547598 816.0
880.3138245333014 803.0
880.5618570033639 786.0
880.8098806644645 788.0
881.0578955161196 786.0
881.3059015578464 794.0
881.5538987891618 812.0
881.8018872095822 793.0
882.0498668186252 766.0
882.297837615807 797.0
882.5457996006451 806.0
882.7937527726558 798.0
883.041697131356 783.0
883.2896326762632 767.0
883.5375594068934 801.0
883.7854773227642 784.0
884.0333864233922 788.0
884.2812867082938 782.0
884.5291781769868 801.0
884.7770608289871 804.0
885.0249346638125 795.0
885.2727996809792 786.0
885.5206558800041 787.0
885.7685032604046 796.0
886.0163418216969 788.0
886.2641715633982 789.0
886.5119924850256 791.0
886.7598045860955 795.0
887.007607866125 790.0
887.2554023246308 779.0
887.5031879611303 806.0
887.7509647751398 792.0
887.9987327661763 805.0
888.2464919337567 785.0
888.4942422773979 802.0
888.7419837966169 809.0
888.9897164909302 797.0
889.2374403598551 781.0
889.4851554029083 796.0
889.7328616196063 797.0
889.9805590094667 789.0
890.2282475720056 798.0
890.4759273067405 781.0
890.7235982131879 801.0
890.9712602908646 803.0
891.218913539288 800.0
891.4665579579743 793.0
891.7141935464408 796.0
891.9618203042044 795.0
892.2094382307815 800.0
892.4570473256895 793.0
892.7046475884449 794.0
892.9522390185649 782.0
893.1998216155661 794.0
893.4473953789653 784.0
893.6949603082797 788.0
893.9425164030258 781.0
894.1900636627211 780.0
894.4376020868815 788.0
894.6851316750246 797.0
894.9326524266672 792.0
895.1801643413257 797.0
895.4276674185177 787.0
895.6751616577593 803.0
895.922647058568 804.0
896.1701236204603 813.0
896.4175913429531 800.0
896.6650502255636 810.0
896.912500267808 798.0
897.159941469204 802.0
897.4073738292678 794.0
897.6547973475165 798.0
897.9022120234671 801.0
898.1496178566362 798.0
898.3970148465409 795.0
898.644402992698 792.0
898.8917822946241 784.0
899.1391527518367 794.0
899.386514363852 797.0
899.6338671301874 794.0
899.8812110503592 789.0
900.1285461238849 790.0
900.375872350281 784.0
900.6231897290643 788.0
900.8704982597519 797.0
901.1177979418604 788.0
901.3650887749071 794.0
901.6123707584086 792.0
901.8596438918815 791.0
902.106908174843 789.0
902.35416360681 794.0
902.6014101872993 783.0
902.8486479158278 789.0
903.095876791912 801.0
903.3430968150694 800.0
903.5903079848164 784.0
903.83751030067 790.0
904.0847037621473 790.0
904.3318883687646 802.0
904.5790641200394 794.0
904.826231015488 807.0
905.0733890546279 790.0
905.3205382369753 802.0
905.5676785620476 774.0
905.8148100293615 794.0
906.0619326384336 794.0
906.3090463887813 807.0
906.5561512799208 805.0
906.8032473113697 792.0
907.0503344826443 789.0
907.2974127932616 790.0
907.5444822427387 788.0
907.7915428305921 794.0
908.038594556339 798.0
908.2856374194963 788.0
908.5326714195803 786.0
908.7796965561088 789.0
909.0267128285976 797.0
909.2737202365645 793.0
909.520718779526 801.0
909.7677084569985 790.0
910.0146892684998 788.0
910.261661213546 788.0
910.5086242916544 795.0
910.7555785023416 794.0
911.0025238451248 790.0
911.2494603195206 795.0
911.4963879250456 796.0
911.7433066612174 797.0
911.9902165275522 802.0
912.2371175235672 785.0
912.4840096487795 780.0
912.7308929027052 802.0
912.9777672848619 797.0
913.2246327947661 794.0
913.4714894319347 814.0
913.7183371958849 794.0
913.965176086133 775.0
914.2120061021965 781.0
914.4588272435916 793.0
914.7056395098358 816.0
914.9524429004457 807.0
915.1992374149379 798.0
915.4460230528298 802.0
915.6927998136375 790.0
915.9395676968788 795.0
916.1863267020701 801.0
916.4330768287281 812.0
916.67981807637 800.0
916.9265504445123 788.0
917.1732739326723 797.0
917.4199885403666 801.0
917.6666942671121 798.0
917.9133911124259 794.0
918.1600790758242 787.0
918.4067581568248 781.0
918.6534283549438 780.0
918.9000896696987 797.0
919.1467421006058 799.0
919.3933856471822 800.0
919.6400203089449 810.0
919.8866460854103 796.0
920.1332629760961 802.0
920.3798709805186 781.0
920.6264700981943 778.0
920.8730603286409 794.0
921.1196416713748 798.0
921.3662141259131 798.0
921.6127776917724 805.0
921.8593323684695 798.0
922.1058781555217 791.0
922.3524150524454 797.0
922.598943058758 797.0
922.8454621739758 789.0
923.0919723976159 793.0
923.3384737291954 798.0
923.5849661682307 796.0
923.8314497142393 791.0
924.0779243667373 781.0
924.3243901252423 799.0
924.5708469892709 794.0
924.8172949583395 797.0
925.0637340319656 802.0
925.3101642096658 798.0
925.5565854909571 794.0
925.8029978753563 807.0
926.04940136238 806.0
926.2957959515456 784.0
926.5421816423694 799.0
926.7885584343687 796.0
927.0349263270604 796.0
927.281285319961 797.0
927.5276354125876 788.0
927.7739766044568 801.0
928.020308895086 793.0
928.2666322839915 792.0
928.5129467706906 808.0
928.7592523547 802.0
929.0055490355364 804.0
929.2518368127171 805.0
929.4981156857584 792.0
929.7443856541778 805.0
929.9906467174917 792.0
930.2368988752169 807.0
930.4831421268707 790.0
930.7293764719695 801.0
930.9756019100306 796.0
931.2218184405708 805.0
931.4680260631065 797.0
931.7142247771553 805.0
931.9604145822334 799.0
932.2065954778582 797.0
932.4527674635461 793.0
932.6989305388141 804.0
932.9450847031794 794.0
933.1912299561584 793.0
933.4373662972685 783.0
933.6834937260257 798.0
933.929612241948 798.0
934.1757218445516 789.0
934.4218225333533 782.0
934.6679143078701 792.0
934.913997167619 807.0
935.1600711121167 782.0
935.4061361408803 797.0
935.6521922534262 785.0
935.8982394492718 788.0
936.1442777279336 791.0
936.3903070889288 796.0
936.636327531774 807.0
936.882339055986 815.0
937.128341661082 796.0
937.3743353465785 787.0
937.6203201119927 792.0
937.8662959568414 811.0
938.1122628806411 801.0
938.3582208829092 790.0
938.6041699631621 792.0
938.8501101209171 805.0
939.0960413556905 804.0
939.341963667 791.0
939.5878770543618 796.0
939.8337815172929 781.0
940.0796770553103 784.0
940.3255636679306 792.0
940.5714413546712 794.0
940.8173101150486 793.0
941.0631699485793 800.0
941.309020854781 798.0
941.5548628331699 799.0
941.8006958832632 791.0
942.0465200045778 788.0
942.2923351966301 794.0
942.5381414589376 794.0
942.7839387910167 783.0
943.0297271923846 798.0
943.275506662558 813.0
943.5212772010536 801.0
943.7670388073888 794.0
944.0127914810797 798.0
944.2585352216438 796.0
944.504270028598 804.0
944.7499959014584 795.0
944.9957128397427 806.0
945.2414208429674 793.0
945.4871199106495 784.0
945.7328100423057 794.0
945.978491237453 798.0
946.2241634956084 806.0
946.4698268162882 800.0
946.71548119901 787.0
946.9611266432901 810.0
947.2067631486459 800.0
947.4523907145939 788.0
947.6980093406509 801.0
947.943619026334 806.0
948.1892197711599 799.0
948.4348115746456 785.0
948.680394436308 784.0
948.9259683556636 803.0
949.17153333223 794.0
949.4170893655231 795.0
949.6626364550607 797.0
949.9081746003591 788.0
950.1537038009352 788.0
950.3992240563063 797.0
950.6447353659886 808.0
950.8902377294995 801.0
951.1357311463555 793.0
951.381215616074 779.0
951.6266911381715 791.0
951.8721577121647 795.0
952.1176153375708 795.0
952.3630640139064 788.0
952.6085037406887 787.0
952.8539345174344 785.0
953.09935634366 800.0
953.3447692188829 804.0
953.5901731426196 796.0
953.8355681143876 794.0
954.080954133703 792.0
954.326331200083 797.0
954.5716993130445 797.0
954.8170584721041 800.0
955.0624086767792 798.0
955.3077499265863 796.0
955.5530822210421 785.0
955.798405559664 788.0
956.0437199419682 795.0
956.2890253674723 792.0
956.5343218356925 797.0
956.7796093461461 798.0
957.02488789835 795.0
957.2701574918206 798.0
957.5154181260752 795.0
957.7606698006304 781.0
958.0059125150034 799.0
958.2511462687107 801.0
958.4963710612694 799.0
958.7415868921963 788.0
958.9867937610082 798.0
959.2319916672224 804.0
959.4771806103552 791.0
959.7223605899235 808.0
959.9675316054446 790.0
960.2126936564348 797.0
960.4578467424116 806.0
960.7029908628915 794.0
960.9481260173911 789.0
961.193252205428 802.0
961.4383694265184 789.0
961.6834776801796 798.0
961.9285769659282 818.0
962.1736672832812 787.0
962.4187486317555 784.0
962.6638210108677 781.0
962.908884420135 789.0
963.153938859074 801.0
963.3989843272019 799.0
963.6440208240352 797.0
963.889048349091 797.0
964.1340669018862 803.0
964.3790764819373 801.0
964.6240770887617 798.0
964.8690687218761 793.0
965.114051380797 791.0
965.3590250650417 793.0
965.6039897741268 817.0
965.8489455075695 810.0
966.0938922648864 787.0
966.3388300455941 812.0
966.5837588492103 789.0
966.8286786752509 798.0
967.0735895232334 798.0
967.3184913926743 784.0
967.5633842830911 774.0
967.808268194 794.0
968.0531431249179 790.0
968.2980090753622 796.0
968.5428660448491 789.0
968.7877140328961 791.0
969.0325530390197 802.0
969.2773830627367 784.0
969.5222041035643 801.0
969.7670161610189 796.0
970.0118192346179 793.0
970.2566133238779 793.0
970.5013984283155 793.0
970.746174547448 798.0
970.990941680792 814.0
971.2356998278649 788.0
971.480448988183 790.0
971.725189161263 792.0
971.9699203466223 798.0
972.2146425437775 805.0
972.4593557522456 786.0
972.7040599715434 792.0
972.9487552011876 801.0
973.1934414406954 805.0
973.4381186895833 804.0
973.6827869473685 809.0
973.9274462135677 801.0
974.1720964876979 802.0
974.4167377692759 794.0
974.6613700578182 787.0
974.9059933528424 787.0
975.1506076538647 782.0
975.3952129604023 788.0
975.6398092719721 815.0
975.8843965880908 804.0
976.1289749082755 791.0
976.3735442320426 787.0
976.6181045589096 785.0
976.862655888393 793.0
977.1071982200094 801.0
977.3517315532764 808.0
977.5962558877101 813.0
977.840771222828 816.0
978.0852775581467 803.0
978.3297748931827 783.0
978.5742632274536 793.0
978.8187425604756 799.0
979.063212891766 786.0
979.3076742208415 795.0
979.5521265472191 791.0
979.7965698704156 798.0
980.0410041899477 804.0
980.2854295053326 792.0
980.5298458160865 808.0
980.7742531217272 790.0
981.0186514217711 797.0
981.2630407157347 798.0
981.5074210031356 786.0
981.7517922834901 799.0
981.9961545563154 806.0
982.2405078211283 792.0
982.4848520774455 794.0
982.729187324784 790.0
982.9735135626606 795.0
983.2178307905924 809.0
983.4621390080961 789.0
983.7064382146882 788.0
983.9507284098863 804.0
984.1950095932067 816.0
984.4392817641666 798.0
984.6835449222825 795.0
984.9277990670716 793.0
985.1720441980509 798.0
985.4162803147366 794.0
985.6605074166464 804.0
985.9047255032964 783.0
986.1489345742042 811.0
986.3931346288863 789.0
986.6373256668593 792.0
986.8815076876406 781.0
987.1256806907464 803.0
987.3698446756944 797.0
987.613999642001 794.0
987.8581455891829 798.0
988.1022825167574 792.0
988.3464104242408 794.0
988.5905293111508 802.0
988.8346391770036 798.0
989.0787400213161 797.0
989.3228318436055 798.0
989.5669146433884 799.0
989.8109884201817 798.0
990.0550531735024 793.0
990.2991089028674 795.0
990.5431556077934 802.0
990.7871932877973 799.0
991.031221942396 797.0
991.2752415711062 803.0
991.5192521734452 810.0
991.7632537489297 797.0
992.0072462970761 800.0
992.251229817402 793.0
992.4952043094236 805.0
992.7391697726582 809.0
992.9831262066227 804.0
993.2270736108336 793.0
993.4710119848082 787.0
993.7149413280629 793.0
993.958861640115 783.0
994.2027729204812 801.0
994.4466751686781 800.0
994.6905683842231 797.0
994.9344525666326 793.0
995.1783277154237 797.0
995.4221938301132 795.0
995.6660509102181 803.0
995.9098989552552 799.0
996.1537379647411 793.0
996.3975679381932 788.0
996.6413888751279 804.0
996.8852007750622 801.0
997.1290036375133 788.0
997.3727974619973 800.0
997.6165822480319 782.0
997.8603579951333 799.0
998.104124702819 814.0
998.3478823706055 796.0
998.5916309980095 805.0
998.8353705845483 798.0
999.0791011297383 790.0
999.3228226330968 796.0
999.5665350941406 795.0
999.8102385123861 787.0
1000.0539328873509 800.0
1000.2976182185512 813.0
1000.5412945055043 790.0
1000.7849617477269 801.0
1001.0286199447357 796.0
1001.2722690960481 807.0
1001.5159092011804 794.0
1001.75954025965 799.0
1002.003162270973 795.0
1002.246775234667 795.0
1002.4903791502487 796.0
1002.7339740172346 794.0
1002.9775598351421 792.0
1003.2211366034876 798.0
1003.4647043217884 796.0
1003.7082629895611 800.0
1003.9518126063224 796.0
1004.1953531715895 795.0
1004.4388846848791 805.0
1004.6824071457083 791.0
1004.9259205535938 797.0
1005.1694249080521 800.0
1005.4129202086007 784.0
1005.6564064547559 807.0
1005.8998836460353 796.0
1006.1433517819551 803.0
1006.3868108620323 809.0
1006.6302608857841 798.0
1006.8737018527269 799.0
1007.1171337623779 789.0
1007.3605566142537 800.0
1007.6039704078715 796.0
1007.8473751427481 800.0
1008.0907708184001 804.0
1008.3341574343445 795.0
1008.5775349900982 809.0
1008.8209034851784 803.0
1009.0642629191013 796.0
1009.3076132913841 808.0
1009.5509546015439 796.0
1009.7942868490973 808.0
1010.0376100335611 807.0
1010.2809241544525 808.0
1010.5242292112879 800.0
1010.7675252035845 796.0
1011.010812130859 801.0
1011.2540899926286 802.0
1011.4973587884098 807.0
1011.7406185177194 806.0
1011.9838691800747 806.0
1012.2271107749921 809.0
1012.470343301989 791.0
1012.7135667605817 798.0
1012.9567811502875 806.0
1013.1999864706231 800.0
1013.4431827211052 805.0
1013.686369901251 789.0
1013.929548010577 797.0
1014.1727170486006 795.0
1014.4158770148383 784.0
1014.6590279088067 798.0
1014.9021697300233 801.0
1015.1453024780044 794.0
1015.3884261522674 800.0
1015.6315407523286 808.0
1015.8746462777051 800.0
1016.1177427279141 806.0
1016.3608301024719 810.0
1016.603908400896 806.0
1016.8469776227028 809.0
1017.0900377674091 806.0
1017.3330888345322 792.0
1017.5761308235883 795.0
1017.8191637340951 781.0
1018.0621875655689 804.0
1018.3052023175269 808.0
1018.5482079894858 798.0
1018.7912045809622 799.0
1019.0341920914735 800.0
1019.2771705205361 798.0
1019.5201398676672 800.0
1019.7631001323837 811.0
1020.006051314202 795.0
1020.2489934126395 794.0
1020.4919264272125 797.0
1020.7348503574386 800.0
1020.9777652028342 809.0
1021.2206709629161 796.0
1021.4635676372014 805.0
1021.7064552252067 802.0
1021.9493337264495 787.0
1022.1922031404459 805.0
1022.4350634667132 799.0
1022.6779147047681 785.0
1022.9207568541273 798.0
1023.1635899143083 797.0
1023.4064138848273 784.0
1023.6492287652015 781.0
1023.8920345549478 794.0
1024.134831253583 790.0
1024.377618860624 793.0
1024.6203973755871 797.0
1024.8631667979898 808.0
1025.1059271273493 794.0
1025.3486783631818 796.0
1025.5914205050044 801.0
1025.8341535523336 795.0
1026.076877504687 800.0
1026.3195923615808 802.0
1026.5622981225324 794.0
1026.8049947870584 803.0
1027.0476823546753 799.0
1027.2903608249007 772.0
1027.5330301972513 789.0
1027.7756904712435 781.0
1028.0183416463947 790.0
1028.260983722221 797.0
1028.5036166982402 807.0
1028.7462405739689 789.0
1028.9888553489234 794.0
1029.2314610226213 801.0
1029.474057594579 794.0
1029.7166450643138 791.0
1029.9592234313418 792.0
1030.2017926951808 795.0
1030.4443528553472 793.0
1030.6869039113576 789.0
1030.9294458627296 801.0
1031.1719787089794 798.0
1031.414502449624 793.0
1031.6570170841808 789.0
1031.8995226121658 797.0
1032.1420190330966 806.0
1032.3845063464896 799.0
1032.6269845518618 808.0
1032.8694536487305 794.0
1033.111913636612 801.0
1033.3543645150232 789.0
1033.596806283481 788.0
1033.8392389415026 797.0
1034.081662488605 797.0
1034.324076924304 801.0
1034.566482248118 811.0
1034.8088784595625 818.0
1035.0512655581551 800.0
1035.2936435434124 793.0
1035.5360124148515 787.0
1035.778372171989 802.0
1036.020722814342 805.0
1036.2630643414275 784.0
1036.5053967527615 794.0
1036.7477200478622 797.0
1036.9900342262456 813.0
1037.2323392874284 811.0
1037.4746352309282 807.0
1037.7169220562612 809.0
1037.9591997629448 803.0
1038.2014683504956 805.0
1038.4437278184303 787.0
1038.685978166266 806.0
1038.9282193935196 808.0
1039.170451499708 795.0
1039.4126744843477 798.0
1039.6548883469559 799.0
1039.8970930870496 801.0
1040.1392887041452 800.0
1040.3814751977598 805.0
1040.6236525674105 796.0
1040.8658208126137 798.0
1041.107979932887 798.0
1041.3501299277466 797.0
1041.5922707967095 813.0
1041.8344025392926 802.0
1042.0765251550129 804.0
1042.3186386433872 798.0
1042.5607430039322 800.0
1042.802838236165 786.0
1043.0449243396022 797.0
1043.2870013137613 800.0
1043.5290691581586 807.0
1043.7711278723107 791.0
1044.013177455735 794.0
1044.2552179079482 804.0
1044.4972492284676 789.0
1044.7392714168093 798.0
1044.9812844724902 789.0
1045.223288395028 787.0
1045.4652831839387 794.0
1045.70726883874 792.0
1045.949245358948 800.0
1046.1912127440798 798.0
1046.4331709936528 802.0
1046.675120107183 802.0
1046.9170600841878 800.0
1047.1589909241836 790.0
1047.400912626688 798.0
1047.6428251912175 795.0
1047.8847286172886 799.0
1048.1266229044188 802.0
1048.3685080521243 805.0
1048.6103840599228 786.0
1048.8522509273307 779.0
1049.0941086538646 785.0
1049.3359572390418 793.0
1049.577796682379 801.0
1049.819626983393 810.0
1050.061448141601 810.0
1050.3032601565194 796.0
1050.5450630276655 808.0
1050.7868567545556 796.0
1051.0286413367073 790.0
1051.270416773637 794.0
1051.5121830648616 792.0
1051.7539402098982 790.0
1051.9956882082631 794.0
1052.237427059474 796.0
1052.479156763047 806.0
1052.7208773184996 810.0
1052.9625887253483 799.0
1053.2042909831098 795.0
1053.4459840913016 790.0
1053.6876680494397 793.0
1053.929342857042 805.0
1054.1710085136244 799.0
1054.4126650187043 808.0
1054.6543123717986 793.0
1054.8959505724238 806.0
1055.1375796200969 809.0
1055.3791995143351 815.0
1055.620810254655 796.0
1055.8624118405735 808.0
1056.1040042716074 789.0
1056.3455875472737 789.0
1056.5871616670893 798.0
1056.8287266305706 800.0
1057.070282437235 794.0
1057.3118290865991 789.0
1057.5533665781802 779.0
1057.7948949114943 804.0
1058.0364140860593 793.0
1058.2779241013916 801.0
1058.5194249570077 795.0
1058.760916652425 799.0
1059.0023991871599 816.0
1059.24387256073 807.0
1059.4853367726514 809.0
1059.7267918224413 802.0
1059.968237709617 799.0
1060.2096744336943 795.0
1060.451101994191 795.0
1060.6925203906237 801.0
1060.933929622509 808.0
1061.1753296893642 798.0
1061.4167205907056 797.0
1061.6581023260508 790.0
1061.8994748949162 788.0
1062.1408382968189 796.0
1062.3821925312755 813.0
1062.6235375978026 799.0
1062.8648734959181 792.0
1063.1062002251376 805.0
1063.3475177849793 803.0
1063.588826174959 796.0
1063.830125394594 804.0
1064.0714154434013 806.0
1064.312696320897 784.0
1064.553968026599 790.0
1064.7952305600238 795.0
1065.036483920688 798.0
1065.2777281081087 792.0
1065.5189631218025 813.0
1065.7601889612868 795.0
1066.001405626078 806.0
1066.2426131156928 794.0
1066.4838114296492 802.0
1066.7250005674625 794.0
1066.9661805286507 795.0
1067.2073513127305 787.0
1067.4485129192178 777.0
1067.689665347631 794.0
1067.9308085974856 809.0
1068.1719426682996 807.0
1068.413067559589 792.0
1068.654183270871 797.0
1068.8952898016628 785.0
1069.1363871514804 789.0
1069.3774753198418 792.0
1069.618554306263 811.0
1069.8596241102612 805.0
1070.100684731353 791.0
1070.3417361690556 803.0
1070.582778422886 792.0
1070.8238114923604 790.0
1071.0648353769964 798.0
1071.3058500763104 796.0
1071.5468555898192 807.0
1071.7878519170404 801.0
1072.02883905749 784.0
1072.2698170106853 797.0
1072.5107857761434 788.0
1072.75174535338 787.0
1072.9926957419138 792.0
1073.23363694126 796.0
1073.4745689509368 792.0
1073.7154917704597 794.0
1073.9564053993467 787.0
1074.1973098371145 805.0
1074.4382050832794 816.0
1074.6790911373587 797.0
1074.9199679988692 803.0
1075.1608356673278 790.0
1075.4016941422512 813.0
1075.6425434231562 793.0
1075.8833835095604 790.0
1076.1242144009796 798.0
1076.3650360969316 794.0
1076.6058485969324 793.0
1076.8466519004996 810.0
1077.0874460071498 782.0
1077.3282309163997 793.0
1077.5690066277664 796.0
1077.8097731407665 793.0
1078.0505304549172 803.0
1078.2912785697354 790.0
1078.5320174847377 793.0
1078.772747199441 794.0
1079.0134677133622 798.0
1079.2541790260184 804.0
1079.4948811369263 788.0
1079.7355740456023 797.0
1079.9762577515642 797.0
1080.2169322543277 798.0
1080.4575975534112 808.0
1080.6982536483301 790.0
1080.9389005386022 778.0
1081.179538223744 803.0
1081.4201667032721 808.0
1081.6607859767041 805.0
1081.9013960435564 812.0
1082.1419969033457 808.0
1082.382588555589 797.0
1082.6231709998035 800.0
1082.863744235506 796.0
1083.104308262213 797.0
1083.3448630794412 793.0
1083.5854086867082 807.0
1083.8259450835303 793.0
1084.0664722694248 806.0
1084.306990243908 791.0
1084.5474990064974 790.0
1084.7879985567097 798.0
1085.0284888940612 812.0
1085.2689700180695 789.0
1085.509441928251 790.0
1085.749904624123 803.0
1085.990358105202 793.0
1086.2308023710048 800.0
1086.4712374210485 794.0
1086.71166325485 794.0
1086.9520798719261 813.0
1087.1924872717937 792.0
1087.4328854539694 800.0
1087.6732744179706 797.0
1087.9136541633134 786.0
1088.1540246895156 794.0
1088.3943859960934 792.0
1088.6347380825637 789.0
1088.8750809484436 787.0
1089.1154145932499 786.0
1089.3557390164995 801.0
1089.5960542177095 790.0
1089.836360196396 792.0
1090.0766569520767 810.0
1090.3169444842679 800.0
1090.557222792487 803.0
1090.7974918762502 798.0
1091.037751735075 798.0
1091.2780023684782 803.0
1091.518243775976 797.0
1091.7584759570861 792.0
1091.9986989113247 794.0
1092.2389126382093 796.0
1092.4791171372563 800.0
1092.7193124079827 793.0
1092.9594984499054 791.0
1093.1996752625412 786.0
1093.4398428454072 790.0
1093.68000119802 797.0
1093.9201503198965 792.0
1094.1602902105537 802.0
1094.4004208695083 804.0
1094.6405422962773 798.0
1094.8806544903778 792.0
1095.120757451326 788.0
1095.3608511786392 780.0
1095.6009356718341 782.0
1095.8410109304282 788.0
1096.0810769539376 793.0
1096.3211337418795 803.0
1096.5611812937707 793.0
1096.8012196091279 797.0
1097.0412486874682 803.0
1097.2812685283084 793.0
1097.5212791311658 782.0
1097.7612804955563 797.0
1098.0012726209975 803.0
1098.2412555070064 796.0
1098.4812291530989 805.0
1098.721193558793 801.0
1098.961148723605 781.0
1099.2010946470518 794.0
1099.4410313286503 802.0
1099.6809587679172 793.0
1099.92087696437 794.0
1100.1607859175251 799.0
1100.400685626899 802.0
1100.640576092009 790.0
1100.880457312372 802.0
1101.1203292875052 785.0
1101.3601920169247 783.0
1101.6000455001479 797.0
1101.8398897366915 793.0
1102.079724726072 797.0
1102.3195504678072 799.0
1102.559366961413 799.0
1102.7991742064069 803.0
1103.0389722023056 786.0
1103.2787609486254 802.0
1103.5185404448844 784.0
1103.7583106905984 784.0
1103.9980716852845 791.0
1104.23782342846 785.0
1104.4775659196412 800.0
1104.7172991583454 801.0
1104.9570231440887 789.0
1105.1967378763893 796.0
1105.436443354763 801.0
1105.6761395787273 810.0
1105.9158265477986 805.0
1106.1555042614937 803.0
1106.3951727193298 795.0
1106.6348319208234 795.0
1106.8744818654923 792.0
1107.1141225528525 793.0
1107.3537539824208 804.0
1107.5933761537144 779.0
1107.8329890662503 793.0
1108.072592719545 798.0
1108.3121871131157 803.0
1108.551772246479 806.0
1108.7913481191517 800.0
1109.030914730651 804.0
1109.2704720804938 795.0
1109.5100201681967 796.0
1109.7495589932764 793.0
1109.9890885552504 777.0
1110.2286088536348 800.0
1110.4681198879473 787.0
1110.707621657704 781.0
1110.9471141624224 793.0
1111.1865974016187 773.0
1111.4260713748101 807.0
1111.665536081514 787.0
1111.9049915212463 798.0
1112.1444376935244 797.0
1112.3838745978653 807.0
1112.6233022337854 792.0
1112.8627206008023 796.0
1113.102129698432 805.0
1113.3415295261918 795.0
1113.5809200835986 782.0
1113.820301370169 805.0
1114.0596733854206 802.0
1114.2990361288694 787.0
1114.5383896000326 794.0
1114.7777337984273 796.0
1115.0170687235698 791.0
1115.2563943749778 788.0
1115.4957107521673 790.0
1115.7350178546556 799.0
1115.9743156819598 792.0
1116.213604233596 781.0
1116.452883509082 785.0
1116.692153507934 794.0
1116.9314142296694 789.0
1117.1706656738045 797.0
1117.4099078398563 781.0
1117.6491407273422 793.0
1117.8883643357783 798.0
1118.1275786646822 782.0
1118.36678371357 791.0
1118.6059794819594 789.0
1118.8451659693665 803.0
1119.0843431753085 805.0
1119.3235110993026 804.0
1119.5626697408647 802.0
1119.8018190995128 798.0
1120.0409591747637 802.0
1120.2800899661331 782.0
1120.519211473139 785.0
1120.7583236952978 805.0
1120.9974266321262 776.0
1121.236520283142 793.0
1121.4756046478608 797.0
1121.7146797258001 817.0
1121.9537455164768 784.0
1122.192802019408 796.0
1122.4318492341101 787.0
1122.6708871601 807.0
1122.909915796895 797.0
1123.1489351440111 807.0
1123.3879452009662 800.0
1123.6269459672762 800.0
1123.865937442459 785.0
1124.1049196260308 795.0
1124.3438925175087 801.0
