shot=34_position=1_gas=Ar_height=80_RF=150.1W_massflow=500_coils=100.0A_HR4000 spectrum
Wavelength [nm] // Intensity [u.a.] 
194.93414 796.0
195.2037815346219 781.0
195.47341553816543 782.0
195.74304201014752 798.0
196.012660950085 801.0
196.28227235749478 801.0
196.55187623189366 804.0
196.82147257279857 802.0
197.09106137972637 788.0
197.36064265219392 802.0
197.63021638971804 791.0
197.89978259181567 796.0
198.16934125800364 792.0
198.43889238779886 798.0
198.7084359807181 797.0
198.97797203627835 799.0
199.2475005539964 809.0
199.51702153338914 815.0
199.78653497397343 787.0
200.05604087526618 803.0
200.3255392367842 792.0
200.59503005804436 789.0
200.8645133385636 796.0
201.1339890778587 788.0
201.4034572754466 785.0
201.67291793084408 793.0
201.94237104356813 817.0
202.21181661313554 801.0
202.48125463906314 784.0
202.7506851208679 781.0
203.02010805806663 793.0
203.28952345017618 809.0
203.55893129671344 817.0
203.8283315971953 805.0
204.0977243511386 792.0
204.3671095580602 824.0
204.636487217477 814.0
204.90585732890585 818.0
205.17521989186366 809.0
205.44457490586717 799.0
205.7139223704334 794.0
205.98326228507918 815.0
206.2525946493213 793.0
206.5219194626767 783.0
206.79123672466224 801.0
207.06054643479476 796.0
207.32984859259116 797.0
207.59914319756828 796.0
207.86843024924303 795.0
208.13770974713225 805.0
208.40698169075276 795.0
208.6762460796215 787.0
208.94550291325532 797.0
209.2147521911711 806.0
209.48399391288567 819.0
209.75322807791594 798.0
210.02245468577874 812.0
210.29167373599094 799.0
210.56088522806942 811.0
210.83008916153108 807.0
211.09928553589276 801.0
211.3684743506713 807.0
211.63765560538363 806.0
211.9068292995466 810.0
212.175995432677 792.0
212.44515400429182 796.0
212.71430501390782 792.0
212.98344846104192 797.0
213.25258434521103 797.0
213.52171266593191 818.0
213.79083342272153 797.0
214.05994661509675 793.0
214.3290522425744 812.0
214.5981503046713 805.0
214.8672408009044 827.0
215.13632373079054 816.0
215.4053990938466 799.0
215.6744668895894 784.0
215.94352711753592 808.0
216.21257977720293 803.0
216.48162486810728 792.0
216.7506623897659 796.0
217.01969234169565 810.0
217.2887147234134 796.0
217.55772953443596 789.0
217.82673677428028 805.0
218.0957364424632 806.0
218.36472853850154 807.0
218.6337130619122 793.0
218.9026900122121 792.0
219.17165938891804 805.0
219.4406211915469 790.0
219.70957541961562 803.0
219.97852207264097 804.0
220.24746115013983 795.0
220.5163926516291 796.0
220.78531657662566 787.0
221.05423292464639 795.0
221.32314169520808 802.0
221.59204288782766 797.0
221.860936502022 782.0
222.12982253730797 809.0
222.39870099320237 812.0
222.66757186922214 782.0
222.93643516488416 817.0
223.20529087970525 800.0
223.47413901320226 807.0
223.74297956489212 796.0
224.01181253429166 806.0
224.28063792091777 789.0
224.5494557242873 810.0
224.8182659439171 803.0
225.08706857932413 797.0
225.35586363002508 792.0
225.62465109553705 793.0
225.89343097537673 792.0
226.16220326906105 809.0
226.43096797610687 795.0
226.69972509603105 804.0
226.9684746283505 793.0
227.237216572582 800.0
227.50595092824256 806.0
227.7746776948489 806.0
228.04339687191796 798.0
228.31210845896663 804.0
228.5808124555117 789.0
228.84950886107015 827.0
229.11819767515877 797.0
229.38687889729442 816.0
229.65555252699397 802.0
229.92421856377433 794.0
230.1928770071524 794.0
230.46152785664492 813.0
230.73017111176884 811.0
230.99880677204106 798.0
231.26743483697837 803.0
231.53605530609772 808.0
231.8046681789159 808.0
232.07327345494983 816.0
232.34187113371638 805.0
232.61046121473237 812.0
232.87904369751473 797.0
233.14761858158028 803.0
233.41618586644586 792.0
233.68474555162845 790.0
233.95329763664483 817.0
234.2218421210119 794.0
234.49037900424648 812.0
234.7589082858655 809.0
235.02742996538583 814.0
235.29594404232427 799.0
235.56445051619772 814.0
235.8329493865231 804.0
236.10144065281722 804.0
236.36992431459691 807.0
236.63840037137916 805.0
236.9068688226808 803.0
237.1753296680186 802.0
237.44378290690955 805.0
237.7122285388704 804.0
237.9806665634181 794.0
238.24909698006957 788.0
238.51751978834153 808.0
238.78593498775095 798.0
239.0543425778147 795.0
239.32274255804958 806.0
239.59113492797255 784.0
239.8595196871004 804.0
240.12789683495004 811.0
240.3962663710383 811.0
240.66462829488208 811.0
240.93298260599826 806.0
241.2013293039037 819.0
241.46966838811522 817.0
241.73799985814978 800.0
242.00632371352418 803.0
242.27463995375527 809.0
242.54294857835998 815.0
242.81124958685515 808.0
243.07954297875764 794.0
243.34782875358434 799.0
243.61610691085207 800.0
243.88437745007772 804.0
244.15264037077822 810.0
244.42089567247035 802.0
244.68914335467105 798.0
244.95738341689716 812.0
245.2256158586655 807.0
245.493840679493 798.0
245.76205787889654 797.0
246.03026745639292 788.0
246.29846941149904 793.0
246.5666637437318 810.0
246.834850452608 799.0
247.1030295376446 797.0
247.37120099835838 802.0
247.63936483426627 792.0
247.9075210448851 789.0
248.17566962973177 790.0
248.4438105883231 794.0
248.71194392017603 815.0
248.98006962480733 806.0
249.248187701734 789.0
249.51629815047275 796.0
249.78440097054056 799.0
250.05249616145431 801.0
250.32058372273076 795.0
250.5886636538869 793.0
250.85673595443953 809.0
251.12480062390551 795.0
251.39285766180177 800.0
251.6609070676451 797.0
251.92894884095242 810.0
252.19698298124058 813.0
252.46500948802645 794.0
252.73302836082692 798.0
253.00103959915882 799.0
253.26904320253902 805.0
253.53703917048443 804.0
253.80502750251188 809.0
254.07300819813827 806.0
254.34098125688044 798.0
254.60894667825525 799.0
254.87690446177962 800.0
255.14485460697037 809.0
255.41279711334434 782.0
255.6807319804185 786.0
255.94865920770962 792.0
256.2165787947346 812.0
256.48449074101035 794.0
256.75239504605366 804.0
257.02029170938147 812.0
257.28818073051065 791.0
257.556062108958 802.0
257.8239358442404 788.0
258.0918019358748 795.0
258.35966038337796 786.0
258.6275111862668 797.0
258.8953543440582 805.0
259.163189856269 806.0
259.4310177224162 807.0
259.6988379420164 778.0
259.9666505145867 796.0
260.23445543964385 793.0
260.50225271670473 808.0
260.77004234528624 797.0
261.03782432490533 798.0
261.3055986550787 798.0
261.5733653353234 798.0
261.8411243651561 793.0
262.1088757440937 807.0
262.37661947165327 804.0
262.6443555473515 799.0
262.9120839707053 794.0
263.1798047412315 799.0
263.44751785844704 798.0
263.7152233218687 788.0
263.98292113101354 789.0
264.2506112853982 814.0
264.51829378453965 790.0
264.7859686279547 802.0
265.05363581516025 798.0
265.32129534567326 812.0
265.5889472190105 793.0
265.8565914346889 797.0
266.1242279922252 796.0
266.39185689113634 797.0
266.65947813093925 795.0
266.9270917111508 796.0
267.19469763128774 800.0
267.46229589086704 785.0
267.72988648940554 789.0
267.9974694264201 788.0
268.2650447014276 804.0
268.53261231394487 808.0
268.80017226348883 801.0
269.0677245495763 795.0
269.3352691717242 789.0
269.60280612944933 808.0
269.8703354222686 794.0
270.13785704969894 799.0
270.40537101125716 803.0
270.67287730646007 795.0
270.9403759348246 795.0
271.2078668958677 804.0
271.47535018910605 795.0
271.7428258140567 799.0
272.01029377023633 814.0
272.2777540571619 805.0
272.5452066743504 778.0
272.81265162131854 799.0
273.08008889758327 801.0
273.34751850266144 812.0
273.6149404360698 806.0
273.8823546973254 792.0
274.1497612859451 811.0
274.4171602014456 802.0
274.6845514433439 808.0
274.95193501115676 800.0
275.2193109044012 790.0
275.486679122594 783.0
275.7540396652521 810.0
276.02139253189216 795.0
276.2887377220313 786.0
276.55607523518626 788.0
276.82340507087395 779.0
277.09072722861123 810.0
277.3580417079149 796.0
277.62534850830195 797.0
277.8926476292892 803.0
278.1599390703934 800.0
278.4272228311316 796.0
278.69449891102056 800.0
278.96176730957717 793.0
279.22902802631836 795.0
279.4962810607609 806.0
279.76352641242164 806.0
280.0307640808177 788.0
280.29799406546556 778.0
280.5652163658824 796.0
280.8324309815849 811.0
281.09963791209003 808.0
281.3668371569146 797.0
281.6340287155756 787.0
281.9012125875897 809.0
282.168388772474 809.0
282.4355572697452 807.0
282.7027180789201 775.0
282.9698711995158 781.0
283.23701663104896 802.0
283.50415437303667 805.0
283.77128442499554 798.0
284.0384067864426 799.0
284.3055214568946 797.0
284.57262843586864 799.0
284.8397277228814 796.0
285.1068193174497 800.0
285.37390321909055 797.0
285.6409794273207 805.0
285.9080479416572 807.0
286.1751087616167 802.0
286.4421618867162 791.0
286.7092073164725 786.0
286.9762450504025 804.0
287.24327508802315 784.0
287.5102974288511 794.0
287.77731207240345 787.0
288.04431901819703 806.0
288.3113182657485 801.0
288.578309814575 808.0
288.84529366419326 807.0
289.1122698141201 782.0
289.37923826387254 786.0
289.6461990129674 778.0
289.91315206092133 789.0
290.18009740725154 793.0
290.44703505147464 801.0
290.7139649931077 796.0
290.98088723166734 789.0
291.24780176667065 796.0
291.5147085976344 803.0
291.78160772407557 808.0
292.04849914551085 793.0
292.3153828614572 799.0
292.58225887143146 788.0
292.8491271749505 805.0
293.1159877715313 790.0
293.3828406606906 794.0
293.6496858419453 799.0
293.9165233148123 784.0
294.1833530788084 787.0
294.4501751334505 816.0
294.71698947825547 808.0
294.9837961127402 785.0
295.2505950364216 795.0
295.5173862488164 799.0
295.78416974944156 805.0
296.050945537814 786.0
296.31771361345045 791.0
296.584473975868 784.0
296.8512266245832 791.0
297.11797155911313 801.0
297.38470877897464 805.0
297.6514382836846 808.0
297.9181600727598 805.0
298.18487414571723 793.0
298.4515805020736 800.0
298.71827914134593 786.0
298.9849700630511 787.0
299.2516532667058 792.0
299.518328751827 793.0
299.78499651793163 800.0
300.0516565645365 782.0
300.3183088911584 797.0
300.58495349731436 801.0
300.8515903825211 784.0
301.1182195462956 811.0
301.3848409881546 798.0
301.65145470761513 799.0
301.91806070419403 803.0
302.184658977408 798.0
302.4512495267741 789.0
302.7178323518091 802.0
302.9844074520298 808.0
303.2509748269532 809.0
303.5175344760962 800.0
303.78408639897555 793.0
304.0506305951082 816.0
304.31716706401096 799.0
304.58369580520065 807.0
304.8502168181943 799.0
305.1167301025086 786.0
305.3832356576606 804.0
305.649733483167 800.0
305.9162235785447 795.0
306.1827059433106 810.0
306.4491805769817 804.0
306.7156474790747 783.0
306.98210664910647 792.0
307.2485580865939 805.0
307.5150017910539 797.0
307.7814377620034 798.0
308.0478659989591 794.0
308.31428650143795 792.0
308.58069926895683 802.0
308.8471043010326 803.0
309.1135015971821 788.0
309.37989115692227 801.0
309.6462729797699 802.0
309.91264706524197 780.0
310.1790134128551 805.0
310.4453720221265 806.0
310.71172289257277 811.0
310.97806602371094 790.0
311.2444014150577 794.0
311.5107290661301 792.0
311.777048976445 792.0
312.04336114551904 797.0
312.30966557286945 793.0
312.5759622580128 791.0
312.8422512004661 808.0
313.1085323997461 796.0
313.3748058553698 810.0
313.641071566854 798.0
313.90732953371554 813.0
314.17357975547145 799.0
314.4398222316384 798.0
314.70605696173334 786.0
314.9722839452731 801.0
315.23850318177466 805.0
315.50471467075477 796.0
315.7709184117303 800.0
316.0371144042182 796.0
316.3033026477353 801.0
316.56948314179846 809.0
316.8356558859246 803.0
317.1018208796305 795.0
317.36797812243304 802.0
317.6341276138491 794.0
317.90026935339563 799.0
318.1664033405894 792.0
318.4325295749473 789.0
318.6986480559862 791.0
318.96475878322303 808.0
319.2308617561746 816.0
319.4969569743577 796.0
319.76304443728935 799.0
320.0291241444864 804.0
320.2951960954656 783.0
320.5612602897438 799.0
320.82731672683815 809.0
321.0933654062652 800.0
321.359406327542 813.0
321.6254394901853 792.0
321.891464893712 824.0
322.157482537639 808.0
322.4234924214832 813.0
322.68949454476143 805.0
322.95548890699064 805.0
323.2214755076875 798.0
323.487454346369 789.0
323.753425422552 788.0
324.01938873575347 795.0
324.2853442854901 786.0
324.55129207127885 799.0
324.8172320926366 805.0
325.08316434908016 784.0
325.34908884012646 802.0
325.61500556529234 792.0
325.8809145240947 790.0
326.14681571605024 800.0
326.4127091406761 795.0
326.6785947974889 812.0
326.9444726860058 785.0
327.2103428057433 808.0
327.47620515621855 811.0
327.74205973694836 794.0
328.00790654744947 792.0
328.2737455872389 795.0
328.5395768558335 815.0
328.80540035275004 805.0
329.0712160775054 801.0
329.33702402961654 797.0
329.6028242086002 792.0
329.86861661397353 811.0
330.13440124525306 802.0
330.4001781019559 795.0
330.66594718359863 794.0
330.9317084896984 812.0
331.19746201977205 812.0
331.46320777333636 801.0
331.7289457499082 772.0
331.9946759490044 802.0
332.2603983701419 786.0
332.5261130128375 796.0
332.79181987660826 788.0
333.05751896097087 797.0
333.3232102654422 793.0
333.58889378953916 784.0
333.85456953277856 818.0
334.1202374946774 791.0
334.38589767475247 810.0
334.6515500725206 802.0
334.9171946874987 794.0
335.18283151920355 781.0
335.4484605671522 808.0
335.7140818308614 805.0
335.97969530984807 794.0
336.245301003629 814.0
336.51089891172114 791.0
336.77648903364127 805.0
337.04207136890636 809.0
337.30764591703326 800.0
337.5732126775387 806.0
337.83877164993976 799.0
338.10432283375314 808.0
338.36986622849577 802.0
338.63540183368457 802.0
338.9009296488363 787.0
339.16644967346787 813.0
339.4319619070962 799.0
339.6974663492381 788.0
339.9629629994105 802.0
340.22845185713027 801.0
340.4939329219141 807.0
340.75940619327906 789.0
341.02487167074196 810.0
341.2903293538197 792.0
341.555779242029 805.0
341.821221334887 799.0
342.0866556319103 802.0
342.3520821326158 802.0
342.6175008365205 794.0
342.8829117431413 790.0
343.1483148519949 793.0
343.41371016259825 795.0
343.6790976744682 802.0
343.9444773871216 799.0
344.20984930007546 804.0
344.4752134128465 802.0
344.74056972495157 813.0
345.0059182359076 798.0
345.27125894523147 805.0
345.53659185244 792.0
345.80191695705014 805.0
346.0672342585787 800.0
346.3325437565426 799.0
346.5978454504585 794.0
346.8631393398436 808.0
347.1284254242145 809.0
347.3937037030882 809.0
347.6589741759816 784.0
347.92423684241146 790.0
348.1894917018946 801.0
348.4547387539481 801.0
348.71997799808867 789.0
348.9852094338332 797.0
349.2504330606986 786.0
349.51564887820166 803.0
349.7808568858593 796.0
350.0460570831885 798.0
350.31124946970584 799.0
350.57643404492853 799.0
350.84161080837316 804.0
351.1067797595568 797.0
351.3719408979961 802.0
351.63709422320824 802.0
351.90223973470984 807.0
352.16737743201776 798.0
352.43250731464894 817.0
352.69762938212034 796.0
352.9627436339487 789.0
353.2278500696509 794.0
353.49294868874387 796.0
353.7580394907444 801.0
354.02312247516943 809.0
354.28819764153576 797.0
354.55326498936034 800.0
354.81832451816 815.0
355.08337622745165 799.0
355.348420116752 800.0
355.613456185578 803.0
355.8784844334467 790.0
356.1435048598747 805.0
356.4085174643791 814.0
356.6735222464765 820.0
356.938519205684 798.0
357.2035083415184 788.0
357.46848965349653 790.0
357.73346314113536 787.0
357.9984288039516 820.0
358.2633866414622 809.0
358.528336653184 791.0
358.793278838634 782.0
359.05821319732894 799.0
359.3231397287857 797.0
359.5880584325211 778.0
359.8529693080521 811.0
360.1178723548955 815.0
360.3827675725683 796.0
360.64765496058726 798.0
360.9125345184692 802.0
361.1774062457311 804.0
361.44227014188965 808.0
361.707126206462 787.0
361.9719744389649 792.0
362.2368148389151 796.0
362.5016474058295 784.0
362.766472139225 805.0
363.0312890386186 803.0
363.296098103527 790.0
363.5608993334672 808.0
363.82569272795587 804.0
364.09047828651006 807.0
364.35525600864656 801.0
364.6200258938823 800.0
364.8847879417341 801.0
365.1495421517188 796.0
365.41428852335326 804.0
365.67902705615444 806.0
365.9437577496392 798.0
366.2084806033243 801.0
366.4731956167267 806.0
366.7379027893632 794.0
367.0026021207507 802.0
367.2672936104061 805.0
367.5319772578463 812.0
367.79665306258806 792.0
368.06132102414836 818.0
368.32598114204393 812.0
368.59063341579173 795.0
368.85527784490864 803.0
369.1199144289115 791.0
369.3845431673172 815.0
369.6491640596426 801.0
369.91377710540445 812.0
370.1783823041198 794.0
370.44297965530546 801.0
370.70756915847835 810.0
370.97215081315517 806.0
371.2367246188529 802.0
371.5012905750884 797.0
371.7658486813786 793.0
372.0303989372402 788.0
372.29494134219027 811.0
372.5594758957455 803.0
372.82400259742286 795.0
373.08852144673915 798.0
373.3530324432114 794.0
373.6175355863563 779.0
373.8820308756908 786.0
374.1465183107317 808.0
374.410997890996 817.0
374.6754696160004 793.0
374.93993348526186 801.0
375.2043894982973 798.0
375.4688376546235 808.0
375.7332779537573 807.0
375.9977103952157 809.0
376.26213497851546 784.0
376.52655170317354 805.0
376.7909605687067 811.0
377.05536157463183 799.0
377.3197547204658 814.0
377.5841400057256 792.0
377.84851742992794 798.0
378.11288699258984 792.0
378.37724869322795 781.0
378.64160253135935 808.0
378.90594850650075 800.0
379.1702866181692 799.0
379.4346168658814 797.0
379.69893924915425 801.0
379.9632537675047 795.0
380.2275604204495 812.0
380.49185920750574 798.0
380.75615012819 797.0
381.0204331820193 805.0
381.2847083685105 799.0
381.5489756871804 808.0
381.8132351375459 803.0
382.07748671912407 801.0
382.34173043143153 787.0
382.6059662739852 793.0
382.8701942463019 803.0
383.1344143478986 794.0
383.3986265782921 801.0
383.6628309369994 798.0
383.92702742353725 790.0
384.1912160374225 804.0
384.45539677817203 806.0
384.7195696453027 790.0
384.98373463833155 800.0
385.2478917567753 791.0
385.5120410001507 801.0
385.7761823679748 780.0
386.0403158597644 786.0
386.30444147503647 798.0
386.5685592133077 806.0
386.8326690740951 796.0
387.09677105691543 795.0
387.36086516128563 796.0
387.6249513867226 794.0
387.88902973274315 804.0
388.15310019886414 804.0
388.41716278460245 804.0
388.68121748947493 780.0
388.9452643129986 793.0
389.2093032546901 796.0
389.47333431406645 793.0
389.73735749064434 805.0
390.0013727839409 808.0
390.2653801934728 810.0
390.52937971875696 801.0
390.7933713593103 789.0
391.05735511464974 801.0
391.3213309842919 804.0
391.5852989677539 806.0
391.8492590645524 787.0
392.1132112742045 818.0
392.37715559622694 821.0
392.6410920301366 816.0
392.9050205754503 796.0
393.1689412316849 814.0
393.43285399835736 795.0
393.69675887498465 800.0
393.96065586108335 818.0
394.2245449561705 809.0
394.4884261597629 807.0
394.75229947137757 814.0
395.01616489053123 795.0
395.28002241674085 795.0
395.5438720495231 807.0
395.80771378839506 807.0
396.0715476328735 793.0
396.33537358247537 804.0
396.5991916367174 791.0
396.86300179511665 794.0
397.12680405718976 797.0
397.39059842245376 791.0
397.65438489042543 805.0
397.91816346062177 784.0
398.18193413255955 793.0
398.4456969057556 802.0
398.7094517797268 805.0
398.97319875399006 797.0
399.2369378280623 813.0
399.50066900146027 796.0
399.764392273701 800.0
400.02810764430114 791.0
400.2918151127777 785.0
400.55551467864757 785.0
400.81920634142756 812.0
401.08289010063453 798.0
401.34656595578537 796.0
401.6102339063969 797.0
401.8738939519861 810.0
402.1375460920697 796.0
402.4011903261647 803.0
402.6648266537879 782.0
402.92845507445617 798.0
403.1920755876863 802.0
403.4556881929953 802.0
403.71929288990003 790.0
403.98288967791734 800.0
404.246478556564 799.0
404.5100595253569 796.0
404.77363258381297 803.0
405.03719773144906 795.0
405.3007549677821 792.0
405.56430429232887 798.0
405.82784570460626 801.0
406.0913792041311 808.0
406.35490479042033 786.0
406.61842246299085 801.0
406.88193222135936 817.0
407.14543406504293 821.0
407.4089279935582 789.0
407.6724140064223 796.0
407.9358921031519 805.0
408.19936228326395 802.0
408.4628245462754 805.0
408.7262788917029 792.0
408.9897253190635 810.0
409.25316382787395 802.0
409.5165944176513 811.0
409.7800170879122 803.0
410.04343183817366 801.0
410.30683866795243 801.0
410.57023757676546 785.0
410.83362856412975 789.0
411.09701162956185 807.0
411.3603867725789 803.0
411.62375399269763 797.0
411.887113289435 795.0
412.1504646623078 799.0
412.4138081108329 804.0
412.6771436345273 811.0
412.94047123290767 797.0
413.20379090549096 801.0
413.46710265179405 802.0
413.7304064713339 803.0
413.9937023636272 810.0
414.25699032819097 812.0
414.52027036454194 801.0
414.78354247219704 804.0
415.0468066506732 799.0
415.31006289948726 821.0
415.5733112181561 800.0
415.83655160619645 802.0
416.0997840631253 804.0
416.3630085884595 786.0
416.62622518171594 809.0
416.8894338424115 801.0
417.152634570063 802.0
417.4158273641873 789.0
417.67901222430123 802.0
417.9421891499217 797.0
418.2053581405658 809.0
418.46851919575005 797.0
418.7316723149915 808.0
418.99481749780693 798.0
419.2579547437133 799.0
419.5210840522274 811.0
419.78420542286625 795.0
420.04731885514644 791.0
420.31042434858506 812.0
420.573521902699 821.0
420.83661151700494 794.0
421.0996931910199 817.0
421.3627669242608 806.0
421.6258327162443 806.0
421.88889056648736 797.0
422.1519404745069 801.0
422.41498243981977 816.0
422.6780164619429 800.0
422.9410425403929 799.0
423.2040606746869 807.0
423.46707086434174 809.0
423.7300731088742 798.0
423.9930674078012 798.0
424.25605376063965 785.0
424.5190321669063 781.0
424.782002626118 803.0
425.0449651377918 811.0
425.30791970144446 798.0
425.57086631659286 804.0
425.83380498275386 807.0
426.0967356994443 799.0
426.3596584661811 810.0
426.6225732824811 798.0
426.88548014786113 788.0
427.14837906183817 795.0
427.411270023929 794.0
427.6741530336505 788.0
427.9370280905195 797.0
428.199895194053 796.0
428.46275434376776 804.0
428.72560553918066 819.0
428.98844877980855 802.0
429.2512840651683 788.0
429.51411139477693 791.0
429.77693076815115 812.0
430.03974218480784 791.0
430.3025456442639 802.0
430.5653411460361 816.0
430.82812868964146 788.0
431.09090827459687 805.0
431.353679900419 785.0
431.61644356662487 789.0
431.87919927273134 798.0
432.1419470182551 806.0
432.40468680271334 812.0
432.66741862562276 805.0
432.93014248650013 786.0
433.1928583848624 795.0
433.45556632022647 800.0
433.7182662921092 803.0
433.9809583000275 803.0
434.24364234349815 805.0
434.506318422038 805.0
434.768986535164 805.0
435.031646682393 810.0
435.2942988632418 800.0
435.55694307722734 789.0
435.81957932386655 793.0
436.08220760267614 803.0
436.34482791317305 800.0
436.6074402548742 805.0
436.8700446272964 809.0
437.1326410299566 806.0
437.3952294623715 814.0
437.65780992405803 793.0
437.9203824145332 784.0
438.1829469333138 799.0
438.4455034799166 790.0
438.7080520538586 801.0
438.9705926546565 816.0
439.23312528182737 799.0
439.49564993488787 789.0
439.7581666133551 785.0
440.0206753167459 797.0
440.28317604457686 800.0
440.5456687963651 813.0
440.8081535716274 812.0
441.07063036988075 796.0
441.3330991906418 782.0
441.5955600334276 800.0
441.858012897755 796.0
442.12045778314075 803.0
442.3828946891018 818.0
442.6453236151551 790.0
442.9077445608174 793.0
443.17015752560553 802.0
443.4325625090365 798.0
443.69495951062703 807.0
443.95734852989415 789.0
444.21972956635454 789.0
444.4821026195253 795.0
444.74446768892307 816.0
445.00682477406485 793.0
445.2691738744674 806.0
445.5315149896478 806.0
445.79384811912274 811.0
446.05617326240906 798.0
446.31849041902376 813.0
446.58079958848356 794.0
446.8431007703055 789.0
447.10539396400634 794.0
447.367679169103 784.0
447.6299563851123 800.0
447.892225611551 804.0
448.15448684793625 789.0
448.4167400937847 799.0
448.67898534861325 821.0
448.9412226119389 795.0
449.2034518832783 795.0
449.46567316214856 813.0
449.72788644806633 787.0
449.99009174054856 807.0
450.2522890391122 801.0
450.514478343274 792.0
450.77665965255085 790.0
451.0388329664597 794.0
451.30099828451733 795.0
451.5631556062406 792.0
451.82530493114655 795.0
452.08744625875175 788.0
452.3495795885734 808.0
452.6117049201281 812.0
452.87382225293277 780.0
453.13593158650446 798.0
453.3980329203598 793.0
453.6601262540158 804.0
453.9222115869893 807.0
454.1842889187971 800.0
454.4463582489562 790.0
454.70841957698343 796.0
454.97047290239556 794.0
455.23251822470957 797.0
455.49455554344223 805.0
455.75658485811044 806.0
456.0186061682312 790.0
456.2806194733211 790.0
456.5426247728973 798.0
456.8046220664765 789.0
457.0666113535756 802.0
457.32859263371154 798.0
457.5905659064011 815.0
457.8525311711611 798.0
458.1144884275086 785.0
458.37643767496024 809.0
458.6383789130331 788.0
458.9003121412439 791.0
459.1622373591095 786.0
459.4241545661469 802.0
459.68606376187284 808.0
459.9479649458043 786.0
460.2098581174581 784.0
460.471743276351 794.0
460.733620422 796.0
460.9954895539219 800.0
461.2573506716337 800.0
461.51920377465206 778.0
461.78104886249406 795.0
462.0428859346764 810.0
462.304714990716 813.0
462.5665360301298 810.0
462.82834905243453 806.0
463.09015405714723 804.0
463.35195104378465 808.0
463.6137400118636 798.0
463.8755209609011 791.0
464.13729389041396 786.0
464.399058799919 790.0
464.6608156889332 797.0
464.92256455697327 798.0
465.18430540355615 782.0
465.4460382281988 806.0
465.707763030418 808.0
465.96947980973056 790.0
466.23118856565344 788.0
466.49288929770347 789.0
466.75458200539765 805.0
467.0162666882526 792.0
467.27794334578533 796.0
467.5396119775127 799.0
467.8012725829516 812.0
468.0629251616188 802.0
468.3245697130314 793.0
468.586206236706 780.0
468.8478347321596 790.0
469.109455198909 814.0
469.3710676364711 811.0
469.6326720443629 808.0
469.89426842210105 812.0
470.1558567692025 814.0
470.4174370851842 804.0
470.6790093695629 802.0
470.94057362185555 801.0
471.20212984157905 811.0
471.4636780282501 804.0
471.72521818138574 793.0
471.9867503005027 802.0
472.248274385118 790.0
472.5097904347484 803.0
472.7712984489108 809.0
473.03279842712203 798.0
473.29429036889906 801.0
473.55577427375863 794.0
473.8172501412177 799.0
474.07871797079315 798.0
474.34017776200176 793.0
474.6016295143605 795.0
474.8630732273861 790.0
475.1245089005955 796.0
475.3859365335057 812.0
475.64735612563334 789.0
475.9087676764954 784.0
476.1701711856088 796.0
476.4315666524903 799.0
476.6929540766569 805.0
476.95433345762535 783.0
477.2157047949125 797.0
477.47706808803537 807.0
477.7384233365106 786.0
477.9997705398553 781.0
478.26110969758616 788.0
478.52244080922014 797.0
478.78376387427414 792.0
479.04507889226494 791.0
479.3063858627094 804.0
479.5676847851245 789.0
479.828975659027 813.0
480.0902584839338 792.0
480.3515332593618 805.0
480.61279998482775 805.0
480.8740586598487 803.0
481.13530928394147 800.0
481.3965518566228 801.0
481.65778637740965 808.0
481.9190128458189 799.0
482.1802312613674 808.0
482.4414416235721 813.0
482.70264393194964 793.0
482.9638381860171 797.0
483.2250243852913 805.0
483.4862025292891 828.0
483.7473726175273 803.0
484.0085346495229 804.0
484.26968862479265 802.0
484.5308345428534 802.0
484.79197240322225 792.0
485.0531022054157 805.0
485.314223948951 796.0
485.57533763334476 791.0
485.8364432581139 805.0
486.0975408227754 793.0
486.35863032684597 815.0
486.61971176984247 772.0
486.880785151282 791.0
487.1418504706812 813.0
487.402907727557 805.0
487.66395692142635 811.0
487.92499805180597 809.0
488.18603111821284 804.0
488.44705612016384 805.0
488.7080730571757 800.0
488.9690819287655 796.0
489.2300827344499 809.0
489.49107547374587 796.0
489.75206014617027 795.0
490.01303675124 793.0
490.27400528847187 797.0
490.53496575738274 791.0
490.79591815748955 791.0
491.05686248830915 811.0
491.31779874935836 802.0
491.57872694015396 817.0
491.8396470602131 816.0
492.1005591090524 806.0
492.3614630861888 806.0
492.6223589911392 796.0
492.88324682342045 811.0
493.14412658254946 795.0
493.40499826804296 795.0
493.66586187941795 796.0
493.92671741619125 791.0
494.18756487787977 800.0
494.44840426400026 810.0
494.70923557406974 804.0
494.97005880760497 801.0
495.23087396412285 800.0
495.4916810431403 801.0
495.7524800441741 797.0
496.01327096674123 801.0
496.27405381035845 797.0
496.53482857454264 796.0
496.79559525881075 802.0
497.05635386267954 799.0
497.31710438566597 790.0
497.57784682728686 805.0
497.8385811870591 795.0
498.0993074644995 802.0
498.360025659125 803.0
498.6207357704524 802.0
498.88143779799873 803.0
499.14213174128065 801.0
499.40281759981514 809.0
499.6634953731191 800.0
499.92416506070924 802.0
500.1848266621026 799.0
500.445480176816 800.0
500.70612560436615 800.0
500.96676294427016 818.0
501.22739219604483 796.0
501.48801335920695 820.0
501.74862643327344 805.0
502.00923141776116 794.0
502.2698283121869 813.0
502.5304171160677 798.0
502.7909978289203 791.0
503.0515704502616 803.0
503.31213497960846 801.0
503.57269141647777 801.0
503.8332397603864 801.0
504.09378001085116 796.0
504.354312167389 784.0
504.6148362295168 798.0
504.8753521967513 814.0
505.1358600686094 817.0
505.3963598446082 808.0
505.6568515242642 807.0
505.9173351070945 801.0
506.17781059261597 805.0
506.4382779803454 808.0
506.69873726979966 799.0
506.95918846049574 796.0
507.2196315519502 794.0
507.4800665436803 800.0
507.74049343520267 803.0
508.00091222603425 780.0
508.261322915692 793.0
508.5217255036924 808.0
508.7821199895529 798.0
509.0425063727899 796.0
509.3028846529204 805.0
509.5632548294615 797.0
509.8236169019296 805.0
510.0839708698421 789.0
510.3443167327155 784.0
510.60465449006676 789.0
510.8649841414127 798.0
511.12530568627034 807.0
511.3856191241566 802.0
511.64592445458794 803.0
511.90622167708165 806.0
512.1665107911545 804.0
512.4267917963232 799.0
512.6870646921047 804.0
512.947329478016 802.0
513.2075861535739 808.0
513.467834718295 807.0
513.7280751716964 800.0
513.9883075132952 807.0
514.248531742608 794.0
514.5087478591515 794.0
514.7689558624429 801.0
515.0291557519989 795.0
515.2893475273365 804.0
515.5495311879723 782.0
515.8097067334235 796.0
516.0698741632067 807.0
516.3300334768389 814.0
516.5901846738369 808.0
516.8503277537177 810.0
517.1104627159981 811.0
517.3705895601947 795.0
517.630708285825 785.0
517.8908188924053 801.0
518.1509213794526 816.0
518.411015746484 792.0
518.6711019930159 787.0
518.9311801185657 792.0
519.19125012265 791.0
519.4513120047856 805.0
519.7113657644896 786.0
519.9714114012784 800.0
520.2314489146695 814.0
520.4914783041794 808.0
520.751499569325 796.0
521.0115127096234 812.0
521.271517724591 788.0
521.5315146137451 798.0
521.7915033766022 793.0
522.0514840126796 784.0
522.3114565214938 802.0
522.5714209025618 803.0
522.8313771554007 794.0
523.0913252795269 810.0
523.3512652744578 792.0
523.6111971397097 813.0
523.8711208747998 797.0
524.1310364792452 802.0
524.390943952562 802.0
524.6508432942679 813.0
524.9107345038794 793.0
525.1706175809132 811.0
525.4304925248866 806.0
525.690359335316 799.0
525.9502180117188 804.0
526.2100685536113 799.0
526.4699109605107 800.0
526.729745231934 801.0
526.9895713673975 800.0
527.2493893664187 815.0
527.5091992285141 804.0
527.7690009532007 795.0
528.0287945399953 799.0
528.2885799884149 799.0
528.5483572979764 792.0
528.8081264681963 788.0
529.0678874985917 791.0
529.3276403886796 817.0
529.5873851379768 829.0
529.8471217460001 788.0
530.1068502122662 796.0
530.3665705362923 789.0
530.6262827175951 809.0
530.8859867556915 809.0
531.1456826500984 804.0
531.4053704003326 815.0
531.6650500059111 803.0
531.9247214663504 779.0
532.1843847811678 793.0
532.4440399498801 785.0
532.7036869720038 779.0
532.9633258470562 805.0
533.222956574554 805.0
533.4825791540142 805.0
533.7421935849534 796.0
534.0017998668885 793.0
534.2613979993366 817.0
534.5209879818145 803.0
534.780569813839 795.0
535.0401434949268 798.0
535.2997090245951 788.0
535.5592664023607 791.0
535.8188156277402 798.0
536.0783567002508 789.0
536.3378896194092 799.0
536.5974143847321 806.0
536.8569309957369 789.0
537.1164394519398 796.0
537.3759397528582 795.0
537.6354318980087 793.0
537.8949158869082 785.0
538.1543917190737 809.0
538.4138593940218 806.0
538.6733189112697 799.0
538.932770270334 815.0
539.1922134707318 795.0
539.4516485119797 802.0
539.7110753935946 777.0
539.9704941150937 810.0
540.2299046759937 811.0
540.4893070758112 795.0
540.7487013140633 811.0
541.008087390267 809.0
541.2674653039389 808.0
541.526835054596 804.0
541.7861966417552 801.0
542.0455500649333 803.0
542.3048953236471 791.0
542.5642324174137 793.0
542.8235613457497 785.0
543.0828821081722 806.0
543.3421947041979 792.0
543.6014991333436 814.0
543.8607953951266 808.0
544.1200834890632 810.0
544.3793634146708 800.0
544.6386351714658 803.0
544.8978987589653 804.0
545.1571541766862 791.0
545.4164014241451 801.0
545.6756405008593 804.0
545.9348714063455 802.0
546.1940941401203 807.0
546.4533087017008 801.0
546.712515090604 805.0
546.9717133063466 803.0
547.2309033484453 791.0
547.4900852164174 796.0
547.7492589097793 806.0
548.0084244280482 798.0
548.2675817707409 804.0
548.526730937374 804.0
548.7858719274648 802.0
549.0450047405299 787.0
549.3041293760863 806.0
549.5632458336507 802.0
549.82235411274 804.0
550.0814542128714 799.0
550.3405461335612 794.0
550.5996298743269 796.0
550.8587054346848 784.0
551.117772814152 801.0
551.3768320122455 786.0
551.6358830284819 803.0
551.8949258623783 788.0
552.1539605134514 786.0
552.4129869812182 799.0
552.6720052651955 795.0
552.9310153649002 799.0
553.1900172798491 805.0
553.4490110095592 808.0
553.7079965535472 809.0
553.9669739113302 793.0
554.2259430824248 801.0
554.484904066348 801.0
554.7438568626167 802.0
555.0028014707476 794.0
555.261737890258 805.0
555.520666120664 812.0
555.7795861614834 793.0
556.0384980122324 781.0
556.2974016724281 790.0
556.5562971415874 796.0
556.8151844192269 807.0
557.0740635048638 794.0
557.3329343980148 810.0
557.5917970981968 806.0
557.8506516049267 809.0
558.1094979177213 782.0
558.3683360360976 789.0
558.6271659595724 783.0
558.8859876876625 801.0
559.1448012198848 795.0
559.4036065557561 798.0
559.6624036947936 792.0
559.9211926365136 802.0
560.1799733804337 807.0
560.43874592607 813.0
560.6975102729399 799.0
560.9562664205602 801.0
561.2150143684473 798.0
561.4737541161188 796.0
561.732485663091 801.0
561.9912090088809 805.0
562.2499241530056 809.0
562.5086310949818 796.0
562.7673298343262 789.0
563.026020370556 808.0
563.2847027031879 793.0
563.5433768317389 796.0
563.8020427557254 806.0
564.0607004746649 786.0
564.3193499880738 806.0
564.5779912954692 796.0
564.8366243963679 794.0
565.0952492902868 794.0
565.3538659767429 818.0
565.6124744552527 809.0
565.8710747253335 809.0
566.1296667865018 803.0
566.3882506382747 808.0
566.6468262801691 797.0
566.9053937117014 799.0
567.1639529323893 802.0
567.4225039417488 800.0
567.6810467392974 800.0
567.9395813245517 789.0
568.1981076970284 800.0
568.4566258562448 794.0
568.7151358017175 796.0
568.9736375329633 803.0
569.2321310494995 789.0
569.4906163508422 803.0
569.749093436509 810.0
570.0075623060163 808.0
570.2660229588813 791.0
570.5244753946206 794.0
570.7829196127512 779.0
571.0413556127901 799.0
571.2997833942537 799.0
571.5582029566596 796.0
571.8166142995238 801.0
572.075017422364 780.0
572.3334123246967 802.0
572.5917990060384 802.0
572.8501774659068 801.0
573.108547703818 800.0
573.3669097192892 818.0
573.6252635118373 807.0
573.8836090809789 797.0
574.1419464262314 796.0
574.400275547111 789.0
574.6585964431351 800.0
574.9169091138205 812.0
575.1752135586836 802.0
575.4335097772419 799.0
575.6917977690118 803.0
575.9500775335105 802.0
576.2083490702545 797.0
576.4666123787609 803.0
576.7248674585469 804.0
576.9831143091286 806.0
577.2413529300236 807.0
577.4995833207483 791.0
577.7578054808198 804.0
578.0160194097549 792.0
578.2742251070703 802.0
578.5324225722832 790.0
578.7906118049101 788.0
579.0487928044681 782.0
579.3069655704743 801.0
579.565130102445 803.0
579.8232863998975 799.0
580.0814344623485 788.0
580.339574289315 789.0
580.5977058803137 810.0
580.8558292348614 815.0
581.1139443524753 800.0
581.3720512326721 787.0
581.6301498749685 795.0
581.8882402788817 792.0
582.146322443928 777.0
582.4043963696251 789.0
582.6624620554893 797.0
582.9205195010375 793.0
583.1785687057866 785.0
583.4366096692537 801.0
583.6946423909554 793.0
583.9526668704085 798.0
584.2106831071303 795.0
584.4686911006373 797.0
584.7266908504463 802.0
584.9846823560746 803.0
585.2426656170385 805.0
585.5006406328554 788.0
585.7586074030418 812.0
586.0165659271148 802.0
586.2745162045912 802.0
586.5324582349878 794.0
586.7903920178214 790.0
587.0483175526091 819.0
587.3062348388676 798.0
587.5641438761138 802.0
587.8220446638645 793.0
588.0799372016369 790.0
588.3378214889474 793.0
588.5956975253132 816.0
588.8535653102509 810.0
589.1114248432776 799.0
589.3692761239103 782.0
589.6271191516653 797.0
589.88495392606 808.0
590.1427804466111 788.0
590.4005987128355 808.0
590.6584087242501 795.0
590.9162104803713 779.0
591.1740039807169 804.0
591.4317892248029 804.0
591.6895662121466 799.0
591.9473349422648 802.0
592.2050954146741 791.0
592.462847628892 792.0
592.7205915844347 802.0
592.9783272808194 808.0
593.236054717563 795.0
593.493773894182 798.0
593.7514848101939 807.0
594.009187465115 796.0
594.2668818584625 812.0
594.5245679897531 803.0
594.7822458585038 796.0
595.0399154642313 811.0
595.2975768064524 804.0
595.5552298846843 790.0
595.8128746984438 784.0
596.0705112472474 796.0
596.3281395306126 798.0
596.5857595480555 800.0
596.8433712990935 793.0
597.1009747832434 798.0
597.3585700000219 788.0
597.6161569489462 778.0
597.8737356295327 797.0
598.1313060412986 776.0
598.3888681837607 802.0
598.6464220564358 807.0
598.9039676588409 805.0
599.1615049904925 801.0
599.4190340509081 803.0
599.676554839604 809.0
599.9340673560972 809.0
600.1915715999048 795.0
600.4490675705435 813.0
600.7065552675302 790.0
600.9640346903817 797.0
601.221505838615 793.0
601.4789687117469 808.0
601.7364233092942 790.0
601.9938696307739 797.0
602.2513076757026 800.0
602.5087374435976 794.0
602.7661589339755 790.0
603.023572146353 807.0
603.2809770802475 810.0
603.5383737351752 810.0
603.7957621106534 804.0
604.053142206199 804.0
604.3105140213286 798.0
604.5678775555593 802.0
604.8252328084078 797.0
605.0825797793912 812.0
605.3399184680261 802.0
605.5972488738295 806.0
605.8545709963181 810.0
606.111884835009 790.0
606.3691903894193 801.0
606.6264876590651 796.0
606.883776643464 805.0
607.1410573421324 798.0
607.3983297545875 812.0
607.6555938803461 795.0
607.9128497189247 797.0
608.1700972698408 809.0
608.4273365326108 795.0
608.6845675067516 796.0
608.9417901917803 783.0
609.1990045872135 784.0
609.4562106925683 782.0
609.7134085073615 802.0
609.9705980311098 806.0
610.2277792633305 771.0
610.4849522035397 795.0
610.7421168512552 798.0
610.9992732059933 801.0
611.2564212672709 796.0
611.5135610346049 795.0
611.7706925075122 798.0
612.0278156855098 795.0
612.2849305681145 793.0
612.542037154843 795.0
612.7991354452124 793.0
613.0562254387393 801.0
613.3133071349409 802.0
613.5703805333337 792.0
613.8274456334349 806.0
614.0845024347612 789.0
614.3415509368294 800.0
614.5985911391567 810.0
614.8556230412595 796.0
615.1126466426551 814.0
615.36966194286 805.0
615.6266689413914 812.0
615.8836676377659 787.0
616.1406580315004 791.0
616.3976401221121 795.0
616.6546139091173 797.0
616.9115793920333 807.0
617.1685365703769 811.0
617.4254854436648 804.0
617.6824260114142 798.0
617.9393582731417 803.0
618.196282228364 795.0
618.4531978765983 809.0
618.7101052173614 803.0
618.9670042501702 798.0
619.2238949745413 798.0
619.4807773899919 786.0
619.7376514960388 806.0
619.9945172921986 796.0
620.2513747779885 784.0
620.508223952925 796.0
620.7650648165256 809.0
621.0218973683066 790.0
621.2787216077849 806.0
621.5355375344776 798.0
621.7923451479013 805.0
622.0491444475734 812.0
622.3059354330103 790.0
622.5627181037288 791.0
622.8194924592461 806.0
623.0762584990788 804.0
623.333016222744 805.0
623.5897656297584 803.0
623.8465067196389 800.0
624.1032394919024 799.0
624.3599639460657 802.0
624.6166800816459 797.0
624.8733878981594 792.0
625.1300873951237 795.0
625.3867785720552 793.0
625.6434614284708 792.0
625.9001359638876 792.0
626.1568021778221 787.0
626.4134600697917 785.0
626.6701096393127 809.0
626.9267508859024 804.0
627.1833838090776 800.0
627.4400084083547 816.0
627.6966246832512 793.0
627.9532326332837 798.0
628.2098322579691 794.0
628.4664235568243 789.0
628.723006529366 816.0
628.9795811751112 814.0
629.2361474935768 809.0
629.4927054842794 803.0
629.7492551467363 796.0
630.0057964804641 797.0
630.2623294849799 802.0
630.5188541598001 790.0
630.775370504442 797.0
631.0318785184223 809.0
631.2883782012578 800.0
631.5448695524658 794.0
631.8013525715625 796.0
632.0578272580652 798.0
632.3142936114906 809.0
632.5707516313557 788.0
632.8272013171775 814.0
633.0836426684723 786.0
633.3400756847575 786.0
633.5965003655499 796.0
633.8529167103661 797.0
634.1093247187234 805.0
634.3657243901381 804.0
634.6221157241276 808.0
634.8784987202085 794.0
635.1348733778977 802.0
635.3912396967121 802.0
635.6475976761684 787.0
635.9039473157839 789.0
636.1602886150749 810.0
636.4166215735588 794.0
636.6729461907521 800.0
636.9292624661718 799.0
637.1855703993349 807.0
637.4418699897578 795.0
637.6981612369581 804.0
637.9544441404521 782.0
638.2107186997567 792.0
638.4669849143892 802.0
638.7232427838659 795.0
638.979492307704 797.0
639.2357334854204 802.0
639.4919663165317 799.0
639.7481908005552 794.0
640.0044069370073 798.0
640.2606147254052 808.0
640.5168141652655 796.0
640.7730052561054 793.0
641.0291879974413 798.0
641.2853623887906 802.0
641.5415284296699 801.0
641.797686119596 792.0
642.0538354580859 787.0
642.3099764446565 808.0
642.5661090788245 795.0
642.8222333601069 790.0
643.0783492880205 812.0
643.3344568620822 806.0
643.5905560818089 796.0
643.8466469467173 794.0
644.1027294563247 791.0
644.3588036101473 806.0
644.6148694077026 789.0
644.8709268485071 797.0
645.1269759320778 786.0
645.3830166579316 807.0
645.6390490255851 811.0
645.8950730345556 798.0
646.1510886843597 774.0
646.4070959745143 791.0
646.6630949045363 806.0
646.9190854739425 818.0
647.17506768225 810.0
647.4310415289752 798.0
647.6870070136354 812.0
647.9429641357473 800.0
648.1989128948277 792.0
648.4548532903938 799.0
648.7107853219619 813.0
648.9667089890495 790.0
649.222624291173 789.0
649.4785312278494 792.0
649.7344297985958 797.0
649.9903200029287 814.0
650.2462018403652 798.0
650.502075310422 802.0
650.7579404126162 813.0
651.0137971464646 801.0
651.2696455114838 808.0
651.525485507191 790.0
651.7813171331029 810.0
652.0371403887364 791.0
652.2929552736086 797.0
652.5487617872358 796.0
652.8045599291355 801.0
653.0603496988242 799.0
653.3161310958188 810.0
653.5719041196362 801.0
653.8276687697933 802.0
654.0834250458071 799.0
654.3391729471941 795.0
654.5949124734717 799.0
654.8506436241562 792.0
655.1063663987647 784.0
655.3620807968144 803.0
655.6177868178215 788.0
655.8734844613035 811.0
656.129173726777 814.0
656.3848546137588 801.0
656.6405271217659 785.0
656.8961912503149 811.0
657.1518469989231 792.0
657.4074943671071 805.0
657.6631333543837 812.0
657.9187639602701 795.0
658.1743861842826 799.0
658.4300000259387 795.0
658.6856054847549 802.0
658.9412025602483 817.0
659.1967912519353 814.0
659.4523715593333 802.0
659.707943481959 801.0
659.9635070193291 793.0
660.2190621709606 796.0
660.4746089363705 808.0
660.7301473150753 805.0
660.9856773065924 807.0
661.2411989104381 803.0
661.4967121261298 800.0
661.7522169531838 793.0
662.0077133911174 790.0
662.2632014394475 804.0
662.5186810976904 789.0
662.7741523653638 794.0
663.029615241984 810.0
663.2850697270679 810.0
663.5405158201327 798.0
663.7959535206948 792.0
664.0513828282715 786.0
664.3068037423793 787.0
664.5622162625355 787.0
664.8176203882564 797.0
665.0730161190594 810.0
665.3284034544613 792.0
665.5837823939785 809.0
665.8391529371283 796.0
666.0945150834276 807.0
666.349868832393 805.0
666.6052141835415 800.0
666.8605511363899 811.0
667.1158796904554 798.0
667.3711998452544 809.0
667.626511600304 801.0
667.8818149551211 813.0
668.1371099092223 802.0
668.3923964621249 802.0
668.6476746133454 812.0
668.9029443624008 800.0
669.1582057088083 782.0
669.4134586520839 803.0
669.6687031917455 807.0
669.9239393273093 792.0
670.1791670582923 797.0
670.4343863842114 802.0
670.6895973045835 789.0
670.9447998189256 810.0
671.1999939267544 807.0
671.4551796275866 795.0
671.7103569209394 802.0
671.9655258063294 809.0
672.220686283274 800.0
672.475838351289 798.0
672.7309820098925 804.0
672.9861172586005 793.0
673.2412440969302 812.0
673.4963625243987 796.0
673.7514725405223 794.0
674.0065741448183 781.0
674.2616673368035 797.0
674.5167521159946 798.0
674.7718284819086 808.0
675.0268964340622 779.0
675.2819559719727 795.0
675.5370070951565 796.0
675.7920498031307 786.0
676.0470840954122 818.0
676.3021099715176 800.0
676.5571274309642 789.0
676.8121364732684 804.0
677.0671370979474 794.0
677.3221293045178 790.0
677.5771130924968 797.0
677.8320884614011 816.0
678.0870554107474 786.0
678.3420139400529 804.0
678.5969640488343 769.0
678.8519057366083 784.0
679.1068390028922 802.0
679.3617638472023 792.0
679.616680269056 802.0
679.8715882679699 799.0
680.1264878434607 805.0
680.3813789950458 804.0
680.6362617222414 799.0
680.8911360245651 797.0
681.146001901533 801.0
681.4008593526627 800.0
681.6557083774705 798.0
681.9105489754734 788.0
682.1653811461886 809.0
682.4202048891326 798.0
682.6750202038223 798.0
682.9298270897748 794.0
683.1846255465068 808.0
683.4394155735351 794.0
683.6941971703767 810.0
683.9489703365485 803.0
684.2037350715673 820.0
684.4584913749499 795.0
684.7132392462133 809.0
684.9679786848742 794.0
685.2227096904496 804.0
685.4774322624564 805.0
685.7321464004115 801.0
685.9868521038316 800.0
686.2415493722334 802.0
686.4962382051343 799.0
686.7509186020508 799.0
687.0055905624997 806.0
687.2602540859983 790.0
687.514909172063 814.0
687.7695558202109 813.0
688.0241940299587 801.0
688.2788238008236 803.0
688.5334451323221 798.0
688.7880580239712 803.0
689.042662475288 792.0
689.2972584857889 808.0
689.5518460549912 805.0
689.8064251824115 794.0
690.0609958675668 814.0
690.3155581099742 800.0
690.5701119091498 799.0
690.8246572646113 799.0
691.0791941758752 796.0
691.3337226424583 786.0
691.5882426638777 787.0
691.84275423965 802.0
692.0972573692924 792.0
692.3517520523214 790.0
692.6062382882542 801.0
692.8607160766074 804.0
693.1151854168979 805.0
693.3696463086428 811.0
693.6240987513587 794.0
693.8785427445628 809.0
694.1329782877717 802.0
694.3874053805022 798.0
694.6418240222713 798.0
694.8962342125958 798.0
695.1506359509929 795.0
695.405029236979 809.0
695.6594140700711 795.0
695.9137904497863 822.0
696.168158375641 805.0
696.4225178471527 810.0
696.676868863838 807.0
696.9312114252134 808.0
697.1855455307963 794.0
697.4398711801031 804.0
697.6941883726512 807.0
697.9484971079568 808.0
698.2027973855375 800.0
698.4570892049098 797.0
698.7113725655903 799.0
698.9656474670965 807.0
699.2199139089445 801.0
699.4741718906519 802.0
699.7284214117353 803.0
699.9826624717113 801.0
700.2368950700971 797.0
700.4911192064093 802.0
700.7453348801653 805.0
700.9995420908814 797.0
701.2537408380745 798.0
701.5079311212619 814.0
701.7621129399598 785.0
702.016286293686 805.0
702.2704511819566 809.0
702.5246076042886 797.0
702.778755560199 811.0
703.0328950492045 796.0
703.2870260708224 804.0
703.5411486245691 796.0
703.7952627099618 798.0
704.0493683265172 799.0
704.3034654737519 797.0
704.5575541511835 792.0
704.8116343583279 811.0
705.0657060947029 798.0
705.3197693598249 801.0
705.5738241532106 811.0
705.8278704743772 791.0
706.0819083228414 803.0
706.3359376981203 805.0
706.5899585997306 806.0
706.8439710271889 802.0
707.0979749800126 803.0
707.3519704577179 799.0
707.6059574598225 798.0
707.8599359858429 805.0
708.1139060352955 804.0
708.3678676076978 809.0
708.6218207025663 799.0
708.8757653194182 799.0
709.12970145777 793.0
709.3836291171389 804.0
709.6375482970416 799.0
709.8914589969946 792.0
710.1453612165157 805.0
710.3992549551208 800.0
710.6531402123275 798.0
710.9070169876522 811.0
711.1608852806118 820.0
711.4147450907236 802.0
711.6685964175037 813.0
711.9224392604699 810.0
712.1762736191384 798.0
712.4300994930262 800.0
712.6839168816504 788.0
712.9377257845274 795.0
713.1915262011746 800.0
713.4453181311087 807.0
713.6991015738463 802.0
713.9528765289045 787.0
714.2066429958 798.0
714.4604009740502 808.0
714.7141504631712 813.0
714.9678914626805 814.0
715.2216239720948 806.0
715.4753479909306 791.0
715.7290635187052 802.0
715.982770554935 810.0
716.2364690991376 810.0
716.4901591508293 805.0
716.743840709527 801.0
716.9975137747479 804.0
717.2511783460084 798.0
717.5048344228259 806.0
717.7584820047169 789.0
718.0121210911982 794.0
718.2657516817872 799.0
718.519373776 811.0
718.772987373354 808.0
719.026592473366 804.0
719.2801890755527 802.0
719.5337771794311 817.0
719.7873567845179 794.0
720.0409278903304 794.0
720.294490496385 804.0
720.5480446021987 803.0
720.8015902072887 795.0
721.0551273111711 799.0
721.3086559133636 796.0
721.5621760133826 812.0
721.815687610745 788.0
722.0691907049679 793.0
722.3226852955679 805.0
722.5761713820622 799.0
722.8296489639672 808.0
723.0831180408002 790.0
723.3365786120778 835.0
723.5900306773169 797.0
723.8434742360346 811.0
724.0969092877473 795.0
724.3503358319725 792.0
724.6037538682267 803.0
724.8571633960265 785.0
725.1105644148894 815.0
725.3639569243315 794.0
725.6173409238706 785.0
725.8707164130229 789.0
726.1240833913054 785.0
726.3774418582351 797.0
726.6307918133285 799.0
726.8841332561029 797.0
727.137466186075 799.0
727.3907906027619 792.0
727.6441065056802 790.0
727.8974138943464 799.0
728.1507127682783 788.0
728.4040031269918 793.0
728.6572849700045 799.0
728.9105582968331 806.0
729.1638231069941 807.0
729.4170794000048 812.0
729.6703271753817 801.0
729.923566432642 798.0
730.1767971713025 800.0
730.4300193908798 799.0
730.6832330908911 791.0
730.936438270853 806.0
731.1896349302828 783.0
731.442823068697 797.0
731.6960026856123 796.0
731.949173780546 814.0
732.2023363530145 801.0
732.4554904025351 791.0
732.7086359286245 795.0
732.9617729307997 795.0
733.2149014085775 800.0
733.4680213614745 803.0
733.7211327890079 801.0
733.9742356906943 799.0
734.2273300660511 809.0
734.4804159145946 795.0
734.7334932358416 784.0
734.9865620293094 798.0
735.2396222945147 794.0
735.4926740309744 807.0
735.7457172382054 804.0
735.9987519157243 809.0
736.2517780630484 798.0
736.504795679694 786.0
736.7578047651785 783.0
737.0108053190187 794.0
737.2637973407312 828.0
737.516780829833 809.0
737.769755785841 808.0
738.0227222082721 820.0
738.2756800966428 813.0
738.5286294504706 817.0
738.781570269272 821.0
739.0345025525638 807.0
739.2874262998632 817.0
739.5403415106866 801.0
739.7932481845512 805.0
740.046146320974 792.0
740.2990359194714 803.0
740.5519169795606 821.0
740.8047895007583 806.0
741.0576534825816 809.0
741.3105089245472 803.0
741.563355826172 802.0
741.8161941869729 814.0
742.0690240064664 795.0
742.3218452841702 810.0
742.5746580196005 794.0
742.8274622122741 801.0
743.0802578617083 809.0
743.3330449674197 801.0
743.5858235289254 829.0
743.8385935457418 817.0
744.0913550173865 816.0
744.3441079433758 815.0
744.5968523232264 795.0
744.8495881564559 803.0
745.1023154425804 805.0
745.3550341811174 803.0
745.6077443715835 791.0
745.8604460134952 814.0
746.1131391063701 806.0
746.3658236497243 801.0
746.6184996430754 805.0
746.87116708594 799.0
747.1238259778346 801.0
747.3764763182764 788.0
747.6291181067822 812.0
747.8817513428692 797.0
748.1343760260539 795.0
748.3869921558529 802.0
748.6395997317837 816.0
748.8921987533628 804.0
749.1447892201071 805.0
749.3973711315336 787.0
749.6499444871589 800.0
749.9025092865003 834.0
750.1550655290741 820.0
750.4076132143978 839.0
750.6601523419877 842.0
750.912682911361 835.0
751.1652049220347 824.0
751.4177183735251 837.0
751.6702232653497 837.0
751.9227195970248 816.0
752.1752073680677 828.0
752.4276865779954 803.0
752.680157226324 800.0
752.9326193125712 801.0
753.1850728362533 807.0
753.4375177968876 806.0
753.6899541939908 810.0
753.9423820270795 804.0
754.194801295671 807.0
754.4472119992819 806.0
754.6996141374291 794.0
754.9520077096296 798.0
755.2043927154 799.0
755.4567691542577 802.0
755.7091370257187 803.0
755.9614963293008 824.0
756.2138470645202 805.0
756.4661892308942 793.0
756.7185228279395 802.0
756.9708478551728 815.0
757.2231643121112 809.0
757.4754721982714 806.0
757.7277715131704 811.0
757.9800622563251 811.0
758.2323444272521 797.0
758.4846180254688 791.0
758.7368830504913 795.0
758.9891395018373 798.0
759.2413873790232 798.0
759.4936266815657 803.0
759.7458574089821 801.0
759.9980795607888 822.0
760.2502931365033 809.0
760.502498135642 805.0
760.7546945577217 793.0
761.0068824022595 793.0
761.2590616687722 806.0
761.5112323567769 800.0
761.7633944657899 817.0
762.0155479953288 808.0
762.26769294491 801.0
762.5198293140501 798.0
762.7719571022666 813.0
763.024076309076 816.0
763.2761869339953 817.0
763.5282889765415 837.0
763.780382436231 809.0
764.032467312581 819.0
764.2845436051083 814.0
764.53661131333 801.0
764.7886704367629 791.0
765.0407209749233 790.0
765.2927629273288 798.0
765.5447962934958 819.0
765.7968210729414 801.0
766.0488372651824 804.0
766.3008448697357 805.0
766.5528438861181 799.0
766.8048343138464 803.0
767.0568161524378 817.0
767.3087894014087 810.0
767.5607540602764 800.0
767.8127101285577 802.0
768.0646576057691 787.0
768.3165964914278 778.0
768.5685267850505 808.0
768.8204484861544 797.0
769.0723615942561 810.0
769.3242661088722 796.0
769.5761620295201 798.0
769.8280493557162 804.0
770.0799280869778 802.0
770.3317982228216 796.0
770.5836597627642 801.0
770.835512706323 799.0
771.0873570530143 808.0
771.3391928023555 802.0
771.591019953863 806.0
771.8428385070538 802.0
772.094648461445 805.0
772.3464498165532 819.0
772.5982425718955 829.0
772.8500267269885 817.0
773.1018022813494 811.0
773.3535692344948 817.0
773.6053275859415 809.0
773.8570773352067 800.0
774.108818481807 804.0
774.3605510252594 789.0
774.6122749650807 800.0
774.8639903007878 794.0
775.1156970318975 797.0
775.3673951579267 799.0
775.6190846783925 798.0
775.8707655928115 804.0
776.1224379007004 811.0
776.3741016015766 798.0
776.6257566949563 808.0
776.8774031803571 798.0
777.1290410572955 809.0
777.3806703252881 798.0
777.6322909838522 799.0
777.8839030325043 794.0
778.1355064707618 806.0
778.3871012981411 795.0
778.6386875141592 803.0
778.890265118333 795.0
779.1418341101793 792.0
779.3933944892151 800.0
779.6449462549571 798.0
779.8964894069222 822.0
780.1480239446275 809.0
780.3995498675895 784.0
780.6510671753255 805.0
780.9025758673517 817.0
781.1540759431858 798.0
781.4055674023442 788.0
781.6570502443437 779.0
781.9085244687013 786.0
782.159990074934 808.0
782.4114470625585 808.0
782.6628954310918 801.0
782.9143351800503 796.0
783.1657663089516 791.0
783.4171888173119 793.0
783.6686027046486 795.0
783.9200079704783 794.0
784.1714046143178 801.0
784.4227926356843 806.0
784.6741720340941 811.0
784.9255428090647 807.0
785.1769049601126 816.0
785.4282584867548 797.0
785.6796033885082 795.0
785.9309396648893 811.0
786.1822673154155 796.0
786.4335863396033 805.0
786.6848967369698 795.0
786.9361985070317 806.0
787.1874916493058 791.0
787.4387761633094 787.0
787.6900520485588 785.0
787.9413193045713 801.0
788.1925779308636 796.0
788.4438279269523 801.0
788.6950692923548 808.0
788.9463020265875 809.0
789.1975261291677 792.0
789.448741599612 806.0
789.6999484374371 797.0
789.9511466421604 797.0
790.2023362132982 797.0
790.4535171503677 798.0
790.7046894528855 801.0
790.9558531203689 800.0
791.2070081523347 791.0
791.458154548299 790.0
791.7092923077797 795.0
791.9604214302931 799.0
792.2115419153562 785.0
792.462653762486 807.0
792.7137569711989 797.0
792.9648515410123 791.0
793.2159374714428 796.0
793.4670147620074 796.0
793.718083412223 804.0
793.9691434216061 810.0
794.220194789674 802.0
794.4712375159432 803.0
794.722271599931 813.0
794.9732970411541 814.0
795.2243138391292 825.0
795.4753219933733 803.0
795.7263215034031 801.0
795.9773123687357 796.0
796.2282945888878 808.0
796.4792681633767 806.0
796.7302330917187 799.0
796.9811893734307 807.0
797.23213700803 812.0
797.483075995033 807.0
797.7340063339569 810.0
797.9849280243186 805.0
798.2358410656345 804.0
798.4867454574222 784.0
798.7376411991978 798.0
798.9885282904788 804.0
799.2394067307818 790.0
799.4902765196234 802.0
799.741137656521 808.0
799.9919901409909 801.0
800.2428339725506 808.0
800.4936691507165 801.0
800.7444956750055 830.0
800.9953135449347 811.0
801.2461227600207 820.0
801.4969233197808 820.0
801.7477152237312 806.0
801.9984984713894 807.0
802.2492730622722 812.0
802.5000389958959 792.0
802.7507962717781 797.0
803.0015448894349 794.0
803.252284848384 792.0
803.5030161481417 798.0
803.7537387882248 784.0
804.0044527681507 804.0
804.2551580874358 815.0
804.5058547455972 801.0
804.7565427421519 784.0
805.0072220766161 788.0
805.2578927485075 793.0
805.5085547573423 796.0
805.7592081026379 802.0
806.009852783911 796.0
806.2604888006782 791.0
806.5111161524568 800.0
806.7617348387631 805.0
807.0123448591147 807.0
807.2629462130279 789.0
807.5135389000196 789.0
807.7641229196071 802.0
808.0146982713067 798.0
808.2652649546358 817.0
808.5158229691108 800.0
808.7663723142489 805.0
809.016912989567 813.0
809.2674449945815 797.0
809.5179683288098 803.0
809.7684829917686 811.0
810.0189889829746 802.0
810.269486301945 824.0
810.5199749481961 806.0
810.7704549212456 828.0
811.0209262206095 853.0
811.2713888458052 884.0
811.5218427963496 880.0
811.7722880717591 880.0
812.022724671551 875.0
812.2731525952421 851.0
812.5235718423493 820.0
812.7739824123893 794.0
813.0243843048788 809.0
813.2747775193352 812.0
813.5251620552749 805.0
813.7755379122152 809.0
814.0259050896724 791.0
814.276263587164 788.0
814.5266134042064 791.0
814.7769545403165 802.0
815.0272869950115 800.0
815.2776107678079 785.0
815.5279258582229 802.0
815.7782322657732 786.0
816.0285299899754 805.0
816.2788190303468 794.0
816.529099386404 796.0
816.7793710576641 777.0
817.0296340436439 804.0
817.2798883438601 796.0
817.5301339578298 797.0
817.7803708850694 827.0
818.0305991250964 790.0
818.2808186774273 811.0
818.531029541579 786.0
818.7812317170685 800.0
819.0314252034124 795.0
819.281610000128 811.0
819.5317861067317 793.0
819.7819535227408 804.0
820.0321122476719 805.0
820.2822622810417 808.0
820.5324036223675 790.0
820.7825362711658 793.0
821.0326602269538 802.0
821.2827754892483 798.0
821.5328820575656 791.0
821.7829799314234 781.0
822.033069110338 791.0
822.2831495938267 794.0
822.5332213814061 779.0
822.7832844725929 801.0
823.0333388669044 801.0
823.283384563857 809.0
823.533421562968 794.0
823.7834498637541 800.0
824.033469465732 803.0
824.2834803684189 808.0
824.5334825713311 796.0
824.7834760739862 791.0
825.0334608759005 801.0
825.2834369765912 785.0
825.5334043755751 799.0
825.7833630723688 794.0
826.0333130664897 788.0
826.2832543574541 803.0
826.5331869447793 805.0
826.783110827982 798.0
827.0330260065789 793.0
827.2829324800872 787.0
827.5328302480233 798.0
827.7827193099047 781.0
828.032599665248 780.0
828.2824713135695 781.0
828.532334254387 793.0
828.7821884872168 801.0
829.0320340115759 795.0
829.2818708269813 796.0
829.5316989329494 800.0
829.7815183289979 799.0
830.0313290146428 791.0
830.2811309894015 804.0
830.5309242527906 807.0
830.7807088043272 810.0
831.0304846435281 806.0
831.2802517699099 781.0
831.5300101829899 798.0
831.7797598822846 788.0
832.0295008673112 793.0
832.2792331375864 795.0
832.5289566926268 787.0
832.7786715319497 789.0
833.0283776550717 793.0
833.27807506151 778.0
833.5277637507811 794.0
833.7774437224018 788.0
834.0271149758895 803.0
834.2767775107606 801.0
834.526431326532 783.0
834.7760764227208 803.0
835.0257127988438 803.0
835.2753404544177 800.0
835.5249593889594 801.0
835.774569601986 785.0
836.0241710930143 808.0
836.2737638615607 800.0
836.5233479071428 797.0
836.7729232292768 794.0
837.0224898274802 788.0
837.2720477012693 798.0
837.5215968501614 789.0
837.7711372736733 795.0
838.0206689713215 794.0
838.2701919426232 791.0
838.5197061870952 796.0
838.7692117042545 792.0
839.0187084936177 777.0
839.2681965547017 808.0
839.5176758870236 805.0
839.7671464901001 795.0
840.0166083634483 792.0
840.2660615065847 793.0
840.5155059190262 810.0
840.7649416002901 816.0
841.0143685498927 812.0
841.2637867673512 808.0
841.5131962521828 809.0
841.7625970039035 792.0
842.0119890220308 812.0
842.2613723060813 815.0
842.5107468555723 816.0
842.76011267002 820.0
843.0094697489418 810.0
843.2588180918546 819.0
843.5081576982747 813.0
843.7574885677194 803.0
844.0068106997054 785.0
844.25612409375 803.0
844.5054287493696 791.0
844.754724666081 810.0
845.0040118434015 811.0
845.2532902808475 786.0
845.5025599779364 797.0
845.7518209341847 803.0
846.0010731491091 808.0
846.2503166222269 794.0
846.4995513530547 803.0
846.7487773411094 809.0
846.9979945859081 803.0
847.2472030869674 798.0
847.4964028438043 788.0
847.7455938559353 794.0
847.994776122878 783.0
848.2439496441485 796.0
848.4931144192642 797.0
848.7422704477419 799.0
848.9914177290981 805.0
849.2405562628502 806.0
849.4896860485144 804.0
849.7388070856083 791.0
849.9879193736485 800.0
850.2370229121515 800.0
850.4861177006346 791.0
850.7352037386146 783.0
850.9842810256082 792.0
851.2333495611326 810.0
851.482409344704 799.0
851.7314603758401 790.0
851.9805026540571 788.0
852.2295361788724 804.0
852.4785609498026 789.0
852.7275769663643 816.0
852.9765842280748 795.0
853.2255827344507 797.0
853.4745724850093 798.0
853.7235534792667 791.0
853.9725257167406 791.0
854.2214891969475 802.0
854.4704439194039 802.0
854.7193898836274 797.0
854.9683270891342 788.0
855.2172555354416 816.0
855.4661752220665 797.0
855.7150861485252 800.0
855.9639883143353 798.0
856.212881719013 803.0
856.4617663620759 792.0
856.7106422430403 801.0
856.9595093614231 792.0
857.2083677167415 782.0
857.4572173085119 811.0
857.7060581362517 791.0
857.9548901994776 787.0
858.2037134977061 794.0
858.4525280304546 803.0
858.7013337972394 787.0
858.950130797578 777.0
859.1989190309868 788.0
859.4476984969828 814.0
859.696469195083 809.0
859.9452311248039 790.0
860.1939842856627 806.0
860.4427286771763 796.0
860.6914642988615 778.0
860.9401911502351 795.0
861.1889092308139 802.0
861.437618540115 795.0
861.686319077655 792.0
861.935010842951 796.0
862.1836938355198 792.0
862.432368054878 807.0
862.6810335005429 787.0
862.9296901720311 792.0
863.1783380688596 796.0
863.4269771905452 799.0
863.6756075366046 803.0
863.9242291065551 799.0
864.1728418999131 787.0
864.4214459161959 789.0
864.6700411549201 792.0
864.9186276156024 783.0
865.1672052977602 801.0
865.4157742009098 795.0
865.6643343245685 789.0
865.9128856682528 785.0
866.1614282314799 778.0
866.4099620137665 791.0
866.6584870146295 782.0
866.9070032335858 794.0
867.155510670152 787.0
867.4040093238455 816.0
867.6524991941827 805.0
867.9009802806806 792.0
868.1494525828563 796.0
868.3979161002262 800.0
868.6463708323078 813.0
868.8948167786174 798.0
869.1432539386718 796.0
869.3916823119887 799.0
869.6401018980839 801.0
869.8885126964751 790.0
870.1369147066789 792.0
870.3853079282118 802.0
870.6336923605911 783.0
870.8820680033335 781.0
871.1304348559562 782.0
871.3787929179755 785.0
871.6271421889087 796.0
871.8754826682726 793.0
872.1238143555837 786.0
872.3721372503595 789.0
872.6204513521162 796.0
872.8687566603713 790.0
873.1170531746413 795.0
873.365340894443 790.0
873.6136198192935 784.0
873.8618899487094 800.0
874.110151282208 798.0
874.3584038193057 794.0
874.6066475595196 790.0
874.8548825023668 803.0
875.1031086473636 801.0
875.3513259940273 799.0
875.5995345418747 794.0
875.8477342904224 802.0
876.0959252391877 799.0
876.3441073876871 791.0
876.5922807354377 792.0
876.8404452819562 792.0
877.0886010267599 804.0
877.3367479693651 798.0
877.5848861092887 797.0
877.8330154460481 802.0
878.0811359791594 796.0
878.3292477081402 795.0
878.5773506325071 800.0
878.8254447517768 804.0
879.0735300654665 797.0
879.3216065730924 778.0
879.5696742741723 785.0
879.8177331682225 786.0
880.0657832547598 797.0
880.3138245333014 806.0
880.5618570033639 804.0
880.8098806644645 801.0
881.0578955161196 786.0
881.3059015578464 801.0
881.5538987891618 784.0
881.8018872095822 793.0
882.0498668186252 793.0
882.297837615807 790.0
882.5457996006451 805.0
882.7937527726558 789.0
883.041697131356 801.0
883.2896326762632 793.0
883.5375594068934 797.0
883.7854773227642 805.0
884.0333864233922 789.0
884.2812867082938 789.0
884.5291781769868 797.0
884.7770608289871 795.0
885.0249346638125 796.0
885.2727996809792 790.0
885.5206558800041 804.0
885.7685032604046 794.0
886.0163418216969 810.0
886.2641715633982 794.0
886.5119924850256 797.0
886.7598045860955 786.0
887.007607866125 798.0
887.2554023246308 798.0
887.5031879611303 785.0
887.7509647751398 803.0
887.9987327661763 803.0
888.2464919337567 788.0
888.4942422773979 794.0
888.7419837966169 805.0
888.9897164909302 788.0
889.2374403598551 802.0
889.4851554029083 802.0
889.7328616196063 798.0
889.9805590094667 794.0
890.2282475720056 787.0
890.4759273067405 801.0
890.7235982131879 803.0
890.9712602908646 793.0
891.218913539288 787.0
891.4665579579743 799.0
891.7141935464408 801.0
891.9618203042044 788.0
892.2094382307815 798.0
892.4570473256895 785.0
892.7046475884449 802.0
892.9522390185649 792.0
893.1998216155661 790.0
893.4473953789653 787.0
893.6949603082797 782.0
893.9425164030258 795.0
894.1900636627211 787.0
894.4376020868815 804.0
894.6851316750246 798.0
894.9326524266672 786.0
895.1801643413257 802.0
895.4276674185177 806.0
895.6751616577593 791.0
895.922647058568 794.0
896.1701236204603 791.0
896.4175913429531 786.0
896.6650502255636 802.0
896.912500267808 801.0
897.159941469204 788.0
897.4073738292678 804.0
897.6547973475165 787.0
897.9022120234671 788.0
898.1496178566362 784.0
898.3970148465409 801.0
898.644402992698 793.0
898.8917822946241 797.0
899.1391527518367 789.0
899.386514363852 803.0
899.6338671301874 804.0
899.8812110503592 799.0
900.1285461238849 806.0
900.375872350281 789.0
900.6231897290643 797.0
900.8704982597519 795.0
901.1177979418604 779.0
901.3650887749071 798.0
901.6123707584086 805.0
901.8596438918815 791.0
902.106908174843 794.0
902.35416360681 804.0
902.6014101872993 798.0
902.8486479158278 799.0
903.095876791912 806.0
903.3430968150694 800.0
903.5903079848164 797.0
903.83751030067 788.0
904.0847037621473 785.0
904.3318883687646 810.0
904.5790641200394 805.0
904.826231015488 796.0
905.0733890546279 793.0
905.3205382369753 786.0
905.5676785620476 804.0
905.8148100293615 789.0
906.0619326384336 788.0
906.3090463887813 799.0
906.5561512799208 785.0
906.8032473113697 795.0
907.0503344826443 795.0
907.2974127932616 793.0
907.5444822427387 786.0
907.7915428305921 787.0
908.038594556339 799.0
908.2856374194963 797.0
908.5326714195803 800.0
908.7796965561088 805.0
909.0267128285976 790.0
909.2737202365645 807.0
909.520718779526 804.0
909.7677084569985 816.0
910.0146892684998 802.0
910.261661213546 800.0
910.5086242916544 786.0
910.7555785023416 795.0
911.0025238451248 795.0
911.2494603195206 798.0
911.4963879250456 785.0
911.7433066612174 793.0
911.9902165275522 802.0
912.2371175235672 808.0
912.4840096487795 810.0
912.7308929027052 795.0
912.9777672848619 808.0
913.2246327947661 804.0
913.4714894319347 797.0
913.7183371958849 802.0
913.965176086133 787.0
914.2120061021965 811.0
914.4588272435916 790.0
914.7056395098358 794.0
914.9524429004457 817.0
915.1992374149379 796.0
915.4460230528298 804.0
915.6927998136375 797.0
915.9395676968788 794.0
916.1863267020701 789.0
916.4330768287281 805.0
916.67981807637 801.0
916.9265504445123 801.0
917.1732739326723 793.0
917.4199885403666 796.0
917.6666942671121 801.0
917.9133911124259 795.0
918.1600790758242 817.0
918.4067581568248 801.0
918.6534283549438 812.0
918.9000896696987 800.0
919.1467421006058 801.0
919.3933856471822 797.0
919.6400203089449 780.0
919.8866460854103 791.0
920.1332629760961 799.0
920.3798709805186 789.0
920.6264700981943 798.0
920.8730603286409 786.0
921.1196416713748 810.0
921.3662141259131 803.0
921.6127776917724 794.0
921.8593323684695 789.0
922.1058781555217 803.0
922.3524150524454 802.0
922.598943058758 802.0
922.8454621739758 792.0
923.0919723976159 806.0
923.3384737291954 794.0
923.5849661682307 790.0
923.8314497142393 800.0
924.0779243667373 783.0
924.3243901252423 798.0
924.5708469892709 802.0
924.8172949583395 798.0
925.0637340319656 803.0
925.3101642096658 792.0
925.5565854909571 786.0
925.8029978753563 796.0
926.04940136238 804.0
926.2957959515456 792.0
926.5421816423694 791.0
926.7885584343687 796.0
927.0349263270604 797.0
927.281285319961 794.0
927.5276354125876 801.0
927.7739766044568 787.0
928.020308895086 789.0
928.2666322839915 812.0
928.5129467706906 795.0
928.7592523547 782.0
929.0055490355364 788.0
929.2518368127171 786.0
929.4981156857584 782.0
929.7443856541778 798.0
929.9906467174917 794.0
930.2368988752169 785.0
930.4831421268707 783.0
930.7293764719695 788.0
930.9756019100306 780.0
931.2218184405708 788.0
931.4680260631065 802.0
931.7142247771553 785.0
931.9604145822334 806.0
932.2065954778582 800.0
932.4527674635461 806.0
932.6989305388141 808.0
932.9450847031794 791.0
933.1912299561584 782.0
933.4373662972685 798.0
933.6834937260257 790.0
933.929612241948 798.0
934.1757218445516 804.0
934.4218225333533 798.0
934.6679143078701 801.0
934.913997167619 774.0
935.1600711121167 779.0
935.4061361408803 789.0
935.6521922534262 788.0
935.8982394492718 804.0
936.1442777279336 796.0
936.3903070889288 795.0
936.636327531774 806.0
936.882339055986 801.0
937.128341661082 779.0
937.3743353465785 789.0
937.6203201119927 795.0
937.8662959568414 786.0
938.1122628806411 793.0
938.3582208829092 802.0
938.6041699631621 803.0
938.8501101209171 814.0
939.0960413556905 798.0
939.341963667 798.0
939.5878770543618 795.0
939.8337815172929 796.0
940.0796770553103 790.0
940.3255636679306 805.0
940.5714413546712 797.0
940.8173101150486 801.0
941.0631699485793 805.0
941.309020854781 801.0
941.5548628331699 809.0
941.8006958832632 800.0
942.0465200045778 797.0
942.2923351966301 786.0
942.5381414589376 805.0
942.7839387910167 798.0
943.0297271923846 798.0
943.275506662558 798.0
943.5212772010536 804.0
943.7670388073888 806.0
944.0127914810797 795.0
944.2585352216438 797.0
944.504270028598 794.0
944.7499959014584 815.0
944.9957128397427 807.0
945.2414208429674 808.0
945.4871199106495 805.0
945.7328100423057 806.0
945.978491237453 806.0
946.2241634956084 795.0
946.4698268162882 802.0
946.71548119901 785.0
946.9611266432901 796.0
947.2067631486459 795.0
947.4523907145939 793.0
947.6980093406509 798.0
947.943619026334 802.0
948.1892197711599 789.0
948.4348115746456 798.0
948.680394436308 794.0
948.9259683556636 787.0
949.17153333223 798.0
949.4170893655231 794.0
949.6626364550607 783.0
949.9081746003591 796.0
950.1537038009352 791.0
950.3992240563063 784.0
950.6447353659886 805.0
950.8902377294995 796.0
951.1357311463555 798.0
951.381215616074 812.0
951.6266911381715 797.0
951.8721577121647 798.0
952.1176153375708 789.0
952.3630640139064 783.0
952.6085037406887 796.0
952.8539345174344 787.0
953.09935634366 787.0
953.3447692188829 801.0
953.5901731426196 794.0
953.8355681143876 795.0
954.080954133703 794.0
954.326331200083 795.0
954.5716993130445 795.0
954.8170584721041 804.0
955.0624086767792 808.0
955.3077499265863 805.0
955.5530822210421 816.0
955.798405559664 791.0
956.0437199419682 790.0
956.2890253674723 797.0
956.5343218356925 800.0
956.7796093461461 795.0
957.02488789835 790.0
957.2701574918206 790.0
957.5154181260752 798.0
957.7606698006304 796.0
958.0059125150034 790.0
958.2511462687107 796.0
958.4963710612694 791.0
958.7415868921963 807.0
958.9867937610082 803.0
959.2319916672224 810.0
959.4771806103552 800.0
959.7223605899235 796.0
959.9675316054446 808.0
960.2126936564348 805.0
960.4578467424116 804.0
960.7029908628915 797.0
960.9481260173911 808.0
961.193252205428 796.0
961.4383694265184 785.0
961.6834776801796 813.0
961.9285769659282 810.0
962.1736672832812 785.0
962.4187486317555 789.0
962.6638210108677 797.0
962.908884420135 804.0
963.153938859074 803.0
963.3989843272019 793.0
963.6440208240352 788.0
963.889048349091 788.0
964.1340669018862 807.0
964.3790764819373 800.0
964.6240770887617 814.0
964.8690687218761 810.0
965.114051380797 802.0
965.3590250650417 820.0
965.6039897741268 799.0
965.8489455075695 798.0
966.0938922648864 792.0
966.3388300455941 796.0
966.5837588492103 797.0
966.8286786752509 801.0
967.0735895232334 813.0
967.3184913926743 787.0
967.5633842830911 798.0
967.808268194 805.0
968.0531431249179 787.0
968.2980090753622 791.0
968.5428660448491 786.0
968.7877140328961 803.0
969.0325530390197 798.0
969.2773830627367 797.0
969.5222041035643 797.0
969.7670161610189 782.0
970.0118192346179 791.0
970.2566133238779 794.0
970.5013984283155 788.0
970.746174547448 798.0
970.990941680792 800.0
971.2356998278649 810.0
971.480448988183 800.0
971.725189161263 795.0
971.9699203466223 802.0
972.2146425437775 804.0
972.4593557522456 802.0
972.7040599715434 802.0
972.9487552011876 793.0
973.1934414406954 792.0
973.4381186895833 795.0
973.6827869473685 795.0
973.9274462135677 800.0
974.1720964876979 786.0
974.4167377692759 801.0
974.6613700578182 809.0
974.9059933528424 802.0
975.1506076538647 789.0
975.3952129604023 804.0
975.6398092719721 804.0
975.8843965880908 804.0
976.1289749082755 803.0
976.3735442320426 802.0
976.6181045589096 803.0
976.862655888393 809.0
977.1071982200094 799.0
977.3517315532764 797.0
977.5962558877101 791.0
977.840771222828 798.0
978.0852775581467 795.0
978.3297748931827 806.0
978.5742632274536 805.0
978.8187425604756 795.0
979.063212891766 801.0
979.3076742208415 803.0
979.5521265472191 799.0
979.7965698704156 801.0
980.0410041899477 805.0
980.2854295053326 785.0
980.5298458160865 806.0
980.7742531217272 780.0
981.0186514217711 804.0
981.2630407157347 809.0
981.5074210031356 789.0
981.7517922834901 793.0
981.9961545563154 802.0
982.2405078211283 800.0
982.4848520774455 782.0
982.729187324784 804.0
982.9735135626606 791.0
983.2178307905924 810.0
983.4621390080961 799.0
983.7064382146882 779.0
983.9507284098863 807.0
984.1950095932067 806.0
984.4392817641666 808.0
984.6835449222825 799.0
984.9277990670716 814.0
985.1720441980509 782.0
985.4162803147366 799.0
985.6605074166464 798.0
985.9047255032964 802.0
986.1489345742042 793.0
986.3931346288863 778.0
986.6373256668593 790.0
986.8815076876406 796.0
987.1256806907464 808.0
987.3698446756944 802.0
987.613999642001 809.0
987.8581455891829 798.0
988.1022825167574 796.0
988.3464104242408 798.0
988.5905293111508 787.0
988.8346391770036 794.0
989.0787400213161 798.0
989.3228318436055 797.0
989.5669146433884 788.0
989.8109884201817 788.0
990.0550531735024 793.0
990.2991089028674 787.0
990.5431556077934 805.0
990.7871932877973 810.0
991.031221942396 794.0
991.2752415711062 788.0
991.5192521734452 794.0
991.7632537489297 796.0
992.0072462970761 795.0
992.251229817402 801.0
992.4952043094236 789.0
992.7391697726582 798.0
992.9831262066227 788.0
993.2270736108336 795.0
993.4710119848082 800.0
993.7149413280629 799.0
993.958861640115 796.0
994.2027729204812 807.0
994.4466751686781 810.0
994.6905683842231 808.0
994.9344525666326 796.0
995.1783277154237 796.0
995.4221938301132 792.0
995.6660509102181 791.0
995.9098989552552 797.0
996.1537379647411 801.0
996.3975679381932 799.0
996.6413888751279 802.0
996.8852007750622 800.0
997.1290036375133 797.0
997.3727974619973 801.0
997.6165822480319 808.0
997.8603579951333 795.0
998.104124702819 809.0
998.3478823706055 809.0
998.5916309980095 791.0
998.8353705845483 793.0
999.0791011297383 784.0
999.3228226330968 795.0
999.5665350941406 801.0
999.8102385123861 800.0
1000.0539328873509 787.0
1000.2976182185512 798.0
1000.5412945055043 801.0
1000.7849617477269 799.0
1001.0286199447357 798.0
1001.2722690960481 794.0
1001.5159092011804 799.0
1001.75954025965 797.0
1002.003162270973 790.0
1002.246775234667 786.0
1002.4903791502487 802.0
1002.7339740172346 811.0
1002.9775598351421 796.0
1003.2211366034876 797.0
1003.4647043217884 793.0
1003.7082629895611 783.0
1003.9518126063224 796.0
1004.1953531715895 797.0
1004.4388846848791 806.0
1004.6824071457083 799.0
1004.9259205535938 792.0
1005.1694249080521 800.0
1005.4129202086007 789.0
1005.6564064547559 794.0
1005.8998836460353 805.0
1006.1433517819551 807.0
1006.3868108620323 814.0
1006.6302608857841 794.0
1006.8737018527269 803.0
1007.1171337623779 804.0
1007.3605566142537 808.0
1007.6039704078715 799.0
1007.8473751427481 804.0
1008.0907708184001 815.0
1008.3341574343445 805.0
1008.5775349900982 810.0
1008.8209034851784 785.0
1009.0642629191013 807.0
1009.3076132913841 801.0
1009.5509546015439 795.0
1009.7942868490973 795.0
1010.0376100335611 785.0
1010.2809241544525 779.0
1010.5242292112879 801.0
1010.7675252035845 798.0
1011.010812130859 799.0
1011.2540899926286 802.0
1011.4973587884098 791.0
1011.7406185177194 800.0
1011.9838691800747 800.0
1012.2271107749921 796.0
1012.470343301989 785.0
1012.7135667605817 799.0
1012.9567811502875 800.0
1013.1999864706231 809.0
1013.4431827211052 793.0
1013.686369901251 796.0
1013.929548010577 797.0
1014.1727170486006 793.0
1014.4158770148383 792.0
1014.6590279088067 814.0
1014.9021697300233 805.0
1015.1453024780044 791.0
1015.3884261522674 785.0
1015.6315407523286 800.0
1015.8746462777051 788.0
1016.1177427279141 790.0
1016.3608301024719 812.0
1016.603908400896 791.0
1016.8469776227028 808.0
1017.0900377674091 807.0
1017.3330888345322 803.0
1017.5761308235883 806.0
1017.8191637340951 785.0
1018.0621875655689 795.0
1018.3052023175269 794.0
1018.5482079894858 795.0
1018.7912045809622 804.0
1019.0341920914735 813.0
1019.2771705205361 826.0
1019.5201398676672 798.0
1019.7631001323837 793.0
1020.006051314202 802.0
1020.2489934126395 797.0
1020.4919264272125 797.0
1020.7348503574386 803.0
1020.9777652028342 799.0
1021.2206709629161 798.0
1021.4635676372014 801.0
1021.7064552252067 791.0
1021.9493337264495 787.0
1022.1922031404459 788.0
1022.4350634667132 794.0
1022.6779147047681 792.0
1022.9207568541273 799.0
1023.1635899143083 805.0
1023.4064138848273 800.0
1023.6492287652015 795.0
1023.8920345549478 815.0
1024.134831253583 796.0
1024.377618860624 802.0
1024.6203973755871 793.0
1024.8631667979898 803.0
1025.1059271273493 796.0
1025.3486783631818 807.0
1025.5914205050044 790.0
1025.8341535523336 791.0
1026.076877504687 790.0
1026.3195923615808 799.0
1026.5622981225324 790.0
1026.8049947870584 789.0
1027.0476823546753 798.0
1027.2903608249007 795.0
1027.5330301972513 810.0
1027.7756904712435 797.0
1028.0183416463947 797.0
1028.260983722221 793.0
1028.5036166982402 804.0
1028.7462405739689 785.0
1028.9888553489234 811.0
1029.2314610226213 802.0
1029.474057594579 813.0
1029.7166450643138 796.0
1029.9592234313418 805.0
1030.2017926951808 787.0
1030.4443528553472 790.0
1030.6869039113576 806.0
1030.9294458627296 793.0
1031.1719787089794 809.0
1031.414502449624 802.0
1031.6570170841808 810.0
1031.8995226121658 796.0
1032.1420190330966 798.0
1032.3845063464896 796.0
1032.6269845518618 787.0
1032.8694536487305 801.0
1033.111913636612 792.0
1033.3543645150232 788.0
1033.596806283481 800.0
1033.8392389415026 783.0
1034.081662488605 797.0
1034.324076924304 799.0
1034.566482248118 797.0
1034.8088784595625 780.0
1035.0512655581551 788.0
1035.2936435434124 795.0
1035.5360124148515 789.0
1035.778372171989 794.0
1036.020722814342 809.0
1036.2630643414275 801.0
1036.5053967527615 805.0
1036.7477200478622 795.0
1036.9900342262456 805.0
1037.2323392874284 795.0
1037.4746352309282 812.0
1037.7169220562612 800.0
1037.9591997629448 802.0
1038.2014683504956 786.0
1038.4437278184303 795.0
1038.685978166266 800.0
1038.9282193935196 790.0
1039.170451499708 786.0
1039.4126744843477 793.0
1039.6548883469559 781.0
1039.8970930870496 793.0
1040.1392887041452 788.0
1040.3814751977598 796.0
1040.6236525674105 780.0
1040.8658208126137 788.0
1041.107979932887 805.0
1041.3501299277466 784.0
1041.5922707967095 801.0
1041.8344025392926 801.0
1042.0765251550129 805.0
1042.3186386433872 804.0
1042.5607430039322 806.0
1042.802838236165 792.0
1043.0449243396022 792.0
1043.2870013137613 794.0
1043.5290691581586 794.0
1043.7711278723107 796.0
1044.013177455735 795.0
1044.2552179079482 790.0
1044.4972492284676 800.0
1044.7392714168093 793.0
1044.9812844724902 799.0
1045.223288395028 782.0
1045.4652831839387 794.0
1045.70726883874 795.0
1045.949245358948 776.0
1046.1912127440798 791.0
1046.4331709936528 804.0
1046.675120107183 799.0
1046.9170600841878 795.0
1047.1589909241836 807.0
1047.400912626688 789.0
1047.6428251912175 803.0
1047.8847286172886 804.0
1048.1266229044188 801.0
1048.3685080521243 796.0
1048.6103840599228 795.0
1048.8522509273307 812.0
1049.0941086538646 791.0
1049.3359572390418 780.0
1049.577796682379 795.0
1049.819626983393 799.0
1050.061448141601 779.0
1050.3032601565194 794.0
1050.5450630276655 807.0
1050.7868567545556 803.0
1051.0286413367073 804.0
1051.270416773637 797.0
1051.5121830648616 806.0
1051.7539402098982 793.0
1051.9956882082631 800.0
1052.237427059474 786.0
1052.479156763047 785.0
1052.7208773184996 789.0
1052.9625887253483 786.0
1053.2042909831098 799.0
1053.4459840913016 782.0
1053.6876680494397 792.0
1053.929342857042 802.0
1054.1710085136244 779.0
1054.4126650187043 810.0
1054.6543123717986 798.0
1054.8959505724238 800.0
1055.1375796200969 790.0
1055.3791995143351 795.0
1055.620810254655 805.0
1055.8624118405735 796.0
1056.1040042716074 808.0
1056.3455875472737 799.0
1056.5871616670893 802.0
1056.8287266305706 803.0
1057.070282437235 800.0
1057.3118290865991 788.0
1057.5533665781802 792.0
1057.7948949114943 789.0
1058.0364140860593 779.0
1058.2779241013916 787.0
1058.5194249570077 790.0
1058.760916652425 798.0
1059.0023991871599 804.0
1059.24387256073 796.0
1059.4853367726514 792.0
1059.7267918224413 808.0
1059.968237709617 800.0
1060.2096744336943 791.0
1060.451101994191 801.0
1060.6925203906237 778.0
1060.933929622509 796.0
1061.1753296893642 803.0
1061.4167205907056 795.0
1061.6581023260508 789.0
1061.8994748949162 799.0
1062.1408382968189 805.0
1062.3821925312755 799.0
1062.6235375978026 787.0
1062.8648734959181 795.0
1063.1062002251376 795.0
1063.3475177849793 789.0
1063.588826174959 781.0
1063.830125394594 796.0
1064.0714154434013 801.0
1064.312696320897 801.0
1064.553968026599 812.0
1064.7952305600238 800.0
1065.036483920688 791.0
1065.2777281081087 800.0
1065.5189631218025 790.0
1065.7601889612868 798.0
1066.001405626078 814.0
1066.2426131156928 796.0
1066.4838114296492 792.0
1066.7250005674625 793.0
1066.9661805286507 799.0
1067.2073513127305 801.0
1067.4485129192178 794.0
1067.689665347631 790.0
1067.9308085974856 793.0
1068.1719426682996 790.0
1068.413067559589 781.0
1068.654183270871 791.0
1068.8952898016628 812.0
1069.1363871514804 787.0
1069.3774753198418 790.0
1069.618554306263 815.0
1069.8596241102612 791.0
1070.100684731353 798.0
1070.3417361690556 802.0
1070.582778422886 792.0
1070.8238114923604 802.0
1071.0648353769964 801.0
1071.3058500763104 785.0
1071.5468555898192 802.0
1071.7878519170404 798.0
1072.02883905749 790.0
1072.2698170106853 803.0
1072.5107857761434 787.0
1072.75174535338 795.0
1072.9926957419138 797.0
1073.23363694126 785.0
1073.4745689509368 768.0
1073.7154917704597 795.0
1073.9564053993467 790.0
1074.1973098371145 795.0
1074.4382050832794 777.0
1074.6790911373587 782.0
1074.9199679988692 788.0
1075.1608356673278 795.0
1075.4016941422512 778.0
1075.6425434231562 818.0
1075.8833835095604 794.0
1076.1242144009796 797.0
1076.3650360969316 801.0
1076.6058485969324 792.0
1076.8466519004996 796.0
1077.0874460071498 793.0
1077.3282309163997 798.0
1077.5690066277664 801.0
1077.8097731407665 791.0
1078.0505304549172 790.0
1078.2912785697354 792.0
1078.5320174847377 787.0
1078.772747199441 785.0
1079.0134677133622 802.0
1079.2541790260184 808.0
1079.4948811369263 798.0
1079.7355740456023 798.0
1079.9762577515642 792.0
1080.2169322543277 785.0
1080.4575975534112 794.0
1080.6982536483301 801.0
1080.9389005386022 793.0
1081.179538223744 793.0
1081.4201667032721 802.0
1081.6607859767041 798.0
1081.9013960435564 791.0
1082.1419969033457 787.0
1082.382588555589 804.0
1082.6231709998035 792.0
1082.863744235506 784.0
1083.104308262213 784.0
1083.3448630794412 794.0
1083.5854086867082 805.0
1083.8259450835303 804.0
1084.0664722694248 798.0
1084.306990243908 796.0
1084.5474990064974 791.0
1084.7879985567097 804.0
1085.0284888940612 792.0
1085.2689700180695 790.0
1085.509441928251 786.0
1085.749904624123 801.0
1085.990358105202 804.0
1086.2308023710048 803.0
1086.4712374210485 796.0
1086.71166325485 787.0
1086.9520798719261 788.0
1087.1924872717937 800.0
1087.4328854539694 781.0
1087.6732744179706 796.0
1087.9136541633134 784.0
1088.1540246895156 792.0
1088.3943859960934 796.0
1088.6347380825637 792.0
1088.8750809484436 791.0
1089.1154145932499 794.0
1089.3557390164995 791.0
1089.5960542177095 794.0
1089.836360196396 798.0
1090.0766569520767 788.0
1090.3169444842679 786.0
1090.557222792487 793.0
1090.7974918762502 803.0
1091.037751735075 795.0
1091.2780023684782 783.0
1091.518243775976 802.0
1091.7584759570861 782.0
1091.9986989113247 794.0
1092.2389126382093 810.0
1092.4791171372563 807.0
1092.7193124079827 805.0
1092.9594984499054 806.0
1093.1996752625412 791.0
1093.4398428454072 794.0
1093.68000119802 798.0
1093.9201503198965 790.0
1094.1602902105537 788.0
1094.4004208695083 814.0
1094.6405422962773 787.0
1094.8806544903778 784.0
1095.120757451326 801.0
1095.3608511786392 798.0
1095.6009356718341 795.0
1095.8410109304282 791.0
1096.0810769539376 787.0
1096.3211337418795 797.0
1096.5611812937707 789.0
1096.8012196091279 786.0
1097.0412486874682 802.0
1097.2812685283084 791.0
1097.5212791311658 790.0
1097.7612804955563 782.0
1098.0012726209975 793.0
1098.2412555070064 790.0
1098.4812291530989 796.0
1098.721193558793 812.0
1098.961148723605 792.0
1099.2010946470518 798.0
1099.4410313286503 797.0
1099.6809587679172 807.0
1099.92087696437 780.0
1100.1607859175251 787.0
1100.400685626899 797.0
1100.640576092009 792.0
1100.880457312372 796.0
1101.1203292875052 793.0
1101.3601920169247 802.0
1101.6000455001479 803.0
1101.8398897366915 808.0
1102.079724726072 798.0
1102.3195504678072 792.0
1102.559366961413 796.0
1102.7991742064069 804.0
1103.0389722023056 794.0
1103.2787609486254 802.0
1103.5185404448844 808.0
1103.7583106905984 800.0
1103.9980716852845 779.0
1104.23782342846 814.0
1104.4775659196412 796.0
1104.7172991583454 805.0
1104.9570231440887 778.0
1105.1967378763893 786.0
1105.436443354763 792.0
1105.6761395787273 784.0
1105.9158265477986 792.0
1106.1555042614937 795.0
1106.3951727193298 790.0
1106.6348319208234 801.0
1106.8744818654923 787.0
1107.1141225528525 786.0
1107.3537539824208 797.0
1107.5933761537144 782.0
1107.8329890662503 799.0
1108.072592719545 798.0
1108.3121871131157 804.0
1108.551772246479 796.0
1108.7913481191517 809.0
1109.030914730651 814.0
1109.2704720804938 798.0
1109.5100201681967 797.0
1109.7495589932764 807.0
1109.9890885552504 807.0
1110.2286088536348 786.0
1110.4681198879473 786.0
1110.707621657704 803.0
1110.9471141624224 796.0
1111.1865974016187 802.0
1111.4260713748101 782.0
1111.665536081514 793.0
1111.9049915212463 796.0
1112.1444376935244 790.0
1112.3838745978653 781.0
1112.6233022337854 784.0
1112.8627206008023 792.0
1113.102129698432 777.0
1113.3415295261918 795.0
1113.5809200835986 794.0
1113.820301370169 772.0
1114.0596733854206 807.0
1114.2990361288694 792.0
1114.5383896000326 789.0
1114.7777337984273 785.0
1115.0170687235698 790.0
1115.2563943749778 794.0
1115.4957107521673 794.0
1115.7350178546556 795.0
1115.9743156819598 788.0
1116.213604233596 801.0
1116.452883509082 797.0
1116.692153507934 807.0
1116.9314142296694 799.0
1117.1706656738045 793.0
1117.4099078398563 801.0
1117.6491407273422 786.0
1117.8883643357783 786.0
1118.1275786646822 798.0
1118.36678371357 805.0
1118.6059794819594 778.0
1118.8451659693665 789.0
1119.0843431753085 787.0
1119.3235110993026 805.0
1119.5626697408647 777.0
1119.8018190995128 775.0
1120.0409591747637 790.0
1120.2800899661331 791.0
1120.519211473139 797.0
1120.7583236952978 792.0
1120.9974266321262 808.0
1121.236520283142 802.0
1121.4756046478608 801.0
1121.7146797258001 786.0
1121.9537455164768 802.0
1122.192802019408 792.0
1122.4318492341101 793.0
1122.6708871601 793.0
1122.909915796895 795.0
1123.1489351440111 804.0
1123.3879452009662 796.0
1123.6269459672762 787.0
1123.865937442459 791.0
1124.1049196260308 792.0
1124.3438925175087 793.0
