shot=2_position=1_gas=Ne_height=80_RF=149.4W_massflow=8000_coils=60.0A_HR4000 spectrum
Wavelength [nm] // Intensity [u.a.] 
194.93414 797.0
195.2037815346219 796.0
195.47341553816543 817.0
195.74304201014752 791.0
196.012660950085 793.0
196.28227235749478 798.0
196.55187623189366 812.0
196.82147257279857 796.0
197.09106137972637 799.0
197.36064265219392 799.0
197.63021638971804 804.0
197.89978259181567 806.0
198.16934125800364 798.0
198.43889238779886 809.0
198.7084359807181 809.0
198.97797203627835 801.0
199.2475005539964 795.0
199.51702153338914 804.0
199.78653497397343 788.0
200.05604087526618 786.0
200.3255392367842 800.0
200.59503005804436 784.0
200.8645133385636 798.0
201.1339890778587 799.0
201.4034572754466 796.0
201.67291793084408 786.0
201.94237104356813 813.0
202.21181661313554 791.0
202.48125463906314 805.0
202.7506851208679 794.0
203.02010805806663 779.0
203.28952345017618 795.0
203.55893129671344 807.0
203.8283315971953 800.0
204.0977243511386 790.0
204.3671095580602 802.0
204.636487217477 803.0
204.90585732890585 809.0
205.17521989186366 823.0
205.44457490586717 795.0
205.7139223704334 794.0
205.98326228507918 796.0
206.2525946493213 804.0
206.5219194626767 822.0
206.79123672466224 796.0
207.06054643479476 789.0
207.32984859259116 796.0
207.59914319756828 796.0
207.86843024924303 804.0
208.13770974713225 812.0
208.40698169075276 814.0
208.6762460796215 797.0
208.94550291325532 793.0
209.2147521911711 804.0
209.48399391288567 797.0
209.75322807791594 812.0
210.02245468577874 805.0
210.29167373599094 811.0
210.56088522806942 791.0
210.83008916153108 796.0
211.09928553589276 793.0
211.3684743506713 807.0
211.63765560538363 804.0
211.9068292995466 817.0
212.175995432677 826.0
212.44515400429182 789.0
212.71430501390782 798.0
212.98344846104192 774.0
213.25258434521103 794.0
213.52171266593191 795.0
213.79083342272153 817.0
214.05994661509675 796.0
214.3290522425744 801.0
214.5981503046713 805.0
214.8672408009044 802.0
215.13632373079054 784.0
215.4053990938466 789.0
215.6744668895894 793.0
215.94352711753592 805.0
216.21257977720293 802.0
216.48162486810728 806.0
216.7506623897659 808.0
217.01969234169565 810.0
217.2887147234134 811.0
217.55772953443596 817.0
217.82673677428028 798.0
218.0957364424632 799.0
218.36472853850154 802.0
218.6337130619122 799.0
218.9026900122121 801.0
219.17165938891804 791.0
219.4406211915469 810.0
219.70957541961562 791.0
219.97852207264097 784.0
220.24746115013983 806.0
220.5163926516291 785.0
220.78531657662566 804.0
221.05423292464639 797.0
221.32314169520808 787.0
221.59204288782766 808.0
221.860936502022 790.0
222.12982253730797 805.0
222.39870099320237 800.0
222.66757186922214 818.0
222.93643516488416 814.0
223.20529087970525 809.0
223.47413901320226 814.0
223.74297956489212 804.0
224.01181253429166 801.0
224.28063792091777 788.0
224.5494557242873 795.0
224.8182659439171 808.0
225.08706857932413 799.0
225.35586363002508 807.0
225.62465109553705 798.0
225.89343097537673 803.0
226.16220326906105 804.0
226.43096797610687 792.0
226.69972509603105 808.0
226.9684746283505 810.0
227.237216572582 806.0
227.50595092824256 802.0
227.7746776948489 806.0
228.04339687191796 798.0
228.31210845896663 803.0
228.5808124555117 807.0
228.84950886107015 797.0
229.11819767515877 802.0
229.38687889729442 801.0
229.65555252699397 802.0
229.92421856377433 811.0
230.1928770071524 801.0
230.46152785664492 804.0
230.73017111176884 808.0
230.99880677204106 792.0
231.26743483697837 793.0
231.53605530609772 805.0
231.8046681789159 811.0
232.07327345494983 789.0
232.34187113371638 819.0
232.61046121473237 805.0
232.87904369751473 817.0
233.14761858158028 805.0
233.41618586644586 796.0
233.68474555162845 796.0
233.95329763664483 798.0
234.2218421210119 804.0
234.49037900424648 812.0
234.7589082858655 778.0
235.02742996538583 803.0
235.29594404232427 806.0
235.56445051619772 823.0
235.8329493865231 804.0
236.10144065281722 822.0
236.36992431459691 807.0
236.63840037137916 816.0
236.9068688226808 802.0
237.1753296680186 798.0
237.44378290690955 803.0
237.7122285388704 805.0
237.9806665634181 797.0
238.24909698006957 795.0
238.51751978834153 799.0
238.78593498775095 818.0
239.0543425778147 812.0
239.32274255804958 799.0
239.59113492797255 783.0
239.8595196871004 810.0
240.12789683495004 806.0
240.3962663710383 826.0
240.66462829488208 810.0
240.93298260599826 806.0
241.2013293039037 803.0
241.46966838811522 788.0
241.73799985814978 782.0
242.00632371352418 798.0
242.27463995375527 798.0
242.54294857835998 806.0
242.81124958685515 806.0
243.07954297875764 818.0
243.34782875358434 821.0
243.61610691085207 806.0
243.88437745007772 800.0
244.15264037077822 799.0
244.42089567247035 796.0
244.68914335467105 817.0
244.95738341689716 810.0
245.2256158586655 809.0
245.493840679493 795.0
245.76205787889654 799.0
246.03026745639292 800.0
246.29846941149904 777.0
246.5666637437318 793.0
246.834850452608 809.0
247.1030295376446 812.0
247.37120099835838 815.0
247.63936483426627 803.0
247.9075210448851 805.0
248.17566962973177 791.0
248.4438105883231 820.0
248.71194392017603 804.0
248.98006962480733 805.0
249.248187701734 793.0
249.51629815047275 795.0
249.78440097054056 801.0
250.05249616145431 802.0
250.32058372273076 808.0
250.5886636538869 795.0
250.85673595443953 805.0
251.12480062390551 819.0
251.39285766180177 801.0
251.6609070676451 818.0
251.92894884095242 793.0
252.19698298124058 787.0
252.46500948802645 797.0
252.73302836082692 794.0
253.00103959915882 802.0
253.26904320253902 818.0
253.53703917048443 801.0
253.80502750251188 803.0
254.07300819813827 791.0
254.34098125688044 802.0
254.60894667825525 820.0
254.87690446177962 798.0
255.14485460697037 806.0
255.41279711334434 806.0
255.6807319804185 809.0
255.94865920770962 806.0
256.2165787947346 823.0
256.48449074101035 804.0
256.75239504605366 793.0
257.02029170938147 803.0
257.28818073051065 781.0
257.556062108958 793.0
257.8239358442404 806.0
258.0918019358748 804.0
258.35966038337796 818.0
258.6275111862668 802.0
258.8953543440582 812.0
259.163189856269 789.0
259.4310177224162 804.0
259.6988379420164 803.0
259.9666505145867 809.0
260.23445543964385 803.0
260.50225271670473 811.0
260.77004234528624 810.0
261.03782432490533 808.0
261.3055986550787 795.0
261.5733653353234 804.0
261.8411243651561 804.0
262.1088757440937 792.0
262.37661947165327 794.0
262.6443555473515 806.0
262.9120839707053 803.0
263.1798047412315 808.0
263.44751785844704 792.0
263.7152233218687 797.0
263.98292113101354 801.0
264.2506112853982 799.0
264.51829378453965 798.0
264.7859686279547 820.0
265.05363581516025 806.0
265.32129534567326 792.0
265.5889472190105 801.0
265.8565914346889 813.0
266.1242279922252 811.0
266.39185689113634 790.0
266.65947813093925 796.0
266.9270917111508 797.0
267.19469763128774 798.0
267.46229589086704 804.0
267.72988648940554 792.0
267.9974694264201 793.0
268.2650447014276 805.0
268.53261231394487 801.0
268.80017226348883 814.0
269.0677245495763 825.0
269.3352691717242 808.0
269.60280612944933 784.0
269.8703354222686 802.0
270.13785704969894 806.0
270.40537101125716 792.0
270.67287730646007 800.0
270.9403759348246 793.0
271.2078668958677 785.0
271.47535018910605 806.0
271.7428258140567 794.0
272.01029377023633 800.0
272.2777540571619 790.0
272.5452066743504 809.0
272.81265162131854 824.0
273.08008889758327 800.0
273.34751850266144 800.0
273.6149404360698 803.0
273.8823546973254 805.0
274.1497612859451 792.0
274.4171602014456 805.0
274.6845514433439 814.0
274.95193501115676 817.0
275.2193109044012 805.0
275.486679122594 789.0
275.7540396652521 803.0
276.02139253189216 790.0
276.2887377220313 808.0
276.55607523518626 808.0
276.82340507087395 780.0
277.09072722861123 792.0
277.3580417079149 818.0
277.62534850830195 810.0
277.8926476292892 807.0
278.1599390703934 812.0
278.4272228311316 786.0
278.69449891102056 793.0
278.96176730957717 813.0
279.22902802631836 798.0
279.4962810607609 801.0
279.76352641242164 799.0
280.0307640808177 808.0
280.29799406546556 792.0
280.5652163658824 803.0
280.8324309815849 811.0
281.09963791209003 816.0
281.3668371569146 830.0
281.6340287155756 801.0
281.9012125875897 799.0
282.168388772474 817.0
282.4355572697452 811.0
282.7027180789201 803.0
282.9698711995158 805.0
283.23701663104896 808.0
283.50415437303667 804.0
283.77128442499554 800.0
284.0384067864426 812.0
284.3055214568946 813.0
284.57262843586864 801.0
284.8397277228814 808.0
285.1068193174497 802.0
285.37390321909055 807.0
285.6409794273207 804.0
285.9080479416572 794.0
286.1751087616167 806.0
286.4421618867162 796.0
286.7092073164725 807.0
286.9762450504025 807.0
287.24327508802315 813.0
287.5102974288511 807.0
287.77731207240345 813.0
288.04431901819703 807.0
288.3113182657485 802.0
288.578309814575 810.0
288.84529366419326 818.0
289.1122698141201 800.0
289.37923826387254 806.0
289.6461990129674 822.0
289.91315206092133 819.0
290.18009740725154 807.0
290.44703505147464 785.0
290.7139649931077 803.0
290.98088723166734 808.0
291.24780176667065 809.0
291.5147085976344 807.0
291.78160772407557 803.0
292.04849914551085 810.0
292.3153828614572 808.0
292.58225887143146 799.0
292.8491271749505 790.0
293.1159877715313 792.0
293.3828406606906 806.0
293.6496858419453 805.0
293.9165233148123 801.0
294.1833530788084 820.0
294.4501751334505 805.0
294.71698947825547 816.0
294.9837961127402 806.0
295.2505950364216 800.0
295.5173862488164 802.0
295.78416974944156 801.0
296.050945537814 806.0
296.31771361345045 794.0
296.584473975868 787.0
296.8512266245832 802.0
297.11797155911313 808.0
297.38470877897464 789.0
297.6514382836846 798.0
297.9181600727598 792.0
298.18487414571723 813.0
298.4515805020736 818.0
298.71827914134593 813.0
298.9849700630511 812.0
299.2516532667058 806.0
299.518328751827 809.0
299.78499651793163 804.0
300.0516565645365 804.0
300.3183088911584 813.0
300.58495349731436 796.0
300.8515903825211 790.0
301.1182195462956 806.0
301.3848409881546 797.0
301.65145470761513 791.0
301.91806070419403 790.0
302.184658977408 807.0
302.4512495267741 813.0
302.7178323518091 805.0
302.9844074520298 784.0
303.2509748269532 816.0
303.5175344760962 791.0
303.78408639897555 790.0
304.0506305951082 799.0
304.31716706401096 802.0
304.58369580520065 793.0
304.8502168181943 802.0
305.1167301025086 795.0
305.3832356576606 817.0
305.649733483167 814.0
305.9162235785447 798.0
306.1827059433106 808.0
306.4491805769817 798.0
306.7156474790747 793.0
306.98210664910647 793.0
307.2485580865939 807.0
307.5150017910539 813.0
307.7814377620034 805.0
308.0478659989591 787.0
308.31428650143795 803.0
308.58069926895683 791.0
308.8471043010326 798.0
309.1135015971821 799.0
309.37989115692227 805.0
309.6462729797699 801.0
309.91264706524197 780.0
310.1790134128551 806.0
310.4453720221265 803.0
310.71172289257277 792.0
310.97806602371094 795.0
311.2444014150577 816.0
311.5107290661301 796.0
311.777048976445 808.0
312.04336114551904 797.0
312.30966557286945 798.0
312.5759622580128 801.0
312.8422512004661 806.0
313.1085323997461 806.0
313.3748058553698 808.0
313.641071566854 798.0
313.90732953371554 802.0
314.17357975547145 793.0
314.4398222316384 791.0
314.70605696173334 788.0
314.9722839452731 797.0
315.23850318177466 796.0
315.50471467075477 810.0
315.7709184117303 808.0
316.0371144042182 808.0
316.3033026477353 784.0
316.56948314179846 783.0
316.8356558859246 809.0
317.1018208796305 791.0
317.36797812243304 789.0
317.6341276138491 806.0
317.90026935339563 805.0
318.1664033405894 817.0
318.4325295749473 812.0
318.6986480559862 804.0
318.96475878322303 790.0
319.2308617561746 797.0
319.4969569743577 794.0
319.76304443728935 806.0
320.0291241444864 810.0
320.2951960954656 808.0
320.5612602897438 808.0
320.82731672683815 808.0
321.0933654062652 818.0
321.359406327542 803.0
321.6254394901853 814.0
321.891464893712 800.0
322.157482537639 787.0
322.4234924214832 800.0
322.68949454476143 789.0
322.95548890699064 819.0
323.2214755076875 810.0
323.487454346369 806.0
323.753425422552 805.0
324.01938873575347 791.0
324.2853442854901 794.0
324.55129207127885 793.0
324.8172320926366 809.0
325.08316434908016 794.0
325.34908884012646 801.0
325.61500556529234 807.0
325.8809145240947 805.0
326.14681571605024 810.0
326.4127091406761 797.0
326.6785947974889 821.0
326.9444726860058 812.0
327.2103428057433 818.0
327.47620515621855 803.0
327.74205973694836 814.0
328.00790654744947 799.0
328.2737455872389 812.0
328.5395768558335 794.0
328.80540035275004 809.0
329.0712160775054 805.0
329.33702402961654 803.0
329.6028242086002 787.0
329.86861661397353 800.0
330.13440124525306 788.0
330.4001781019559 789.0
330.66594718359863 801.0
330.9317084896984 822.0
331.19746201977205 805.0
331.46320777333636 801.0
331.7289457499082 805.0
331.9946759490044 799.0
332.2603983701419 798.0
332.5261130128375 797.0
332.79181987660826 803.0
333.05751896097087 794.0
333.3232102654422 798.0
333.58889378953916 809.0
333.85456953277856 800.0
334.1202374946774 800.0
334.38589767475247 821.0
334.6515500725206 802.0
334.9171946874987 808.0
335.18283151920355 801.0
335.4484605671522 796.0
335.7140818308614 808.0
335.97969530984807 810.0
336.245301003629 814.0
336.51089891172114 802.0
336.77648903364127 800.0
337.04207136890636 802.0
337.30764591703326 810.0
337.5732126775387 792.0
337.83877164993976 789.0
338.10432283375314 805.0
338.36986622849577 801.0
338.63540183368457 787.0
338.9009296488363 809.0
339.16644967346787 802.0
339.4319619070962 791.0
339.6974663492381 805.0
339.9629629994105 806.0
340.22845185713027 793.0
340.4939329219141 796.0
340.75940619327906 812.0
341.02487167074196 806.0
341.2903293538197 789.0
341.555779242029 816.0
341.821221334887 805.0
342.0866556319103 811.0
342.3520821326158 798.0
342.6175008365205 801.0
342.8829117431413 798.0
343.1483148519949 799.0
343.41371016259825 805.0
343.6790976744682 809.0
343.9444773871216 791.0
344.20984930007546 821.0
344.4752134128465 814.0
344.74056972495157 809.0
345.0059182359076 808.0
345.27125894523147 810.0
345.53659185244 798.0
345.80191695705014 802.0
346.0672342585787 801.0
346.3325437565426 813.0
346.5978454504585 805.0
346.8631393398436 797.0
347.1284254242145 783.0
347.3937037030882 798.0
347.6589741759816 801.0
347.92423684241146 794.0
348.1894917018946 792.0
348.4547387539481 802.0
348.71997799808867 798.0
348.9852094338332 809.0
349.2504330606986 800.0
349.51564887820166 795.0
349.7808568858593 793.0
350.0460570831885 813.0
350.31124946970584 809.0
350.57643404492853 801.0
350.84161080837316 795.0
351.1067797595568 797.0
351.3719408979961 813.0
351.63709422320824 803.0
351.90223973470984 814.0
352.16737743201776 799.0
352.43250731464894 797.0
352.69762938212034 793.0
352.9627436339487 806.0
353.2278500696509 800.0
353.49294868874387 807.0
353.7580394907444 786.0
354.02312247516943 803.0
354.28819764153576 804.0
354.55326498936034 799.0
354.81832451816 806.0
355.08337622745165 802.0
355.348420116752 796.0
355.613456185578 793.0
355.8784844334467 807.0
356.1435048598747 803.0
356.4085174643791 805.0
356.6735222464765 801.0
356.938519205684 791.0
357.2035083415184 807.0
357.46848965349653 818.0
357.73346314113536 807.0
357.9984288039516 790.0
358.2633866414622 821.0
358.528336653184 813.0
358.793278838634 813.0
359.05821319732894 832.0
359.3231397287857 805.0
359.5880584325211 802.0
359.8529693080521 802.0
360.1178723548955 789.0
360.3827675725683 808.0
360.64765496058726 796.0
360.9125345184692 783.0
361.1774062457311 801.0
361.44227014188965 793.0
361.707126206462 797.0
361.9719744389649 807.0
362.2368148389151 794.0
362.5016474058295 815.0
362.766472139225 810.0
363.0312890386186 790.0
363.296098103527 816.0
363.5608993334672 792.0
363.82569272795587 805.0
364.09047828651006 818.0
364.35525600864656 811.0
364.6200258938823 820.0
364.8847879417341 786.0
365.1495421517188 794.0
365.41428852335326 798.0
365.67902705615444 803.0
365.9437577496392 801.0
366.2084806033243 806.0
366.4731956167267 802.0
366.7379027893632 804.0
367.0026021207507 822.0
367.2672936104061 799.0
367.5319772578463 807.0
367.79665306258806 799.0
368.06132102414836 804.0
368.32598114204393 791.0
368.59063341579173 803.0
368.85527784490864 810.0
369.1199144289115 802.0
369.3845431673172 792.0
369.6491640596426 797.0
369.91377710540445 818.0
370.1783823041198 809.0
370.44297965530546 818.0
370.70756915847835 807.0
370.97215081315517 805.0
371.2367246188529 795.0
371.5012905750884 820.0
371.7658486813786 790.0
372.0303989372402 792.0
372.29494134219027 801.0
372.5594758957455 811.0
372.82400259742286 791.0
373.08852144673915 816.0
373.3530324432114 802.0
373.6175355863563 799.0
373.8820308756908 802.0
374.1465183107317 812.0
374.410997890996 806.0
374.6754696160004 808.0
374.93993348526186 816.0
375.2043894982973 788.0
375.4688376546235 806.0
375.7332779537573 807.0
375.9977103952157 797.0
376.26213497851546 796.0
376.52655170317354 805.0
376.7909605687067 800.0
377.05536157463183 824.0
377.3197547204658 805.0
377.5841400057256 807.0
377.84851742992794 812.0
378.11288699258984 804.0
378.37724869322795 793.0
378.64160253135935 798.0
378.90594850650075 804.0
379.1702866181692 793.0
379.4346168658814 812.0
379.69893924915425 797.0
379.9632537675047 785.0
380.2275604204495 806.0
380.49185920750574 802.0
380.75615012819 794.0
381.0204331820193 808.0
381.2847083685105 810.0
381.5489756871804 814.0
381.8132351375459 805.0
382.07748671912407 800.0
382.34173043143153 810.0
382.6059662739852 807.0
382.8701942463019 795.0
383.1344143478986 795.0
383.3986265782921 794.0
383.6628309369994 814.0
383.92702742353725 804.0
384.1912160374225 805.0
384.45539677817203 808.0
384.7195696453027 812.0
384.98373463833155 807.0
385.2478917567753 798.0
385.5120410001507 811.0
385.7761823679748 794.0
386.0403158597644 800.0
386.30444147503647 806.0
386.5685592133077 797.0
386.8326690740951 804.0
387.09677105691543 810.0
387.36086516128563 799.0
387.6249513867226 797.0
387.88902973274315 804.0
388.15310019886414 784.0
388.41716278460245 796.0
388.68121748947493 792.0
388.9452643129986 801.0
389.2093032546901 808.0
389.47333431406645 796.0
389.73735749064434 802.0
390.0013727839409 796.0
390.2653801934728 801.0
390.52937971875696 803.0
390.7933713593103 807.0
391.05735511464974 815.0
391.3213309842919 810.0
391.5852989677539 802.0
391.8492590645524 809.0
392.1132112742045 799.0
392.37715559622694 807.0
392.6410920301366 799.0
392.9050205754503 806.0
393.1689412316849 808.0
393.43285399835736 807.0
393.69675887498465 799.0
393.96065586108335 811.0
394.2245449561705 805.0
394.4884261597629 797.0
394.75229947137757 805.0
395.01616489053123 804.0
395.28002241674085 784.0
395.5438720495231 798.0
395.80771378839506 812.0
396.0715476328735 805.0
396.33537358247537 804.0
396.5991916367174 815.0
396.86300179511665 804.0
397.12680405718976 815.0
397.39059842245376 805.0
397.65438489042543 803.0
397.91816346062177 810.0
398.18193413255955 805.0
398.4456969057556 806.0
398.7094517797268 793.0
398.97319875399006 806.0
399.2369378280623 812.0
399.50066900146027 796.0
399.764392273701 794.0
400.02810764430114 800.0
400.2918151127777 779.0
400.55551467864757 799.0
400.81920634142756 802.0
401.08289010063453 780.0
401.34656595578537 784.0
401.6102339063969 813.0
401.8738939519861 806.0
402.1375460920697 805.0
402.4011903261647 791.0
402.6648266537879 795.0
402.92845507445617 805.0
403.1920755876863 799.0
403.4556881929953 789.0
403.71929288990003 802.0
403.98288967791734 807.0
404.246478556564 809.0
404.5100595253569 805.0
404.77363258381297 798.0
405.03719773144906 827.0
405.3007549677821 786.0
405.56430429232887 805.0
405.82784570460626 810.0
406.0913792041311 822.0
406.35490479042033 798.0
406.61842246299085 806.0
406.88193222135936 794.0
407.14543406504293 789.0
407.4089279935582 795.0
407.6724140064223 811.0
407.9358921031519 813.0
408.19936228326395 813.0
408.4628245462754 815.0
408.7262788917029 795.0
408.9897253190635 806.0
409.25316382787395 792.0
409.5165944176513 794.0
409.7800170879122 794.0
410.04343183817366 806.0
410.30683866795243 811.0
410.57023757676546 799.0
410.83362856412975 797.0
411.09701162956185 811.0
411.3603867725789 802.0
411.62375399269763 796.0
411.887113289435 803.0
412.1504646623078 794.0
412.4138081108329 813.0
412.6771436345273 803.0
412.94047123290767 808.0
413.20379090549096 792.0
413.46710265179405 805.0
413.7304064713339 811.0
413.9937023636272 805.0
414.25699032819097 805.0
414.52027036454194 809.0
414.78354247219704 803.0
415.0468066506732 808.0
415.31006289948726 806.0
415.5733112181561 809.0
415.83655160619645 803.0
416.0997840631253 809.0
416.3630085884595 793.0
416.62622518171594 803.0
416.8894338424115 804.0
417.152634570063 798.0
417.4158273641873 802.0
417.67901222430123 806.0
417.9421891499217 804.0
418.2053581405658 812.0
418.46851919575005 797.0
418.7316723149915 810.0
418.99481749780693 799.0
419.2579547437133 810.0
419.5210840522274 798.0
419.78420542286625 791.0
420.04731885514644 802.0
420.31042434858506 804.0
420.573521902699 819.0
420.83661151700494 801.0
421.0996931910199 795.0
421.3627669242608 802.0
421.6258327162443 803.0
421.88889056648736 815.0
422.1519404745069 811.0
422.41498243981977 809.0
422.6780164619429 814.0
422.9410425403929 800.0
423.2040606746869 787.0
423.46707086434174 794.0
423.7300731088742 808.0
423.9930674078012 807.0
424.25605376063965 801.0
424.5190321669063 794.0
424.782002626118 802.0
425.0449651377918 788.0
425.30791970144446 799.0
425.57086631659286 802.0
425.83380498275386 790.0
426.0967356994443 798.0
426.3596584661811 813.0
426.6225732824811 828.0
426.88548014786113 796.0
427.14837906183817 793.0
427.411270023929 807.0
427.6741530336505 797.0
427.9370280905195 800.0
428.199895194053 812.0
428.46275434376776 790.0
428.72560553918066 796.0
428.98844877980855 799.0
429.2512840651683 798.0
429.51411139477693 794.0
429.77693076815115 807.0
430.03974218480784 801.0
430.3025456442639 802.0
430.5653411460361 816.0
430.82812868964146 821.0
431.09090827459687 804.0
431.353679900419 792.0
431.61644356662487 807.0
431.87919927273134 786.0
432.1419470182551 801.0
432.40468680271334 796.0
432.66741862562276 819.0
432.93014248650013 823.0
433.1928583848624 820.0
433.45556632022647 809.0
433.7182662921092 793.0
433.9809583000275 811.0
434.24364234349815 802.0
434.506318422038 803.0
434.768986535164 791.0
435.031646682393 806.0
435.2942988632418 810.0
435.55694307722734 794.0
435.81957932386655 801.0
436.08220760267614 802.0
436.34482791317305 799.0
436.6074402548742 802.0
436.8700446272964 799.0
437.1326410299566 808.0
437.3952294623715 810.0
437.65780992405803 815.0
437.9203824145332 809.0
438.1829469333138 802.0
438.4455034799166 805.0
438.7080520538586 813.0
438.9705926546565 792.0
439.23312528182737 803.0
439.49564993488787 796.0
439.7581666133551 797.0
440.0206753167459 807.0
440.28317604457686 803.0
440.5456687963651 801.0
440.8081535716274 795.0
441.07063036988075 800.0
441.3330991906418 801.0
441.5955600334276 792.0
441.858012897755 808.0
442.12045778314075 802.0
442.3828946891018 785.0
442.6453236151551 798.0
442.9077445608174 818.0
443.17015752560553 804.0
443.4325625090365 809.0
443.69495951062703 802.0
443.95734852989415 820.0
444.21972956635454 806.0
444.4821026195253 799.0
444.74446768892307 799.0
445.00682477406485 810.0
445.2691738744674 812.0
445.5315149896478 794.0
445.79384811912274 795.0
446.05617326240906 791.0
446.31849041902376 797.0
446.58079958848356 795.0
446.8431007703055 814.0
447.10539396400634 807.0
447.367679169103 807.0
447.6299563851123 788.0
447.892225611551 801.0
448.15448684793625 818.0
448.4167400937847 806.0
448.67898534861325 805.0
448.9412226119389 807.0
449.2034518832783 803.0
449.46567316214856 804.0
449.72788644806633 808.0
449.99009174054856 803.0
450.2522890391122 793.0
450.514478343274 792.0
450.77665965255085 791.0
451.0388329664597 800.0
451.30099828451733 789.0
451.5631556062406 798.0
451.82530493114655 798.0
452.08744625875175 801.0
452.3495795885734 802.0
452.6117049201281 808.0
452.87382225293277 808.0
453.13593158650446 785.0
453.3980329203598 811.0
453.6601262540158 804.0
453.9222115869893 797.0
454.1842889187971 815.0
454.4463582489562 794.0
454.70841957698343 804.0
454.97047290239556 815.0
455.23251822470957 786.0
455.49455554344223 809.0
455.75658485811044 810.0
456.0186061682312 795.0
456.2806194733211 811.0
456.5426247728973 802.0
456.8046220664765 801.0
457.0666113535756 811.0
457.32859263371154 789.0
457.5905659064011 811.0
457.8525311711611 807.0
458.1144884275086 802.0
458.37643767496024 798.0
458.6383789130331 797.0
458.9003121412439 794.0
459.1622373591095 821.0
459.4241545661469 807.0
459.68606376187284 813.0
459.9479649458043 805.0
460.2098581174581 801.0
460.471743276351 794.0
460.733620422 817.0
460.9954895539219 818.0
461.2573506716337 813.0
461.51920377465206 803.0
461.78104886249406 792.0
462.0428859346764 795.0
462.304714990716 793.0
462.5665360301298 795.0
462.82834905243453 789.0
463.09015405714723 801.0
463.35195104378465 807.0
463.6137400118636 816.0
463.8755209609011 819.0
464.13729389041396 808.0
464.399058799919 802.0
464.6608156889332 789.0
464.92256455697327 803.0
465.18430540355615 805.0
465.4460382281988 805.0
465.707763030418 816.0
465.96947980973056 809.0
466.23118856565344 811.0
466.49288929770347 809.0
466.75458200539765 806.0
467.0162666882526 805.0
467.27794334578533 809.0
467.5396119775127 791.0
467.8012725829516 807.0
468.0629251616188 800.0
468.3245697130314 788.0
468.586206236706 790.0
468.8478347321596 802.0
469.109455198909 790.0
469.3710676364711 801.0
469.6326720443629 812.0
469.89426842210105 793.0
470.1558567692025 815.0
470.4174370851842 821.0
470.6790093695629 802.0
470.94057362185555 785.0
471.20212984157905 804.0
471.4636780282501 812.0
471.72521818138574 806.0
471.9867503005027 799.0
472.248274385118 803.0
472.5097904347484 800.0
472.7712984489108 803.0
473.03279842712203 810.0
473.29429036889906 790.0
473.55577427375863 799.0
473.8172501412177 801.0
474.07871797079315 803.0
474.34017776200176 798.0
474.6016295143605 800.0
474.8630732273861 808.0
475.1245089005955 809.0
475.3859365335057 816.0
475.64735612563334 791.0
475.9087676764954 808.0
476.1701711856088 808.0
476.4315666524903 802.0
476.6929540766569 796.0
476.95433345762535 799.0
477.2157047949125 805.0
477.47706808803537 795.0
477.7384233365106 805.0
477.9997705398553 798.0
478.26110969758616 805.0
478.52244080922014 808.0
478.78376387427414 807.0
479.04507889226494 806.0
479.3063858627094 803.0
479.5676847851245 804.0
479.828975659027 802.0
480.0902584839338 790.0
480.3515332593618 794.0
480.61279998482775 784.0
480.8740586598487 794.0
481.13530928394147 794.0
481.3965518566228 807.0
481.65778637740965 812.0
481.9190128458189 798.0
482.1802312613674 808.0
482.4414416235721 809.0
482.70264393194964 817.0
482.9638381860171 796.0
483.2250243852913 806.0
483.4862025292891 806.0
483.7473726175273 809.0
484.0085346495229 814.0
484.26968862479265 797.0
484.5308345428534 804.0
484.79197240322225 809.0
485.0531022054157 799.0
485.314223948951 798.0
485.57533763334476 804.0
485.8364432581139 808.0
486.0975408227754 788.0
486.35863032684597 813.0
486.61971176984247 808.0
486.880785151282 803.0
487.1418504706812 801.0
487.402907727557 804.0
487.66395692142635 794.0
487.92499805180597 806.0
488.18603111821284 812.0
488.44705612016384 819.0
488.7080730571757 810.0
488.9690819287655 803.0
489.2300827344499 804.0
489.49107547374587 803.0
489.75206014617027 784.0
490.01303675124 798.0
490.27400528847187 814.0
490.53496575738274 804.0
490.79591815748955 809.0
491.05686248830915 789.0
491.31779874935836 801.0
491.57872694015396 794.0
491.8396470602131 789.0
492.1005591090524 798.0
492.3614630861888 780.0
492.6223589911392 796.0
492.88324682342045 804.0
493.14412658254946 806.0
493.40499826804296 804.0
493.66586187941795 801.0
493.92671741619125 799.0
494.18756487787977 812.0
494.44840426400026 795.0
494.70923557406974 803.0
494.97005880760497 796.0
495.23087396412285 804.0
495.4916810431403 812.0
495.7524800441741 781.0
496.01327096674123 794.0
496.27405381035845 810.0
496.53482857454264 818.0
496.79559525881075 803.0
497.05635386267954 808.0
497.31710438566597 817.0
497.57784682728686 817.0
497.8385811870591 814.0
498.0993074644995 793.0
498.360025659125 810.0
498.6207357704524 804.0
498.88143779799873 804.0
499.14213174128065 807.0
499.40281759981514 796.0
499.6634953731191 800.0
499.92416506070924 805.0
500.1848266621026 788.0
500.445480176816 805.0
500.70612560436615 803.0
500.96676294427016 813.0
501.22739219604483 780.0
501.48801335920695 799.0
501.74862643327344 806.0
502.00923141776116 813.0
502.2698283121869 810.0
502.5304171160677 816.0
502.7909978289203 802.0
503.0515704502616 788.0
503.31213497960846 795.0
503.57269141647777 814.0
503.8332397603864 809.0
504.09378001085116 800.0
504.354312167389 793.0
504.6148362295168 809.0
504.8753521967513 790.0
505.1358600686094 803.0
505.3963598446082 803.0
505.6568515242642 792.0
505.9173351070945 792.0
506.17781059261597 816.0
506.4382779803454 806.0
506.69873726979966 817.0
506.95918846049574 796.0
507.2196315519502 806.0
507.4800665436803 810.0
507.74049343520267 797.0
508.00091222603425 807.0
508.261322915692 794.0
508.5217255036924 795.0
508.7821199895529 809.0
509.0425063727899 802.0
509.3028846529204 809.0
509.5632548294615 802.0
509.8236169019296 805.0
510.0839708698421 804.0
510.3443167327155 816.0
510.60465449006676 802.0
510.8649841414127 808.0
511.12530568627034 800.0
511.3856191241566 791.0
511.64592445458794 817.0
511.90622167708165 804.0
512.1665107911545 811.0
512.4267917963232 813.0
512.6870646921047 804.0
512.947329478016 805.0
513.2075861535739 783.0
513.467834718295 799.0
513.7280751716964 807.0
513.9883075132952 799.0
514.248531742608 814.0
514.5087478591515 825.0
514.7689558624429 804.0
515.0291557519989 816.0
515.2893475273365 807.0
515.5495311879723 804.0
515.8097067334235 808.0
516.0698741632067 812.0
516.3300334768389 798.0
516.5901846738369 788.0
516.8503277537177 799.0
517.1104627159981 797.0
517.3705895601947 800.0
517.630708285825 801.0
517.8908188924053 806.0
518.1509213794526 825.0
518.411015746484 808.0
518.6711019930159 798.0
518.9311801185657 807.0
519.19125012265 803.0
519.4513120047856 805.0
519.7113657644896 801.0
519.9714114012784 800.0
520.2314489146695 794.0
520.4914783041794 799.0
520.751499569325 806.0
521.0115127096234 800.0
521.271517724591 805.0
521.5315146137451 795.0
521.7915033766022 804.0
522.0514840126796 812.0
522.3114565214938 792.0
522.5714209025618 796.0
522.8313771554007 794.0
523.0913252795269 807.0
523.3512652744578 796.0
523.6111971397097 806.0
523.8711208747998 816.0
524.1310364792452 797.0
524.390943952562 805.0
524.6508432942679 803.0
524.9107345038794 807.0
525.1706175809132 812.0
525.4304925248866 798.0
525.690359335316 796.0
525.9502180117188 807.0
526.2100685536113 804.0
526.4699109605107 804.0
526.729745231934 802.0
526.9895713673975 795.0
527.2493893664187 801.0
527.5091992285141 803.0
527.7690009532007 814.0
528.0287945399953 807.0
528.2885799884149 800.0
528.5483572979764 800.0
528.8081264681963 798.0
529.0678874985917 805.0
529.3276403886796 811.0
529.5873851379768 796.0
529.8471217460001 814.0
530.1068502122662 800.0
530.3665705362923 813.0
530.6262827175951 799.0
530.8859867556915 799.0
531.1456826500984 809.0
531.4053704003326 824.0
531.6650500059111 812.0
531.9247214663504 800.0
532.1843847811678 802.0
532.4440399498801 798.0
532.7036869720038 799.0
532.9633258470562 781.0
533.222956574554 798.0
533.4825791540142 796.0
533.7421935849534 793.0
534.0017998668885 815.0
534.2613979993366 809.0
534.5209879818145 811.0
534.780569813839 801.0
535.0401434949268 806.0
535.2997090245951 808.0
535.5592664023607 800.0
535.8188156277402 808.0
536.0783567002508 810.0
536.3378896194092 798.0
536.5974143847321 797.0
536.8569309957369 806.0
537.1164394519398 801.0
537.3759397528582 816.0
537.6354318980087 794.0
537.8949158869082 792.0
538.1543917190737 809.0
538.4138593940218 785.0
538.6733189112697 790.0
538.932770270334 799.0
539.1922134707318 783.0
539.4516485119797 798.0
539.7110753935946 793.0
539.9704941150937 811.0
540.2299046759937 805.0
540.4893070758112 798.0
540.7487013140633 798.0
541.008087390267 814.0
541.2674653039389 796.0
541.526835054596 803.0
541.7861966417552 802.0
542.0455500649333 799.0
542.3048953236471 807.0
542.5642324174137 804.0
542.8235613457497 796.0
543.0828821081722 809.0
543.3421947041979 810.0
543.6014991333436 809.0
543.8607953951266 801.0
544.1200834890632 793.0
544.3793634146708 787.0
544.6386351714658 809.0
544.8978987589653 797.0
545.1571541766862 793.0
545.4164014241451 801.0
545.6756405008593 802.0
545.9348714063455 803.0
546.1940941401203 812.0
546.4533087017008 801.0
546.712515090604 799.0
546.9717133063466 796.0
547.2309033484453 802.0
547.4900852164174 796.0
547.7492589097793 806.0
548.0084244280482 797.0
548.2675817707409 804.0
548.526730937374 806.0
548.7858719274648 811.0
549.0450047405299 811.0
549.3041293760863 814.0
549.5632458336507 814.0
549.82235411274 801.0
550.0814542128714 805.0
550.3405461335612 796.0
550.5996298743269 812.0
550.8587054346848 804.0
551.117772814152 789.0
551.3768320122455 802.0
551.6358830284819 795.0
551.8949258623783 801.0
552.1539605134514 780.0
552.4129869812182 785.0
552.6720052651955 791.0
552.9310153649002 809.0
553.1900172798491 799.0
553.4490110095592 804.0
553.7079965535472 809.0
553.9669739113302 793.0
554.2259430824248 797.0
554.484904066348 808.0
554.7438568626167 785.0
555.0028014707476 797.0
555.261737890258 808.0
555.520666120664 808.0
555.7795861614834 804.0
556.0384980122324 796.0
556.2974016724281 796.0
556.5562971415874 798.0
556.8151844192269 800.0
557.0740635048638 808.0
557.3329343980148 794.0
557.5917970981968 803.0
557.8506516049267 784.0
558.1094979177213 793.0
558.3683360360976 788.0
558.6271659595724 802.0
558.8859876876625 804.0
559.1448012198848 805.0
559.4036065557561 806.0
559.6624036947936 795.0
559.9211926365136 782.0
560.1799733804337 794.0
560.43874592607 806.0
560.6975102729399 802.0
560.9562664205602 796.0
561.2150143684473 788.0
561.4737541161188 787.0
561.732485663091 816.0
561.9912090088809 803.0
562.2499241530056 813.0
562.5086310949818 798.0
562.7673298343262 795.0
563.026020370556 789.0
563.2847027031879 809.0
563.5433768317389 803.0
563.8020427557254 800.0
564.0607004746649 812.0
564.3193499880738 806.0
564.5779912954692 801.0
564.8366243963679 797.0
565.0952492902868 791.0
565.3538659767429 815.0
565.6124744552527 796.0
565.8710747253335 805.0
566.1296667865018 795.0
566.3882506382747 792.0
566.6468262801691 806.0
566.9053937117014 810.0
567.1639529323893 798.0
567.4225039417488 801.0
567.6810467392974 784.0
567.9395813245517 792.0
568.1981076970284 794.0
568.4566258562448 795.0
568.7151358017175 807.0
568.9736375329633 802.0
569.2321310494995 795.0
569.4906163508422 785.0
569.749093436509 783.0
570.0075623060163 802.0
570.2660229588813 799.0
570.5244753946206 798.0
570.7829196127512 814.0
571.0413556127901 801.0
571.2997833942537 807.0
571.5582029566596 804.0
571.8166142995238 805.0
572.075017422364 801.0
572.3334123246967 805.0
572.5917990060384 804.0
572.8501774659068 803.0
573.108547703818 803.0
573.3669097192892 795.0
573.6252635118373 791.0
573.8836090809789 796.0
574.1419464262314 804.0
574.400275547111 812.0
574.6585964431351 807.0
574.9169091138205 795.0
575.1752135586836 809.0
575.4335097772419 808.0
575.6917977690118 801.0
575.9500775335105 799.0
576.2083490702545 805.0
576.4666123787609 816.0
576.7248674585469 814.0
576.9831143091286 820.0
577.2413529300236 784.0
577.4995833207483 797.0
577.7578054808198 805.0
578.0160194097549 811.0
578.2742251070703 801.0
578.5324225722832 786.0
578.7906118049101 798.0
579.0487928044681 800.0
579.3069655704743 806.0
579.565130102445 795.0
579.8232863998975 806.0
580.0814344623485 793.0
580.339574289315 800.0
580.5977058803137 810.0
580.8558292348614 806.0
581.1139443524753 792.0
581.3720512326721 790.0
581.6301498749685 801.0
581.8882402788817 789.0
582.146322443928 825.0
582.4043963696251 813.0
582.6624620554893 807.0
582.9205195010375 801.0
583.1785687057866 807.0
583.4366096692537 809.0
583.6946423909554 792.0
583.9526668704085 801.0
584.2106831071303 808.0
584.4686911006373 828.0
584.7266908504463 861.0
584.9846823560746 885.0
585.2426656170385 970.0
585.5006406328554 923.0
585.7586074030418 869.0
586.0165659271148 836.0
586.2745162045912 814.0
586.5324582349878 805.0
586.7903920178214 798.0
587.0483175526091 816.0
587.3062348388676 804.0
587.5641438761138 813.0
587.8220446638645 798.0
588.0799372016369 815.0
588.3378214889474 817.0
588.5956975253132 804.0
588.8535653102509 807.0
589.1114248432776 810.0
589.3692761239103 803.0
589.6271191516653 802.0
589.88495392606 794.0
590.1427804466111 800.0
590.4005987128355 800.0
590.6584087242501 797.0
590.9162104803713 792.0
591.1740039807169 809.0
591.4317892248029 809.0
591.6895662121466 804.0
591.9473349422648 796.0
592.2050954146741 798.0
592.462847628892 816.0
592.7205915844347 805.0
592.9783272808194 805.0
593.236054717563 817.0
593.493773894182 798.0
593.7514848101939 798.0
594.009187465115 805.0
594.2668818584625 811.0
594.5245679897531 833.0
594.7822458585038 822.0
595.0399154642313 805.0
595.2975768064524 790.0
595.5552298846843 808.0
595.8128746984438 805.0
596.0705112472474 794.0
596.3281395306126 796.0
596.5857595480555 814.0
596.8433712990935 816.0
597.1009747832434 810.0
597.3585700000219 806.0
597.6161569489462 816.0
597.8737356295327 798.0
598.1313060412986 810.0
598.3888681837607 793.0
598.6464220564358 812.0
598.9039676588409 790.0
599.1615049904925 808.0
599.4190340509081 796.0
599.676554839604 795.0
599.9340673560972 792.0
600.1915715999048 789.0
600.4490675705435 824.0
600.7065552675302 827.0
600.9640346903817 807.0
601.221505838615 797.0
601.4789687117469 792.0
601.7364233092942 802.0
601.9938696307739 792.0
602.2513076757026 803.0
602.5087374435976 802.0
602.7661589339755 798.0
603.023572146353 796.0
603.2809770802475 813.0
603.5383737351752 797.0
603.7957621106534 789.0
604.053142206199 796.0
604.3105140213286 794.0
604.5678775555593 803.0
604.8252328084078 800.0
605.0825797793912 801.0
605.3399184680261 795.0
605.5972488738295 786.0
605.8545709963181 805.0
606.111884835009 802.0
606.3691903894193 801.0
606.6264876590651 805.0
606.883776643464 805.0
607.1410573421324 809.0
607.3983297545875 833.0
607.6555938803461 822.0
607.9128497189247 829.0
608.1700972698408 811.0
608.4273365326108 792.0
608.6845675067516 805.0
608.9417901917803 816.0
609.1990045872135 817.0
609.4562106925683 840.0
609.7134085073615 841.0
609.9705980311098 822.0
610.2277792633305 804.0
610.4849522035397 793.0
610.7421168512552 792.0
610.9992732059933 798.0
611.2564212672709 807.0
611.5135610346049 804.0
611.7706925075122 817.0
612.0278156855098 824.0
612.2849305681145 813.0
612.542037154843 807.0
612.7991354452124 812.0
613.0562254387393 814.0
613.3133071349409 803.0
613.5703805333337 813.0
613.8274456334349 813.0
614.0845024347612 834.0
614.3415509368294 879.0
614.5985911391567 872.0
614.8556230412595 848.0
615.1126466426551 808.0
615.36966194286 814.0
615.6266689413914 801.0
615.8836676377659 803.0
616.1406580315004 802.0
616.3976401221121 812.0
616.6546139091173 821.0
616.9115793920333 804.0
617.1685365703769 801.0
617.4254854436648 802.0
617.6824260114142 807.0
617.9393582731417 807.0
618.196282228364 814.0
618.4531978765983 806.0
618.7101052173614 795.0
618.9670042501702 800.0
619.2238949745413 799.0
619.4807773899919 797.0
619.7376514960388 808.0
619.9945172921986 786.0
620.2513747779885 795.0
620.508223952925 796.0
620.7650648165256 808.0
621.0218973683066 804.0
621.2787216077849 810.0
621.5355375344776 814.0
621.7923451479013 820.0
622.0491444475734 802.0
622.3059354330103 811.0
622.5627181037288 808.0
622.8194924592461 796.0
623.0762584990788 802.0
623.333016222744 798.0
623.5897656297584 785.0
623.8465067196389 808.0
624.1032394919024 809.0
624.3599639460657 800.0
624.6166800816459 792.0
624.8733878981594 793.0
625.1300873951237 807.0
625.3867785720552 798.0
625.6434614284708 804.0
625.9001359638876 797.0
626.1568021778221 821.0
626.4134600697917 805.0
626.6701096393127 829.0
626.9267508859024 823.0
627.1833838090776 817.0
627.4400084083547 783.0
627.6966246832512 796.0
627.9532326332837 806.0
628.2098322579691 796.0
628.4664235568243 803.0
628.723006529366 796.0
628.9795811751112 796.0
629.2361474935768 802.0
629.4927054842794 810.0
629.7492551467363 807.0
630.0057964804641 812.0
630.2623294849799 805.0
630.5188541598001 815.0
630.775370504442 825.0
631.0318785184223 814.0
631.2883782012578 809.0
631.5448695524658 812.0
631.8013525715625 806.0
632.0578272580652 797.0
632.3142936114906 811.0
632.5707516313557 803.0
632.8272013171775 808.0
633.0836426684723 815.0
633.3400756847575 826.0
633.5965003655499 842.0
633.8529167103661 825.0
634.1093247187234 816.0
634.3657243901381 805.0
634.6221157241276 814.0
634.8784987202085 797.0
635.1348733778977 814.0
635.3912396967121 804.0
635.6475976761684 791.0
635.9039473157839 794.0
636.1602886150749 816.0
636.4166215735588 801.0
636.6729461907521 800.0
636.9292624661718 808.0
637.1855703993349 793.0
637.4418699897578 807.0
637.6981612369581 813.0
637.9544441404521 816.0
638.2107186997567 830.0
638.4669849143892 838.0
638.7232427838659 841.0
638.979492307704 824.0
639.2357334854204 830.0
639.4919663165317 853.0
639.7481908005552 870.0
640.0044069370073 903.0
640.2606147254052 996.0
640.5168141652655 962.0
640.7730052561054 901.0
641.0291879974413 855.0
641.2853623887906 823.0
641.5415284296699 795.0
641.797686119596 825.0
642.0538354580859 822.0
642.3099764446565 806.0
642.5661090788245 802.0
642.8222333601069 796.0
643.0783492880205 795.0
643.3344568620822 780.0
643.5905560818089 805.0
643.8466469467173 797.0
644.1027294563247 802.0
644.3588036101473 818.0
644.6148694077026 807.0
644.8709268485071 792.0
645.1269759320778 825.0
645.3830166579316 796.0
645.6390490255851 805.0
645.8950730345556 792.0
646.1510886843597 784.0
646.4070959745143 796.0
646.6630949045363 801.0
646.9190854739425 815.0
647.17506768225 817.0
647.4310415289752 814.0
647.6870070136354 807.0
647.9429641357473 784.0
648.1989128948277 802.0
648.4548532903938 805.0
648.7107853219619 809.0
648.9667089890495 804.0
649.222624291173 804.0
649.4785312278494 808.0
649.7344297985958 809.0
649.9903200029287 812.0
650.2462018403652 821.0
650.502075310422 839.0
650.7579404126162 860.0
651.0137971464646 857.0
651.2696455114838 833.0
651.525485507191 807.0
651.7813171331029 805.0
652.0371403887364 811.0
652.2929552736086 797.0
652.5487617872358 806.0
652.8045599291355 820.0
653.0603496988242 802.0
653.3161310958188 810.0
653.5719041196362 797.0
653.8276687697933 804.0
654.0834250458071 817.0
654.3391729471941 817.0
654.5949124734717 800.0
654.8506436241562 780.0
655.1063663987647 790.0
655.3620807968144 798.0
655.6177868178215 800.0
655.8734844613035 805.0
656.129173726777 799.0
656.3848546137588 818.0
656.6405271217659 825.0
656.8961912503149 807.0
657.1518469989231 801.0
657.4074943671071 812.0
657.6631333543837 791.0
657.9187639602701 802.0
658.1743861842826 805.0
658.4300000259387 805.0
658.6856054847549 804.0
658.9412025602483 813.0
659.1967912519353 810.0
659.4523715593333 809.0
659.707943481959 809.0
659.9635070193291 827.0
660.2190621709606 814.0
660.4746089363705 821.0
660.7301473150753 813.0
660.9856773065924 803.0
661.2411989104381 818.0
661.4967121261298 808.0
661.7522169531838 789.0
662.0077133911174 788.0
662.2632014394475 800.0
662.5186810976904 792.0
662.7741523653638 801.0
663.029615241984 806.0
663.2850697270679 804.0
663.5405158201327 808.0
663.7959535206948 816.0
664.0513828282715 800.0
664.3068037423793 789.0
664.5622162625355 809.0
664.8176203882564 804.0
665.0730161190594 802.0
665.3284034544613 811.0
665.5837823939785 804.0
665.8391529371283 785.0
666.0945150834276 806.0
666.349868832393 800.0
666.6052141835415 805.0
666.8605511363899 809.0
667.1158796904554 810.0
667.3711998452544 806.0
667.626511600304 819.0
667.8818149551211 832.0
668.1371099092223 825.0
668.3923964621249 817.0
668.6476746133454 806.0
668.9029443624008 801.0
669.1582057088083 791.0
669.4134586520839 796.0
669.6687031917455 810.0
669.9239393273093 814.0
670.1791670582923 801.0
670.4343863842114 801.0
670.6895973045835 810.0
670.9447998189256 801.0
671.1999939267544 813.0
671.4551796275866 829.0
671.7103569209394 828.0
671.9655258063294 833.0
672.220686283274 801.0
672.475838351289 803.0
672.7309820098925 835.0
672.9861172586005 810.0
673.2412440969302 808.0
673.4963625243987 802.0
673.7514725405223 810.0
674.0065741448183 811.0
674.2616673368035 800.0
674.5167521159946 807.0
674.7718284819086 811.0
675.0268964340622 805.0
675.2819559719727 788.0
675.5370070951565 808.0
675.7920498031307 796.0
676.0470840954122 812.0
676.3021099715176 801.0
676.5571274309642 799.0
676.8121364732684 804.0
677.0671370979474 809.0
677.3221293045178 811.0
677.5771130924968 804.0
677.8320884614011 808.0
678.0870554107474 805.0
678.3420139400529 807.0
678.5969640488343 798.0
678.8519057366083 807.0
679.1068390028922 818.0
679.3617638472023 802.0
679.616680269056 804.0
679.8715882679699 798.0
680.1264878434607 789.0
680.3813789950458 806.0
680.6362617222414 814.0
680.8911360245651 790.0
681.146001901533 802.0
681.4008593526627 804.0
681.6557083774705 807.0
681.9105489754734 798.0
682.1653811461886 806.0
682.4202048891326 815.0
682.6750202038223 799.0
682.9298270897748 795.0
683.1846255465068 804.0
683.4394155735351 812.0
683.6941971703767 808.0
683.9489703365485 822.0
684.2037350715673 808.0
684.4584913749499 817.0
684.7132392462133 816.0
684.9679786848742 806.0
685.2227096904496 805.0
685.4774322624564 801.0
685.7321464004115 800.0
685.9868521038316 805.0
686.2415493722334 807.0
686.4962382051343 794.0
686.7509186020508 793.0
687.0055905624997 803.0
687.2602540859983 790.0
687.514909172063 804.0
687.7695558202109 822.0
688.0241940299587 808.0
688.2788238008236 813.0
688.5334451323221 806.0
688.7880580239712 805.0
689.042662475288 807.0
689.2972584857889 808.0
689.5518460549912 803.0
689.8064251824115 808.0
690.0609958675668 799.0
690.3155581099742 802.0
690.5701119091498 796.0
690.8246572646113 825.0
691.0791941758752 809.0
691.3337226424583 802.0
691.5882426638777 818.0
691.84275423965 800.0
692.0972573692924 810.0
692.3517520523214 819.0
692.6062382882542 824.0
692.8607160766074 835.0
693.1151854168979 855.0
693.3696463086428 838.0
693.6240987513587 814.0
693.8785427445628 811.0
694.1329782877717 808.0
694.3874053805022 805.0
694.6418240222713 784.0
694.8962342125958 795.0
695.1506359509929 808.0
695.405029236979 806.0
695.6594140700711 813.0
695.9137904497863 816.0
696.168158375641 804.0
696.4225178471527 792.0
696.676868863838 812.0
696.9312114252134 803.0
697.1855455307963 804.0
697.4398711801031 798.0
697.6941883726512 808.0
697.9484971079568 825.0
698.2027973855375 806.0
698.4570892049098 807.0
698.7113725655903 817.0
698.9656474670965 810.0
699.2199139089445 805.0
699.4741718906519 801.0
699.7284214117353 810.0
699.9826624717113 815.0
700.2368950700971 799.0
700.4911192064093 808.0
700.7453348801653 806.0
700.9995420908814 802.0
701.2537408380745 798.0
701.5079311212619 802.0
701.7621129399598 816.0
702.016286293686 802.0
702.2704511819566 811.0
702.5246076042886 815.0
702.778755560199 809.0
703.0328950492045 841.0
703.2870260708224 847.0
703.5411486245691 833.0
703.7952627099618 825.0
704.0493683265172 819.0
704.3034654737519 804.0
704.5575541511835 808.0
704.8116343583279 804.0
705.0657060947029 804.0
705.3197693598249 794.0
705.5738241532106 796.0
705.8278704743772 807.0
706.0819083228414 812.0
706.3359376981203 794.0
706.5899585997306 797.0
706.8439710271889 808.0
707.0979749800126 799.0
707.3519704577179 806.0
707.6059574598225 802.0
707.8599359858429 816.0
708.1139060352955 788.0
708.3678676076978 795.0
708.6218207025663 806.0
708.8757653194182 816.0
709.12970145777 807.0
709.3836291171389 796.0
709.6375482970416 799.0
709.8914589969946 801.0
710.1453612165157 817.0
710.3992549551208 804.0
710.6531402123275 809.0
710.9070169876522 805.0
711.1608852806118 802.0
711.4147450907236 804.0
711.6685964175037 797.0
711.9224392604699 796.0
712.1762736191384 798.0
712.4300994930262 793.0
712.6839168816504 818.0
712.9377257845274 815.0
713.1915262011746 819.0
713.4453181311087 807.0
713.6991015738463 801.0
713.9528765289045 819.0
714.2066429958 801.0
714.4604009740502 812.0
714.7141504631712 815.0
714.9678914626805 799.0
715.2216239720948 797.0
715.4753479909306 812.0
715.7290635187052 815.0
715.982770554935 820.0
716.2364690991376 803.0
716.4901591508293 784.0
716.743840709527 794.0
716.9975137747479 818.0
717.2511783460084 804.0
717.5048344228259 804.0
717.7584820047169 817.0
718.0121210911982 812.0
718.2657516817872 803.0
718.519373776 797.0
718.772987373354 798.0
719.026592473366 796.0
719.2801890755527 796.0
719.5337771794311 798.0
719.7873567845179 797.0
720.0409278903304 792.0
720.294490496385 807.0
720.5480446021987 798.0
720.8015902072887 810.0
721.0551273111711 813.0
721.3086559133636 814.0
721.5621760133826 817.0
721.815687610745 806.0
722.0691907049679 811.0
722.3226852955679 798.0
722.5761713820622 796.0
722.8296489639672 809.0
723.0831180408002 790.0
723.3365786120778 809.0
723.5900306773169 812.0
723.8434742360346 806.0
724.0969092877473 803.0
724.3503358319725 832.0
724.6037538682267 830.0
724.8571633960265 824.0
725.1105644148894 824.0
725.3639569243315 798.0
725.6173409238706 802.0
725.8707164130229 804.0
726.1240833913054 817.0
726.3774418582351 817.0
726.6307918133285 814.0
726.8841332561029 804.0
727.137466186075 792.0
727.3907906027619 806.0
727.6441065056802 805.0
727.8974138943464 804.0
728.1507127682783 805.0
728.4040031269918 797.0
728.6572849700045 805.0
728.9105582968331 802.0
729.1638231069941 794.0
729.4170794000048 796.0
729.6703271753817 815.0
729.923566432642 802.0
730.1767971713025 824.0
730.4300193908798 796.0
730.6832330908911 801.0
730.936438270853 812.0
731.1896349302828 819.0
731.442823068697 795.0
731.6960026856123 806.0
731.949173780546 793.0
732.2023363530145 801.0
732.4554904025351 816.0
732.7086359286245 794.0
732.9617729307997 810.0
733.2149014085775 811.0
733.4680213614745 795.0
733.7211327890079 820.0
733.9742356906943 797.0
734.2273300660511 795.0
734.4804159145946 797.0
734.7334932358416 800.0
734.9865620293094 813.0
735.2396222945147 803.0
735.4926740309744 797.0
735.7457172382054 805.0
735.9987519157243 800.0
736.2517780630484 825.0
736.504795679694 811.0
736.7578047651785 800.0
737.0108053190187 806.0
737.2637973407312 793.0
737.516780829833 805.0
737.769755785841 796.0
738.0227222082721 803.0
738.2756800966428 800.0
738.5286294504706 802.0
738.781570269272 817.0
739.0345025525638 797.0
739.2874262998632 799.0
739.5403415106866 803.0
739.7932481845512 814.0
740.046146320974 807.0
740.2990359194714 800.0
740.5519169795606 801.0
740.8047895007583 802.0
741.0576534825816 801.0
741.3105089245472 802.0
741.563355826172 807.0
741.8161941869729 805.0
742.0690240064664 809.0
742.3218452841702 805.0
742.5746580196005 798.0
742.8274622122741 806.0
743.0802578617083 796.0
743.3330449674197 809.0
743.5858235289254 810.0
743.8385935457418 806.0
744.0913550173865 797.0
744.3441079433758 797.0
744.5968523232264 797.0
744.8495881564559 805.0
745.1023154425804 797.0
745.3550341811174 804.0
745.6077443715835 811.0
745.8604460134952 805.0
746.1131391063701 792.0
746.3658236497243 802.0
746.6184996430754 796.0
746.87116708594 811.0
747.1238259778346 801.0
747.3764763182764 816.0
747.6291181067822 805.0
747.8817513428692 805.0
748.1343760260539 791.0
748.3869921558529 801.0
748.6395997317837 798.0
748.8921987533628 796.0
749.1447892201071 788.0
749.3973711315336 800.0
749.6499444871589 809.0
749.9025092865003 813.0
750.1550655290741 811.0
750.4076132143978 801.0
750.6601523419877 807.0
750.912682911361 811.0
751.1652049220347 796.0
751.4177183735251 807.0
751.6702232653497 804.0
751.9227195970248 788.0
752.1752073680677 802.0
752.4276865779954 793.0
752.680157226324 802.0
752.9326193125712 801.0
753.1850728362533 795.0
753.4375177968876 799.0
753.6899541939908 807.0
753.9423820270795 804.0
754.194801295671 814.0
754.4472119992819 809.0
754.6996141374291 819.0
754.9520077096296 808.0
755.2043927154 809.0
755.4567691542577 809.0
755.7091370257187 802.0
755.9614963293008 801.0
756.2138470645202 788.0
756.4661892308942 790.0
756.7185228279395 793.0
756.9708478551728 784.0
757.2231643121112 807.0
757.4754721982714 802.0
757.7277715131704 808.0
757.9800622563251 804.0
758.2323444272521 813.0
758.4846180254688 789.0
758.7368830504913 810.0
758.9891395018373 812.0
759.2413873790232 801.0
759.4936266815657 798.0
759.7458574089821 807.0
759.9980795607888 813.0
760.2502931365033 816.0
760.502498135642 804.0
760.7546945577217 822.0
761.0068824022595 814.0
761.2590616687722 795.0
761.5112323567769 798.0
761.7633944657899 801.0
762.0155479953288 795.0
762.26769294491 798.0
762.5198293140501 788.0
762.7719571022666 803.0
763.024076309076 789.0
763.2761869339953 795.0
763.5282889765415 796.0
763.780382436231 788.0
764.032467312581 809.0
764.2845436051083 798.0
764.53661131333 815.0
764.7886704367629 790.0
765.0407209749233 799.0
765.2927629273288 806.0
765.5447962934958 804.0
765.7968210729414 802.0
766.0488372651824 803.0
766.3008448697357 810.0
766.5528438861181 793.0
766.8048343138464 799.0
767.0568161524378 802.0
767.3087894014087 806.0
767.5607540602764 791.0
767.8127101285577 812.0
768.0646576057691 807.0
768.3165964914278 795.0
768.5685267850505 801.0
768.8204484861544 800.0
769.0723615942561 796.0
769.3242661088722 811.0
769.5761620295201 796.0
769.8280493557162 799.0
770.0799280869778 817.0
770.3317982228216 803.0
770.5836597627642 813.0
770.835512706323 805.0
771.0873570530143 798.0
771.3391928023555 794.0
771.591019953863 792.0
771.8428385070538 810.0
772.094648461445 798.0
772.3464498165532 803.0
772.5982425718955 808.0
772.8500267269885 805.0
773.1018022813494 790.0
773.3535692344948 788.0
773.6053275859415 798.0
773.8570773352067 800.0
774.108818481807 805.0
774.3605510252594 797.0
774.6122749650807 796.0
774.8639903007878 814.0
775.1156970318975 797.0
775.3673951579267 788.0
775.6190846783925 805.0
775.8707655928115 795.0
776.1224379007004 801.0
776.3741016015766 805.0
776.6257566949563 802.0
776.8774031803571 803.0
777.1290410572955 796.0
777.3806703252881 802.0
777.6322909838522 800.0
777.8839030325043 804.0
778.1355064707618 793.0
778.3871012981411 799.0
778.6386875141592 804.0
778.890265118333 806.0
779.1418341101793 798.0
779.3933944892151 802.0
779.6449462549571 803.0
779.8964894069222 806.0
780.1480239446275 813.0
780.3995498675895 832.0
780.6510671753255 820.0
780.9025758673517 805.0
781.1540759431858 788.0
781.4055674023442 798.0
781.6570502443437 794.0
781.9085244687013 806.0
782.159990074934 798.0
782.4114470625585 807.0
782.6628954310918 802.0
782.9143351800503 795.0
783.1657663089516 785.0
783.4171888173119 808.0
783.6686027046486 806.0
783.9200079704783 792.0
784.1714046143178 797.0
784.4227926356843 799.0
784.6741720340941 806.0
784.9255428090647 799.0
785.1769049601126 814.0
785.4282584867548 798.0
785.6796033885082 802.0
785.9309396648893 787.0
786.1822673154155 790.0
786.4335863396033 804.0
786.6848967369698 809.0
786.9361985070317 789.0
787.1874916493058 807.0
787.4387761633094 817.0
787.6900520485588 806.0
787.9413193045713 794.0
788.1925779308636 804.0
788.4438279269523 798.0
788.6950692923548 794.0
788.9463020265875 809.0
789.1975261291677 810.0
789.448741599612 802.0
789.6999484374371 804.0
789.9511466421604 793.0
790.2023362132982 799.0
790.4535171503677 818.0
790.7046894528855 804.0
790.9558531203689 793.0
791.2070081523347 801.0
791.458154548299 806.0
791.7092923077797 802.0
791.9604214302931 808.0
792.2115419153562 788.0
792.462653762486 811.0
792.7137569711989 805.0
792.9648515410123 794.0
793.2159374714428 789.0
793.4670147620074 805.0
793.718083412223 794.0
793.9691434216061 803.0
794.220194789674 812.0
794.4712375159432 806.0
794.722271599931 809.0
794.9732970411541 808.0
795.2243138391292 795.0
795.4753219933733 796.0
795.7263215034031 796.0
795.9773123687357 796.0
796.2282945888878 798.0
796.4792681633767 788.0
796.7302330917187 799.0
796.9811893734307 806.0
797.23213700803 799.0
797.483075995033 797.0
797.7340063339569 802.0
797.9849280243186 800.0
798.2358410656345 793.0
798.4867454574222 798.0
798.7376411991978 795.0
798.9885282904788 805.0
799.2394067307818 803.0
799.4902765196234 798.0
799.741137656521 801.0
799.9919901409909 808.0
800.2428339725506 797.0
800.4936691507165 807.0
800.7444956750055 811.0
800.9953135449347 799.0
801.2461227600207 791.0
801.4969233197808 800.0
801.7477152237312 801.0
801.9984984713894 789.0
802.2492730622722 793.0
802.5000389958959 799.0
802.7507962717781 800.0
803.0015448894349 802.0
803.252284848384 808.0
803.5030161481417 811.0
803.7537387882248 797.0
804.0044527681507 815.0
804.2551580874358 801.0
804.5058547455972 799.0
804.7565427421519 793.0
805.0072220766161 797.0
805.2578927485075 816.0
805.5085547573423 800.0
805.7592081026379 806.0
806.009852783911 805.0
806.2604888006782 806.0
806.5111161524568 803.0
806.7617348387631 809.0
807.0123448591147 792.0
807.2629462130279 796.0
807.5135389000196 798.0
807.7641229196071 811.0
808.0146982713067 795.0
808.2652649546358 800.0
808.5158229691108 801.0
808.7663723142489 795.0
809.016912989567 799.0
809.2674449945815 797.0
809.5179683288098 792.0
809.7684829917686 787.0
810.0189889829746 799.0
810.269486301945 803.0
810.5199749481961 787.0
810.7704549212456 795.0
811.0209262206095 784.0
811.2713888458052 814.0
811.5218427963496 797.0
811.7722880717591 810.0
812.022724671551 792.0
812.2731525952421 806.0
812.5235718423493 796.0
812.7739824123893 785.0
813.0243843048788 794.0
813.2747775193352 798.0
813.5251620552749 794.0
813.7755379122152 806.0
814.0259050896724 800.0
814.276263587164 791.0
814.5266134042064 779.0
814.7769545403165 800.0
815.0272869950115 801.0
815.2776107678079 796.0
815.5279258582229 809.0
815.7782322657732 803.0
816.0285299899754 808.0
816.2788190303468 790.0
816.529099386404 808.0
816.7793710576641 792.0
817.0296340436439 793.0
817.2798883438601 800.0
817.5301339578298 803.0
817.7803708850694 792.0
818.0305991250964 792.0
818.2808186774273 789.0
818.531029541579 798.0
818.7812317170685 809.0
819.0314252034124 817.0
819.281610000128 803.0
819.5317861067317 798.0
819.7819535227408 805.0
820.0321122476719 798.0
820.2822622810417 796.0
820.5324036223675 793.0
820.7825362711658 796.0
821.0326602269538 801.0
821.2827754892483 786.0
821.5328820575656 795.0
821.7829799314234 802.0
822.033069110338 795.0
822.2831495938267 817.0
822.5332213814061 791.0
822.7832844725929 799.0
823.0333388669044 788.0
823.283384563857 784.0
823.533421562968 779.0
823.7834498637541 809.0
824.033469465732 791.0
824.2834803684189 811.0
824.5334825713311 805.0
824.7834760739862 798.0
825.0334608759005 797.0
825.2834369765912 798.0
825.5334043755751 800.0
825.7833630723688 794.0
826.0333130664897 800.0
826.2832543574541 798.0
826.5331869447793 816.0
826.783110827982 790.0
827.0330260065789 800.0
827.2829324800872 807.0
827.5328302480233 794.0
827.7827193099047 801.0
828.032599665248 802.0
828.2824713135695 795.0
828.532334254387 798.0
828.7821884872168 808.0
829.0320340115759 797.0
829.2818708269813 798.0
829.5316989329494 790.0
829.7815183289979 789.0
830.0313290146428 802.0
830.2811309894015 803.0
830.5309242527906 788.0
830.7807088043272 812.0
831.0304846435281 813.0
831.2802517699099 808.0
831.5300101829899 810.0
831.7797598822846 818.0
832.0295008673112 807.0
832.2792331375864 816.0
832.5289566926268 800.0
832.7786715319497 797.0
833.0283776550717 797.0
833.27807506151 794.0
833.5277637507811 809.0
833.7774437224018 785.0
834.0271149758895 820.0
834.2767775107606 801.0
834.526431326532 793.0
834.7760764227208 778.0
835.0257127988438 768.0
835.2753404544177 791.0
835.5249593889594 795.0
835.774569601986 792.0
836.0241710930143 787.0
836.2737638615607 792.0
836.5233479071428 791.0
836.7729232292768 793.0
837.0224898274802 779.0
837.2720477012693 783.0
837.5215968501614 787.0
837.7711372736733 797.0
838.0206689713215 809.0
838.2701919426232 804.0
838.5197061870952 818.0
838.7692117042545 792.0
839.0187084936177 781.0
839.2681965547017 802.0
839.5176758870236 809.0
839.7671464901001 800.0
840.0166083634483 811.0
840.2660615065847 805.0
840.5155059190262 794.0
840.7649416002901 791.0
841.0143685498927 799.0
841.2637867673512 798.0
841.5131962521828 797.0
841.7625970039035 793.0
842.0119890220308 776.0
842.2613723060813 788.0
842.5107468555723 786.0
842.76011267002 801.0
843.0094697489418 801.0
843.2588180918546 791.0
843.5081576982747 791.0
843.7574885677194 803.0
844.0068106997054 791.0
844.25612409375 809.0
844.5054287493696 794.0
844.754724666081 797.0
845.0040118434015 802.0
845.2532902808475 796.0
845.5025599779364 780.0
845.7518209341847 793.0
846.0010731491091 791.0
846.2503166222269 801.0
846.4995513530547 794.0
846.7487773411094 809.0
846.9979945859081 808.0
847.2472030869674 799.0
847.4964028438043 801.0
847.7455938559353 793.0
847.994776122878 788.0
848.2439496441485 800.0
848.4931144192642 795.0
848.7422704477419 803.0
848.9914177290981 795.0
849.2405562628502 799.0
849.4896860485144 798.0
849.7388070856083 808.0
849.9879193736485 798.0
850.2370229121515 797.0
850.4861177006346 803.0
850.7352037386146 798.0
850.9842810256082 806.0
851.2333495611326 816.0
851.482409344704 799.0
851.7314603758401 785.0
851.9805026540571 796.0
852.2295361788724 801.0
852.4785609498026 800.0
852.7275769663643 793.0
852.9765842280748 804.0
853.2255827344507 796.0
853.4745724850093 794.0
853.7235534792667 802.0
853.9725257167406 794.0
854.2214891969475 790.0
854.4704439194039 798.0
854.7193898836274 800.0
854.9683270891342 812.0
855.2172555354416 805.0
855.4661752220665 797.0
855.7150861485252 785.0
855.9639883143353 805.0
856.212881719013 800.0
856.4617663620759 798.0
856.7106422430403 807.0
856.9595093614231 797.0
857.2083677167415 798.0
857.4572173085119 790.0
857.7060581362517 806.0
857.9548901994776 800.0
858.2037134977061 805.0
858.4525280304546 796.0
858.7013337972394 788.0
858.950130797578 806.0
859.1989190309868 812.0
859.4476984969828 816.0
859.696469195083 810.0
859.9452311248039 809.0
860.1939842856627 808.0
860.4427286771763 791.0
860.6914642988615 784.0
860.9401911502351 797.0
861.1889092308139 791.0
861.437618540115 790.0
861.686319077655 784.0
861.935010842951 786.0
862.1836938355198 796.0
862.432368054878 809.0
862.6810335005429 796.0
862.9296901720311 810.0
863.1783380688596 804.0
863.4269771905452 801.0
863.6756075366046 805.0
863.9242291065551 794.0
864.1728418999131 802.0
864.4214459161959 796.0
864.6700411549201 804.0
864.9186276156024 801.0
865.1672052977602 805.0
865.4157742009098 807.0
865.6643343245685 799.0
865.9128856682528 799.0
866.1614282314799 790.0
866.4099620137665 802.0
866.6584870146295 787.0
866.9070032335858 786.0
867.155510670152 799.0
867.4040093238455 813.0
867.6524991941827 820.0
867.9009802806806 800.0
868.1494525828563 785.0
868.3979161002262 812.0
868.6463708323078 797.0
868.8948167786174 788.0
869.1432539386718 794.0
869.3916823119887 794.0
869.6401018980839 797.0
869.8885126964751 790.0
870.1369147066789 795.0
870.3853079282118 797.0
870.6336923605911 801.0
870.8820680033335 798.0
871.1304348559562 792.0
871.3787929179755 782.0
871.6271421889087 809.0
871.8754826682726 804.0
872.1238143555837 809.0
872.3721372503595 806.0
872.6204513521162 791.0
872.8687566603713 797.0
873.1170531746413 787.0
873.365340894443 776.0
873.6136198192935 788.0
873.8618899487094 800.0
874.110151282208 796.0
874.3584038193057 790.0
874.6066475595196 793.0
874.8548825023668 798.0
875.1031086473636 794.0
875.3513259940273 787.0
875.5995345418747 796.0
875.8477342904224 792.0
876.0959252391877 784.0
876.3441073876871 782.0
876.5922807354377 796.0
876.8404452819562 805.0
877.0886010267599 796.0
877.3367479693651 812.0
877.5848861092887 800.0
877.8330154460481 804.0
878.0811359791594 794.0
878.3292477081402 805.0
878.5773506325071 794.0
878.8254447517768 791.0
879.0735300654665 808.0
879.3216065730924 806.0
879.5696742741723 803.0
879.8177331682225 795.0
880.0657832547598 792.0
880.3138245333014 795.0
880.5618570033639 804.0
880.8098806644645 799.0
881.0578955161196 781.0
881.3059015578464 789.0
881.5538987891618 784.0
881.8018872095822 795.0
882.0498668186252 798.0
882.297837615807 786.0
882.5457996006451 796.0
882.7937527726558 790.0
883.041697131356 796.0
883.2896326762632 804.0
883.5375594068934 810.0
883.7854773227642 805.0
884.0333864233922 801.0
884.2812867082938 787.0
884.5291781769868 795.0
884.7770608289871 797.0
885.0249346638125 781.0
885.2727996809792 788.0
885.5206558800041 806.0
885.7685032604046 791.0
886.0163418216969 804.0
886.2641715633982 796.0
886.5119924850256 790.0
886.7598045860955 796.0
887.007607866125 813.0
887.2554023246308 799.0
887.5031879611303 802.0
887.7509647751398 795.0
887.9987327661763 798.0
888.2464919337567 794.0
888.4942422773979 797.0
888.7419837966169 800.0
888.9897164909302 791.0
889.2374403598551 804.0
889.4851554029083 798.0
889.7328616196063 788.0
889.9805590094667 780.0
890.2282475720056 794.0
890.4759273067405 801.0
890.7235982131879 782.0
890.9712602908646 799.0
891.218913539288 788.0
891.4665579579743 794.0
891.7141935464408 804.0
891.9618203042044 796.0
892.2094382307815 810.0
892.4570473256895 795.0
892.7046475884449 781.0
892.9522390185649 808.0
893.1998216155661 796.0
893.4473953789653 795.0
893.6949603082797 787.0
893.9425164030258 804.0
894.1900636627211 800.0
894.4376020868815 794.0
894.6851316750246 792.0
894.9326524266672 801.0
895.1801643413257 797.0
895.4276674185177 787.0
895.6751616577593 788.0
895.922647058568 784.0
896.1701236204603 781.0
896.4175913429531 795.0
896.6650502255636 822.0
896.912500267808 797.0
897.159941469204 804.0
897.4073738292678 794.0
897.6547973475165 800.0
897.9022120234671 793.0
898.1496178566362 813.0
898.3970148465409 797.0
898.644402992698 791.0
898.8917822946241 800.0
899.1391527518367 776.0
899.386514363852 794.0
899.6338671301874 806.0
899.8812110503592 800.0
900.1285461238849 801.0
900.375872350281 792.0
900.6231897290643 806.0
900.8704982597519 803.0
901.1177979418604 809.0
901.3650887749071 785.0
901.6123707584086 779.0
901.8596438918815 796.0
902.106908174843 789.0
902.35416360681 796.0
902.6014101872993 799.0
902.8486479158278 797.0
903.095876791912 797.0
903.3430968150694 789.0
903.5903079848164 805.0
903.83751030067 809.0
904.0847037621473 803.0
904.3318883687646 797.0
904.5790641200394 790.0
904.826231015488 797.0
905.0733890546279 811.0
905.3205382369753 809.0
905.5676785620476 802.0
905.8148100293615 798.0
906.0619326384336 800.0
906.3090463887813 810.0
906.5561512799208 804.0
906.8032473113697 799.0
907.0503344826443 784.0
907.2974127932616 796.0
907.5444822427387 813.0
907.7915428305921 801.0
908.038594556339 801.0
908.2856374194963 787.0
908.5326714195803 802.0
908.7796965561088 800.0
909.0267128285976 792.0
909.2737202365645 798.0
909.520718779526 798.0
909.7677084569985 803.0
910.0146892684998 795.0
910.261661213546 814.0
910.5086242916544 788.0
910.7555785023416 784.0
911.0025238451248 801.0
911.2494603195206 777.0
911.4963879250456 780.0
911.7433066612174 785.0
911.9902165275522 786.0
912.2371175235672 781.0
912.4840096487795 798.0
912.7308929027052 808.0
912.9777672848619 796.0
913.2246327947661 799.0
913.4714894319347 794.0
913.7183371958849 795.0
913.965176086133 799.0
914.2120061021965 810.0
914.4588272435916 800.0
914.7056395098358 792.0
914.9524429004457 780.0
915.1992374149379 792.0
915.4460230528298 793.0
915.6927998136375 801.0
915.9395676968788 794.0
916.1863267020701 791.0
916.4330768287281 789.0
916.67981807637 794.0
916.9265504445123 804.0
917.1732739326723 786.0
917.4199885403666 782.0
917.6666942671121 819.0
917.9133911124259 824.0
918.1600790758242 817.0
918.4067581568248 804.0
918.6534283549438 800.0
918.9000896696987 786.0
919.1467421006058 790.0
919.3933856471822 788.0
919.6400203089449 800.0
919.8866460854103 802.0
920.1332629760961 799.0
920.3798709805186 802.0
920.6264700981943 787.0
920.8730603286409 799.0
921.1196416713748 795.0
921.3662141259131 796.0
921.6127776917724 812.0
921.8593323684695 805.0
922.1058781555217 797.0
922.3524150524454 789.0
922.598943058758 793.0
922.8454621739758 791.0
923.0919723976159 797.0
923.3384737291954 794.0
923.5849661682307 797.0
923.8314497142393 806.0
924.0779243667373 790.0
924.3243901252423 796.0
924.5708469892709 796.0
924.8172949583395 799.0
925.0637340319656 785.0
925.3101642096658 799.0
925.5565854909571 792.0
925.8029978753563 805.0
926.04940136238 790.0
926.2957959515456 780.0
926.5421816423694 795.0
926.7885584343687 790.0
927.0349263270604 792.0
927.281285319961 788.0
927.5276354125876 785.0
927.7739766044568 783.0
928.020308895086 790.0
928.2666322839915 795.0
928.5129467706906 790.0
928.7592523547 786.0
929.0055490355364 803.0
929.2518368127171 810.0
929.4981156857584 797.0
929.7443856541778 798.0
929.9906467174917 797.0
930.2368988752169 801.0
930.4831421268707 796.0
930.7293764719695 792.0
930.9756019100306 791.0
931.2218184405708 790.0
931.4680260631065 781.0
931.7142247771553 797.0
931.9604145822334 808.0
932.2065954778582 813.0
932.4527674635461 802.0
932.6989305388141 797.0
932.9450847031794 778.0
933.1912299561584 793.0
933.4373662972685 785.0
933.6834937260257 803.0
933.929612241948 795.0
934.1757218445516 805.0
934.4218225333533 804.0
934.6679143078701 806.0
934.913997167619 804.0
935.1600711121167 804.0
935.4061361408803 795.0
935.6521922534262 799.0
935.8982394492718 804.0
936.1442777279336 790.0
936.3903070889288 801.0
936.636327531774 788.0
936.882339055986 790.0
937.128341661082 801.0
937.3743353465785 812.0
937.6203201119927 804.0
937.8662959568414 793.0
938.1122628806411 797.0
938.3582208829092 819.0
938.6041699631621 817.0
938.8501101209171 793.0
939.0960413556905 784.0
939.341963667 794.0
939.5878770543618 794.0
939.8337815172929 806.0
940.0796770553103 787.0
940.3255636679306 804.0
940.5714413546712 799.0
940.8173101150486 782.0
941.0631699485793 788.0
941.309020854781 801.0
941.5548628331699 808.0
941.8006958832632 810.0
942.0465200045778 800.0
942.2923351966301 780.0
942.5381414589376 797.0
942.7839387910167 802.0
943.0297271923846 817.0
943.275506662558 807.0
943.5212772010536 790.0
943.7670388073888 809.0
944.0127914810797 804.0
944.2585352216438 801.0
944.504270028598 801.0
944.7499959014584 796.0
944.9957128397427 797.0
945.2414208429674 817.0
945.4871199106495 796.0
945.7328100423057 791.0
945.978491237453 799.0
946.2241634956084 798.0
946.4698268162882 811.0
946.71548119901 797.0
946.9611266432901 799.0
947.2067631486459 792.0
947.4523907145939 782.0
947.6980093406509 804.0
947.943619026334 804.0
948.1892197711599 805.0
948.4348115746456 801.0
948.680394436308 786.0
948.9259683556636 801.0
949.17153333223 802.0
949.4170893655231 797.0
949.6626364550607 802.0
949.9081746003591 806.0
950.1537038009352 805.0
950.3992240563063 805.0
950.6447353659886 801.0
950.8902377294995 797.0
951.1357311463555 795.0
951.381215616074 795.0
951.6266911381715 803.0
951.8721577121647 796.0
952.1176153375708 802.0
952.3630640139064 793.0
952.6085037406887 805.0
952.8539345174344 793.0
953.09935634366 800.0
953.3447692188829 789.0
953.5901731426196 810.0
953.8355681143876 802.0
954.080954133703 797.0
954.326331200083 805.0
954.5716993130445 806.0
954.8170584721041 795.0
955.0624086767792 797.0
955.3077499265863 800.0
955.5530822210421 804.0
955.798405559664 804.0
956.0437199419682 796.0
956.2890253674723 789.0
956.5343218356925 803.0
956.7796093461461 812.0
957.02488789835 814.0
957.2701574918206 800.0
957.5154181260752 802.0
957.7606698006304 791.0
958.0059125150034 785.0
958.2511462687107 790.0
958.4963710612694 794.0
958.7415868921963 797.0
958.9867937610082 790.0
959.2319916672224 796.0
959.4771806103552 810.0
959.7223605899235 809.0
959.9675316054446 791.0
960.2126936564348 791.0
960.4578467424116 810.0
960.7029908628915 801.0
960.9481260173911 803.0
961.193252205428 789.0
961.4383694265184 796.0
961.6834776801796 795.0
961.9285769659282 791.0
962.1736672832812 798.0
962.4187486317555 801.0
962.6638210108677 801.0
962.908884420135 798.0
963.153938859074 801.0
963.3989843272019 795.0
963.6440208240352 793.0
963.889048349091 790.0
964.1340669018862 807.0
964.3790764819373 799.0
964.6240770887617 797.0
964.8690687218761 800.0
965.114051380797 790.0
965.3590250650417 794.0
965.6039897741268 791.0
965.8489455075695 791.0
966.0938922648864 797.0
966.3388300455941 797.0
966.5837588492103 814.0
966.8286786752509 795.0
967.0735895232334 813.0
967.3184913926743 801.0
967.5633842830911 800.0
967.808268194 794.0
968.0531431249179 796.0
968.2980090753622 803.0
968.5428660448491 805.0
968.7877140328961 803.0
969.0325530390197 797.0
969.2773830627367 810.0
969.5222041035643 801.0
969.7670161610189 807.0
970.0118192346179 800.0
970.2566133238779 789.0
970.5013984283155 794.0
970.746174547448 791.0
970.990941680792 793.0
971.2356998278649 796.0
971.480448988183 801.0
971.725189161263 814.0
971.9699203466223 805.0
972.2146425437775 806.0
972.4593557522456 802.0
972.7040599715434 806.0
972.9487552011876 798.0
973.1934414406954 797.0
973.4381186895833 799.0
973.6827869473685 812.0
973.9274462135677 805.0
974.1720964876979 820.0
974.4167377692759 798.0
974.6613700578182 796.0
974.9059933528424 802.0
975.1506076538647 795.0
975.3952129604023 810.0
975.6398092719721 788.0
975.8843965880908 805.0
976.1289749082755 801.0
976.3735442320426 796.0
976.6181045589096 795.0
976.862655888393 785.0
977.1071982200094 808.0
977.3517315532764 797.0
977.5962558877101 797.0
977.840771222828 816.0
978.0852775581467 796.0
978.3297748931827 791.0
978.5742632274536 792.0
978.8187425604756 803.0
979.063212891766 811.0
979.3076742208415 798.0
979.5521265472191 808.0
979.7965698704156 799.0
980.0410041899477 802.0
980.2854295053326 796.0
980.5298458160865 805.0
980.7742531217272 812.0
981.0186514217711 810.0
981.2630407157347 798.0
981.5074210031356 805.0
981.7517922834901 797.0
981.9961545563154 800.0
982.2405078211283 791.0
982.4848520774455 790.0
982.729187324784 817.0
982.9735135626606 803.0
983.2178307905924 810.0
983.4621390080961 794.0
983.7064382146882 795.0
983.9507284098863 805.0
984.1950095932067 805.0
984.4392817641666 806.0
984.6835449222825 804.0
984.9277990670716 789.0
985.1720441980509 791.0
985.4162803147366 798.0
985.6605074166464 802.0
985.9047255032964 788.0
986.1489345742042 797.0
986.3931346288863 795.0
986.6373256668593 794.0
986.8815076876406 811.0
987.1256806907464 797.0
987.3698446756944 807.0
987.613999642001 814.0
987.8581455891829 809.0
988.1022825167574 800.0
988.3464104242408 798.0
988.5905293111508 800.0
988.8346391770036 793.0
989.0787400213161 800.0
989.3228318436055 810.0
989.5669146433884 796.0
989.8109884201817 796.0
990.0550531735024 789.0
990.2991089028674 801.0
990.5431556077934 806.0
990.7871932877973 796.0
991.031221942396 795.0
991.2752415711062 809.0
991.5192521734452 808.0
991.7632537489297 804.0
992.0072462970761 806.0
992.251229817402 800.0
992.4952043094236 797.0
992.7391697726582 799.0
992.9831262066227 800.0
993.2270736108336 798.0
993.4710119848082 795.0
993.7149413280629 811.0
993.958861640115 801.0
994.2027729204812 804.0
994.4466751686781 796.0
994.6905683842231 786.0
994.9344525666326 798.0
995.1783277154237 796.0
995.4221938301132 794.0
995.6660509102181 798.0
995.9098989552552 802.0
996.1537379647411 790.0
996.3975679381932 801.0
996.6413888751279 799.0
996.8852007750622 797.0
997.1290036375133 797.0
997.3727974619973 808.0
997.6165822480319 818.0
997.8603579951333 805.0
998.104124702819 804.0
998.3478823706055 793.0
998.5916309980095 794.0
998.8353705845483 791.0
999.0791011297383 791.0
999.3228226330968 807.0
999.5665350941406 798.0
999.8102385123861 804.0
1000.0539328873509 792.0
1000.2976182185512 796.0
1000.5412945055043 809.0
1000.7849617477269 798.0
1001.0286199447357 785.0
1001.2722690960481 807.0
1001.5159092011804 786.0
1001.75954025965 808.0
1002.003162270973 817.0
1002.246775234667 785.0
1002.4903791502487 792.0
1002.7339740172346 814.0
1002.9775598351421 796.0
1003.2211366034876 801.0
1003.4647043217884 801.0
1003.7082629895611 792.0
1003.9518126063224 807.0
1004.1953531715895 803.0
1004.4388846848791 798.0
1004.6824071457083 812.0
1004.9259205535938 799.0
1005.1694249080521 793.0
1005.4129202086007 791.0
1005.6564064547559 794.0
1005.8998836460353 809.0
1006.1433517819551 797.0
1006.3868108620323 801.0
1006.6302608857841 793.0
1006.8737018527269 798.0
1007.1171337623779 808.0
1007.3605566142537 793.0
1007.6039704078715 800.0
1007.8473751427481 791.0
1008.0907708184001 795.0
1008.3341574343445 790.0
1008.5775349900982 797.0
1008.8209034851784 796.0
1009.0642629191013 807.0
1009.3076132913841 796.0
1009.5509546015439 809.0
1009.7942868490973 813.0
1010.0376100335611 796.0
1010.2809241544525 796.0
1010.5242292112879 781.0
1010.7675252035845 796.0
1011.010812130859 794.0
1011.2540899926286 796.0
1011.4973587884098 804.0
1011.7406185177194 782.0
1011.9838691800747 794.0
1012.2271107749921 792.0
1012.470343301989 806.0
1012.7135667605817 800.0
1012.9567811502875 790.0
1013.1999864706231 801.0
1013.4431827211052 800.0
1013.686369901251 798.0
1013.929548010577 804.0
1014.1727170486006 797.0
1014.4158770148383 793.0
1014.6590279088067 791.0
1014.9021697300233 804.0
1015.1453024780044 798.0
1015.3884261522674 795.0
1015.6315407523286 789.0
1015.8746462777051 800.0
1016.1177427279141 796.0
1016.3608301024719 798.0
1016.603908400896 792.0
1016.8469776227028 797.0
1017.0900377674091 802.0
1017.3330888345322 802.0
1017.5761308235883 803.0
1017.8191637340951 800.0
1018.0621875655689 806.0
1018.3052023175269 799.0
1018.5482079894858 810.0
1018.7912045809622 800.0
1019.0341920914735 791.0
1019.2771705205361 796.0
1019.5201398676672 800.0
1019.7631001323837 808.0
1020.006051314202 798.0
1020.2489934126395 791.0
1020.4919264272125 798.0
1020.7348503574386 805.0
1020.9777652028342 795.0
1021.2206709629161 798.0
1021.4635676372014 809.0
1021.7064552252067 797.0
1021.9493337264495 798.0
1022.1922031404459 809.0
1022.4350634667132 824.0
1022.6779147047681 797.0
1022.9207568541273 816.0
1023.1635899143083 810.0
1023.4064138848273 793.0
1023.6492287652015 806.0
1023.8920345549478 800.0
1024.134831253583 797.0
1024.377618860624 802.0
1024.6203973755871 790.0
1024.8631667979898 793.0
1025.1059271273493 807.0
1025.3486783631818 781.0
1025.5914205050044 800.0
1025.8341535523336 800.0
1026.076877504687 806.0
1026.3195923615808 788.0
1026.5622981225324 801.0
1026.8049947870584 797.0
1027.0476823546753 808.0
1027.2903608249007 804.0
1027.5330301972513 795.0
1027.7756904712435 799.0
1028.0183416463947 812.0
1028.260983722221 802.0
1028.5036166982402 802.0
1028.7462405739689 819.0
1028.9888553489234 808.0
1029.2314610226213 810.0
1029.474057594579 787.0
1029.7166450643138 798.0
1029.9592234313418 792.0
1030.2017926951808 800.0
1030.4443528553472 791.0
1030.6869039113576 785.0
1030.9294458627296 793.0
1031.1719787089794 796.0
1031.414502449624 792.0
1031.6570170841808 808.0
1031.8995226121658 803.0
1032.1420190330966 801.0
1032.3845063464896 804.0
1032.6269845518618 801.0
1032.8694536487305 812.0
1033.111913636612 802.0
1033.3543645150232 799.0
1033.596806283481 791.0
1033.8392389415026 806.0
1034.081662488605 795.0
1034.324076924304 790.0
1034.566482248118 803.0
1034.8088784595625 794.0
1035.0512655581551 802.0
1035.2936435434124 798.0
1035.5360124148515 797.0
1035.778372171989 794.0
1036.020722814342 799.0
1036.2630643414275 802.0
1036.5053967527615 813.0
1036.7477200478622 802.0
1036.9900342262456 808.0
1037.2323392874284 793.0
1037.4746352309282 794.0
1037.7169220562612 793.0
1037.9591997629448 797.0
1038.2014683504956 803.0
1038.4437278184303 819.0
1038.685978166266 805.0
1038.9282193935196 810.0
1039.170451499708 786.0
1039.4126744843477 788.0
1039.6548883469559 795.0
1039.8970930870496 794.0
1040.1392887041452 801.0
1040.3814751977598 818.0
1040.6236525674105 803.0
1040.8658208126137 789.0
1041.107979932887 791.0
1041.3501299277466 811.0
1041.5922707967095 813.0
1041.8344025392926 810.0
1042.0765251550129 807.0
1042.3186386433872 802.0
1042.5607430039322 798.0
1042.802838236165 808.0
1043.0449243396022 805.0
1043.2870013137613 806.0
1043.5290691581586 802.0
1043.7711278723107 799.0
1044.013177455735 790.0
1044.2552179079482 779.0
1044.4972492284676 811.0
1044.7392714168093 800.0
1044.9812844724902 786.0
1045.223288395028 793.0
1045.4652831839387 805.0
1045.70726883874 798.0
1045.949245358948 803.0
1046.1912127440798 801.0
1046.4331709936528 798.0
1046.675120107183 804.0
1046.9170600841878 805.0
1047.1589909241836 801.0
1047.400912626688 815.0
1047.6428251912175 808.0
1047.8847286172886 787.0
1048.1266229044188 801.0
1048.3685080521243 787.0
1048.6103840599228 790.0
1048.8522509273307 791.0
1049.0941086538646 797.0
1049.3359572390418 810.0
1049.577796682379 810.0
1049.819626983393 802.0
1050.061448141601 791.0
1050.3032601565194 802.0
1050.5450630276655 800.0
1050.7868567545556 811.0
1051.0286413367073 800.0
1051.270416773637 782.0
1051.5121830648616 786.0
1051.7539402098982 801.0
1051.9956882082631 793.0
1052.237427059474 798.0
1052.479156763047 794.0
1052.7208773184996 802.0
1052.9625887253483 794.0
1053.2042909831098 797.0
1053.4459840913016 797.0
1053.6876680494397 799.0
1053.929342857042 806.0
1054.1710085136244 806.0
1054.4126650187043 811.0
1054.6543123717986 792.0
1054.8959505724238 805.0
1055.1375796200969 808.0
1055.3791995143351 801.0
1055.620810254655 794.0
1055.8624118405735 799.0
1056.1040042716074 800.0
1056.3455875472737 811.0
1056.5871616670893 812.0
1056.8287266305706 812.0
1057.070282437235 801.0
1057.3118290865991 797.0
1057.5533665781802 791.0
1057.7948949114943 793.0
1058.0364140860593 793.0
1058.2779241013916 807.0
1058.5194249570077 806.0
1058.760916652425 795.0
1059.0023991871599 807.0
1059.24387256073 805.0
1059.4853367726514 802.0
1059.7267918224413 812.0
1059.968237709617 789.0
1060.2096744336943 786.0
1060.451101994191 789.0
1060.6925203906237 791.0
1060.933929622509 780.0
1061.1753296893642 798.0
1061.4167205907056 801.0
1061.6581023260508 783.0
1061.8994748949162 796.0
1062.1408382968189 796.0
1062.3821925312755 793.0
1062.6235375978026 802.0
1062.8648734959181 797.0
1063.1062002251376 803.0
1063.3475177849793 802.0
1063.588826174959 803.0
1063.830125394594 797.0
1064.0714154434013 806.0
1064.312696320897 805.0
1064.553968026599 805.0
1064.7952305600238 795.0
1065.036483920688 798.0
1065.2777281081087 805.0
1065.5189631218025 799.0
1065.7601889612868 800.0
1066.001405626078 802.0
1066.2426131156928 801.0
1066.4838114296492 804.0
1066.7250005674625 811.0
1066.9661805286507 807.0
1067.2073513127305 802.0
1067.4485129192178 804.0
1067.689665347631 796.0
1067.9308085974856 802.0
1068.1719426682996 796.0
1068.413067559589 807.0
1068.654183270871 791.0
1068.8952898016628 802.0
1069.1363871514804 782.0
1069.3774753198418 806.0
1069.618554306263 798.0
1069.8596241102612 789.0
1070.100684731353 801.0
1070.3417361690556 805.0
1070.582778422886 800.0
1070.8238114923604 798.0
1071.0648353769964 784.0
1071.3058500763104 804.0
1071.5468555898192 801.0
1071.7878519170404 794.0
1072.02883905749 804.0
1072.2698170106853 807.0
1072.5107857761434 793.0
1072.75174535338 790.0
1072.9926957419138 798.0
1073.23363694126 792.0
1073.4745689509368 805.0
1073.7154917704597 797.0
1073.9564053993467 809.0
1074.1973098371145 797.0
1074.4382050832794 796.0
1074.6790911373587 797.0
1074.9199679988692 804.0
1075.1608356673278 801.0
1075.4016941422512 812.0
1075.6425434231562 810.0
1075.8833835095604 806.0
1076.1242144009796 804.0
1076.3650360969316 801.0
1076.6058485969324 798.0
1076.8466519004996 817.0
1077.0874460071498 796.0
1077.3282309163997 794.0
1077.5690066277664 799.0
1077.8097731407665 822.0
1078.0505304549172 792.0
1078.2912785697354 801.0
1078.5320174847377 799.0
1078.772747199441 804.0
1079.0134677133622 804.0
1079.2541790260184 792.0
1079.4948811369263 797.0
1079.7355740456023 797.0
1079.9762577515642 794.0
1080.2169322543277 808.0
1080.4575975534112 776.0
1080.6982536483301 804.0
1080.9389005386022 796.0
1081.179538223744 804.0
1081.4201667032721 793.0
1081.6607859767041 791.0
1081.9013960435564 802.0
1082.1419969033457 806.0
1082.382588555589 802.0
1082.6231709998035 789.0
1082.863744235506 806.0
1083.104308262213 809.0
1083.3448630794412 802.0
1083.5854086867082 796.0
1083.8259450835303 803.0
1084.0664722694248 793.0
1084.306990243908 788.0
1084.5474990064974 794.0
1084.7879985567097 804.0
1085.0284888940612 801.0
1085.2689700180695 795.0
1085.509441928251 805.0
1085.749904624123 789.0
1085.990358105202 788.0
1086.2308023710048 795.0
1086.4712374210485 805.0
1086.71166325485 796.0
1086.9520798719261 801.0
1087.1924872717937 795.0
1087.4328854539694 793.0
1087.6732744179706 806.0
1087.9136541633134 808.0
1088.1540246895156 801.0
1088.3943859960934 786.0
1088.6347380825637 792.0
1088.8750809484436 796.0
1089.1154145932499 788.0
1089.3557390164995 791.0
1089.5960542177095 800.0
1089.836360196396 795.0
1090.0766569520767 793.0
1090.3169444842679 796.0
1090.557222792487 797.0
1090.7974918762502 786.0
1091.037751735075 792.0
1091.2780023684782 774.0
1091.518243775976 790.0
1091.7584759570861 801.0
1091.9986989113247 794.0
1092.2389126382093 793.0
1092.4791171372563 784.0
1092.7193124079827 790.0
1092.9594984499054 799.0
1093.1996752625412 805.0
1093.4398428454072 799.0
1093.68000119802 807.0
1093.9201503198965 801.0
1094.1602902105537 795.0
1094.4004208695083 805.0
1094.6405422962773 784.0
1094.8806544903778 802.0
1095.120757451326 797.0
1095.3608511786392 807.0
1095.6009356718341 799.0
1095.8410109304282 812.0
1096.0810769539376 795.0
1096.3211337418795 801.0
1096.5611812937707 808.0
1096.8012196091279 794.0
1097.0412486874682 795.0
1097.2812685283084 805.0
1097.5212791311658 791.0
1097.7612804955563 792.0
1098.0012726209975 800.0
1098.2412555070064 805.0
1098.4812291530989 792.0
1098.721193558793 792.0
1098.961148723605 801.0
1099.2010946470518 804.0
1099.4410313286503 795.0
1099.6809587679172 813.0
1099.92087696437 806.0
1100.1607859175251 797.0
1100.400685626899 785.0
1100.640576092009 795.0
1100.880457312372 792.0
1101.1203292875052 802.0
1101.3601920169247 800.0
1101.6000455001479 798.0
1101.8398897366915 792.0
1102.079724726072 807.0
1102.3195504678072 784.0
1102.559366961413 785.0
1102.7991742064069 791.0
1103.0389722023056 788.0
1103.2787609486254 790.0
1103.5185404448844 801.0
1103.7583106905984 796.0
1103.9980716852845 797.0
1104.23782342846 793.0
1104.4775659196412 784.0
1104.7172991583454 787.0
1104.9570231440887 798.0
1105.1967378763893 803.0
1105.436443354763 790.0
1105.6761395787273 809.0
1105.9158265477986 790.0
1106.1555042614937 800.0
1106.3951727193298 809.0
1106.6348319208234 804.0
1106.8744818654923 809.0
1107.1141225528525 796.0
1107.3537539824208 795.0
1107.5933761537144 782.0
1107.8329890662503 800.0
1108.072592719545 800.0
1108.3121871131157 786.0
1108.551772246479 793.0
1108.7913481191517 790.0
1109.030914730651 808.0
1109.2704720804938 808.0
1109.5100201681967 796.0
1109.7495589932764 798.0
1109.9890885552504 803.0
1110.2286088536348 784.0
1110.4681198879473 797.0
1110.707621657704 811.0
1110.9471141624224 822.0
1111.1865974016187 801.0
1111.4260713748101 788.0
1111.665536081514 807.0
1111.9049915212463 785.0
1112.1444376935244 809.0
1112.3838745978653 796.0
1112.6233022337854 804.0
1112.8627206008023 807.0
1113.102129698432 790.0
1113.3415295261918 774.0
1113.5809200835986 794.0
1113.820301370169 800.0
1114.0596733854206 792.0
1114.2990361288694 802.0
1114.5383896000326 796.0
1114.7777337984273 801.0
1115.0170687235698 802.0
1115.2563943749778 794.0
1115.4957107521673 802.0
1115.7350178546556 806.0
1115.9743156819598 803.0
1116.213604233596 797.0
1116.452883509082 800.0
1116.692153507934 793.0
1116.9314142296694 802.0
1117.1706656738045 794.0
1117.4099078398563 788.0
1117.6491407273422 796.0
1117.8883643357783 795.0
1118.1275786646822 806.0
1118.36678371357 806.0
1118.6059794819594 798.0
1118.8451659693665 805.0
1119.0843431753085 795.0
1119.3235110993026 801.0
1119.5626697408647 794.0
1119.8018190995128 796.0
1120.0409591747637 787.0
1120.2800899661331 790.0
1120.519211473139 794.0
1120.7583236952978 805.0
1120.9974266321262 785.0
1121.236520283142 797.0
1121.4756046478608 789.0
1121.7146797258001 793.0
1121.9537455164768 793.0
1122.192802019408 795.0
1122.4318492341101 792.0
1122.6708871601 786.0
1122.909915796895 789.0
1123.1489351440111 784.0
1123.3879452009662 800.0
1123.6269459672762 806.0
1123.865937442459 794.0
1124.1049196260308 799.0
1124.3438925175087 804.0
