shot=49_position=7_gas=Ar_height=80_RF=149.0W_massflow=500_coils=0.0A_HR4000 spectrum
Wavelength [nm] // Intensity [u.a.] 
194.93414 791.0
195.2037815346219 761.0
195.47341553816543 774.0
195.74304201014752 784.0
196.012660950085 781.0
196.28227235749478 791.0
196.55187623189366 800.0
196.82147257279857 795.0
197.09106137972637 797.0
197.36064265219392 804.0
197.63021638971804 795.0
197.89978259181567 801.0
198.16934125800364 785.0
198.43889238779886 797.0
198.7084359807181 801.0
198.97797203627835 800.0
199.2475005539964 794.0
199.51702153338914 803.0
199.78653497397343 790.0
200.05604087526618 794.0
200.3255392367842 792.0
200.59503005804436 804.0
200.8645133385636 807.0
201.1339890778587 809.0
201.4034572754466 791.0
201.67291793084408 797.0
201.94237104356813 796.0
202.21181661313554 803.0
202.48125463906314 791.0
202.7506851208679 794.0
203.02010805806663 782.0
203.28952345017618 798.0
203.55893129671344 790.0
203.8283315971953 795.0
204.0977243511386 801.0
204.3671095580602 803.0
204.636487217477 790.0
204.90585732890585 791.0
205.17521989186366 801.0
205.44457490586717 804.0
205.7139223704334 798.0
205.98326228507918 795.0
206.2525946493213 810.0
206.5219194626767 808.0
206.79123672466224 798.0
207.06054643479476 806.0
207.32984859259116 799.0
207.59914319756828 801.0
207.86843024924303 791.0
208.13770974713225 792.0
208.40698169075276 801.0
208.6762460796215 800.0
208.94550291325532 798.0
209.2147521911711 807.0
209.48399391288567 786.0
209.75322807791594 811.0
210.02245468577874 800.0
210.29167373599094 800.0
210.56088522806942 814.0
210.83008916153108 803.0
211.09928553589276 802.0
211.3684743506713 799.0
211.63765560538363 802.0
211.9068292995466 794.0
212.175995432677 783.0
212.44515400429182 788.0
212.71430501390782 801.0
212.98344846104192 798.0
213.25258434521103 789.0
213.52171266593191 796.0
213.79083342272153 786.0
214.05994661509675 790.0
214.3290522425744 782.0
214.5981503046713 805.0
214.8672408009044 809.0
215.13632373079054 804.0
215.4053990938466 785.0
215.6744668895894 809.0
215.94352711753592 798.0
216.21257977720293 783.0
216.48162486810728 790.0
216.7506623897659 788.0
217.01969234169565 798.0
217.2887147234134 797.0
217.55772953443596 812.0
217.82673677428028 803.0
218.0957364424632 810.0
218.36472853850154 802.0
218.6337130619122 796.0
218.9026900122121 808.0
219.17165938891804 807.0
219.4406211915469 797.0
219.70957541961562 806.0
219.97852207264097 807.0
220.24746115013983 798.0
220.5163926516291 795.0
220.78531657662566 805.0
221.05423292464639 789.0
221.32314169520808 803.0
221.59204288782766 808.0
221.860936502022 804.0
222.12982253730797 803.0
222.39870099320237 794.0
222.66757186922214 813.0
222.93643516488416 809.0
223.20529087970525 804.0
223.47413901320226 796.0
223.74297956489212 788.0
224.01181253429166 791.0
224.28063792091777 794.0
224.5494557242873 800.0
224.8182659439171 784.0
225.08706857932413 810.0
225.35586363002508 809.0
225.62465109553705 802.0
225.89343097537673 796.0
226.16220326906105 807.0
226.43096797610687 805.0
226.69972509603105 807.0
226.9684746283505 801.0
227.237216572582 797.0
227.50595092824256 800.0
227.7746776948489 817.0
228.04339687191796 804.0
228.31210845896663 796.0
228.5808124555117 799.0
228.84950886107015 800.0
229.11819767515877 799.0
229.38687889729442 800.0
229.65555252699397 802.0
229.92421856377433 802.0
230.1928770071524 794.0
230.46152785664492 800.0
230.73017111176884 821.0
230.99880677204106 807.0
231.26743483697837 796.0
231.53605530609772 808.0
231.8046681789159 803.0
232.07327345494983 812.0
232.34187113371638 811.0
232.61046121473237 798.0
232.87904369751473 803.0
233.14761858158028 796.0
233.41618586644586 815.0
233.68474555162845 800.0
233.95329763664483 792.0
234.2218421210119 810.0
234.49037900424648 799.0
234.7589082858655 798.0
235.02742996538583 799.0
235.29594404232427 802.0
235.56445051619772 794.0
235.8329493865231 798.0
236.10144065281722 794.0
236.36992431459691 798.0
236.63840037137916 794.0
236.9068688226808 800.0
237.1753296680186 814.0
237.44378290690955 800.0
237.7122285388704 811.0
237.9806665634181 810.0
238.24909698006957 798.0
238.51751978834153 791.0
238.78593498775095 802.0
239.0543425778147 812.0
239.32274255804958 790.0
239.59113492797255 810.0
239.8595196871004 809.0
240.12789683495004 804.0
240.3962663710383 811.0
240.66462829488208 836.0
240.93298260599826 803.0
241.2013293039037 814.0
241.46966838811522 788.0
241.73799985814978 798.0
242.00632371352418 800.0
242.27463995375527 819.0
242.54294857835998 802.0
242.81124958685515 797.0
243.07954297875764 823.0
243.34782875358434 798.0
243.61610691085207 792.0
243.88437745007772 805.0
244.15264037077822 807.0
244.42089567247035 816.0
244.68914335467105 809.0
244.95738341689716 807.0
245.2256158586655 794.0
245.493840679493 801.0
245.76205787889654 785.0
246.03026745639292 800.0
246.29846941149904 806.0
246.5666637437318 794.0
246.834850452608 806.0
247.1030295376446 810.0
247.37120099835838 788.0
247.63936483426627 799.0
247.9075210448851 808.0
248.17566962973177 800.0
248.4438105883231 800.0
248.71194392017603 801.0
248.98006962480733 799.0
249.248187701734 799.0
249.51629815047275 795.0
249.78440097054056 792.0
250.05249616145431 807.0
250.32058372273076 801.0
250.5886636538869 804.0
250.85673595443953 797.0
251.12480062390551 796.0
251.39285766180177 797.0
251.6609070676451 814.0
251.92894884095242 813.0
252.19698298124058 790.0
252.46500948802645 794.0
252.73302836082692 794.0
253.00103959915882 804.0
253.26904320253902 808.0
253.53703917048443 800.0
253.80502750251188 801.0
254.07300819813827 804.0
254.34098125688044 788.0
254.60894667825525 806.0
254.87690446177962 805.0
255.14485460697037 798.0
255.41279711334434 780.0
255.6807319804185 796.0
255.94865920770962 812.0
256.2165787947346 802.0
256.48449074101035 802.0
256.75239504605366 802.0
257.02029170938147 800.0
257.28818073051065 804.0
257.556062108958 776.0
257.8239358442404 806.0
258.0918019358748 802.0
258.35966038337796 793.0
258.6275111862668 788.0
258.8953543440582 790.0
259.163189856269 809.0
259.4310177224162 803.0
259.6988379420164 775.0
259.9666505145867 807.0
260.23445543964385 797.0
260.50225271670473 798.0
260.77004234528624 791.0
261.03782432490533 788.0
261.3055986550787 794.0
261.5733653353234 794.0
261.8411243651561 796.0
262.1088757440937 794.0
262.37661947165327 801.0
262.6443555473515 812.0
262.9120839707053 801.0
263.1798047412315 786.0
263.44751785844704 795.0
263.7152233218687 791.0
263.98292113101354 790.0
264.2506112853982 807.0
264.51829378453965 804.0
264.7859686279547 829.0
265.05363581516025 795.0
265.32129534567326 805.0
265.5889472190105 807.0
265.8565914346889 801.0
266.1242279922252 799.0
266.39185689113634 794.0
266.65947813093925 803.0
266.9270917111508 800.0
267.19469763128774 794.0
267.46229589086704 812.0
267.72988648940554 822.0
267.9974694264201 816.0
268.2650447014276 799.0
268.53261231394487 794.0
268.80017226348883 804.0
269.0677245495763 806.0
269.3352691717242 794.0
269.60280612944933 804.0
269.8703354222686 809.0
270.13785704969894 790.0
270.40537101125716 801.0
270.67287730646007 789.0
270.9403759348246 805.0
271.2078668958677 807.0
271.47535018910605 811.0
271.7428258140567 818.0
272.01029377023633 818.0
272.2777540571619 794.0
272.5452066743504 805.0
272.81265162131854 808.0
273.08008889758327 797.0
273.34751850266144 806.0
273.6149404360698 789.0
273.8823546973254 792.0
274.1497612859451 796.0
274.4171602014456 786.0
274.6845514433439 794.0
274.95193501115676 806.0
275.2193109044012 809.0
275.486679122594 813.0
275.7540396652521 801.0
276.02139253189216 784.0
276.2887377220313 793.0
276.55607523518626 810.0
276.82340507087395 782.0
277.09072722861123 791.0
277.3580417079149 801.0
277.62534850830195 809.0
277.8926476292892 794.0
278.1599390703934 805.0
278.4272228311316 816.0
278.69449891102056 807.0
278.96176730957717 797.0
279.22902802631836 801.0
279.4962810607609 818.0
279.76352641242164 800.0
280.0307640808177 797.0
280.29799406546556 806.0
280.5652163658824 807.0
280.8324309815849 810.0
281.09963791209003 806.0
281.3668371569146 807.0
281.6340287155756 793.0
281.9012125875897 802.0
282.168388772474 814.0
282.4355572697452 803.0
282.7027180789201 788.0
282.9698711995158 803.0
283.23701663104896 789.0
283.50415437303667 812.0
283.77128442499554 806.0
284.0384067864426 809.0
284.3055214568946 806.0
284.57262843586864 802.0
284.8397277228814 809.0
285.1068193174497 803.0
285.37390321909055 809.0
285.6409794273207 805.0
285.9080479416572 803.0
286.1751087616167 812.0
286.4421618867162 793.0
286.7092073164725 805.0
286.9762450504025 791.0
287.24327508802315 805.0
287.5102974288511 794.0
287.77731207240345 796.0
288.04431901819703 791.0
288.3113182657485 796.0
288.578309814575 814.0
288.84529366419326 804.0
289.1122698141201 798.0
289.37923826387254 798.0
289.6461990129674 805.0
289.91315206092133 787.0
290.18009740725154 792.0
290.44703505147464 791.0
290.7139649931077 811.0
290.98088723166734 801.0
291.24780176667065 797.0
291.5147085976344 795.0
291.78160772407557 808.0
292.04849914551085 796.0
292.3153828614572 797.0
292.58225887143146 789.0
292.8491271749505 809.0
293.1159877715313 820.0
293.3828406606906 817.0
293.6496858419453 812.0
293.9165233148123 796.0
294.1833530788084 807.0
294.4501751334505 811.0
294.71698947825547 796.0
294.9837961127402 803.0
295.2505950364216 800.0
295.5173862488164 795.0
295.78416974944156 802.0
296.050945537814 797.0
296.31771361345045 792.0
296.584473975868 810.0
296.8512266245832 792.0
297.11797155911313 792.0
297.38470877897464 809.0
297.6514382836846 795.0
297.9181600727598 808.0
298.18487414571723 797.0
298.4515805020736 806.0
298.71827914134593 795.0
298.9849700630511 799.0
299.2516532667058 791.0
299.518328751827 801.0
299.78499651793163 804.0
300.0516565645365 811.0
300.3183088911584 802.0
300.58495349731436 794.0
300.8515903825211 805.0
301.1182195462956 795.0
301.3848409881546 806.0
301.65145470761513 816.0
301.91806070419403 785.0
302.184658977408 801.0
302.4512495267741 789.0
302.7178323518091 797.0
302.9844074520298 803.0
303.2509748269532 802.0
303.5175344760962 792.0
303.78408639897555 801.0
304.0506305951082 804.0
304.31716706401096 816.0
304.58369580520065 815.0
304.8502168181943 783.0
305.1167301025086 773.0
305.3832356576606 811.0
305.649733483167 802.0
305.9162235785447 797.0
306.1827059433106 790.0
306.4491805769817 787.0
306.7156474790747 799.0
306.98210664910647 795.0
307.2485580865939 802.0
307.5150017910539 807.0
307.7814377620034 793.0
308.0478659989591 805.0
308.31428650143795 809.0
308.58069926895683 797.0
308.8471043010326 818.0
309.1135015971821 806.0
309.37989115692227 793.0
309.6462729797699 797.0
309.91264706524197 800.0
310.1790134128551 804.0
310.4453720221265 822.0
310.71172289257277 809.0
310.97806602371094 800.0
311.2444014150577 795.0
311.5107290661301 806.0
311.777048976445 788.0
312.04336114551904 787.0
312.30966557286945 793.0
312.5759622580128 803.0
312.8422512004661 788.0
313.1085323997461 803.0
313.3748058553698 798.0
313.641071566854 788.0
313.90732953371554 805.0
314.17357975547145 809.0
314.4398222316384 797.0
314.70605696173334 802.0
314.9722839452731 800.0
315.23850318177466 808.0
315.50471467075477 807.0
315.7709184117303 800.0
316.0371144042182 804.0
316.3033026477353 777.0
316.56948314179846 793.0
316.8356558859246 787.0
317.1018208796305 795.0
317.36797812243304 807.0
317.6341276138491 808.0
317.90026935339563 797.0
318.1664033405894 810.0
318.4325295749473 822.0
318.6986480559862 801.0
318.96475878322303 792.0
319.2308617561746 801.0
319.4969569743577 793.0
319.76304443728935 788.0
320.0291241444864 796.0
320.2951960954656 791.0
320.5612602897438 807.0
320.82731672683815 811.0
321.0933654062652 793.0
321.359406327542 814.0
321.6254394901853 794.0
321.891464893712 794.0
322.157482537639 795.0
322.4234924214832 801.0
322.68949454476143 810.0
322.95548890699064 804.0
323.2214755076875 800.0
323.487454346369 797.0
323.753425422552 790.0
324.01938873575347 800.0
324.2853442854901 800.0
324.55129207127885 808.0
324.8172320926366 805.0
325.08316434908016 798.0
325.34908884012646 810.0
325.61500556529234 797.0
325.8809145240947 801.0
326.14681571605024 805.0
326.4127091406761 801.0
326.6785947974889 806.0
326.9444726860058 813.0
327.2103428057433 802.0
327.47620515621855 817.0
327.74205973694836 797.0
328.00790654744947 790.0
328.2737455872389 797.0
328.5395768558335 796.0
328.80540035275004 805.0
329.0712160775054 796.0
329.33702402961654 799.0
329.6028242086002 805.0
329.86861661397353 794.0
330.13440124525306 796.0
330.4001781019559 799.0
330.66594718359863 809.0
330.9317084896984 804.0
331.19746201977205 812.0
331.46320777333636 798.0
331.7289457499082 799.0
331.9946759490044 787.0
332.2603983701419 793.0
332.5261130128375 805.0
332.79181987660826 796.0
333.05751896097087 796.0
333.3232102654422 804.0
333.58889378953916 798.0
333.85456953277856 793.0
334.1202374946774 792.0
334.38589767475247 793.0
334.6515500725206 802.0
334.9171946874987 817.0
335.18283151920355 821.0
335.4484605671522 816.0
335.7140818308614 810.0
335.97969530984807 803.0
336.245301003629 816.0
336.51089891172114 816.0
336.77648903364127 800.0
337.04207136890636 804.0
337.30764591703326 805.0
337.5732126775387 805.0
337.83877164993976 797.0
338.10432283375314 795.0
338.36986622849577 790.0
338.63540183368457 793.0
338.9009296488363 802.0
339.16644967346787 792.0
339.4319619070962 782.0
339.6974663492381 798.0
339.9629629994105 805.0
340.22845185713027 805.0
340.4939329219141 808.0
340.75940619327906 801.0
341.02487167074196 804.0
341.2903293538197 799.0
341.555779242029 796.0
341.821221334887 791.0
342.0866556319103 792.0
342.3520821326158 792.0
342.6175008365205 804.0
342.8829117431413 777.0
343.1483148519949 795.0
343.41371016259825 808.0
343.6790976744682 806.0
343.9444773871216 802.0
344.20984930007546 802.0
344.4752134128465 803.0
344.74056972495157 799.0
345.0059182359076 810.0
345.27125894523147 793.0
345.53659185244 798.0
345.80191695705014 808.0
346.0672342585787 796.0
346.3325437565426 797.0
346.5978454504585 799.0
346.8631393398436 804.0
347.1284254242145 803.0
347.3937037030882 810.0
347.6589741759816 816.0
347.92423684241146 810.0
348.1894917018946 803.0
348.4547387539481 801.0
348.71997799808867 794.0
348.9852094338332 797.0
349.2504330606986 809.0
349.51564887820166 798.0
349.7808568858593 796.0
350.0460570831885 805.0
350.31124946970584 800.0
350.57643404492853 802.0
350.84161080837316 802.0
351.1067797595568 790.0
351.3719408979961 804.0
351.63709422320824 806.0
351.90223973470984 807.0
352.16737743201776 800.0
352.43250731464894 784.0
352.69762938212034 792.0
352.9627436339487 787.0
353.2278500696509 798.0
353.49294868874387 807.0
353.7580394907444 798.0
354.02312247516943 796.0
354.28819764153576 796.0
354.55326498936034 799.0
354.81832451816 805.0
355.08337622745165 809.0
355.348420116752 797.0
355.613456185578 800.0
355.8784844334467 795.0
356.1435048598747 797.0
356.4085174643791 790.0
356.6735222464765 810.0
356.938519205684 810.0
357.2035083415184 791.0
357.46848965349653 800.0
357.73346314113536 799.0
357.9984288039516 813.0
358.2633866414622 809.0
358.528336653184 797.0
358.793278838634 803.0
359.05821319732894 792.0
359.3231397287857 797.0
359.5880584325211 797.0
359.8529693080521 795.0
360.1178723548955 822.0
360.3827675725683 801.0
360.64765496058726 798.0
360.9125345184692 809.0
361.1774062457311 802.0
361.44227014188965 802.0
361.707126206462 793.0
361.9719744389649 798.0
362.2368148389151 797.0
362.5016474058295 787.0
362.766472139225 805.0
363.0312890386186 804.0
363.296098103527 802.0
363.5608993334672 805.0
363.82569272795587 802.0
364.09047828651006 813.0
364.35525600864656 786.0
364.6200258938823 798.0
364.8847879417341 799.0
365.1495421517188 778.0
365.41428852335326 794.0
365.67902705615444 798.0
365.9437577496392 803.0
366.2084806033243 785.0
366.4731956167267 790.0
366.7379027893632 789.0
367.0026021207507 795.0
367.2672936104061 812.0
367.5319772578463 792.0
367.79665306258806 807.0
368.06132102414836 800.0
368.32598114204393 811.0
368.59063341579173 802.0
368.85527784490864 780.0
369.1199144289115 815.0
369.3845431673172 807.0
369.6491640596426 781.0
369.91377710540445 809.0
370.1783823041198 804.0
370.44297965530546 783.0
370.70756915847835 798.0
370.97215081315517 792.0
371.2367246188529 801.0
371.5012905750884 806.0
371.7658486813786 803.0
372.0303989372402 793.0
372.29494134219027 803.0
372.5594758957455 816.0
372.82400259742286 796.0
373.08852144673915 806.0
373.3530324432114 800.0
373.6175355863563 810.0
373.8820308756908 796.0
374.1465183107317 800.0
374.410997890996 799.0
374.6754696160004 795.0
374.93993348526186 802.0
375.2043894982973 809.0
375.4688376546235 796.0
375.7332779537573 799.0
375.9977103952157 791.0
376.26213497851546 790.0
376.52655170317354 805.0
376.7909605687067 794.0
377.05536157463183 806.0
377.3197547204658 814.0
377.5841400057256 805.0
377.84851742992794 804.0
378.11288699258984 808.0
378.37724869322795 797.0
378.64160253135935 789.0
378.90594850650075 794.0
379.1702866181692 808.0
379.4346168658814 800.0
379.69893924915425 802.0
379.9632537675047 803.0
380.2275604204495 815.0
380.49185920750574 795.0
380.75615012819 803.0
381.0204331820193 810.0
381.2847083685105 798.0
381.5489756871804 797.0
381.8132351375459 811.0
382.07748671912407 795.0
382.34173043143153 805.0
382.6059662739852 808.0
382.8701942463019 800.0
383.1344143478986 817.0
383.3986265782921 806.0
383.6628309369994 809.0
383.92702742353725 806.0
384.1912160374225 799.0
384.45539677817203 787.0
384.7195696453027 792.0
384.98373463833155 789.0
385.2478917567753 794.0
385.5120410001507 798.0
385.7761823679748 803.0
386.0403158597644 808.0
386.30444147503647 797.0
386.5685592133077 801.0
386.8326690740951 810.0
387.09677105691543 796.0
387.36086516128563 800.0
387.6249513867226 808.0
387.88902973274315 815.0
388.15310019886414 805.0
388.41716278460245 794.0
388.68121748947493 794.0
388.9452643129986 791.0
389.2093032546901 802.0
389.47333431406645 797.0
389.73735749064434 805.0
390.0013727839409 805.0
390.2653801934728 813.0
390.52937971875696 799.0
390.7933713593103 802.0
391.05735511464974 801.0
391.3213309842919 797.0
391.5852989677539 804.0
391.8492590645524 810.0
392.1132112742045 787.0
392.37715559622694 807.0
392.6410920301366 809.0
392.9050205754503 804.0
393.1689412316849 795.0
393.43285399835736 790.0
393.69675887498465 816.0
393.96065586108335 804.0
394.2245449561705 813.0
394.4884261597629 809.0
394.75229947137757 792.0
395.01616489053123 795.0
395.28002241674085 803.0
395.5438720495231 798.0
395.80771378839506 795.0
396.0715476328735 825.0
396.33537358247537 801.0
396.5991916367174 792.0
396.86300179511665 802.0
397.12680405718976 791.0
397.39059842245376 810.0
397.65438489042543 805.0
397.91816346062177 802.0
398.18193413255955 809.0
398.4456969057556 807.0
398.7094517797268 798.0
398.97319875399006 796.0
399.2369378280623 802.0
399.50066900146027 796.0
399.764392273701 816.0
400.02810764430114 804.0
400.2918151127777 795.0
400.55551467864757 802.0
400.81920634142756 807.0
401.08289010063453 812.0
401.34656595578537 801.0
401.6102339063969 807.0
401.8738939519861 807.0
402.1375460920697 806.0
402.4011903261647 811.0
402.6648266537879 794.0
402.92845507445617 806.0
403.1920755876863 800.0
403.4556881929953 804.0
403.71929288990003 791.0
403.98288967791734 803.0
404.246478556564 799.0
404.5100595253569 794.0
404.77363258381297 802.0
405.03719773144906 811.0
405.3007549677821 818.0
405.56430429232887 813.0
405.82784570460626 810.0
406.0913792041311 807.0
406.35490479042033 804.0
406.61842246299085 800.0
406.88193222135936 801.0
407.14543406504293 793.0
407.4089279935582 784.0
407.6724140064223 796.0
407.9358921031519 806.0
408.19936228326395 803.0
408.4628245462754 803.0
408.7262788917029 797.0
408.9897253190635 792.0
409.25316382787395 808.0
409.5165944176513 802.0
409.7800170879122 802.0
410.04343183817366 802.0
410.30683866795243 800.0
410.57023757676546 805.0
410.83362856412975 804.0
411.09701162956185 806.0
411.3603867725789 804.0
411.62375399269763 795.0
411.887113289435 803.0
412.1504646623078 800.0
412.4138081108329 807.0
412.6771436345273 796.0
412.94047123290767 818.0
413.20379090549096 788.0
413.46710265179405 793.0
413.7304064713339 810.0
413.9937023636272 817.0
414.25699032819097 787.0
414.52027036454194 796.0
414.78354247219704 807.0
415.0468066506732 797.0
415.31006289948726 797.0
415.5733112181561 797.0
415.83655160619645 806.0
416.0997840631253 793.0
416.3630085884595 800.0
416.62622518171594 815.0
416.8894338424115 811.0
417.152634570063 795.0
417.4158273641873 801.0
417.67901222430123 805.0
417.9421891499217 803.0
418.2053581405658 806.0
418.46851919575005 798.0
418.7316723149915 805.0
418.99481749780693 805.0
419.2579547437133 812.0
419.5210840522274 802.0
419.78420542286625 796.0
420.04731885514644 809.0
420.31042434858506 804.0
420.573521902699 784.0
420.83661151700494 801.0
421.0996931910199 813.0
421.3627669242608 803.0
421.6258327162443 799.0
421.88889056648736 805.0
422.1519404745069 810.0
422.41498243981977 777.0
422.6780164619429 805.0
422.9410425403929 807.0
423.2040606746869 791.0
423.46707086434174 787.0
423.7300731088742 797.0
423.9930674078012 806.0
424.25605376063965 775.0
424.5190321669063 800.0
424.782002626118 814.0
425.0449651377918 810.0
425.30791970144446 796.0
425.57086631659286 814.0
425.83380498275386 805.0
426.0967356994443 793.0
426.3596584661811 803.0
426.6225732824811 808.0
426.88548014786113 798.0
427.14837906183817 802.0
427.411270023929 800.0
427.6741530336505 805.0
427.9370280905195 795.0
428.199895194053 808.0
428.46275434376776 802.0
428.72560553918066 795.0
428.98844877980855 796.0
429.2512840651683 799.0
429.51411139477693 802.0
429.77693076815115 804.0
430.03974218480784 805.0
430.3025456442639 802.0
430.5653411460361 802.0
430.82812868964146 794.0
431.09090827459687 803.0
431.353679900419 788.0
431.61644356662487 808.0
431.87919927273134 813.0
432.1419470182551 810.0
432.40468680271334 811.0
432.66741862562276 803.0
432.93014248650013 795.0
433.1928583848624 797.0
433.45556632022647 789.0
433.7182662921092 790.0
433.9809583000275 807.0
434.24364234349815 809.0
434.506318422038 812.0
434.768986535164 799.0
435.031646682393 800.0
435.2942988632418 802.0
435.55694307722734 793.0
435.81957932386655 821.0
436.08220760267614 808.0
436.34482791317305 790.0
436.6074402548742 797.0
436.8700446272964 803.0
437.1326410299566 802.0
437.3952294623715 803.0
437.65780992405803 786.0
437.9203824145332 803.0
438.1829469333138 805.0
438.4455034799166 795.0
438.7080520538586 807.0
438.9705926546565 803.0
439.23312528182737 796.0
439.49564993488787 797.0
439.7581666133551 802.0
440.0206753167459 799.0
440.28317604457686 795.0
440.5456687963651 792.0
440.8081535716274 796.0
441.07063036988075 794.0
441.3330991906418 795.0
441.5955600334276 801.0
441.858012897755 816.0
442.12045778314075 798.0
442.3828946891018 795.0
442.6453236151551 782.0
442.9077445608174 804.0
443.17015752560553 802.0
443.4325625090365 807.0
443.69495951062703 810.0
443.95734852989415 791.0
444.21972956635454 806.0
444.4821026195253 814.0
444.74446768892307 807.0
445.00682477406485 808.0
445.2691738744674 813.0
445.5315149896478 811.0
445.79384811912274 810.0
446.05617326240906 800.0
446.31849041902376 806.0
446.58079958848356 799.0
446.8431007703055 800.0
447.10539396400634 806.0
447.367679169103 799.0
447.6299563851123 805.0
447.892225611551 797.0
448.15448684793625 802.0
448.4167400937847 795.0
448.67898534861325 801.0
448.9412226119389 822.0
449.2034518832783 820.0
449.46567316214856 795.0
449.72788644806633 802.0
449.99009174054856 803.0
450.2522890391122 802.0
450.514478343274 820.0
450.77665965255085 811.0
451.0388329664597 807.0
451.30099828451733 800.0
451.5631556062406 798.0
451.82530493114655 805.0
452.08744625875175 792.0
452.3495795885734 795.0
452.6117049201281 810.0
452.87382225293277 796.0
453.13593158650446 800.0
453.3980329203598 787.0
453.6601262540158 804.0
453.9222115869893 812.0
454.1842889187971 796.0
454.4463582489562 802.0
454.70841957698343 809.0
454.97047290239556 799.0
455.23251822470957 802.0
455.49455554344223 800.0
455.75658485811044 798.0
456.0186061682312 795.0
456.2806194733211 820.0
456.5426247728973 808.0
456.8046220664765 799.0
457.0666113535756 802.0
457.32859263371154 808.0
457.5905659064011 802.0
457.8525311711611 803.0
458.1144884275086 790.0
458.37643767496024 787.0
458.6383789130331 791.0
458.9003121412439 808.0
459.1622373591095 806.0
459.4241545661469 790.0
459.68606376187284 792.0
459.9479649458043 798.0
460.2098581174581 804.0
460.471743276351 799.0
460.733620422 813.0
460.9954895539219 798.0
461.2573506716337 786.0
461.51920377465206 795.0
461.78104886249406 803.0
462.0428859346764 805.0
462.304714990716 795.0
462.5665360301298 786.0
462.82834905243453 791.0
463.09015405714723 810.0
463.35195104378465 802.0
463.6137400118636 800.0
463.8755209609011 804.0
464.13729389041396 796.0
464.399058799919 786.0
464.6608156889332 794.0
464.92256455697327 813.0
465.18430540355615 799.0
465.4460382281988 815.0
465.707763030418 803.0
465.96947980973056 797.0
466.23118856565344 789.0
466.49288929770347 799.0
466.75458200539765 813.0
467.0162666882526 799.0
467.27794334578533 792.0
467.5396119775127 815.0
467.8012725829516 810.0
468.0629251616188 801.0
468.3245697130314 810.0
468.586206236706 795.0
468.8478347321596 796.0
469.109455198909 804.0
469.3710676364711 803.0
469.6326720443629 816.0
469.89426842210105 793.0
470.1558567692025 811.0
470.4174370851842 810.0
470.6790093695629 813.0
470.94057362185555 803.0
471.20212984157905 797.0
471.4636780282501 811.0
471.72521818138574 812.0
471.9867503005027 797.0
472.248274385118 798.0
472.5097904347484 786.0
472.7712984489108 787.0
473.03279842712203 799.0
473.29429036889906 804.0
473.55577427375863 804.0
473.8172501412177 816.0
474.07871797079315 810.0
474.34017776200176 803.0
474.6016295143605 792.0
474.8630732273861 807.0
475.1245089005955 793.0
475.3859365335057 806.0
475.64735612563334 807.0
475.9087676764954 816.0
476.1701711856088 796.0
476.4315666524903 805.0
476.6929540766569 789.0
476.95433345762535 811.0
477.2157047949125 787.0
477.47706808803537 805.0
477.7384233365106 800.0
477.9997705398553 803.0
478.26110969758616 795.0
478.52244080922014 799.0
478.78376387427414 801.0
479.04507889226494 808.0
479.3063858627094 810.0
479.5676847851245 809.0
479.828975659027 786.0
480.0902584839338 794.0
480.3515332593618 804.0
480.61279998482775 803.0
480.8740586598487 809.0
481.13530928394147 808.0
481.3965518566228 811.0
481.65778637740965 794.0
481.9190128458189 801.0
482.1802312613674 797.0
482.4414416235721 824.0
482.70264393194964 804.0
482.9638381860171 790.0
483.2250243852913 802.0
483.4862025292891 806.0
483.7473726175273 806.0
484.0085346495229 794.0
484.26968862479265 807.0
484.5308345428534 782.0
484.79197240322225 799.0
485.0531022054157 784.0
485.314223948951 795.0
485.57533763334476 792.0
485.8364432581139 794.0
486.0975408227754 810.0
486.35863032684597 792.0
486.61971176984247 798.0
486.880785151282 816.0
487.1418504706812 792.0
487.402907727557 810.0
487.66395692142635 805.0
487.92499805180597 792.0
488.18603111821284 779.0
488.44705612016384 804.0
488.7080730571757 806.0
488.9690819287655 792.0
489.2300827344499 798.0
489.49107547374587 807.0
489.75206014617027 806.0
490.01303675124 792.0
490.27400528847187 806.0
490.53496575738274 803.0
490.79591815748955 808.0
491.05686248830915 794.0
491.31779874935836 797.0
491.57872694015396 813.0
491.8396470602131 801.0
492.1005591090524 799.0
492.3614630861888 790.0
492.6223589911392 792.0
492.88324682342045 796.0
493.14412658254946 797.0
493.40499826804296 800.0
493.66586187941795 796.0
493.92671741619125 811.0
494.18756487787977 794.0
494.44840426400026 808.0
494.70923557406974 811.0
494.97005880760497 803.0
495.23087396412285 797.0
495.4916810431403 794.0
495.7524800441741 805.0
496.01327096674123 809.0
496.27405381035845 803.0
496.53482857454264 797.0
496.79559525881075 803.0
497.05635386267954 792.0
497.31710438566597 788.0
497.57784682728686 807.0
497.8385811870591 784.0
498.0993074644995 796.0
498.360025659125 791.0
498.6207357704524 794.0
498.88143779799873 797.0
499.14213174128065 793.0
499.40281759981514 803.0
499.6634953731191 802.0
499.92416506070924 811.0
500.1848266621026 798.0
500.445480176816 805.0
500.70612560436615 812.0
500.96676294427016 796.0
501.22739219604483 808.0
501.48801335920695 795.0
501.74862643327344 803.0
502.00923141776116 817.0
502.2698283121869 800.0
502.5304171160677 805.0
502.7909978289203 817.0
503.0515704502616 797.0
503.31213497960846 811.0
503.57269141647777 808.0
503.8332397603864 800.0
504.09378001085116 798.0
504.354312167389 804.0
504.6148362295168 813.0
504.8753521967513 798.0
505.1358600686094 803.0
505.3963598446082 810.0
505.6568515242642 805.0
505.9173351070945 805.0
506.17781059261597 788.0
506.4382779803454 801.0
506.69873726979966 800.0
506.95918846049574 798.0
507.2196315519502 803.0
507.4800665436803 806.0
507.74049343520267 818.0
508.00091222603425 802.0
508.261322915692 802.0
508.5217255036924 800.0
508.7821199895529 795.0
509.0425063727899 803.0
509.3028846529204 796.0
509.5632548294615 798.0
509.8236169019296 800.0
510.0839708698421 797.0
510.3443167327155 788.0
510.60465449006676 790.0
510.8649841414127 808.0
511.12530568627034 795.0
511.3856191241566 807.0
511.64592445458794 800.0
511.90622167708165 805.0
512.1665107911545 818.0
512.4267917963232 800.0
512.6870646921047 805.0
512.947329478016 797.0
513.2075861535739 791.0
513.467834718295 787.0
513.7280751716964 803.0
513.9883075132952 793.0
514.248531742608 798.0
514.5087478591515 805.0
514.7689558624429 802.0
515.0291557519989 805.0
515.2893475273365 799.0
515.5495311879723 809.0
515.8097067334235 797.0
516.0698741632067 814.0
516.3300334768389 794.0
516.5901846738369 790.0
516.8503277537177 809.0
517.1104627159981 805.0
517.3705895601947 793.0
517.630708285825 789.0
517.8908188924053 796.0
518.1509213794526 806.0
518.411015746484 796.0
518.6711019930159 804.0
518.9311801185657 785.0
519.19125012265 784.0
519.4513120047856 802.0
519.7113657644896 792.0
519.9714114012784 816.0
520.2314489146695 803.0
520.4914783041794 808.0
520.751499569325 805.0
521.0115127096234 779.0
521.271517724591 797.0
521.5315146137451 806.0
521.7915033766022 805.0
522.0514840126796 811.0
522.3114565214938 797.0
522.5714209025618 798.0
522.8313771554007 790.0
523.0913252795269 804.0
523.3512652744578 794.0
523.6111971397097 786.0
523.8711208747998 796.0
524.1310364792452 792.0
524.390943952562 800.0
524.6508432942679 800.0
524.9107345038794 800.0
525.1706175809132 795.0
525.4304925248866 805.0
525.690359335316 807.0
525.9502180117188 787.0
526.2100685536113 801.0
526.4699109605107 805.0
526.729745231934 803.0
526.9895713673975 814.0
527.2493893664187 796.0
527.5091992285141 791.0
527.7690009532007 803.0
528.0287945399953 802.0
528.2885799884149 783.0
528.5483572979764 800.0
528.8081264681963 804.0
529.0678874985917 802.0
529.3276403886796 796.0
529.5873851379768 803.0
529.8471217460001 805.0
530.1068502122662 799.0
530.3665705362923 799.0
530.6262827175951 797.0
530.8859867556915 809.0
531.1456826500984 806.0
531.4053704003326 799.0
531.6650500059111 808.0
531.9247214663504 802.0
532.1843847811678 788.0
532.4440399498801 807.0
532.7036869720038 813.0
532.9633258470562 801.0
533.222956574554 805.0
533.4825791540142 812.0
533.7421935849534 810.0
534.0017998668885 822.0
534.2613979993366 810.0
534.5209879818145 806.0
534.780569813839 804.0
535.0401434949268 802.0
535.2997090245951 783.0
535.5592664023607 781.0
535.8188156277402 796.0
536.0783567002508 792.0
536.3378896194092 798.0
536.5974143847321 807.0
536.8569309957369 797.0
537.1164394519398 796.0
537.3759397528582 818.0
537.6354318980087 809.0
537.8949158869082 799.0
538.1543917190737 809.0
538.4138593940218 818.0
538.6733189112697 797.0
538.932770270334 807.0
539.1922134707318 795.0
539.4516485119797 803.0
539.7110753935946 804.0
539.9704941150937 797.0
540.2299046759937 803.0
540.4893070758112 784.0
540.7487013140633 795.0
541.008087390267 794.0
541.2674653039389 789.0
541.526835054596 795.0
541.7861966417552 798.0
542.0455500649333 806.0
542.3048953236471 808.0
542.5642324174137 800.0
542.8235613457497 806.0
543.0828821081722 807.0
543.3421947041979 807.0
543.6014991333436 816.0
543.8607953951266 813.0
544.1200834890632 801.0
544.3793634146708 793.0
544.6386351714658 801.0
544.8978987589653 799.0
545.1571541766862 811.0
545.4164014241451 814.0
545.6756405008593 786.0
545.9348714063455 791.0
546.1940941401203 790.0
546.4533087017008 798.0
546.712515090604 814.0
546.9717133063466 786.0
547.2309033484453 792.0
547.4900852164174 796.0
547.7492589097793 793.0
548.0084244280482 799.0
548.2675817707409 790.0
548.526730937374 799.0
548.7858719274648 804.0
549.0450047405299 797.0
549.3041293760863 813.0
549.5632458336507 787.0
549.82235411274 796.0
550.0814542128714 788.0
550.3405461335612 805.0
550.5996298743269 802.0
550.8587054346848 802.0
551.117772814152 793.0
551.3768320122455 788.0
551.6358830284819 790.0
551.8949258623783 809.0
552.1539605134514 798.0
552.4129869812182 798.0
552.6720052651955 802.0
552.9310153649002 815.0
553.1900172798491 803.0
553.4490110095592 796.0
553.7079965535472 790.0
553.9669739113302 793.0
554.2259430824248 796.0
554.484904066348 802.0
554.7438568626167 796.0
555.0028014707476 814.0
555.261737890258 804.0
555.520666120664 800.0
555.7795861614834 798.0
556.0384980122324 795.0
556.2974016724281 781.0
556.5562971415874 795.0
556.8151844192269 805.0
557.0740635048638 805.0
557.3329343980148 816.0
557.5917970981968 804.0
557.8506516049267 791.0
558.1094979177213 799.0
558.3683360360976 783.0
558.6271659595724 810.0
558.8859876876625 820.0
559.1448012198848 812.0
559.4036065557561 802.0
559.6624036947936 805.0
559.9211926365136 798.0
560.1799733804337 796.0
560.43874592607 802.0
560.6975102729399 800.0
560.9562664205602 807.0
561.2150143684473 800.0
561.4737541161188 790.0
561.732485663091 799.0
561.9912090088809 812.0
562.2499241530056 807.0
562.5086310949818 802.0
562.7673298343262 812.0
563.026020370556 799.0
563.2847027031879 810.0
563.5433768317389 788.0
563.8020427557254 786.0
564.0607004746649 816.0
564.3193499880738 798.0
564.5779912954692 799.0
564.8366243963679 794.0
565.0952492902868 808.0
565.3538659767429 802.0
565.6124744552527 804.0
565.8710747253335 808.0
566.1296667865018 798.0
566.3882506382747 820.0
566.6468262801691 796.0
566.9053937117014 791.0
567.1639529323893 792.0
567.4225039417488 796.0
567.6810467392974 808.0
567.9395813245517 794.0
568.1981076970284 804.0
568.4566258562448 799.0
568.7151358017175 798.0
568.9736375329633 805.0
569.2321310494995 796.0
569.4906163508422 803.0
569.749093436509 793.0
570.0075623060163 789.0
570.2660229588813 800.0
570.5244753946206 785.0
570.7829196127512 800.0
571.0413556127901 806.0
571.2997833942537 797.0
571.5582029566596 784.0
571.8166142995238 801.0
572.075017422364 808.0
572.3334123246967 808.0
572.5917990060384 801.0
572.8501774659068 803.0
573.108547703818 809.0
573.3669097192892 787.0
573.6252635118373 782.0
573.8836090809789 804.0
574.1419464262314 809.0
574.400275547111 810.0
574.6585964431351 791.0
574.9169091138205 802.0
575.1752135586836 799.0
575.4335097772419 803.0
575.6917977690118 795.0
575.9500775335105 798.0
576.2083490702545 777.0
576.4666123787609 802.0
576.7248674585469 808.0
576.9831143091286 806.0
577.2413529300236 800.0
577.4995833207483 792.0
577.7578054808198 805.0
578.0160194097549 797.0
578.2742251070703 814.0
578.5324225722832 800.0
578.7906118049101 794.0
579.0487928044681 804.0
579.3069655704743 808.0
579.565130102445 808.0
579.8232863998975 803.0
580.0814344623485 790.0
580.339574289315 779.0
580.5977058803137 797.0
580.8558292348614 803.0
581.1139443524753 785.0
581.3720512326721 807.0
581.6301498749685 812.0
581.8882402788817 789.0
582.146322443928 806.0
582.4043963696251 803.0
582.6624620554893 789.0
582.9205195010375 796.0
583.1785687057866 798.0
583.4366096692537 788.0
583.6946423909554 798.0
583.9526668704085 793.0
584.2106831071303 791.0
584.4686911006373 799.0
584.7266908504463 803.0
584.9846823560746 784.0
585.2426656170385 780.0
585.5006406328554 785.0
585.7586074030418 802.0
586.0165659271148 804.0
586.2745162045912 815.0
586.5324582349878 804.0
586.7903920178214 794.0
587.0483175526091 805.0
587.3062348388676 802.0
587.5641438761138 804.0
587.8220446638645 794.0
588.0799372016369 807.0
588.3378214889474 801.0
588.5956975253132 811.0
588.8535653102509 817.0
589.1114248432776 800.0
589.3692761239103 798.0
589.6271191516653 807.0
589.88495392606 807.0
590.1427804466111 800.0
590.4005987128355 805.0
590.6584087242501 787.0
590.9162104803713 801.0
591.1740039807169 801.0
591.4317892248029 798.0
591.6895662121466 812.0
591.9473349422648 810.0
592.2050954146741 803.0
592.462847628892 800.0
592.7205915844347 817.0
592.9783272808194 807.0
593.236054717563 819.0
593.493773894182 803.0
593.7514848101939 795.0
594.009187465115 813.0
594.2668818584625 802.0
594.5245679897531 799.0
594.7822458585038 813.0
595.0399154642313 796.0
595.2975768064524 781.0
595.5552298846843 782.0
595.8128746984438 796.0
596.0705112472474 792.0
596.3281395306126 803.0
596.5857595480555 798.0
596.8433712990935 803.0
597.1009747832434 812.0
597.3585700000219 803.0
597.6161569489462 797.0
597.8737356295327 810.0
598.1313060412986 790.0
598.3888681837607 798.0
598.6464220564358 796.0
598.9039676588409 792.0
599.1615049904925 805.0
599.4190340509081 799.0
599.676554839604 793.0
599.9340673560972 820.0
600.1915715999048 803.0
600.4490675705435 790.0
600.7065552675302 796.0
600.9640346903817 815.0
601.221505838615 805.0
601.4789687117469 794.0
601.7364233092942 787.0
601.9938696307739 804.0
602.2513076757026 804.0
602.5087374435976 797.0
602.7661589339755 801.0
603.023572146353 801.0
603.2809770802475 797.0
603.5383737351752 792.0
603.7957621106534 804.0
604.053142206199 798.0
604.3105140213286 808.0
604.5678775555593 803.0
604.8252328084078 804.0
605.0825797793912 804.0
605.3399184680261 790.0
605.5972488738295 798.0
605.8545709963181 791.0
606.111884835009 800.0
606.3691903894193 806.0
606.6264876590651 798.0
606.883776643464 800.0
607.1410573421324 801.0
607.3983297545875 806.0
607.6555938803461 810.0
607.9128497189247 805.0
608.1700972698408 794.0
608.4273365326108 799.0
608.6845675067516 795.0
608.9417901917803 793.0
609.1990045872135 801.0
609.4562106925683 806.0
609.7134085073615 809.0
609.9705980311098 794.0
610.2277792633305 807.0
610.4849522035397 785.0
610.7421168512552 795.0
610.9992732059933 788.0
611.2564212672709 801.0
611.5135610346049 805.0
611.7706925075122 803.0
612.0278156855098 794.0
612.2849305681145 796.0
612.542037154843 797.0
612.7991354452124 803.0
613.0562254387393 797.0
613.3133071349409 791.0
613.5703805333337 792.0
613.8274456334349 798.0
614.0845024347612 804.0
614.3415509368294 802.0
614.5985911391567 799.0
614.8556230412595 809.0
615.1126466426551 786.0
615.36966194286 795.0
615.6266689413914 812.0
615.8836676377659 798.0
616.1406580315004 795.0
616.3976401221121 790.0
616.6546139091173 800.0
616.9115793920333 788.0
617.1685365703769 805.0
617.4254854436648 800.0
617.6824260114142 796.0
617.9393582731417 808.0
618.196282228364 793.0
618.4531978765983 808.0
618.7101052173614 803.0
618.9670042501702 793.0
619.2238949745413 802.0
619.4807773899919 798.0
619.7376514960388 798.0
619.9945172921986 791.0
620.2513747779885 790.0
620.508223952925 793.0
620.7650648165256 803.0
621.0218973683066 797.0
621.2787216077849 807.0
621.5355375344776 808.0
621.7923451479013 813.0
622.0491444475734 807.0
622.3059354330103 790.0
622.5627181037288 794.0
622.8194924592461 806.0
623.0762584990788 812.0
623.333016222744 810.0
623.5897656297584 804.0
623.8465067196389 805.0
624.1032394919024 793.0
624.3599639460657 792.0
624.6166800816459 799.0
624.8733878981594 790.0
625.1300873951237 801.0
625.3867785720552 791.0
625.6434614284708 808.0
625.9001359638876 804.0
626.1568021778221 803.0
626.4134600697917 790.0
626.6701096393127 802.0
626.9267508859024 798.0
627.1833838090776 808.0
627.4400084083547 812.0
627.6966246832512 798.0
627.9532326332837 808.0
628.2098322579691 798.0
628.4664235568243 802.0
628.723006529366 788.0
628.9795811751112 797.0
629.2361474935768 790.0
629.4927054842794 791.0
629.7492551467363 799.0
630.0057964804641 796.0
630.2623294849799 806.0
630.5188541598001 807.0
630.775370504442 809.0
631.0318785184223 781.0
631.2883782012578 785.0
631.5448695524658 797.0
631.8013525715625 806.0
632.0578272580652 808.0
632.3142936114906 800.0
632.5707516313557 800.0
632.8272013171775 806.0
633.0836426684723 813.0
633.3400756847575 788.0
633.5965003655499 810.0
633.8529167103661 789.0
634.1093247187234 794.0
634.3657243901381 794.0
634.6221157241276 793.0
634.8784987202085 808.0
635.1348733778977 798.0
635.3912396967121 789.0
635.6475976761684 792.0
635.9039473157839 798.0
636.1602886150749 790.0
636.4166215735588 783.0
636.6729461907521 801.0
636.9292624661718 795.0
637.1855703993349 807.0
637.4418699897578 801.0
637.6981612369581 797.0
637.9544441404521 803.0
638.2107186997567 796.0
638.4669849143892 799.0
638.7232427838659 816.0
638.979492307704 819.0
639.2357334854204 806.0
639.4919663165317 791.0
639.7481908005552 799.0
640.0044069370073 805.0
640.2606147254052 803.0
640.5168141652655 789.0
640.7730052561054 796.0
641.0291879974413 801.0
641.2853623887906 804.0
641.5415284296699 802.0
641.797686119596 793.0
642.0538354580859 792.0
642.3099764446565 806.0
642.5661090788245 805.0
642.8222333601069 796.0
643.0783492880205 792.0
643.3344568620822 789.0
643.5905560818089 803.0
643.8466469467173 796.0
644.1027294563247 799.0
644.3588036101473 781.0
644.6148694077026 809.0
644.8709268485071 800.0
645.1269759320778 808.0
645.3830166579316 805.0
645.6390490255851 804.0
645.8950730345556 812.0
646.1510886843597 821.0
646.4070959745143 811.0
646.6630949045363 802.0
646.9190854739425 791.0
647.17506768225 806.0
647.4310415289752 805.0
647.6870070136354 798.0
647.9429641357473 796.0
648.1989128948277 790.0
648.4548532903938 805.0
648.7107853219619 809.0
648.9667089890495 795.0
649.222624291173 799.0
649.4785312278494 810.0
649.7344297985958 798.0
649.9903200029287 803.0
650.2462018403652 792.0
650.502075310422 808.0
650.7579404126162 807.0
651.0137971464646 784.0
651.2696455114838 790.0
651.525485507191 795.0
651.7813171331029 804.0
652.0371403887364 796.0
652.2929552736086 807.0
652.5487617872358 821.0
652.8045599291355 793.0
653.0603496988242 806.0
653.3161310958188 800.0
653.5719041196362 795.0
653.8276687697933 802.0
654.0834250458071 806.0
654.3391729471941 795.0
654.5949124734717 804.0
654.8506436241562 806.0
655.1063663987647 792.0
655.3620807968144 792.0
655.6177868178215 800.0
655.8734844613035 800.0
656.129173726777 789.0
656.3848546137588 809.0
656.6405271217659 806.0
656.8961912503149 795.0
657.1518469989231 810.0
657.4074943671071 799.0
657.6631333543837 807.0
657.9187639602701 817.0
658.1743861842826 812.0
658.4300000259387 794.0
658.6856054847549 800.0
658.9412025602483 798.0
659.1967912519353 810.0
659.4523715593333 801.0
659.707943481959 792.0
659.9635070193291 810.0
660.2190621709606 801.0
660.4746089363705 809.0
660.7301473150753 800.0
660.9856773065924 799.0
661.2411989104381 803.0
661.4967121261298 803.0
661.7522169531838 806.0
662.0077133911174 802.0
662.2632014394475 801.0
662.5186810976904 792.0
662.7741523653638 803.0
663.029615241984 804.0
663.2850697270679 796.0
663.5405158201327 794.0
663.7959535206948 792.0
664.0513828282715 793.0
664.3068037423793 793.0
664.5622162625355 817.0
664.8176203882564 802.0
665.0730161190594 804.0
665.3284034544613 811.0
665.5837823939785 802.0
665.8391529371283 801.0
666.0945150834276 808.0
666.349868832393 823.0
666.6052141835415 818.0
666.8605511363899 797.0
667.1158796904554 806.0
667.3711998452544 802.0
667.626511600304 803.0
667.8818149551211 804.0
668.1371099092223 802.0
668.3923964621249 798.0
668.6476746133454 799.0
668.9029443624008 798.0
669.1582057088083 792.0
669.4134586520839 794.0
669.6687031917455 789.0
669.9239393273093 787.0
670.1791670582923 797.0
670.4343863842114 808.0
670.6895973045835 804.0
670.9447998189256 803.0
671.1999939267544 801.0
671.4551796275866 795.0
671.7103569209394 804.0
671.9655258063294 812.0
672.220686283274 800.0
672.475838351289 801.0
672.7309820098925 805.0
672.9861172586005 813.0
673.2412440969302 803.0
673.4963625243987 798.0
673.7514725405223 814.0
674.0065741448183 801.0
674.2616673368035 798.0
674.5167521159946 788.0
674.7718284819086 817.0
675.0268964340622 806.0
675.2819559719727 813.0
675.5370070951565 805.0
675.7920498031307 806.0
676.0470840954122 795.0
676.3021099715176 807.0
676.5571274309642 797.0
676.8121364732684 792.0
677.0671370979474 791.0
677.3221293045178 812.0
677.5771130924968 809.0
677.8320884614011 803.0
678.0870554107474 790.0
678.3420139400529 800.0
678.5969640488343 790.0
678.8519057366083 779.0
679.1068390028922 797.0
679.3617638472023 797.0
679.616680269056 804.0
679.8715882679699 816.0
680.1264878434607 810.0
680.3813789950458 813.0
680.6362617222414 813.0
680.8911360245651 804.0
681.146001901533 800.0
681.4008593526627 813.0
681.6557083774705 792.0
681.9105489754734 801.0
682.1653811461886 793.0
682.4202048891326 790.0
682.6750202038223 789.0
682.9298270897748 804.0
683.1846255465068 786.0
683.4394155735351 798.0
683.6941971703767 791.0
683.9489703365485 788.0
684.2037350715673 789.0
684.4584913749499 797.0
684.7132392462133 792.0
684.9679786848742 814.0
685.2227096904496 808.0
685.4774322624564 794.0
685.7321464004115 802.0
685.9868521038316 796.0
686.2415493722334 785.0
686.4962382051343 793.0
686.7509186020508 796.0
687.0055905624997 791.0
687.2602540859983 789.0
687.514909172063 797.0
687.7695558202109 792.0
688.0241940299587 805.0
688.2788238008236 804.0
688.5334451323221 797.0
688.7880580239712 786.0
689.042662475288 800.0
689.2972584857889 808.0
689.5518460549912 808.0
689.8064251824115 793.0
690.0609958675668 810.0
690.3155581099742 803.0
690.5701119091498 805.0
690.8246572646113 792.0
691.0791941758752 789.0
691.3337226424583 800.0
691.5882426638777 794.0
691.84275423965 798.0
692.0972573692924 803.0
692.3517520523214 810.0
692.6062382882542 794.0
692.8607160766074 802.0
693.1151854168979 808.0
693.3696463086428 802.0
693.6240987513587 794.0
693.8785427445628 784.0
694.1329782877717 797.0
694.3874053805022 810.0
694.6418240222713 804.0
694.8962342125958 817.0
695.1506359509929 797.0
695.405029236979 788.0
695.6594140700711 794.0
695.9137904497863 799.0
696.168158375641 790.0
696.4225178471527 806.0
696.676868863838 800.0
696.9312114252134 804.0
697.1855455307963 807.0
697.4398711801031 797.0
697.6941883726512 796.0
697.9484971079568 788.0
698.2027973855375 807.0
698.4570892049098 798.0
698.7113725655903 800.0
698.9656474670965 798.0
699.2199139089445 809.0
699.4741718906519 806.0
699.7284214117353 799.0
699.9826624717113 795.0
700.2368950700971 803.0
700.4911192064093 795.0
700.7453348801653 805.0
700.9995420908814 799.0
701.2537408380745 800.0
701.5079311212619 801.0
701.7621129399598 810.0
702.016286293686 810.0
702.2704511819566 818.0
702.5246076042886 818.0
702.778755560199 790.0
703.0328950492045 799.0
703.2870260708224 805.0
703.5411486245691 806.0
703.7952627099618 803.0
704.0493683265172 792.0
704.3034654737519 793.0
704.5575541511835 800.0
704.8116343583279 799.0
705.0657060947029 803.0
705.3197693598249 798.0
705.5738241532106 787.0
705.8278704743772 794.0
706.0819083228414 795.0
706.3359376981203 796.0
706.5899585997306 801.0
706.8439710271889 815.0
707.0979749800126 798.0
707.3519704577179 786.0
707.6059574598225 799.0
707.8599359858429 795.0
708.1139060352955 810.0
708.3678676076978 803.0
708.6218207025663 803.0
708.8757653194182 796.0
709.12970145777 803.0
709.3836291171389 803.0
709.6375482970416 803.0
709.8914589969946 796.0
710.1453612165157 797.0
710.3992549551208 811.0
710.6531402123275 802.0
710.9070169876522 794.0
711.1608852806118 810.0
711.4147450907236 807.0
711.6685964175037 797.0
711.9224392604699 793.0
712.1762736191384 786.0
712.4300994930262 783.0
712.6839168816504 814.0
712.9377257845274 800.0
713.1915262011746 802.0
713.4453181311087 818.0
713.6991015738463 804.0
713.9528765289045 809.0
714.2066429958 804.0
714.4604009740502 809.0
714.7141504631712 809.0
714.9678914626805 791.0
715.2216239720948 797.0
715.4753479909306 794.0
715.7290635187052 801.0
715.982770554935 806.0
716.2364690991376 804.0
716.4901591508293 800.0
716.743840709527 811.0
716.9975137747479 810.0
717.2511783460084 810.0
717.5048344228259 805.0
717.7584820047169 796.0
718.0121210911982 800.0
718.2657516817872 790.0
718.519373776 798.0
718.772987373354 813.0
719.026592473366 810.0
719.2801890755527 791.0
719.5337771794311 785.0
719.7873567845179 797.0
720.0409278903304 808.0
720.294490496385 806.0
720.5480446021987 798.0
720.8015902072887 802.0
721.0551273111711 788.0
721.3086559133636 798.0
721.5621760133826 805.0
721.815687610745 801.0
722.0691907049679 829.0
722.3226852955679 805.0
722.5761713820622 808.0
722.8296489639672 804.0
723.0831180408002 797.0
723.3365786120778 793.0
723.5900306773169 797.0
723.8434742360346 800.0
724.0969092877473 804.0
724.3503358319725 804.0
724.6037538682267 802.0
724.8571633960265 799.0
725.1105644148894 807.0
725.3639569243315 802.0
725.6173409238706 804.0
725.8707164130229 809.0
726.1240833913054 795.0
726.3774418582351 794.0
726.6307918133285 798.0
726.8841332561029 804.0
727.137466186075 796.0
727.3907906027619 805.0
727.6441065056802 799.0
727.8974138943464 798.0
728.1507127682783 789.0
728.4040031269918 798.0
728.6572849700045 809.0
728.9105582968331 808.0
729.1638231069941 808.0
729.4170794000048 820.0
729.6703271753817 823.0
729.923566432642 805.0
730.1767971713025 815.0
730.4300193908798 808.0
730.6832330908911 805.0
730.936438270853 809.0
731.1896349302828 794.0
731.442823068697 808.0
731.6960026856123 800.0
731.949173780546 798.0
732.2023363530145 798.0
732.4554904025351 811.0
732.7086359286245 780.0
732.9617729307997 781.0
733.2149014085775 800.0
733.4680213614745 803.0
733.7211327890079 804.0
733.9742356906943 798.0
734.2273300660511 810.0
734.4804159145946 818.0
734.7334932358416 807.0
734.9865620293094 789.0
735.2396222945147 800.0
735.4926740309744 812.0
735.7457172382054 809.0
735.9987519157243 805.0
736.2517780630484 801.0
736.504795679694 812.0
736.7578047651785 809.0
737.0108053190187 803.0
737.2637973407312 788.0
737.516780829833 801.0
737.769755785841 799.0
738.0227222082721 810.0
738.2756800966428 802.0
738.5286294504706 794.0
738.781570269272 797.0
739.0345025525638 803.0
739.2874262998632 803.0
739.5403415106866 797.0
739.7932481845512 794.0
740.046146320974 804.0
740.2990359194714 794.0
740.5519169795606 797.0
740.8047895007583 788.0
741.0576534825816 809.0
741.3105089245472 802.0
741.563355826172 797.0
741.8161941869729 802.0
742.0690240064664 812.0
742.3218452841702 824.0
742.5746580196005 805.0
742.8274622122741 804.0
743.0802578617083 798.0
743.3330449674197 813.0
743.5858235289254 807.0
743.8385935457418 806.0
744.0913550173865 813.0
744.3441079433758 800.0
744.5968523232264 808.0
744.8495881564559 809.0
745.1023154425804 808.0
745.3550341811174 810.0
745.6077443715835 796.0
745.8604460134952 798.0
746.1131391063701 797.0
746.3658236497243 814.0
746.6184996430754 800.0
746.87116708594 797.0
747.1238259778346 806.0
747.3764763182764 785.0
747.6291181067822 810.0
747.8817513428692 820.0
748.1343760260539 811.0
748.3869921558529 818.0
748.6395997317837 813.0
748.8921987533628 802.0
749.1447892201071 794.0
749.3973711315336 801.0
749.6499444871589 815.0
749.9025092865003 803.0
750.1550655290741 796.0
750.4076132143978 792.0
750.6601523419877 811.0
750.912682911361 799.0
751.1652049220347 786.0
751.4177183735251 802.0
751.6702232653497 792.0
751.9227195970248 812.0
752.1752073680677 809.0
752.4276865779954 800.0
752.680157226324 806.0
752.9326193125712 810.0
753.1850728362533 807.0
753.4375177968876 816.0
753.6899541939908 805.0
753.9423820270795 806.0
754.194801295671 796.0
754.4472119992819 801.0
754.6996141374291 810.0
754.9520077096296 796.0
755.2043927154 801.0
755.4567691542577 808.0
755.7091370257187 796.0
755.9614963293008 808.0
756.2138470645202 813.0
756.4661892308942 813.0
756.7185228279395 798.0
756.9708478551728 798.0
757.2231643121112 796.0
757.4754721982714 799.0
757.7277715131704 809.0
757.9800622563251 813.0
758.2323444272521 800.0
758.4846180254688 801.0
758.7368830504913 794.0
758.9891395018373 803.0
759.2413873790232 794.0
759.4936266815657 795.0
759.7458574089821 811.0
759.9980795607888 814.0
760.2502931365033 794.0
760.502498135642 803.0
760.7546945577217 807.0
761.0068824022595 796.0
761.2590616687722 818.0
761.5112323567769 805.0
761.7633944657899 809.0
762.0155479953288 800.0
762.26769294491 800.0
762.5198293140501 794.0
762.7719571022666 803.0
763.024076309076 794.0
763.2761869339953 800.0
763.5282889765415 803.0
763.780382436231 811.0
764.032467312581 812.0
764.2845436051083 795.0
764.53661131333 805.0
764.7886704367629 801.0
765.0407209749233 798.0
765.2927629273288 805.0
765.5447962934958 806.0
765.7968210729414 801.0
766.0488372651824 810.0
766.3008448697357 799.0
766.5528438861181 794.0
766.8048343138464 802.0
767.0568161524378 795.0
767.3087894014087 800.0
767.5607540602764 786.0
767.8127101285577 806.0
768.0646576057691 807.0
768.3165964914278 792.0
768.5685267850505 804.0
768.8204484861544 793.0
769.0723615942561 801.0
769.3242661088722 807.0
769.5761620295201 812.0
769.8280493557162 802.0
770.0799280869778 815.0
770.3317982228216 782.0
770.5836597627642 806.0
770.835512706323 791.0
771.0873570530143 808.0
771.3391928023555 801.0
771.591019953863 810.0
771.8428385070538 810.0
772.094648461445 802.0
772.3464498165532 806.0
772.5982425718955 799.0
772.8500267269885 804.0
773.1018022813494 807.0
773.3535692344948 800.0
773.6053275859415 802.0
773.8570773352067 794.0
774.108818481807 796.0
774.3605510252594 799.0
774.6122749650807 805.0
774.8639903007878 816.0
775.1156970318975 809.0
775.3673951579267 813.0
775.6190846783925 791.0
775.8707655928115 812.0
776.1224379007004 795.0
776.3741016015766 808.0
776.6257566949563 810.0
776.8774031803571 795.0
777.1290410572955 806.0
777.3806703252881 806.0
777.6322909838522 791.0
777.8839030325043 798.0
778.1355064707618 794.0
778.3871012981411 799.0
778.6386875141592 798.0
778.890265118333 798.0
779.1418341101793 802.0
779.3933944892151 793.0
779.6449462549571 796.0
779.8964894069222 799.0
780.1480239446275 806.0
780.3995498675895 816.0
780.6510671753255 802.0
780.9025758673517 809.0
781.1540759431858 798.0
781.4055674023442 792.0
781.6570502443437 799.0
781.9085244687013 802.0
782.159990074934 802.0
782.4114470625585 803.0
782.6628954310918 803.0
782.9143351800503 805.0
783.1657663089516 803.0
783.4171888173119 810.0
783.6686027046486 793.0
783.9200079704783 795.0
784.1714046143178 798.0
784.4227926356843 801.0
784.6741720340941 811.0
784.9255428090647 794.0
785.1769049601126 803.0
785.4282584867548 797.0
785.6796033885082 796.0
785.9309396648893 805.0
786.1822673154155 805.0
786.4335863396033 802.0
786.6848967369698 805.0
786.9361985070317 801.0
787.1874916493058 806.0
787.4387761633094 797.0
787.6900520485588 793.0
787.9413193045713 797.0
788.1925779308636 794.0
788.4438279269523 806.0
788.6950692923548 816.0
788.9463020265875 795.0
789.1975261291677 813.0
789.448741599612 809.0
789.6999484374371 791.0
789.9511466421604 800.0
790.2023362132982 797.0
790.4535171503677 792.0
790.7046894528855 793.0
790.9558531203689 802.0
791.2070081523347 794.0
791.458154548299 795.0
791.7092923077797 808.0
791.9604214302931 802.0
792.2115419153562 804.0
792.462653762486 798.0
792.7137569711989 804.0
792.9648515410123 779.0
793.2159374714428 793.0
793.4670147620074 806.0
793.718083412223 793.0
793.9691434216061 796.0
794.220194789674 796.0
794.4712375159432 796.0
794.722271599931 791.0
794.9732970411541 787.0
795.2243138391292 805.0
795.4753219933733 807.0
795.7263215034031 789.0
795.9773123687357 808.0
796.2282945888878 800.0
796.4792681633767 792.0
796.7302330917187 802.0
796.9811893734307 791.0
797.23213700803 807.0
797.483075995033 817.0
797.7340063339569 797.0
797.9849280243186 796.0
798.2358410656345 806.0
798.4867454574222 808.0
798.7376411991978 806.0
798.9885282904788 801.0
799.2394067307818 810.0
799.4902765196234 805.0
799.741137656521 808.0
799.9919901409909 795.0
800.2428339725506 789.0
800.4936691507165 808.0
800.7444956750055 806.0
800.9953135449347 783.0
801.2461227600207 790.0
801.4969233197808 791.0
801.7477152237312 803.0
801.9984984713894 820.0
802.2492730622722 818.0
802.5000389958959 791.0
802.7507962717781 801.0
803.0015448894349 802.0
803.252284848384 803.0
803.5030161481417 799.0
803.7537387882248 798.0
804.0044527681507 813.0
804.2551580874358 793.0
804.5058547455972 799.0
804.7565427421519 799.0
805.0072220766161 800.0
805.2578927485075 820.0
805.5085547573423 801.0
805.7592081026379 796.0
806.009852783911 794.0
806.2604888006782 798.0
806.5111161524568 799.0
806.7617348387631 811.0
807.0123448591147 791.0
807.2629462130279 794.0
807.5135389000196 789.0
807.7641229196071 797.0
808.0146982713067 811.0
808.2652649546358 794.0
808.5158229691108 807.0
808.7663723142489 804.0
809.016912989567 799.0
809.2674449945815 809.0
809.5179683288098 793.0
809.7684829917686 791.0
810.0189889829746 803.0
810.269486301945 793.0
810.5199749481961 793.0
810.7704549212456 802.0
811.0209262206095 798.0
811.2713888458052 802.0
811.5218427963496 794.0
811.7722880717591 807.0
812.022724671551 814.0
812.2731525952421 790.0
812.5235718423493 800.0
812.7739824123893 800.0
813.0243843048788 789.0
813.2747775193352 810.0
813.5251620552749 788.0
813.7755379122152 795.0
814.0259050896724 799.0
814.276263587164 804.0
814.5266134042064 795.0
814.7769545403165 798.0
815.0272869950115 802.0
815.2776107678079 801.0
815.5279258582229 802.0
815.7782322657732 785.0
816.0285299899754 782.0
816.2788190303468 789.0
816.529099386404 787.0
816.7793710576641 804.0
817.0296340436439 790.0
817.2798883438601 809.0
817.5301339578298 782.0
817.7803708850694 793.0
818.0305991250964 798.0
818.2808186774273 784.0
818.531029541579 797.0
818.7812317170685 796.0
819.0314252034124 797.0
819.281610000128 813.0
819.5317861067317 802.0
819.7819535227408 791.0
820.0321122476719 802.0
820.2822622810417 801.0
820.5324036223675 802.0
820.7825362711658 801.0
821.0326602269538 802.0
821.2827754892483 794.0
821.5328820575656 791.0
821.7829799314234 816.0
822.033069110338 801.0
822.2831495938267 801.0
822.5332213814061 808.0
822.7832844725929 793.0
823.0333388669044 800.0
823.283384563857 786.0
823.533421562968 801.0
823.7834498637541 794.0
824.033469465732 796.0
824.2834803684189 801.0
824.5334825713311 797.0
824.7834760739862 781.0
825.0334608759005 801.0
825.2834369765912 808.0
825.5334043755751 792.0
825.7833630723688 793.0
826.0333130664897 813.0
826.2832543574541 802.0
826.5331869447793 801.0
826.783110827982 788.0
827.0330260065789 801.0
827.2829324800872 805.0
827.5328302480233 802.0
827.7827193099047 800.0
828.032599665248 793.0
828.2824713135695 804.0
828.532334254387 797.0
828.7821884872168 802.0
829.0320340115759 799.0
829.2818708269813 791.0
829.5316989329494 792.0
829.7815183289979 788.0
830.0313290146428 789.0
830.2811309894015 807.0
830.5309242527906 798.0
830.7807088043272 810.0
831.0304846435281 801.0
831.2802517699099 793.0
831.5300101829899 796.0
831.7797598822846 806.0
832.0295008673112 785.0
832.2792331375864 799.0
832.5289566926268 806.0
832.7786715319497 797.0
833.0283776550717 797.0
833.27807506151 801.0
833.5277637507811 802.0
833.7774437224018 793.0
834.0271149758895 800.0
834.2767775107606 794.0
834.526431326532 793.0
834.7760764227208 794.0
835.0257127988438 794.0
835.2753404544177 778.0
835.5249593889594 818.0
835.774569601986 801.0
836.0241710930143 811.0
836.2737638615607 789.0
836.5233479071428 797.0
836.7729232292768 788.0
837.0224898274802 805.0
837.2720477012693 804.0
837.5215968501614 802.0
837.7711372736733 793.0
838.0206689713215 808.0
838.2701919426232 795.0
838.5197061870952 783.0
838.7692117042545 803.0
839.0187084936177 792.0
839.2681965547017 788.0
839.5176758870236 793.0
839.7671464901001 798.0
840.0166083634483 784.0
840.2660615065847 809.0
840.5155059190262 807.0
840.7649416002901 803.0
841.0143685498927 793.0
841.2637867673512 805.0
841.5131962521828 792.0
841.7625970039035 799.0
842.0119890220308 812.0
842.2613723060813 807.0
842.5107468555723 796.0
842.76011267002 791.0
843.0094697489418 792.0
843.2588180918546 790.0
843.5081576982747 807.0
843.7574885677194 796.0
844.0068106997054 800.0
844.25612409375 783.0
844.5054287493696 793.0
844.754724666081 797.0
845.0040118434015 806.0
845.2532902808475 784.0
845.5025599779364 781.0
845.7518209341847 803.0
846.0010731491091 796.0
846.2503166222269 794.0
846.4995513530547 796.0
846.7487773411094 789.0
846.9979945859081 809.0
847.2472030869674 785.0
847.4964028438043 801.0
847.7455938559353 806.0
847.994776122878 800.0
848.2439496441485 809.0
848.4931144192642 800.0
848.7422704477419 798.0
848.9914177290981 808.0
849.2405562628502 812.0
849.4896860485144 814.0
849.7388070856083 796.0
849.9879193736485 788.0
850.2370229121515 799.0
850.4861177006346 795.0
850.7352037386146 792.0
850.9842810256082 808.0
851.2333495611326 799.0
851.482409344704 796.0
851.7314603758401 798.0
851.9805026540571 804.0
852.2295361788724 808.0
852.4785609498026 803.0
852.7275769663643 814.0
852.9765842280748 795.0
853.2255827344507 777.0
853.4745724850093 799.0
853.7235534792667 808.0
853.9725257167406 811.0
854.2214891969475 801.0
854.4704439194039 790.0
854.7193898836274 789.0
854.9683270891342 799.0
855.2172555354416 786.0
855.4661752220665 781.0
855.7150861485252 790.0
855.9639883143353 791.0
856.212881719013 802.0
856.4617663620759 797.0
856.7106422430403 785.0
856.9595093614231 784.0
857.2083677167415 797.0
857.4572173085119 799.0
857.7060581362517 807.0
857.9548901994776 798.0
858.2037134977061 809.0
858.4525280304546 794.0
858.7013337972394 811.0
858.950130797578 800.0
859.1989190309868 798.0
859.4476984969828 807.0
859.696469195083 790.0
859.9452311248039 792.0
860.1939842856627 786.0
860.4427286771763 773.0
860.6914642988615 794.0
860.9401911502351 804.0
861.1889092308139 801.0
861.437618540115 795.0
861.686319077655 810.0
861.935010842951 793.0
862.1836938355198 812.0
862.432368054878 799.0
862.6810335005429 795.0
862.9296901720311 792.0
863.1783380688596 803.0
863.4269771905452 797.0
863.6756075366046 784.0
863.9242291065551 796.0
864.1728418999131 803.0
864.4214459161959 809.0
864.6700411549201 796.0
864.9186276156024 801.0
865.1672052977602 809.0
865.4157742009098 800.0
865.6643343245685 804.0
865.9128856682528 801.0
866.1614282314799 791.0
866.4099620137665 775.0
866.6584870146295 801.0
866.9070032335858 808.0
867.155510670152 800.0
867.4040093238455 794.0
867.6524991941827 798.0
867.9009802806806 803.0
868.1494525828563 802.0
868.3979161002262 808.0
868.6463708323078 793.0
868.8948167786174 802.0
869.1432539386718 788.0
869.3916823119887 783.0
869.6401018980839 801.0
869.8885126964751 798.0
870.1369147066789 806.0
870.3853079282118 798.0
870.6336923605911 804.0
870.8820680033335 791.0
871.1304348559562 790.0
871.3787929179755 791.0
871.6271421889087 788.0
871.8754826682726 794.0
872.1238143555837 782.0
872.3721372503595 791.0
872.6204513521162 802.0
872.8687566603713 801.0
873.1170531746413 797.0
873.365340894443 807.0
873.6136198192935 781.0
873.8618899487094 797.0
874.110151282208 806.0
874.3584038193057 792.0
874.6066475595196 798.0
874.8548825023668 787.0
875.1031086473636 786.0
875.3513259940273 782.0
875.5995345418747 788.0
875.8477342904224 798.0
876.0959252391877 803.0
876.3441073876871 790.0
876.5922807354377 799.0
876.8404452819562 797.0
877.0886010267599 808.0
877.3367479693651 810.0
877.5848861092887 797.0
877.8330154460481 798.0
878.0811359791594 809.0
878.3292477081402 798.0
878.5773506325071 804.0
878.8254447517768 809.0
879.0735300654665 791.0
879.3216065730924 805.0
879.5696742741723 814.0
879.8177331682225 794.0
880.0657832547598 793.0
880.3138245333014 797.0
880.5618570033639 796.0
880.8098806644645 786.0
881.0578955161196 792.0
881.3059015578464 786.0
881.5538987891618 791.0
881.8018872095822 790.0
882.0498668186252 771.0
882.297837615807 788.0
882.5457996006451 805.0
882.7937527726558 783.0
883.041697131356 794.0
883.2896326762632 800.0
883.5375594068934 789.0
883.7854773227642 792.0
884.0333864233922 795.0
884.2812867082938 792.0
884.5291781769868 787.0
884.7770608289871 793.0
885.0249346638125 771.0
885.2727996809792 781.0
885.5206558800041 786.0
885.7685032604046 804.0
886.0163418216969 809.0
886.2641715633982 792.0
886.5119924850256 796.0
886.7598045860955 797.0
887.007607866125 783.0
887.2554023246308 796.0
887.5031879611303 802.0
887.7509647751398 794.0
887.9987327661763 796.0
888.2464919337567 805.0
888.4942422773979 794.0
888.7419837966169 794.0
888.9897164909302 804.0
889.2374403598551 792.0
889.4851554029083 795.0
889.7328616196063 792.0
889.9805590094667 799.0
890.2282475720056 784.0
890.4759273067405 784.0
890.7235982131879 788.0
890.9712602908646 800.0
891.218913539288 786.0
891.4665579579743 798.0
891.7141935464408 811.0
891.9618203042044 796.0
892.2094382307815 790.0
892.4570473256895 802.0
892.7046475884449 798.0
892.9522390185649 795.0
893.1998216155661 792.0
893.4473953789653 795.0
893.6949603082797 800.0
893.9425164030258 784.0
894.1900636627211 795.0
894.4376020868815 801.0
894.6851316750246 800.0
894.9326524266672 784.0
895.1801643413257 791.0
895.4276674185177 802.0
895.6751616577593 791.0
895.922647058568 781.0
896.1701236204603 790.0
896.4175913429531 803.0
896.6650502255636 795.0
896.912500267808 792.0
897.159941469204 790.0
897.4073738292678 794.0
897.6547973475165 802.0
897.9022120234671 801.0
898.1496178566362 812.0
898.3970148465409 793.0
898.644402992698 779.0
898.8917822946241 791.0
899.1391527518367 794.0
899.386514363852 800.0
899.6338671301874 795.0
899.8812110503592 785.0
900.1285461238849 788.0
900.375872350281 799.0
900.6231897290643 789.0
900.8704982597519 804.0
901.1177979418604 795.0
901.3650887749071 800.0
901.6123707584086 806.0
901.8596438918815 798.0
902.106908174843 792.0
902.35416360681 792.0
902.6014101872993 799.0
902.8486479158278 804.0
903.095876791912 794.0
903.3430968150694 805.0
903.5903079848164 781.0
903.83751030067 806.0
904.0847037621473 795.0
904.3318883687646 802.0
904.5790641200394 799.0
904.826231015488 795.0
905.0733890546279 784.0
905.3205382369753 789.0
905.5676785620476 804.0
905.8148100293615 801.0
906.0619326384336 793.0
906.3090463887813 794.0
906.5561512799208 799.0
906.8032473113697 801.0
907.0503344826443 805.0
907.2974127932616 795.0
907.5444822427387 799.0
907.7915428305921 797.0
908.038594556339 801.0
908.2856374194963 788.0
908.5326714195803 789.0
908.7796965561088 795.0
909.0267128285976 804.0
909.2737202365645 800.0
909.520718779526 797.0
909.7677084569985 799.0
910.0146892684998 786.0
910.261661213546 793.0
910.5086242916544 784.0
910.7555785023416 791.0
911.0025238451248 792.0
911.2494603195206 796.0
911.4963879250456 800.0
911.7433066612174 798.0
911.9902165275522 806.0
912.2371175235672 794.0
912.4840096487795 798.0
912.7308929027052 777.0
912.9777672848619 802.0
913.2246327947661 799.0
913.4714894319347 805.0
913.7183371958849 805.0
913.965176086133 796.0
914.2120061021965 785.0
914.4588272435916 799.0
914.7056395098358 804.0
914.9524429004457 789.0
915.1992374149379 798.0
915.4460230528298 808.0
915.6927998136375 781.0
915.9395676968788 799.0
916.1863267020701 785.0
916.4330768287281 807.0
916.67981807637 797.0
916.9265504445123 791.0
917.1732739326723 794.0
917.4199885403666 800.0
917.6666942671121 794.0
917.9133911124259 792.0
918.1600790758242 801.0
918.4067581568248 799.0
918.6534283549438 794.0
918.9000896696987 789.0
919.1467421006058 785.0
919.3933856471822 805.0
919.6400203089449 797.0
919.8866460854103 787.0
920.1332629760961 790.0
920.3798709805186 792.0
920.6264700981943 793.0
920.8730603286409 794.0
921.1196416713748 790.0
921.3662141259131 796.0
921.6127776917724 797.0
921.8593323684695 804.0
922.1058781555217 807.0
922.3524150524454 804.0
922.598943058758 798.0
922.8454621739758 783.0
923.0919723976159 768.0
923.3384737291954 793.0
923.5849661682307 804.0
923.8314497142393 805.0
924.0779243667373 805.0
924.3243901252423 783.0
924.5708469892709 808.0
924.8172949583395 790.0
925.0637340319656 814.0
925.3101642096658 780.0
925.5565854909571 793.0
925.8029978753563 775.0
926.04940136238 781.0
926.2957959515456 810.0
926.5421816423694 806.0
926.7885584343687 793.0
927.0349263270604 796.0
927.281285319961 801.0
927.5276354125876 803.0
927.7739766044568 780.0
928.020308895086 794.0
928.2666322839915 786.0
928.5129467706906 774.0
928.7592523547 811.0
929.0055490355364 817.0
929.2518368127171 798.0
929.4981156857584 795.0
929.7443856541778 799.0
929.9906467174917 794.0
930.2368988752169 801.0
930.4831421268707 792.0
930.7293764719695 797.0
930.9756019100306 799.0
931.2218184405708 796.0
931.4680260631065 805.0
931.7142247771553 804.0
931.9604145822334 803.0
932.2065954778582 792.0
932.4527674635461 792.0
932.6989305388141 791.0
932.9450847031794 789.0
933.1912299561584 792.0
933.4373662972685 784.0
933.6834937260257 787.0
933.929612241948 801.0
934.1757218445516 794.0
934.4218225333533 794.0
934.6679143078701 793.0
934.913997167619 789.0
935.1600711121167 793.0
935.4061361408803 806.0
935.6521922534262 805.0
935.8982394492718 797.0
936.1442777279336 797.0
936.3903070889288 801.0
936.636327531774 807.0
936.882339055986 802.0
937.128341661082 793.0
937.3743353465785 791.0
937.6203201119927 795.0
937.8662959568414 803.0
938.1122628806411 811.0
938.3582208829092 803.0
938.6041699631621 782.0
938.8501101209171 784.0
939.0960413556905 796.0
939.341963667 800.0
939.5878770543618 811.0
939.8337815172929 806.0
940.0796770553103 784.0
940.3255636679306 787.0
940.5714413546712 776.0
940.8173101150486 796.0
941.0631699485793 790.0
941.309020854781 810.0
941.5548628331699 794.0
941.8006958832632 802.0
942.0465200045778 784.0
942.2923351966301 792.0
942.5381414589376 800.0
942.7839387910167 796.0
943.0297271923846 810.0
943.275506662558 796.0
943.5212772010536 777.0
943.7670388073888 791.0
944.0127914810797 801.0
944.2585352216438 794.0
944.504270028598 789.0
944.7499959014584 801.0
944.9957128397427 791.0
945.2414208429674 805.0
945.4871199106495 795.0
945.7328100423057 795.0
945.978491237453 784.0
946.2241634956084 799.0
946.4698268162882 810.0
946.71548119901 790.0
946.9611266432901 800.0
947.2067631486459 795.0
947.4523907145939 797.0
947.6980093406509 802.0
947.943619026334 799.0
948.1892197711599 793.0
948.4348115746456 801.0
948.680394436308 801.0
948.9259683556636 807.0
949.17153333223 794.0
949.4170893655231 804.0
949.6626364550607 800.0
949.9081746003591 796.0
950.1537038009352 800.0
950.3992240563063 801.0
950.6447353659886 798.0
950.8902377294995 800.0
951.1357311463555 800.0
951.381215616074 796.0
951.6266911381715 787.0
951.8721577121647 789.0
952.1176153375708 793.0
952.3630640139064 793.0
952.6085037406887 798.0
952.8539345174344 789.0
953.09935634366 806.0
953.3447692188829 795.0
953.5901731426196 788.0
953.8355681143876 805.0
954.080954133703 788.0
954.326331200083 805.0
954.5716993130445 804.0
954.8170584721041 800.0
955.0624086767792 793.0
955.3077499265863 793.0
955.5530822210421 801.0
955.798405559664 818.0
956.0437199419682 818.0
956.2890253674723 791.0
956.5343218356925 790.0
956.7796093461461 789.0
957.02488789835 798.0
957.2701574918206 808.0
957.5154181260752 790.0
957.7606698006304 802.0
958.0059125150034 796.0
958.2511462687107 786.0
958.4963710612694 792.0
958.7415868921963 792.0
958.9867937610082 777.0
959.2319916672224 797.0
959.4771806103552 796.0
959.7223605899235 786.0
959.9675316054446 805.0
960.2126936564348 792.0
960.4578467424116 770.0
960.7029908628915 780.0
960.9481260173911 788.0
961.193252205428 813.0
961.4383694265184 804.0
961.6834776801796 795.0
961.9285769659282 802.0
962.1736672832812 821.0
962.4187486317555 799.0
962.6638210108677 796.0
962.908884420135 798.0
963.153938859074 797.0
963.3989843272019 781.0
963.6440208240352 801.0
963.889048349091 798.0
964.1340669018862 802.0
964.3790764819373 791.0
964.6240770887617 802.0
964.8690687218761 798.0
965.114051380797 807.0
965.3590250650417 783.0
965.6039897741268 787.0
965.8489455075695 800.0
966.0938922648864 777.0
966.3388300455941 806.0
966.5837588492103 799.0
966.8286786752509 785.0
967.0735895232334 787.0
967.3184913926743 806.0
967.5633842830911 807.0
967.808268194 790.0
968.0531431249179 790.0
968.2980090753622 790.0
968.5428660448491 797.0
968.7877140328961 793.0
969.0325530390197 793.0
969.2773830627367 788.0
969.5222041035643 790.0
969.7670161610189 813.0
970.0118192346179 792.0
970.2566133238779 798.0
970.5013984283155 791.0
970.746174547448 790.0
970.990941680792 813.0
971.2356998278649 798.0
971.480448988183 802.0
971.725189161263 794.0
971.9699203466223 807.0
972.2146425437775 807.0
972.4593557522456 797.0
972.7040599715434 792.0
972.9487552011876 796.0
973.1934414406954 808.0
973.4381186895833 792.0
973.6827869473685 800.0
973.9274462135677 805.0
974.1720964876979 807.0
974.4167377692759 787.0
974.6613700578182 804.0
974.9059933528424 805.0
975.1506076538647 800.0
975.3952129604023 792.0
975.6398092719721 797.0
975.8843965880908 794.0
976.1289749082755 803.0
976.3735442320426 795.0
976.6181045589096 790.0
976.862655888393 795.0
977.1071982200094 816.0
977.3517315532764 800.0
977.5962558877101 793.0
977.840771222828 795.0
978.0852775581467 798.0
978.3297748931827 802.0
978.5742632274536 804.0
978.8187425604756 776.0
979.063212891766 799.0
979.3076742208415 814.0
979.5521265472191 805.0
979.7965698704156 817.0
980.0410041899477 811.0
980.2854295053326 802.0
980.5298458160865 805.0
980.7742531217272 805.0
981.0186514217711 790.0
981.2630407157347 811.0
981.5074210031356 789.0
981.7517922834901 804.0
981.9961545563154 815.0
982.2405078211283 789.0
982.4848520774455 797.0
982.729187324784 814.0
982.9735135626606 797.0
983.2178307905924 782.0
983.4621390080961 806.0
983.7064382146882 804.0
983.9507284098863 807.0
984.1950095932067 813.0
984.4392817641666 802.0
984.6835449222825 795.0
984.9277990670716 820.0
985.1720441980509 809.0
985.4162803147366 779.0
985.6605074166464 812.0
985.9047255032964 787.0
986.1489345742042 806.0
986.3931346288863 789.0
986.6373256668593 797.0
986.8815076876406 799.0
987.1256806907464 799.0
987.3698446756944 808.0
987.613999642001 802.0
987.8581455891829 805.0
988.1022825167574 793.0
988.3464104242408 796.0
988.5905293111508 795.0
988.8346391770036 813.0
989.0787400213161 789.0
989.3228318436055 791.0
989.5669146433884 794.0
989.8109884201817 777.0
990.0550531735024 793.0
990.2991089028674 784.0
990.5431556077934 805.0
990.7871932877973 803.0
991.031221942396 789.0
991.2752415711062 791.0
991.5192521734452 802.0
991.7632537489297 798.0
992.0072462970761 795.0
992.251229817402 805.0
992.4952043094236 809.0
992.7391697726582 794.0
992.9831262066227 795.0
993.2270736108336 796.0
993.4710119848082 798.0
993.7149413280629 804.0
993.958861640115 804.0
994.2027729204812 800.0
994.4466751686781 801.0
994.6905683842231 805.0
994.9344525666326 796.0
995.1783277154237 800.0
995.4221938301132 801.0
995.6660509102181 805.0
995.9098989552552 794.0
996.1537379647411 802.0
996.3975679381932 797.0
996.6413888751279 800.0
996.8852007750622 792.0
997.1290036375133 809.0
997.3727974619973 808.0
997.6165822480319 803.0
997.8603579951333 805.0
998.104124702819 794.0
998.3478823706055 798.0
998.5916309980095 799.0
998.8353705845483 785.0
999.0791011297383 809.0
999.3228226330968 811.0
999.5665350941406 791.0
999.8102385123861 796.0
1000.0539328873509 793.0
1000.2976182185512 805.0
1000.5412945055043 784.0
1000.7849617477269 791.0
1001.0286199447357 814.0
1001.2722690960481 806.0
1001.5159092011804 801.0
1001.75954025965 809.0
1002.003162270973 798.0
1002.246775234667 798.0
1002.4903791502487 796.0
1002.7339740172346 798.0
1002.9775598351421 808.0
1003.2211366034876 796.0
1003.4647043217884 817.0
1003.7082629895611 809.0
1003.9518126063224 804.0
1004.1953531715895 804.0
1004.4388846848791 804.0
1004.6824071457083 792.0
1004.9259205535938 794.0
1005.1694249080521 810.0
1005.4129202086007 798.0
1005.6564064547559 792.0
1005.8998836460353 794.0
1006.1433517819551 808.0
1006.3868108620323 805.0
1006.6302608857841 795.0
1006.8737018527269 795.0
1007.1171337623779 794.0
1007.3605566142537 785.0
1007.6039704078715 792.0
1007.8473751427481 795.0
1008.0907708184001 787.0
1008.3341574343445 780.0
1008.5775349900982 799.0
1008.8209034851784 792.0
1009.0642629191013 793.0
1009.3076132913841 808.0
1009.5509546015439 798.0
1009.7942868490973 794.0
1010.0376100335611 798.0
1010.2809241544525 785.0
1010.5242292112879 808.0
1010.7675252035845 795.0
1011.010812130859 787.0
1011.2540899926286 798.0
1011.4973587884098 803.0
1011.7406185177194 807.0
1011.9838691800747 801.0
1012.2271107749921 797.0
1012.470343301989 800.0
1012.7135667605817 806.0
1012.9567811502875 814.0
1013.1999864706231 802.0
1013.4431827211052 802.0
1013.686369901251 796.0
1013.929548010577 797.0
1014.1727170486006 802.0
1014.4158770148383 809.0
1014.6590279088067 805.0
1014.9021697300233 785.0
1015.1453024780044 791.0
1015.3884261522674 807.0
1015.6315407523286 794.0
1015.8746462777051 803.0
1016.1177427279141 802.0
1016.3608301024719 806.0
1016.603908400896 799.0
1016.8469776227028 802.0
1017.0900377674091 800.0
1017.3330888345322 796.0
1017.5761308235883 802.0
1017.8191637340951 777.0
1018.0621875655689 798.0
1018.3052023175269 798.0
1018.5482079894858 795.0
1018.7912045809622 802.0
1019.0341920914735 796.0
1019.2771705205361 809.0
1019.5201398676672 791.0
1019.7631001323837 795.0
1020.006051314202 800.0
1020.2489934126395 804.0
1020.4919264272125 811.0
1020.7348503574386 805.0
1020.9777652028342 809.0
1021.2206709629161 786.0
1021.4635676372014 790.0
1021.7064552252067 773.0
1021.9493337264495 784.0
1022.1922031404459 798.0
1022.4350634667132 808.0
1022.6779147047681 795.0
1022.9207568541273 814.0
1023.1635899143083 813.0
1023.4064138848273 786.0
1023.6492287652015 803.0
1023.8920345549478 800.0
1024.134831253583 806.0
1024.377618860624 816.0
1024.6203973755871 794.0
1024.8631667979898 794.0
1025.1059271273493 794.0
1025.3486783631818 805.0
1025.5914205050044 795.0
1025.8341535523336 792.0
1026.076877504687 794.0
1026.3195923615808 792.0
1026.5622981225324 783.0
1026.8049947870584 788.0
1027.0476823546753 795.0
1027.2903608249007 797.0
1027.5330301972513 813.0
1027.7756904712435 800.0
1028.0183416463947 797.0
1028.260983722221 790.0
1028.5036166982402 788.0
1028.7462405739689 809.0
1028.9888553489234 790.0
1029.2314610226213 801.0
1029.474057594579 784.0
1029.7166450643138 805.0
1029.9592234313418 792.0
1030.2017926951808 796.0
1030.4443528553472 794.0
1030.6869039113576 799.0
1030.9294458627296 782.0
1031.1719787089794 790.0
1031.414502449624 803.0
1031.6570170841808 803.0
1031.8995226121658 800.0
1032.1420190330966 803.0
1032.3845063464896 797.0
1032.6269845518618 797.0
1032.8694536487305 791.0
1033.111913636612 789.0
1033.3543645150232 803.0
1033.596806283481 802.0
1033.8392389415026 804.0
1034.081662488605 802.0
1034.324076924304 799.0
1034.566482248118 805.0
1034.8088784595625 811.0
1035.0512655581551 808.0
1035.2936435434124 794.0
1035.5360124148515 795.0
1035.778372171989 804.0
1036.020722814342 801.0
1036.2630643414275 793.0
1036.5053967527615 798.0
1036.7477200478622 798.0
1036.9900342262456 798.0
1037.2323392874284 785.0
1037.4746352309282 791.0
1037.7169220562612 793.0
1037.9591997629448 814.0
1038.2014683504956 797.0
1038.4437278184303 796.0
1038.685978166266 799.0
1038.9282193935196 785.0
1039.170451499708 804.0
1039.4126744843477 794.0
1039.6548883469559 796.0
1039.8970930870496 793.0
1040.1392887041452 795.0
1040.3814751977598 801.0
1040.6236525674105 794.0
1040.8658208126137 805.0
1041.107979932887 800.0
1041.3501299277466 798.0
1041.5922707967095 788.0
1041.8344025392926 799.0
1042.0765251550129 800.0
1042.3186386433872 806.0
1042.5607430039322 801.0
1042.802838236165 785.0
1043.0449243396022 777.0
1043.2870013137613 810.0
1043.5290691581586 793.0
1043.7711278723107 796.0
1044.013177455735 794.0
1044.2552179079482 795.0
1044.4972492284676 788.0
1044.7392714168093 813.0
1044.9812844724902 798.0
1045.223288395028 787.0
1045.4652831839387 782.0
1045.70726883874 795.0
1045.949245358948 798.0
1046.1912127440798 796.0
1046.4331709936528 798.0
1046.675120107183 794.0
1046.9170600841878 793.0
1047.1589909241836 793.0
1047.400912626688 795.0
1047.6428251912175 782.0
1047.8847286172886 799.0
1048.1266229044188 812.0
1048.3685080521243 797.0
1048.6103840599228 806.0
1048.8522509273307 793.0
1049.0941086538646 783.0
1049.3359572390418 797.0
1049.577796682379 795.0
1049.819626983393 787.0
1050.061448141601 812.0
1050.3032601565194 799.0
1050.5450630276655 812.0
1050.7868567545556 800.0
1051.0286413367073 793.0
1051.270416773637 805.0
1051.5121830648616 795.0
1051.7539402098982 796.0
1051.9956882082631 789.0
1052.237427059474 785.0
1052.479156763047 799.0
1052.7208773184996 809.0
1052.9625887253483 794.0
1053.2042909831098 797.0
1053.4459840913016 798.0
1053.6876680494397 802.0
1053.929342857042 806.0
1054.1710085136244 808.0
1054.4126650187043 793.0
1054.6543123717986 780.0
1054.8959505724238 800.0
1055.1375796200969 794.0
1055.3791995143351 816.0
1055.620810254655 800.0
1055.8624118405735 797.0
1056.1040042716074 801.0
1056.3455875472737 787.0
1056.5871616670893 792.0
1056.8287266305706 792.0
1057.070282437235 791.0
1057.3118290865991 802.0
1057.5533665781802 797.0
1057.7948949114943 792.0
1058.0364140860593 793.0
1058.2779241013916 799.0
1058.5194249570077 787.0
1058.760916652425 801.0
1059.0023991871599 802.0
1059.24387256073 798.0
1059.4853367726514 799.0
1059.7267918224413 806.0
1059.968237709617 793.0
1060.2096744336943 795.0
1060.451101994191 797.0
1060.6925203906237 796.0
1060.933929622509 803.0
1061.1753296893642 793.0
1061.4167205907056 807.0
1061.6581023260508 790.0
1061.8994748949162 795.0
1062.1408382968189 801.0
1062.3821925312755 794.0
1062.6235375978026 796.0
1062.8648734959181 787.0
1063.1062002251376 790.0
1063.3475177849793 804.0
1063.588826174959 784.0
1063.830125394594 794.0
1064.0714154434013 796.0
1064.312696320897 801.0
1064.553968026599 800.0
1064.7952305600238 791.0
1065.036483920688 794.0
1065.2777281081087 805.0
1065.5189631218025 809.0
1065.7601889612868 772.0
1066.001405626078 801.0
1066.2426131156928 795.0
1066.4838114296492 799.0
1066.7250005674625 798.0
1066.9661805286507 792.0
1067.2073513127305 789.0
1067.4485129192178 782.0
1067.689665347631 794.0
1067.9308085974856 795.0
1068.1719426682996 793.0
1068.413067559589 794.0
1068.654183270871 788.0
1068.8952898016628 798.0
1069.1363871514804 798.0
1069.3774753198418 786.0
1069.618554306263 789.0
1069.8596241102612 786.0
1070.100684731353 801.0
1070.3417361690556 805.0
1070.582778422886 800.0
1070.8238114923604 791.0
1071.0648353769964 800.0
1071.3058500763104 814.0
1071.5468555898192 800.0
1071.7878519170404 797.0
1072.02883905749 784.0
1072.2698170106853 785.0
1072.5107857761434 806.0
1072.75174535338 817.0
1072.9926957419138 805.0
1073.23363694126 802.0
1073.4745689509368 795.0
1073.7154917704597 793.0
1073.9564053993467 796.0
1074.1973098371145 800.0
1074.4382050832794 795.0
1074.6790911373587 799.0
1074.9199679988692 804.0
1075.1608356673278 794.0
1075.4016941422512 805.0
1075.6425434231562 796.0
1075.8833835095604 785.0
1076.1242144009796 799.0
1076.3650360969316 807.0
1076.6058485969324 795.0
1076.8466519004996 796.0
1077.0874460071498 808.0
1077.3282309163997 806.0
1077.5690066277664 803.0
1077.8097731407665 806.0
1078.0505304549172 787.0
1078.2912785697354 787.0
1078.5320174847377 797.0
1078.772747199441 788.0
1079.0134677133622 798.0
1079.2541790260184 795.0
1079.4948811369263 797.0
1079.7355740456023 809.0
1079.9762577515642 812.0
1080.2169322543277 800.0
1080.4575975534112 802.0
1080.6982536483301 782.0
1080.9389005386022 792.0
1081.179538223744 802.0
1081.4201667032721 798.0
1081.6607859767041 806.0
1081.9013960435564 805.0
1082.1419969033457 804.0
1082.382588555589 807.0
1082.6231709998035 793.0
1082.863744235506 792.0
1083.104308262213 805.0
1083.3448630794412 800.0
1083.5854086867082 802.0
1083.8259450835303 810.0
1084.0664722694248 803.0
1084.306990243908 793.0
1084.5474990064974 801.0
1084.7879985567097 796.0
1085.0284888940612 800.0
1085.2689700180695 787.0
1085.509441928251 801.0
1085.749904624123 797.0
1085.990358105202 797.0
1086.2308023710048 785.0
1086.4712374210485 790.0
1086.71166325485 788.0
1086.9520798719261 793.0
1087.1924872717937 797.0
1087.4328854539694 788.0
1087.6732744179706 786.0
1087.9136541633134 798.0
1088.1540246895156 785.0
1088.3943859960934 790.0
1088.6347380825637 804.0
1088.8750809484436 798.0
1089.1154145932499 798.0
1089.3557390164995 795.0
1089.5960542177095 784.0
1089.836360196396 795.0
1090.0766569520767 803.0
1090.3169444842679 780.0
1090.557222792487 787.0
1090.7974918762502 789.0
1091.037751735075 794.0
1091.2780023684782 787.0
1091.518243775976 813.0
1091.7584759570861 797.0
1091.9986989113247 798.0
1092.2389126382093 801.0
1092.4791171372563 818.0
1092.7193124079827 804.0
1092.9594984499054 792.0
1093.1996752625412 782.0
1093.4398428454072 807.0
1093.68000119802 807.0
1093.9201503198965 786.0
1094.1602902105537 788.0
1094.4004208695083 798.0
1094.6405422962773 794.0
1094.8806544903778 807.0
1095.120757451326 802.0
1095.3608511786392 785.0
1095.6009356718341 788.0
1095.8410109304282 814.0
1096.0810769539376 782.0
1096.3211337418795 795.0
1096.5611812937707 783.0
1096.8012196091279 796.0
1097.0412486874682 787.0
1097.2812685283084 808.0
1097.5212791311658 801.0
1097.7612804955563 810.0
1098.0012726209975 792.0
1098.2412555070064 798.0
1098.4812291530989 774.0
1098.721193558793 786.0
1098.961148723605 797.0
1099.2010946470518 791.0
1099.4410313286503 789.0
1099.6809587679172 804.0
1099.92087696437 786.0
1100.1607859175251 773.0
1100.400685626899 805.0
1100.640576092009 789.0
1100.880457312372 792.0
1101.1203292875052 777.0
1101.3601920169247 776.0
1101.6000455001479 808.0
1101.8398897366915 799.0
1102.079724726072 785.0
1102.3195504678072 808.0
1102.559366961413 795.0
1102.7991742064069 792.0
1103.0389722023056 802.0
1103.2787609486254 800.0
1103.5185404448844 788.0
1103.7583106905984 797.0
1103.9980716852845 798.0
1104.23782342846 799.0
1104.4775659196412 786.0
1104.7172991583454 783.0
1104.9570231440887 793.0
1105.1967378763893 792.0
1105.436443354763 795.0
1105.6761395787273 793.0
1105.9158265477986 791.0
1106.1555042614937 789.0
1106.3951727193298 780.0
1106.6348319208234 794.0
1106.8744818654923 780.0
1107.1141225528525 802.0
1107.3537539824208 790.0
1107.5933761537144 789.0
1107.8329890662503 789.0
1108.072592719545 805.0
1108.3121871131157 796.0
1108.551772246479 786.0
1108.7913481191517 790.0
1109.030914730651 777.0
1109.2704720804938 802.0
1109.5100201681967 799.0
1109.7495589932764 805.0
1109.9890885552504 794.0
1110.2286088536348 797.0
1110.4681198879473 793.0
1110.707621657704 786.0
1110.9471141624224 792.0
1111.1865974016187 800.0
1111.4260713748101 787.0
1111.665536081514 790.0
1111.9049915212463 807.0
1112.1444376935244 794.0
1112.3838745978653 785.0
1112.6233022337854 804.0
1112.8627206008023 793.0
1113.102129698432 794.0
1113.3415295261918 802.0
1113.5809200835986 784.0
1113.820301370169 788.0
1114.0596733854206 802.0
1114.2990361288694 792.0
1114.5383896000326 808.0
1114.7777337984273 773.0
1115.0170687235698 789.0
1115.2563943749778 792.0
1115.4957107521673 798.0
1115.7350178546556 792.0
1115.9743156819598 794.0
1116.213604233596 788.0
1116.452883509082 808.0
1116.692153507934 800.0
1116.9314142296694 789.0
1117.1706656738045 789.0
1117.4099078398563 777.0
1117.6491407273422 790.0
1117.8883643357783 795.0
1118.1275786646822 802.0
1118.36678371357 796.0
1118.6059794819594 794.0
1118.8451659693665 795.0
1119.0843431753085 790.0
1119.3235110993026 796.0
1119.5626697408647 795.0
1119.8018190995128 799.0
1120.0409591747637 796.0
1120.2800899661331 802.0
1120.519211473139 787.0
1120.7583236952978 784.0
1120.9974266321262 786.0
1121.236520283142 799.0
1121.4756046478608 790.0
1121.7146797258001 801.0
1121.9537455164768 810.0
1122.192802019408 783.0
1122.4318492341101 793.0
1122.6708871601 807.0
1122.909915796895 796.0
1123.1489351440111 788.0
1123.3879452009662 799.0
1123.6269459672762 793.0
1123.865937442459 801.0
1124.1049196260308 799.0
1124.3438925175087 796.0
