130HR4000 spectrum
Wavelength [nm] // Intensity [u.a.] 
194.93414 813.0
195.2037815346219 786.0
195.47341553816543 801.0
195.74304201014752 806.0
196.012660950085 832.0
196.28227235749478 833.0
196.55187623189366 842.0
196.82147257279857 825.0
197.09106137972637 850.0
197.36064265219392 848.0
197.63021638971804 836.0
197.89978259181567 833.0
198.16934125800364 825.0
198.43889238779886 835.0
198.7084359807181 809.0
198.97797203627835 835.0
199.2475005539964 841.0
199.51702153338914 854.0
199.78653497397343 838.0
200.05604087526618 838.0
200.3255392367842 851.0
200.59503005804436 828.0
200.8645133385636 847.0
201.1339890778587 840.0
201.4034572754466 854.0
201.67291793084408 835.0
201.94237104356813 858.0
202.21181661313554 822.0
202.48125463906314 826.0
202.7506851208679 824.0
203.02010805806663 853.0
203.28952345017618 829.0
203.55893129671344 834.0
203.8283315971953 845.0
204.0977243511386 851.0
204.3671095580602 840.0
204.636487217477 828.0
204.90585732890585 846.0
205.17521989186366 835.0
205.44457490586717 841.0
205.7139223704334 838.0
205.98326228507918 852.0
206.2525946493213 852.0
206.5219194626767 845.0
206.79123672466224 838.0
207.06054643479476 845.0
207.32984859259116 842.0
207.59914319756828 846.0
207.86843024924303 833.0
208.13770974713225 840.0
208.40698169075276 843.0
208.6762460796215 846.0
208.94550291325532 839.0
209.2147521911711 837.0
209.48399391288567 826.0
209.75322807791594 848.0
210.02245468577874 846.0
210.29167373599094 837.0
210.56088522806942 845.0
210.83008916153108 843.0
211.09928553589276 850.0
211.3684743506713 832.0
211.63765560538363 853.0
211.9068292995466 843.0
212.175995432677 838.0
212.44515400429182 828.0
212.71430501390782 836.0
212.98344846104192 838.0
213.25258434521103 846.0
213.52171266593191 857.0
213.79083342272153 829.0
214.05994661509675 826.0
214.3290522425744 834.0
214.5981503046713 835.0
214.8672408009044 845.0
215.13632373079054 847.0
215.4053990938466 844.0
215.6744668895894 830.0
215.94352711753592 843.0
216.21257977720293 834.0
216.48162486810728 844.0
216.7506623897659 849.0
217.01969234169565 842.0
217.2887147234134 838.0
217.55772953443596 835.0
217.82673677428028 841.0
218.0957364424632 843.0
218.36472853850154 848.0
218.6337130619122 826.0
218.9026900122121 848.0
219.17165938891804 834.0
219.4406211915469 826.0
219.70957541961562 838.0
219.97852207264097 829.0
220.24746115013983 819.0
220.5163926516291 825.0
220.78531657662566 846.0
221.05423292464639 851.0
221.32314169520808 842.0
221.59204288782766 855.0
221.860936502022 865.0
222.12982253730797 843.0
222.39870099320237 836.0
222.66757186922214 849.0
222.93643516488416 849.0
223.20529087970525 850.0
223.47413901320226 844.0
223.74297956489212 840.0
224.01181253429166 838.0
224.28063792091777 823.0
224.5494557242873 842.0
224.8182659439171 821.0
225.08706857932413 822.0
225.35586363002508 836.0
225.62465109553705 845.0
225.89343097537673 842.0
226.16220326906105 839.0
226.43096797610687 836.0
226.69972509603105 845.0
226.9684746283505 839.0
227.237216572582 845.0
227.50595092824256 831.0
227.7746776948489 829.0
228.04339687191796 849.0
228.31210845896663 849.0
228.5808124555117 852.0
228.84950886107015 842.0
229.11819767515877 846.0
229.38687889729442 848.0
229.65555252699397 851.0
229.92421856377433 841.0
230.1928770071524 834.0
230.46152785664492 822.0
230.73017111176884 842.0
230.99880677204106 833.0
231.26743483697837 837.0
231.53605530609772 838.0
231.8046681789159 851.0
232.07327345494983 851.0
232.34187113371638 862.0
232.61046121473237 845.0
232.87904369751473 856.0
233.14761858158028 858.0
233.41618586644586 844.0
233.68474555162845 853.0
233.95329763664483 825.0
234.2218421210119 846.0
234.49037900424648 852.0
234.7589082858655 849.0
235.02742996538583 823.0
235.29594404232427 849.0
235.56445051619772 848.0
235.8329493865231 836.0
236.10144065281722 843.0
236.36992431459691 847.0
236.63840037137916 845.0
236.9068688226808 840.0
237.1753296680186 833.0
237.44378290690955 841.0
237.7122285388704 840.0
237.9806665634181 836.0
238.24909698006957 841.0
238.51751978834153 834.0
238.78593498775095 837.0
239.0543425778147 839.0
239.32274255804958 849.0
239.59113492797255 838.0
239.8595196871004 842.0
240.12789683495004 841.0
240.3962663710383 840.0
240.66462829488208 837.0
240.93298260599826 823.0
241.2013293039037 833.0
241.46966838811522 844.0
241.73799985814978 838.0
242.00632371352418 850.0
242.27463995375527 848.0
242.54294857835998 849.0
242.81124958685515 852.0
243.07954297875764 835.0
243.34782875358434 837.0
243.61610691085207 853.0
243.88437745007772 855.0
244.15264037077822 852.0
244.42089567247035 849.0
244.68914335467105 838.0
244.95738341689716 834.0
245.2256158586655 842.0
245.493840679493 836.0
245.76205787889654 833.0
246.03026745639292 839.0
246.29846941149904 841.0
246.5666637437318 839.0
246.834850452608 833.0
247.1030295376446 842.0
247.37120099835838 850.0
247.63936483426627 845.0
247.9075210448851 856.0
248.17566962973177 847.0
248.4438105883231 847.0
248.71194392017603 852.0
248.98006962480733 830.0
249.248187701734 840.0
249.51629815047275 846.0
249.78440097054056 862.0
250.05249616145431 844.0
250.32058372273076 846.0
250.5886636538869 840.0
250.85673595443953 853.0
251.12480062390551 840.0
251.39285766180177 846.0
251.6609070676451 845.0
251.92894884095242 845.0
252.19698298124058 837.0
252.46500948802645 837.0
252.73302836082692 834.0
253.00103959915882 829.0
253.26904320253902 836.0
253.53703917048443 837.0
253.80502750251188 820.0
254.07300819813827 845.0
254.34098125688044 846.0
254.60894667825525 839.0
254.87690446177962 834.0
255.14485460697037 854.0
255.41279711334434 824.0
255.6807319804185 824.0
255.94865920770962 834.0
256.2165787947346 825.0
256.48449074101035 833.0
256.75239504605366 845.0
257.02029170938147 842.0
257.28818073051065 833.0
257.556062108958 850.0
257.8239358442404 846.0
258.0918019358748 846.0
258.35966038337796 828.0
258.6275111862668 839.0
258.8953543440582 826.0
259.163189856269 826.0
259.4310177224162 836.0
259.6988379420164 841.0
259.9666505145867 845.0
260.23445543964385 838.0
260.50225271670473 858.0
260.77004234528624 850.0
261.03782432490533 839.0
261.3055986550787 834.0
261.5733653353234 835.0
261.8411243651561 825.0
262.1088757440937 842.0
262.37661947165327 827.0
262.6443555473515 837.0
262.9120839707053 830.0
263.1798047412315 839.0
263.44751785844704 836.0
263.7152233218687 830.0
263.98292113101354 821.0
264.2506112853982 845.0
264.51829378453965 848.0
264.7859686279547 848.0
265.05363581516025 848.0
265.32129534567326 836.0
265.5889472190105 840.0
265.8565914346889 830.0
266.1242279922252 840.0
266.39185689113634 828.0
266.65947813093925 824.0
266.9270917111508 849.0
267.19469763128774 865.0
267.46229589086704 848.0
267.72988648940554 844.0
267.9974694264201 846.0
268.2650447014276 817.0
268.53261231394487 844.0
268.80017226348883 856.0
269.0677245495763 837.0
269.3352691717242 833.0
269.60280612944933 851.0
269.8703354222686 840.0
270.13785704969894 832.0
270.40537101125716 829.0
270.67287730646007 827.0
270.9403759348246 843.0
271.2078668958677 840.0
271.47535018910605 831.0
271.7428258140567 840.0
272.01029377023633 846.0
272.2777540571619 846.0
272.5452066743504 854.0
272.81265162131854 851.0
273.08008889758327 844.0
273.34751850266144 847.0
273.6149404360698 842.0
273.8823546973254 842.0
274.1497612859451 845.0
274.4171602014456 845.0
274.6845514433439 841.0
274.95193501115676 827.0
275.2193109044012 830.0
275.486679122594 844.0
275.7540396652521 846.0
276.02139253189216 862.0
276.2887377220313 829.0
276.55607523518626 852.0
276.82340507087395 821.0
277.09072722861123 840.0
277.3580417079149 850.0
277.62534850830195 827.0
277.8926476292892 841.0
278.1599390703934 848.0
278.4272228311316 844.0
278.69449891102056 865.0
278.96176730957717 831.0
279.22902802631836 827.0
279.4962810607609 837.0
279.76352641242164 844.0
280.0307640808177 837.0
280.29799406546556 844.0
280.5652163658824 817.0
280.8324309815849 852.0
281.09963791209003 837.0
281.3668371569146 849.0
281.6340287155756 837.0
281.9012125875897 840.0
282.168388772474 860.0
282.4355572697452 835.0
282.7027180789201 844.0
282.9698711995158 844.0
283.23701663104896 835.0
283.50415437303667 832.0
283.77128442499554 834.0
284.0384067864426 835.0
284.3055214568946 853.0
284.57262843586864 835.0
284.8397277228814 835.0
285.1068193174497 819.0
285.37390321909055 836.0
285.6409794273207 841.0
285.9080479416572 848.0
286.1751087616167 847.0
286.4421618867162 862.0
286.7092073164725 852.0
286.9762450504025 820.0
287.24327508802315 840.0
287.5102974288511 857.0
287.77731207240345 826.0
288.04431901819703 838.0
288.3113182657485 842.0
288.578309814575 829.0
288.84529366419326 834.0
289.1122698141201 837.0
289.37923826387254 852.0
289.6461990129674 836.0
289.91315206092133 850.0
290.18009740725154 839.0
290.44703505147464 843.0
290.7139649931077 839.0
290.98088723166734 833.0
291.24780176667065 837.0
291.5147085976344 856.0
291.78160772407557 835.0
292.04849914551085 842.0
292.3153828614572 839.0
292.58225887143146 816.0
292.8491271749505 825.0
293.1159877715313 838.0
293.3828406606906 843.0
293.6496858419453 848.0
293.9165233148123 835.0
294.1833530788084 840.0
294.4501751334505 836.0
294.71698947825547 828.0
294.9837961127402 823.0
295.2505950364216 842.0
295.5173862488164 829.0
295.78416974944156 818.0
296.050945537814 825.0
296.31771361345045 828.0
296.584473975868 830.0
296.8512266245832 857.0
297.11797155911313 844.0
297.38470877897464 835.0
297.6514382836846 831.0
297.9181600727598 844.0
298.18487414571723 846.0
298.4515805020736 835.0
298.71827914134593 843.0
298.9849700630511 834.0
299.2516532667058 847.0
299.518328751827 841.0
299.78499651793163 840.0
300.0516565645365 843.0
300.3183088911584 837.0
300.58495349731436 842.0
300.8515903825211 857.0
301.1182195462956 838.0
301.3848409881546 843.0
301.65145470761513 854.0
301.91806070419403 841.0
302.184658977408 846.0
302.4512495267741 829.0
302.7178323518091 837.0
302.9844074520298 837.0
303.2509748269532 843.0
303.5175344760962 830.0
303.78408639897555 827.0
304.0506305951082 830.0
304.31716706401096 835.0
304.58369580520065 837.0
304.8502168181943 825.0
305.1167301025086 850.0
305.3832356576606 826.0
305.649733483167 836.0
305.9162235785447 841.0
306.1827059433106 835.0
306.4491805769817 846.0
306.7156474790747 841.0
306.98210664910647 855.0
307.2485580865939 856.0
307.5150017910539 835.0
307.7814377620034 841.0
308.0478659989591 838.0
308.31428650143795 841.0
308.58069926895683 855.0
308.8471043010326 847.0
309.1135015971821 838.0
309.37989115692227 838.0
309.6462729797699 832.0
309.91264706524197 862.0
310.1790134128551 848.0
310.4453720221265 837.0
310.71172289257277 840.0
310.97806602371094 837.0
311.2444014150577 840.0
311.5107290661301 829.0
311.777048976445 826.0
312.04336114551904 825.0
312.30966557286945 840.0
312.5759622580128 855.0
312.8422512004661 841.0
313.1085323997461 832.0
313.3748058553698 844.0
313.641071566854 828.0
313.90732953371554 842.0
314.17357975547145 846.0
314.4398222316384 846.0
314.70605696173334 833.0
314.9722839452731 830.0
315.23850318177466 839.0
315.50471467075477 840.0
315.7709184117303 846.0
316.0371144042182 850.0
316.3033026477353 839.0
316.56948314179846 856.0
316.8356558859246 831.0
317.1018208796305 853.0
317.36797812243304 846.0
317.6341276138491 841.0
317.90026935339563 819.0
318.1664033405894 848.0
318.4325295749473 831.0
318.6986480559862 830.0
318.96475878322303 833.0
319.2308617561746 833.0
319.4969569743577 842.0
319.76304443728935 848.0
320.0291241444864 835.0
320.2951960954656 837.0
320.5612602897438 843.0
320.82731672683815 834.0
321.0933654062652 825.0
321.359406327542 834.0
321.6254394901853 854.0
321.891464893712 836.0
322.157482537639 844.0
322.4234924214832 844.0
322.68949454476143 834.0
322.95548890699064 859.0
323.2214755076875 850.0
323.487454346369 854.0
323.753425422552 832.0
324.01938873575347 816.0
324.2853442854901 826.0
324.55129207127885 860.0
324.8172320926366 838.0
325.08316434908016 830.0
325.34908884012646 821.0
325.61500556529234 835.0
325.8809145240947 841.0
326.14681571605024 839.0
326.4127091406761 849.0
326.6785947974889 847.0
326.9444726860058 839.0
327.2103428057433 851.0
327.47620515621855 857.0
327.74205973694836 846.0
328.00790654744947 840.0
328.2737455872389 829.0
328.5395768558335 849.0
328.80540035275004 837.0
329.0712160775054 836.0
329.33702402961654 842.0
329.6028242086002 858.0
329.86861661397353 837.0
330.13440124525306 825.0
330.4001781019559 829.0
330.66594718359863 848.0
330.9317084896984 847.0
331.19746201977205 836.0
331.46320777333636 835.0
331.7289457499082 834.0
331.9946759490044 847.0
332.2603983701419 850.0
332.5261130128375 840.0
332.79181987660826 842.0
333.05751896097087 865.0
333.3232102654422 821.0
333.58889378953916 827.0
333.85456953277856 849.0
334.1202374946774 848.0
334.38589767475247 843.0
334.6515500725206 836.0
334.9171946874987 835.0
335.18283151920355 826.0
335.4484605671522 850.0
335.7140818308614 836.0
335.97969530984807 827.0
336.245301003629 829.0
336.51089891172114 833.0
336.77648903364127 844.0
337.04207136890636 839.0
337.30764591703326 835.0
337.5732126775387 827.0
337.83877164993976 845.0
338.10432283375314 831.0
338.36986622849577 852.0
338.63540183368457 837.0
338.9009296488363 842.0
339.16644967346787 844.0
339.4319619070962 829.0
339.6974663492381 849.0
339.9629629994105 829.0
340.22845185713027 840.0
340.4939329219141 843.0
340.75940619327906 833.0
341.02487167074196 843.0
341.2903293538197 835.0
341.555779242029 834.0
341.821221334887 850.0
342.0866556319103 850.0
342.3520821326158 845.0
342.6175008365205 848.0
342.8829117431413 852.0
343.1483148519949 835.0
343.41371016259825 836.0
343.6790976744682 842.0
343.9444773871216 839.0
344.20984930007546 825.0
344.4752134128465 833.0
344.74056972495157 834.0
345.0059182359076 849.0
345.27125894523147 835.0
345.53659185244 849.0
345.80191695705014 845.0
346.0672342585787 841.0
346.3325437565426 841.0
346.5978454504585 836.0
346.8631393398436 834.0
347.1284254242145 840.0
347.3937037030882 827.0
347.6589741759816 836.0
347.92423684241146 836.0
348.1894917018946 849.0
348.4547387539481 848.0
348.71997799808867 821.0
348.9852094338332 829.0
349.2504330606986 831.0
349.51564887820166 842.0
349.7808568858593 843.0
350.0460570831885 843.0
350.31124946970584 839.0
350.57643404492853 842.0
350.84161080837316 837.0
351.1067797595568 842.0
351.3719408979961 849.0
351.63709422320824 854.0
351.90223973470984 852.0
352.16737743201776 852.0
352.43250731464894 835.0
352.69762938212034 833.0
352.9627436339487 852.0
353.2278500696509 835.0
353.49294868874387 840.0
353.7580394907444 849.0
354.02312247516943 844.0
354.28819764153576 834.0
354.55326498936034 846.0
354.81832451816 844.0
355.08337622745165 823.0
355.348420116752 828.0
355.613456185578 842.0
355.8784844334467 829.0
356.1435048598747 841.0
356.4085174643791 833.0
356.6735222464765 845.0
356.938519205684 837.0
357.2035083415184 836.0
357.46848965349653 819.0
357.73346314113536 840.0
357.9984288039516 838.0
358.2633866414622 845.0
358.528336653184 839.0
358.793278838634 857.0
359.05821319732894 840.0
359.3231397287857 837.0
359.5880584325211 850.0
359.8529693080521 837.0
360.1178723548955 836.0
360.3827675725683 840.0
360.64765496058726 858.0
360.9125345184692 852.0
361.1774062457311 841.0
361.44227014188965 828.0
361.707126206462 845.0
361.9719744389649 812.0
362.2368148389151 852.0
362.5016474058295 844.0
362.766472139225 849.0
363.0312890386186 838.0
363.296098103527 857.0
363.5608993334672 829.0
363.82569272795587 838.0
364.09047828651006 837.0
364.35525600864656 844.0
364.6200258938823 840.0
364.8847879417341 850.0
365.1495421517188 860.0
365.41428852335326 851.0
365.67902705615444 852.0
365.9437577496392 848.0
366.2084806033243 837.0
366.4731956167267 831.0
366.7379027893632 860.0
367.0026021207507 848.0
367.2672936104061 858.0
367.5319772578463 848.0
367.79665306258806 833.0
368.06132102414836 843.0
368.32598114204393 851.0
368.59063341579173 862.0
368.85527784490864 836.0
369.1199144289115 842.0
369.3845431673172 844.0
369.6491640596426 846.0
369.91377710540445 835.0
370.1783823041198 839.0
370.44297965530546 847.0
370.70756915847835 831.0
370.97215081315517 837.0
371.2367246188529 824.0
371.5012905750884 838.0
371.7658486813786 854.0
372.0303989372402 849.0
372.29494134219027 836.0
372.5594758957455 853.0
372.82400259742286 850.0
373.08852144673915 846.0
373.3530324432114 853.0
373.6175355863563 846.0
373.8820308756908 825.0
374.1465183107317 827.0
374.410997890996 830.0
374.6754696160004 840.0
374.93993348526186 833.0
375.2043894982973 836.0
375.4688376546235 850.0
375.7332779537573 829.0
375.9977103952157 836.0
376.26213497851546 850.0
376.52655170317354 852.0
376.7909605687067 845.0
377.05536157463183 843.0
377.3197547204658 827.0
377.5841400057256 841.0
377.84851742992794 837.0
378.11288699258984 827.0
378.37724869322795 833.0
378.64160253135935 838.0
378.90594850650075 851.0
379.1702866181692 850.0
379.4346168658814 844.0
379.69893924915425 840.0
379.9632537675047 850.0
380.2275604204495 842.0
380.49185920750574 840.0
380.75615012819 842.0
381.0204331820193 848.0
381.2847083685105 842.0
381.5489756871804 839.0
381.8132351375459 847.0
382.07748671912407 824.0
382.34173043143153 842.0
382.6059662739852 842.0
382.8701942463019 853.0
383.1344143478986 855.0
383.3986265782921 850.0
383.6628309369994 834.0
383.92702742353725 849.0
384.1912160374225 842.0
384.45539677817203 837.0
384.7195696453027 838.0
384.98373463833155 836.0
385.2478917567753 834.0
385.5120410001507 846.0
385.7761823679748 838.0
386.0403158597644 847.0
386.30444147503647 833.0
386.5685592133077 834.0
386.8326690740951 823.0
387.09677105691543 837.0
387.36086516128563 833.0
387.6249513867226 833.0
387.88902973274315 845.0
388.15310019886414 833.0
388.41716278460245 827.0
388.68121748947493 842.0
388.9452643129986 840.0
389.2093032546901 838.0
389.47333431406645 826.0
389.73735749064434 840.0
390.0013727839409 851.0
390.2653801934728 875.0
390.52937971875696 831.0
390.7933713593103 837.0
391.05735511464974 866.0
391.3213309842919 839.0
391.5852989677539 849.0
391.8492590645524 846.0
392.1132112742045 842.0
392.37715559622694 835.0
392.6410920301366 844.0
392.9050205754503 821.0
393.1689412316849 834.0
393.43285399835736 844.0
393.69675887498465 841.0
393.96065586108335 850.0
394.2245449561705 839.0
394.4884261597629 845.0
394.75229947137757 835.0
395.01616489053123 841.0
395.28002241674085 845.0
395.5438720495231 846.0
395.80771378839506 851.0
396.0715476328735 836.0
396.33537358247537 832.0
396.5991916367174 840.0
396.86300179511665 836.0
397.12680405718976 839.0
397.39059842245376 834.0
397.65438489042543 826.0
397.91816346062177 852.0
398.18193413255955 840.0
398.4456969057556 837.0
398.7094517797268 832.0
398.97319875399006 824.0
399.2369378280623 849.0
399.50066900146027 838.0
399.764392273701 838.0
400.02810764430114 841.0
400.2918151127777 842.0
400.55551467864757 849.0
400.81920634142756 836.0
401.08289010063453 844.0
401.34656595578537 825.0
401.6102339063969 837.0
401.8738939519861 845.0
402.1375460920697 853.0
402.4011903261647 847.0
402.6648266537879 831.0
402.92845507445617 853.0
403.1920755876863 842.0
403.4556881929953 844.0
403.71929288990003 845.0
403.98288967791734 844.0
404.246478556564 841.0
404.5100595253569 834.0
404.77363258381297 832.0
405.03719773144906 845.0
405.3007549677821 832.0
405.56430429232887 824.0
405.82784570460626 850.0
406.0913792041311 846.0
406.35490479042033 854.0
406.61842246299085 827.0
406.88193222135936 844.0
407.14543406504293 838.0
407.4089279935582 825.0
407.6724140064223 838.0
407.9358921031519 845.0
408.19936228326395 834.0
408.4628245462754 839.0
408.7262788917029 852.0
408.9897253190635 835.0
409.25316382787395 839.0
409.5165944176513 841.0
409.7800170879122 830.0
410.04343183817366 832.0
410.30683866795243 841.0
410.57023757676546 852.0
410.83362856412975 851.0
411.09701162956185 839.0
411.3603867725789 852.0
411.62375399269763 830.0
411.887113289435 825.0
412.1504646623078 836.0
412.4138081108329 842.0
412.6771436345273 837.0
412.94047123290767 845.0
413.20379090549096 839.0
413.46710265179405 845.0
413.7304064713339 833.0
413.9937023636272 849.0
414.25699032819097 833.0
414.52027036454194 858.0
414.78354247219704 853.0
415.0468066506732 827.0
415.31006289948726 843.0
415.5733112181561 845.0
415.83655160619645 847.0
416.0997840631253 855.0
416.3630085884595 845.0
416.62622518171594 846.0
416.8894338424115 839.0
417.152634570063 839.0
417.4158273641873 841.0
417.67901222430123 836.0
417.9421891499217 851.0
418.2053581405658 841.0
418.46851919575005 833.0
418.7316723149915 827.0
418.99481749780693 838.0
419.2579547437133 844.0
419.5210840522274 852.0
419.78420542286625 846.0
420.04731885514644 852.0
420.31042434858506 842.0
420.573521902699 829.0
420.83661151700494 845.0
421.0996931910199 846.0
421.3627669242608 831.0
421.6258327162443 846.0
421.88889056648736 833.0
422.1519404745069 848.0
422.41498243981977 831.0
422.6780164619429 844.0
422.9410425403929 833.0
423.2040606746869 843.0
423.46707086434174 827.0
423.7300731088742 842.0
423.9930674078012 830.0
424.25605376063965 844.0
424.5190321669063 843.0
424.782002626118 829.0
425.0449651377918 839.0
425.30791970144446 843.0
425.57086631659286 841.0
425.83380498275386 834.0
426.0967356994443 843.0
426.3596584661811 846.0
426.6225732824811 844.0
426.88548014786113 845.0
427.14837906183817 830.0
427.411270023929 818.0
427.6741530336505 823.0
427.9370280905195 851.0
428.199895194053 843.0
428.46275434376776 850.0
428.72560553918066 835.0
428.98844877980855 829.0
429.2512840651683 833.0
429.51411139477693 823.0
429.77693076815115 849.0
430.03974218480784 843.0
430.3025456442639 842.0
430.5653411460361 842.0
430.82812868964146 840.0
431.09090827459687 840.0
431.353679900419 830.0
431.61644356662487 830.0
431.87919927273134 849.0
432.1419470182551 843.0
432.40468680271334 830.0
432.66741862562276 829.0
432.93014248650013 849.0
433.1928583848624 853.0
433.45556632022647 848.0
433.7182662921092 828.0
433.9809583000275 835.0
434.24364234349815 851.0
434.506318422038 833.0
434.768986535164 841.0
435.031646682393 833.0
435.2942988632418 838.0
435.55694307722734 825.0
435.81957932386655 837.0
436.08220760267614 839.0
436.34482791317305 840.0
436.6074402548742 830.0
436.8700446272964 833.0
437.1326410299566 840.0
437.3952294623715 830.0
437.65780992405803 846.0
437.9203824145332 840.0
438.1829469333138 832.0
438.4455034799166 822.0
438.7080520538586 832.0
438.9705926546565 838.0
439.23312528182737 839.0
439.49564993488787 823.0
439.7581666133551 819.0
440.0206753167459 849.0
440.28317604457686 847.0
440.5456687963651 851.0
440.8081535716274 824.0
441.07063036988075 833.0
441.3330991906418 850.0
441.5955600334276 851.0
441.858012897755 839.0
442.12045778314075 838.0
442.3828946891018 841.0
442.6453236151551 833.0
442.9077445608174 827.0
443.17015752560553 839.0
443.4325625090365 842.0
443.69495951062703 847.0
443.95734852989415 829.0
444.21972956635454 843.0
444.4821026195253 847.0
444.74446768892307 843.0
445.00682477406485 848.0
445.2691738744674 828.0
445.5315149896478 842.0
445.79384811912274 842.0
446.05617326240906 834.0
446.31849041902376 814.0
446.58079958848356 822.0
446.8431007703055 833.0
447.10539396400634 842.0
447.367679169103 843.0
447.6299563851123 845.0
447.892225611551 836.0
448.15448684793625 823.0
448.4167400937847 837.0
448.67898534861325 853.0
448.9412226119389 842.0
449.2034518832783 822.0
449.46567316214856 825.0
449.72788644806633 831.0
449.99009174054856 843.0
450.2522890391122 831.0
450.514478343274 821.0
450.77665965255085 819.0
451.0388329664597 830.0
451.30099828451733 841.0
451.5631556062406 843.0
451.82530493114655 824.0
452.08744625875175 841.0
452.3495795885734 836.0
452.6117049201281 817.0
452.87382225293277 839.0
453.13593158650446 830.0
453.3980329203598 835.0
453.6601262540158 826.0
453.9222115869893 834.0
454.1842889187971 842.0
454.4463582489562 837.0
454.70841957698343 850.0
454.97047290239556 858.0
455.23251822470957 844.0
455.49455554344223 835.0
455.75658485811044 852.0
456.0186061682312 838.0
456.2806194733211 828.0
456.5426247728973 813.0
456.8046220664765 818.0
457.0666113535756 848.0
457.32859263371154 846.0
457.5905659064011 840.0
457.8525311711611 827.0
458.1144884275086 838.0
458.37643767496024 841.0
458.6383789130331 830.0
458.9003121412439 814.0
459.1622373591095 844.0
459.4241545661469 843.0
459.68606376187284 845.0
459.9479649458043 834.0
460.2098581174581 848.0
460.471743276351 845.0
460.733620422 832.0
460.9954895539219 840.0
461.2573506716337 833.0
461.51920377465206 842.0
461.78104886249406 861.0
462.0428859346764 854.0
462.304714990716 840.0
462.5665360301298 822.0
462.82834905243453 834.0
463.09015405714723 838.0
463.35195104378465 870.0
463.6137400118636 843.0
463.8755209609011 827.0
464.13729389041396 836.0
464.399058799919 846.0
464.6608156889332 842.0
464.92256455697327 844.0
465.18430540355615 840.0
465.4460382281988 842.0
465.707763030418 835.0
465.96947980973056 843.0
466.23118856565344 841.0
466.49288929770347 829.0
466.75458200539765 834.0
467.0162666882526 828.0
467.27794334578533 852.0
467.5396119775127 849.0
467.8012725829516 829.0
468.0629251616188 836.0
468.3245697130314 851.0
468.586206236706 833.0
468.8478347321596 835.0
469.109455198909 842.0
469.3710676364711 828.0
469.6326720443629 843.0
469.89426842210105 840.0
470.1558567692025 842.0
470.4174370851842 845.0
470.6790093695629 831.0
470.94057362185555 857.0
471.20212984157905 824.0
471.4636780282501 843.0
471.72521818138574 826.0
471.9867503005027 837.0
472.248274385118 848.0
472.5097904347484 843.0
472.7712984489108 833.0
473.03279842712203 848.0
473.29429036889906 840.0
473.55577427375863 838.0
473.8172501412177 843.0
474.07871797079315 839.0
474.34017776200176 836.0
474.6016295143605 845.0
474.8630732273861 829.0
475.1245089005955 836.0
475.3859365335057 831.0
475.64735612563334 842.0
475.9087676764954 855.0
476.1701711856088 832.0
476.4315666524903 842.0
476.6929540766569 841.0
476.95433345762535 836.0
477.2157047949125 842.0
477.47706808803537 856.0
477.7384233365106 821.0
477.9997705398553 822.0
478.26110969758616 854.0
478.52244080922014 850.0
478.78376387427414 835.0
479.04507889226494 849.0
479.3063858627094 847.0
479.5676847851245 843.0
479.828975659027 836.0
480.0902584839338 845.0
480.3515332593618 852.0
480.61279998482775 840.0
480.8740586598487 852.0
481.13530928394147 848.0
481.3965518566228 845.0
481.65778637740965 841.0
481.9190128458189 842.0
482.1802312613674 849.0
482.4414416235721 835.0
482.70264393194964 848.0
482.9638381860171 830.0
483.2250243852913 852.0
483.4862025292891 833.0
483.7473726175273 838.0
484.0085346495229 836.0
484.26968862479265 858.0
484.5308345428534 840.0
484.79197240322225 847.0
485.0531022054157 845.0
485.314223948951 833.0
485.57533763334476 839.0
485.8364432581139 838.0
486.0975408227754 855.0
486.35863032684597 842.0
486.61971176984247 840.0
486.880785151282 849.0
487.1418504706812 845.0
487.402907727557 849.0
487.66395692142635 851.0
487.92499805180597 834.0
488.18603111821284 836.0
488.44705612016384 850.0
488.7080730571757 835.0
488.9690819287655 839.0
489.2300827344499 849.0
489.49107547374587 831.0
489.75206014617027 850.0
490.01303675124 860.0
490.27400528847187 833.0
490.53496575738274 826.0
490.79591815748955 825.0
491.05686248830915 823.0
491.31779874935836 848.0
491.57872694015396 859.0
491.8396470602131 844.0
492.1005591090524 841.0
492.3614630861888 841.0
492.6223589911392 826.0
492.88324682342045 836.0
493.14412658254946 849.0
493.40499826804296 852.0
493.66586187941795 852.0
493.92671741619125 838.0
494.18756487787977 854.0
494.44840426400026 853.0
494.70923557406974 845.0
494.97005880760497 852.0
495.23087396412285 832.0
495.4916810431403 842.0
495.7524800441741 840.0
496.01327096674123 845.0
496.27405381035845 848.0
496.53482857454264 851.0
496.79559525881075 840.0
497.05635386267954 863.0
497.31710438566597 857.0
497.57784682728686 839.0
497.8385811870591 830.0
498.0993074644995 827.0
498.360025659125 847.0
498.6207357704524 836.0
498.88143779799873 839.0
499.14213174128065 853.0
499.40281759981514 847.0
499.6634953731191 835.0
499.92416506070924 838.0
500.1848266621026 839.0
500.445480176816 843.0
500.70612560436615 829.0
500.96676294427016 843.0
501.22739219604483 829.0
501.48801335920695 832.0
501.74862643327344 839.0
502.00923141776116 842.0
502.2698283121869 842.0
502.5304171160677 819.0
502.7909978289203 846.0
503.0515704502616 836.0
503.31213497960846 836.0
503.57269141647777 840.0
503.8332397603864 836.0
504.09378001085116 839.0
504.354312167389 822.0
504.6148362295168 845.0
504.8753521967513 840.0
505.1358600686094 844.0
505.3963598446082 839.0
505.6568515242642 829.0
505.9173351070945 832.0
506.17781059261597 844.0
506.4382779803454 844.0
506.69873726979966 846.0
506.95918846049574 845.0
507.2196315519502 830.0
507.4800665436803 836.0
507.74049343520267 862.0
508.00091222603425 846.0
508.261322915692 833.0
508.5217255036924 845.0
508.7821199895529 847.0
509.0425063727899 828.0
509.3028846529204 840.0
509.5632548294615 847.0
509.8236169019296 830.0
510.0839708698421 842.0
510.3443167327155 846.0
510.60465449006676 839.0
510.8649841414127 848.0
511.12530568627034 847.0
511.3856191241566 845.0
511.64592445458794 846.0
511.90622167708165 849.0
512.1665107911545 856.0
512.4267917963232 840.0
512.6870646921047 846.0
512.947329478016 836.0
513.2075861535739 838.0
513.467834718295 845.0
513.7280751716964 831.0
513.9883075132952 861.0
514.248531742608 853.0
514.5087478591515 841.0
514.7689558624429 840.0
515.0291557519989 848.0
515.2893475273365 862.0
515.5495311879723 837.0
515.8097067334235 845.0
516.0698741632067 839.0
516.3300334768389 832.0
516.5901846738369 839.0
516.8503277537177 852.0
517.1104627159981 836.0
517.3705895601947 851.0
517.630708285825 834.0
517.8908188924053 839.0
518.1509213794526 841.0
518.411015746484 844.0
518.6711019930159 827.0
518.9311801185657 854.0
519.19125012265 839.0
519.4513120047856 857.0
519.7113657644896 837.0
519.9714114012784 836.0
520.2314489146695 864.0
520.4914783041794 862.0
520.751499569325 841.0
521.0115127096234 841.0
521.271517724591 835.0
521.5315146137451 841.0
521.7915033766022 837.0
522.0514840126796 837.0
522.3114565214938 842.0
522.5714209025618 860.0
522.8313771554007 847.0
523.0913252795269 823.0
523.3512652744578 837.0
523.6111971397097 838.0
523.8711208747998 852.0
524.1310364792452 828.0
524.390943952562 839.0
524.6508432942679 843.0
524.9107345038794 843.0
525.1706175809132 845.0
525.4304925248866 843.0
525.690359335316 844.0
525.9502180117188 837.0
526.2100685536113 838.0
526.4699109605107 837.0
526.729745231934 837.0
526.9895713673975 843.0
527.2493893664187 834.0
527.5091992285141 836.0
527.7690009532007 833.0
528.0287945399953 855.0
528.2885799884149 824.0
528.5483572979764 818.0
528.8081264681963 849.0
529.0678874985917 830.0
529.3276403886796 864.0
529.5873851379768 848.0
529.8471217460001 834.0
530.1068502122662 831.0
530.3665705362923 840.0
530.6262827175951 847.0
530.8859867556915 851.0
531.1456826500984 844.0
531.4053704003326 841.0
531.6650500059111 834.0
531.9247214663504 826.0
532.1843847811678 845.0
532.4440399498801 848.0
532.7036869720038 829.0
532.9633258470562 843.0
533.222956574554 824.0
533.4825791540142 825.0
533.7421935849534 830.0
534.0017998668885 847.0
534.2613979993366 851.0
534.5209879818145 851.0
534.780569813839 833.0
535.0401434949268 856.0
535.2997090245951 853.0
535.5592664023607 845.0
535.8188156277402 830.0
536.0783567002508 837.0
536.3378896194092 846.0
536.5974143847321 852.0
536.8569309957369 854.0
537.1164394519398 841.0
537.3759397528582 841.0
537.6354318980087 827.0
537.8949158869082 836.0
538.1543917190737 848.0
538.4138593940218 849.0
538.6733189112697 823.0
538.932770270334 844.0
539.1922134707318 841.0
539.4516485119797 834.0
539.7110753935946 838.0
539.9704941150937 838.0
540.2299046759937 847.0
540.4893070758112 835.0
540.7487013140633 843.0
541.008087390267 836.0
541.2674653039389 845.0
541.526835054596 853.0
541.7861966417552 840.0
542.0455500649333 853.0
542.3048953236471 837.0
542.5642324174137 846.0
542.8235613457497 845.0
543.0828821081722 830.0
543.3421947041979 838.0
543.6014991333436 851.0
543.8607953951266 838.0
544.1200834890632 829.0
544.3793634146708 840.0
544.6386351714658 849.0
544.8978987589653 848.0
545.1571541766862 836.0
545.4164014241451 856.0
545.6756405008593 850.0
545.9348714063455 845.0
546.1940941401203 828.0
546.4533087017008 819.0
546.712515090604 838.0
546.9717133063466 838.0
547.2309033484453 831.0
547.4900852164174 849.0
547.7492589097793 827.0
548.0084244280482 839.0
548.2675817707409 832.0
548.526730937374 840.0
548.7858719274648 837.0
549.0450047405299 837.0
549.3041293760863 838.0
549.5632458336507 842.0
549.82235411274 836.0
550.0814542128714 825.0
550.3405461335612 842.0
550.5996298743269 828.0
550.8587054346848 849.0
551.117772814152 832.0
551.3768320122455 841.0
551.6358830284819 834.0
551.8949258623783 841.0
552.1539605134514 841.0
552.4129869812182 823.0
552.6720052651955 834.0
552.9310153649002 843.0
553.1900172798491 843.0
553.4490110095592 844.0
553.7079965535472 852.0
553.9669739113302 848.0
554.2259430824248 835.0
554.484904066348 848.0
554.7438568626167 855.0
555.0028014707476 827.0
555.261737890258 846.0
555.520666120664 847.0
555.7795861614834 827.0
556.0384980122324 849.0
556.2974016724281 847.0
556.5562971415874 852.0
556.8151844192269 838.0
557.0740635048638 846.0
557.3329343980148 834.0
557.5917970981968 828.0
557.8506516049267 836.0
558.1094979177213 840.0
558.3683360360976 833.0
558.6271659595724 852.0
558.8859876876625 841.0
559.1448012198848 831.0
559.4036065557561 831.0
559.6624036947936 821.0
559.9211926365136 841.0
560.1799733804337 844.0
560.43874592607 838.0
560.6975102729399 829.0
560.9562664205602 837.0
561.2150143684473 833.0
561.4737541161188 831.0
561.732485663091 838.0
561.9912090088809 818.0
562.2499241530056 826.0
562.5086310949818 851.0
562.7673298343262 837.0
563.026020370556 845.0
563.2847027031879 843.0
563.5433768317389 837.0
563.8020427557254 849.0
564.0607004746649 847.0
564.3193499880738 841.0
564.5779912954692 838.0
564.8366243963679 840.0
565.0952492902868 841.0
565.3538659767429 836.0
565.6124744552527 844.0
565.8710747253335 850.0
566.1296667865018 840.0
566.3882506382747 836.0
566.6468262801691 840.0
566.9053937117014 814.0
567.1639529323893 826.0
567.4225039417488 833.0
567.6810467392974 826.0
567.9395813245517 843.0
568.1981076970284 855.0
568.4566258562448 852.0
568.7151358017175 861.0
568.9736375329633 840.0
569.2321310494995 835.0
569.4906163508422 817.0
569.749093436509 835.0
570.0075623060163 826.0
570.2660229588813 837.0
570.5244753946206 844.0
570.7829196127512 854.0
571.0413556127901 834.0
571.2997833942537 835.0
571.5582029566596 853.0
571.8166142995238 835.0
572.075017422364 852.0
572.3334123246967 838.0
572.5917990060384 866.0
572.8501774659068 830.0
573.108547703818 839.0
573.3669097192892 837.0
573.6252635118373 834.0
573.8836090809789 843.0
574.1419464262314 855.0
574.400275547111 851.0
574.6585964431351 837.0
574.9169091138205 849.0
575.1752135586836 840.0
575.4335097772419 844.0
575.6917977690118 822.0
575.9500775335105 840.0
576.2083490702545 837.0
576.4666123787609 834.0
576.7248674585469 853.0
576.9831143091286 846.0
577.2413529300236 848.0
577.4995833207483 841.0
577.7578054808198 845.0
578.0160194097549 857.0
578.2742251070703 844.0
578.5324225722832 840.0
578.7906118049101 828.0
579.0487928044681 825.0
579.3069655704743 835.0
579.565130102445 840.0
579.8232863998975 837.0
580.0814344623485 835.0
580.339574289315 843.0
580.5977058803137 857.0
580.8558292348614 827.0
581.1139443524753 810.0
581.3720512326721 842.0
581.6301498749685 841.0
581.8882402788817 842.0
582.146322443928 840.0
582.4043963696251 842.0
582.6624620554893 853.0
582.9205195010375 844.0
583.1785687057866 852.0
583.4366096692537 854.0
583.6946423909554 843.0
583.9526668704085 857.0
584.2106831071303 851.0
584.4686911006373 896.0
584.7266908504463 934.0
584.9846823560746 1012.0
585.2426656170385 1176.0
585.5006406328554 1042.0
585.7586074030418 962.0
586.0165659271148 902.0
586.2745162045912 880.0
586.5324582349878 857.0
586.7903920178214 853.0
587.0483175526091 849.0
587.3062348388676 848.0
587.5641438761138 858.0
587.8220446638645 839.0
588.0799372016369 873.0
588.3378214889474 854.0
588.5956975253132 856.0
588.8535653102509 860.0
589.1114248432776 859.0
589.3692761239103 840.0
589.6271191516653 836.0
589.88495392606 852.0
590.1427804466111 840.0
590.4005987128355 836.0
590.6584087242501 841.0
590.9162104803713 841.0
591.1740039807169 842.0
591.4317892248029 842.0
591.6895662121466 856.0
591.9473349422648 845.0
592.2050954146741 837.0
592.462847628892 847.0
592.7205915844347 853.0
592.9783272808194 841.0
593.236054717563 848.0
593.493773894182 853.0
593.7514848101939 860.0
594.009187465115 850.0
594.2668818584625 862.0
594.5245679897531 891.0
594.7822458585038 867.0
595.0399154642313 852.0
595.2975768064524 835.0
595.5552298846843 844.0
595.8128746984438 842.0
596.0705112472474 853.0
596.3281395306126 835.0
596.5857595480555 844.0
596.8433712990935 829.0
597.1009747832434 854.0
597.3585700000219 838.0
597.6161569489462 859.0
597.8737356295327 856.0
598.1313060412986 852.0
598.3888681837607 847.0
598.6464220564358 848.0
598.9039676588409 844.0
599.1615049904925 848.0
599.4190340509081 865.0
599.676554839604 850.0
599.9340673560972 849.0
600.1915715999048 846.0
600.4490675705435 837.0
600.7065552675302 842.0
600.9640346903817 840.0
601.221505838615 833.0
601.4789687117469 842.0
601.7364233092942 852.0
601.9938696307739 850.0
602.2513076757026 849.0
602.5087374435976 830.0
602.7661589339755 850.0
603.023572146353 851.0
603.2809770802475 836.0
603.5383737351752 846.0
603.7957621106534 846.0
604.053142206199 841.0
604.3105140213286 854.0
604.5678775555593 858.0
604.8252328084078 848.0
605.0825797793912 842.0
605.3399184680261 852.0
605.5972488738295 834.0
605.8545709963181 838.0
606.111884835009 858.0
606.3691903894193 849.0
606.6264876590651 839.0
606.883776643464 842.0
607.1410573421324 884.0
607.3983297545875 891.0
607.6555938803461 885.0
607.9128497189247 854.0
608.1700972698408 852.0
608.4273365326108 846.0
608.6845675067516 837.0
608.9417901917803 849.0
609.1990045872135 870.0
609.4562106925683 899.0
609.7134085073615 910.0
609.9705980311098 882.0
610.2277792633305 852.0
610.4849522035397 856.0
610.7421168512552 851.0
610.9992732059933 852.0
611.2564212672709 852.0
611.5135610346049 837.0
611.7706925075122 850.0
612.0278156855098 855.0
612.2849305681145 842.0
612.542037154843 848.0
612.7991354452124 854.0
613.0562254387393 857.0
613.3133071349409 849.0
613.5703805333337 874.0
613.8274456334349 893.0
614.0845024347612 939.0
614.3415509368294 1015.0
614.5985911391567 944.0
614.8556230412595 891.0
615.1126466426551 883.0
615.36966194286 869.0
615.6266689413914 851.0
615.8836676377659 860.0
616.1406580315004 877.0
616.3976401221121 870.0
616.6546139091173 865.0
616.9115793920333 858.0
617.1685365703769 847.0
617.4254854436648 842.0
617.6824260114142 848.0
617.9393582731417 845.0
618.196282228364 840.0
618.4531978765983 837.0
618.7101052173614 841.0
618.9670042501702 826.0
619.2238949745413 826.0
619.4807773899919 838.0
619.7376514960388 826.0
619.9945172921986 844.0
620.2513747779885 826.0
620.508223952925 839.0
620.7650648165256 850.0
621.0218973683066 849.0
621.2787216077849 843.0
621.5355375344776 870.0
621.7923451479013 859.0
622.0491444475734 834.0
622.3059354330103 838.0
622.5627181037288 839.0
622.8194924592461 844.0
623.0762584990788 861.0
623.333016222744 843.0
623.5897656297584 838.0
623.8465067196389 836.0
624.1032394919024 837.0
624.3599639460657 826.0
624.6166800816459 843.0
624.8733878981594 833.0
625.1300873951237 848.0
625.3867785720552 843.0
625.6434614284708 826.0
625.9001359638876 849.0
626.1568021778221 879.0
626.4134600697917 889.0
626.6701096393127 916.0
626.9267508859024 891.0
627.1833838090776 854.0
627.4400084083547 848.0
627.6966246832512 847.0
627.9532326332837 856.0
628.2098322579691 846.0
628.4664235568243 860.0
628.723006529366 842.0
628.9795811751112 828.0
629.2361474935768 849.0
629.4927054842794 845.0
629.7492551467363 849.0
630.0057964804641 841.0
630.2623294849799 875.0
630.5188541598001 878.0
630.775370504442 855.0
631.0318785184223 859.0
631.2883782012578 855.0
631.5448695524658 844.0
631.8013525715625 839.0
632.0578272580652 833.0
632.3142936114906 850.0
632.5707516313557 849.0
632.8272013171775 853.0
633.0836426684723 882.0
633.3400756847575 906.0
633.5965003655499 917.0
633.8529167103661 884.0
634.1093247187234 853.0
634.3657243901381 847.0
634.6221157241276 838.0
634.8784987202085 837.0
635.1348733778977 848.0
635.3912396967121 845.0
635.6475976761684 842.0
635.9039473157839 841.0
636.1602886150749 843.0
636.4166215735588 832.0
636.6729461907521 850.0
636.9292624661718 853.0
637.1855703993349 854.0
637.4418699897578 848.0
637.6981612369581 868.0
637.9544441404521 891.0
638.2107186997567 936.0
638.4669849143892 937.0
638.7232427838659 900.0
638.979492307704 875.0
639.2357334854204 880.0
639.4919663165317 904.0
639.7481908005552 1047.0
640.0044069370073 1335.0
640.2606147254052 1527.0
640.5168141652655 1285.0
640.7730052561054 1093.0
641.0291879974413 969.0
641.2853623887906 897.0
641.5415284296699 877.0
641.797686119596 863.0
642.0538354580859 849.0
642.3099764446565 866.0
642.5661090788245 853.0
642.8222333601069 850.0
643.0783492880205 834.0
643.3344568620822 841.0
643.5905560818089 845.0
643.8466469467173 844.0
644.1027294563247 847.0
644.3588036101473 849.0
644.6148694077026 836.0
644.8709268485071 851.0
645.1269759320778 840.0
645.3830166579316 839.0
645.6390490255851 835.0
645.8950730345556 842.0
646.1510886843597 828.0
646.4070959745143 836.0
646.6630949045363 841.0
646.9190854739425 845.0
647.17506768225 833.0
647.4310415289752 849.0
647.6870070136354 842.0
647.9429641357473 817.0
648.1989128948277 836.0
648.4548532903938 858.0
648.7107853219619 826.0
648.9667089890495 836.0
649.222624291173 848.0
649.4785312278494 835.0
649.7344297985958 850.0
649.9903200029287 861.0
650.2462018403652 893.0
650.502075310422 948.0
650.7579404126162 990.0
651.0137971464646 923.0
651.2696455114838 876.0
651.525485507191 867.0
651.7813171331029 867.0
652.0371403887364 864.0
652.2929552736086 861.0
652.5487617872358 848.0
652.8045599291355 846.0
653.0603496988242 841.0
653.3161310958188 843.0
653.5719041196362 862.0
653.8276687697933 853.0
654.0834250458071 852.0
654.3391729471941 844.0
654.5949124734717 840.0
654.8506436241562 839.0
655.1063663987647 852.0
655.3620807968144 851.0
655.6177868178215 840.0
655.8734844613035 851.0
656.129173726777 836.0
656.3848546137588 857.0
656.6405271217659 852.0
656.8961912503149 843.0
657.1518469989231 850.0
657.4074943671071 849.0
657.6631333543837 840.0
657.9187639602701 840.0
658.1743861842826 837.0
658.4300000259387 845.0
658.6856054847549 841.0
658.9412025602483 835.0
659.1967912519353 835.0
659.4523715593333 849.0
659.707943481959 882.0
659.9635070193291 895.0
660.2190621709606 872.0
660.4746089363705 864.0
660.7301473150753 867.0
660.9856773065924 842.0
661.2411989104381 844.0
661.4967121261298 843.0
661.7522169531838 847.0
662.0077133911174 842.0
662.2632014394475 838.0
662.5186810976904 838.0
662.7741523653638 828.0
663.029615241984 845.0
663.2850697270679 822.0
663.5405158201327 846.0
663.7959535206948 833.0
664.0513828282715 843.0
664.3068037423793 841.0
664.5622162625355 850.0
664.8176203882564 844.0
665.0730161190594 839.0
665.3284034544613 836.0
665.5837823939785 846.0
665.8391529371283 844.0
666.0945150834276 844.0
666.349868832393 830.0
666.6052141835415 839.0
666.8605511363899 848.0
667.1158796904554 851.0
667.3711998452544 857.0
667.626511600304 907.0
667.8818149551211 932.0
668.1371099092223 894.0
668.3923964621249 860.0
668.6476746133454 856.0
668.9029443624008 860.0
669.1582057088083 849.0
669.4134586520839 838.0
669.6687031917455 849.0
669.9239393273093 850.0
670.1791670582923 846.0
670.4343863842114 833.0
670.6895973045835 825.0
670.9447998189256 844.0
671.1999939267544 865.0
671.4551796275866 866.0
671.7103569209394 873.0
671.9655258063294 882.0
672.220686283274 875.0
672.475838351289 859.0
672.7309820098925 842.0
672.9861172586005 838.0
673.2412440969302 833.0
673.4963625243987 835.0
673.7514725405223 834.0
674.0065741448183 838.0
674.2616673368035 848.0
674.5167521159946 842.0
674.7718284819086 834.0
675.0268964340622 846.0
675.2819559719727 845.0
675.5370070951565 830.0
675.7920498031307 844.0
676.0470840954122 850.0
676.3021099715176 836.0
676.5571274309642 842.0
676.8121364732684 836.0
677.0671370979474 839.0
677.3221293045178 838.0
677.5771130924968 846.0
677.8320884614011 843.0
678.0870554107474 833.0
678.3420139400529 853.0
678.5969640488343 851.0
678.8519057366083 843.0
679.1068390028922 841.0
679.3617638472023 851.0
679.616680269056 831.0
679.8715882679699 844.0
680.1264878434607 830.0
680.3813789950458 826.0
680.6362617222414 842.0
680.8911360245651 845.0
681.146001901533 844.0
681.4008593526627 848.0
681.6557083774705 838.0
681.9105489754734 864.0
682.1653811461886 848.0
682.4202048891326 850.0
682.6750202038223 827.0
682.9298270897748 845.0
683.1846255465068 850.0
683.4394155735351 851.0
683.6941971703767 826.0
683.9489703365485 844.0
684.2037350715673 848.0
684.4584913749499 840.0
684.7132392462133 850.0
684.9679786848742 844.0
685.2227096904496 841.0
685.4774322624564 825.0
685.7321464004115 836.0
685.9868521038316 836.0
686.2415493722334 838.0
686.4962382051343 841.0
686.7509186020508 848.0
687.0055905624997 836.0
687.2602540859983 845.0
687.514909172063 841.0
687.7695558202109 848.0
688.0241940299587 833.0
688.2788238008236 834.0
688.5334451323221 829.0
688.7880580239712 846.0
689.042662475288 825.0
689.2972584857889 841.0
689.5518460549912 834.0
689.8064251824115 834.0
690.0609958675668 835.0
690.3155581099742 846.0
690.5701119091498 834.0
690.8246572646113 869.0
691.0791941758752 846.0
691.3337226424583 835.0
691.5882426638777 841.0
691.84275423965 841.0
692.0972573692924 846.0
692.3517520523214 862.0
692.6062382882542 905.0
692.8607160766074 946.0
693.1151854168979 922.0
693.3696463086428 880.0
693.6240987513587 858.0
693.8785427445628 853.0
694.1329782877717 834.0
694.3874053805022 840.0
694.6418240222713 829.0
694.8962342125958 842.0
695.1506359509929 850.0
695.405029236979 835.0
695.6594140700711 834.0
695.9137904497863 825.0
696.168158375641 867.0
696.4225178471527 848.0
696.676868863838 834.0
696.9312114252134 835.0
697.1855455307963 853.0
697.4398711801031 832.0
697.6941883726512 823.0
697.9484971079568 841.0
698.2027973855375 840.0
698.4570892049098 840.0
698.7113725655903 845.0
698.9656474670965 852.0
699.2199139089445 848.0
699.4741718906519 834.0
699.7284214117353 822.0
699.9826624717113 859.0
700.2368950700971 828.0
700.4911192064093 823.0
700.7453348801653 845.0
700.9995420908814 843.0
701.2537408380745 838.0
701.5079311212619 829.0
701.7621129399598 845.0
702.016286293686 847.0
702.2704511819566 853.0
702.5246076042886 839.0
702.778755560199 864.0
703.0328950492045 945.0
703.2870260708224 924.0
703.5411486245691 908.0
703.7952627099618 880.0
704.0493683265172 870.0
704.3034654737519 858.0
704.5575541511835 839.0
704.8116343583279 855.0
705.0657060947029 843.0
705.3197693598249 859.0
705.5738241532106 848.0
705.8278704743772 842.0
706.0819083228414 843.0
706.3359376981203 844.0
706.5899585997306 832.0
706.8439710271889 845.0
707.0979749800126 839.0
707.3519704577179 836.0
707.6059574598225 834.0
707.8599359858429 836.0
708.1139060352955 851.0
708.3678676076978 845.0
708.6218207025663 848.0
708.8757653194182 843.0
709.12970145777 841.0
709.3836291171389 837.0
709.6375482970416 847.0
709.8914589969946 858.0
710.1453612165157 839.0
710.3992549551208 846.0
710.6531402123275 835.0
710.9070169876522 845.0
711.1608852806118 840.0
711.4147450907236 843.0
711.6685964175037 846.0
711.9224392604699 842.0
712.1762736191384 831.0
712.4300994930262 848.0
712.6839168816504 853.0
712.9377257845274 829.0
713.1915262011746 838.0
713.4453181311087 823.0
713.6991015738463 831.0
713.9528765289045 832.0
714.2066429958 846.0
714.4604009740502 852.0
714.7141504631712 838.0
714.9678914626805 842.0
715.2216239720948 844.0
715.4753479909306 839.0
715.7290635187052 819.0
715.982770554935 839.0
716.2364690991376 839.0
716.4901591508293 844.0
716.743840709527 818.0
716.9975137747479 846.0
717.2511783460084 848.0
717.5048344228259 844.0
717.7584820047169 852.0
718.0121210911982 844.0
718.2657516817872 851.0
718.519373776 839.0
718.772987373354 840.0
719.026592473366 842.0
719.2801890755527 844.0
719.5337771794311 823.0
719.7873567845179 853.0
720.0409278903304 834.0
720.294490496385 830.0
720.5480446021987 849.0
720.8015902072887 836.0
721.0551273111711 849.0
721.3086559133636 849.0
721.5621760133826 842.0
721.815687610745 831.0
722.0691907049679 848.0
722.3226852955679 828.0
722.5761713820622 837.0
722.8296489639672 839.0
723.0831180408002 850.0
723.3365786120778 848.0
723.5900306773169 845.0
723.8434742360346 860.0
724.0969092877473 859.0
724.3503358319725 858.0
724.6037538682267 871.0
724.8571633960265 866.0
725.1105644148894 860.0
725.3639569243315 839.0
725.6173409238706 844.0
725.8707164130229 858.0
726.1240833913054 837.0
726.3774418582351 839.0
726.6307918133285 845.0
726.8841332561029 833.0
727.137466186075 853.0
727.3907906027619 841.0
727.6441065056802 829.0
727.8974138943464 851.0
728.1507127682783 851.0
728.4040031269918 852.0
728.6572849700045 835.0
728.9105582968331 837.0
729.1638231069941 838.0
729.4170794000048 835.0
729.6703271753817 835.0
729.923566432642 846.0
730.1767971713025 854.0
730.4300193908798 855.0
730.6832330908911 858.0
730.936438270853 841.0
731.1896349302828 833.0
731.442823068697 830.0
731.6960026856123 828.0
731.949173780546 836.0
732.2023363530145 836.0
732.4554904025351 840.0
732.7086359286245 844.0
732.9617729307997 831.0
733.2149014085775 858.0
733.4680213614745 840.0
733.7211327890079 843.0
733.9742356906943 865.0
734.2273300660511 842.0
734.4804159145946 844.0
734.7334932358416 827.0
734.9865620293094 830.0
735.2396222945147 842.0
735.4926740309744 840.0
735.7457172382054 845.0
735.9987519157243 852.0
736.2517780630484 852.0
736.504795679694 848.0
736.7578047651785 835.0
737.0108053190187 844.0
737.2637973407312 838.0
737.516780829833 827.0
737.769755785841 828.0
738.0227222082721 837.0
738.2756800966428 848.0
738.5286294504706 846.0
738.781570269272 836.0
739.0345025525638 841.0
739.2874262998632 841.0
739.5403415106866 832.0
739.7932481845512 840.0
740.046146320974 829.0
740.2990359194714 831.0
740.5519169795606 838.0
740.8047895007583 862.0
741.0576534825816 848.0
741.3105089245472 838.0
741.563355826172 826.0
741.8161941869729 843.0
742.0690240064664 840.0
742.3218452841702 849.0
742.5746580196005 846.0
742.8274622122741 856.0
743.0802578617083 841.0
743.3330449674197 851.0
743.5858235289254 842.0
743.8385935457418 850.0
744.0913550173865 858.0
744.3441079433758 854.0
744.5968523232264 845.0
744.8495881564559 835.0
745.1023154425804 825.0
745.3550341811174 846.0
745.6077443715835 840.0
745.8604460134952 835.0
746.1131391063701 850.0
746.3658236497243 847.0
746.6184996430754 848.0
746.87116708594 840.0
747.1238259778346 825.0
747.3764763182764 842.0
747.6291181067822 851.0
747.8817513428692 857.0
748.1343760260539 845.0
748.3869921558529 836.0
748.6395997317837 835.0
748.8921987533628 843.0
749.1447892201071 835.0
749.3973711315336 840.0
749.6499444871589 830.0
749.9025092865003 850.0
750.1550655290741 845.0
750.4076132143978 830.0
750.6601523419877 839.0
750.912682911361 849.0
751.1652049220347 837.0
751.4177183735251 852.0
751.6702232653497 873.0
751.9227195970248 851.0
752.1752073680677 827.0
752.4276865779954 837.0
752.680157226324 838.0
752.9326193125712 845.0
753.1850728362533 859.0
753.4375177968876 862.0
753.6899541939908 842.0
753.9423820270795 839.0
754.194801295671 846.0
754.4472119992819 842.0
754.6996141374291 843.0
754.9520077096296 850.0
755.2043927154 838.0
755.4567691542577 849.0
755.7091370257187 835.0
755.9614963293008 827.0
756.2138470645202 822.0
756.4661892308942 841.0
756.7185228279395 833.0
756.9708478551728 828.0
757.2231643121112 843.0
757.4754721982714 858.0
757.7277715131704 845.0
757.9800622563251 837.0
758.2323444272521 834.0
758.4846180254688 826.0
758.7368830504913 846.0
758.9891395018373 834.0
759.2413873790232 854.0
759.4936266815657 834.0
759.7458574089821 855.0
759.9980795607888 830.0
760.2502931365033 836.0
760.502498135642 848.0
760.7546945577217 835.0
761.0068824022595 848.0
761.2590616687722 821.0
761.5112323567769 826.0
761.7633944657899 850.0
762.0155479953288 853.0
762.26769294491 836.0
762.5198293140501 840.0
762.7719571022666 842.0
763.024076309076 845.0
763.2761869339953 838.0
763.5282889765415 838.0
763.780382436231 843.0
764.032467312581 837.0
764.2845436051083 834.0
764.53661131333 842.0
764.7886704367629 842.0
765.0407209749233 844.0
765.2927629273288 842.0
765.5447962934958 821.0
765.7968210729414 824.0
766.0488372651824 856.0
766.3008448697357 850.0
766.5528438861181 846.0
766.8048343138464 841.0
767.0568161524378 826.0
767.3087894014087 855.0
767.5607540602764 850.0
767.8127101285577 847.0
768.0646576057691 842.0
768.3165964914278 834.0
768.5685267850505 833.0
768.8204484861544 840.0
769.0723615942561 850.0
769.3242661088722 844.0
769.5761620295201 826.0
769.8280493557162 833.0
770.0799280869778 843.0
770.3317982228216 850.0
770.5836597627642 854.0
770.835512706323 838.0
771.0873570530143 836.0
771.3391928023555 843.0
771.591019953863 838.0
771.8428385070538 833.0
772.094648461445 841.0
772.3464498165532 833.0
772.5982425718955 838.0
772.8500267269885 837.0
773.1018022813494 844.0
773.3535692344948 834.0
773.6053275859415 838.0
773.8570773352067 838.0
774.108818481807 852.0
774.3605510252594 838.0
774.6122749650807 846.0
774.8639903007878 852.0
775.1156970318975 823.0
775.3673951579267 847.0
775.6190846783925 824.0
775.8707655928115 838.0
776.1224379007004 836.0
776.3741016015766 845.0
776.6257566949563 859.0
776.8774031803571 837.0
777.1290410572955 837.0
777.3806703252881 833.0
777.6322909838522 841.0
777.8839030325043 835.0
778.1355064707618 845.0
778.3871012981411 848.0
778.6386875141592 854.0
778.890265118333 833.0
779.1418341101793 848.0
779.3933944892151 829.0
779.6449462549571 829.0
779.8964894069222 841.0
780.1480239446275 839.0
780.3995498675895 849.0
780.6510671753255 829.0
780.9025758673517 842.0
781.1540759431858 854.0
781.4055674023442 840.0
781.6570502443437 848.0
781.9085244687013 837.0
782.159990074934 840.0
782.4114470625585 843.0
782.6628954310918 822.0
782.9143351800503 841.0
783.1657663089516 837.0
783.4171888173119 841.0
783.6686027046486 833.0
783.9200079704783 834.0
784.1714046143178 835.0
784.4227926356843 843.0
784.6741720340941 834.0
784.9255428090647 851.0
785.1769049601126 837.0
785.4282584867548 849.0
785.6796033885082 836.0
785.9309396648893 821.0
786.1822673154155 859.0
786.4335863396033 862.0
786.6848967369698 836.0
786.9361985070317 828.0
787.1874916493058 843.0
787.4387761633094 846.0
787.6900520485588 828.0
787.9413193045713 843.0
788.1925779308636 834.0
788.4438279269523 837.0
788.6950692923548 843.0
788.9463020265875 842.0
789.1975261291677 846.0
789.448741599612 856.0
789.6999484374371 838.0
789.9511466421604 834.0
790.2023362132982 837.0
790.4535171503677 831.0
790.7046894528855 847.0
790.9558531203689 848.0
791.2070081523347 847.0
791.458154548299 839.0
791.7092923077797 840.0
791.9604214302931 836.0
792.2115419153562 832.0
792.462653762486 839.0
792.7137569711989 844.0
792.9648515410123 840.0
793.2159374714428 830.0
793.4670147620074 845.0
793.718083412223 833.0
793.9691434216061 821.0
794.220194789674 857.0
794.4712375159432 843.0
794.722271599931 836.0
794.9732970411541 855.0
795.2243138391292 819.0
795.4753219933733 830.0
795.7263215034031 837.0
795.9773123687357 822.0
796.2282945888878 827.0
796.4792681633767 844.0
796.7302330917187 839.0
796.9811893734307 832.0
797.23213700803 844.0
797.483075995033 834.0
797.7340063339569 833.0
797.9849280243186 854.0
798.2358410656345 844.0
798.4867454574222 833.0
798.7376411991978 840.0
798.9885282904788 845.0
799.2394067307818 836.0
799.4902765196234 838.0
799.741137656521 818.0
799.9919901409909 837.0
800.2428339725506 826.0
800.4936691507165 835.0
800.7444956750055 849.0
800.9953135449347 834.0
801.2461227600207 838.0
801.4969233197808 828.0
801.7477152237312 836.0
801.9984984713894 833.0
802.2492730622722 842.0
802.5000389958959 833.0
802.7507962717781 839.0
803.0015448894349 828.0
803.252284848384 832.0
803.5030161481417 836.0
803.7537387882248 842.0
804.0044527681507 839.0
804.2551580874358 837.0
804.5058547455972 836.0
804.7565427421519 846.0
805.0072220766161 860.0
805.2578927485075 842.0
805.5085547573423 850.0
805.7592081026379 827.0
806.009852783911 852.0
806.2604888006782 841.0
806.5111161524568 837.0
806.7617348387631 834.0
807.0123448591147 839.0
807.2629462130279 835.0
807.5135389000196 838.0
807.7641229196071 836.0
808.0146982713067 861.0
808.2652649546358 838.0
808.5158229691108 835.0
808.7663723142489 837.0
809.016912989567 825.0
809.2674449945815 839.0
809.5179683288098 842.0
809.7684829917686 821.0
810.0189889829746 832.0
810.269486301945 838.0
810.5199749481961 824.0
810.7704549212456 828.0
811.0209262206095 826.0
811.2713888458052 835.0
811.5218427963496 839.0
811.7722880717591 832.0
812.022724671551 844.0
812.2731525952421 829.0
812.5235718423493 837.0
812.7739824123893 833.0
813.0243843048788 821.0
813.2747775193352 818.0
813.5251620552749 830.0
813.7755379122152 846.0
814.0259050896724 844.0
814.276263587164 841.0
814.5266134042064 822.0
814.7769545403165 822.0
815.0272869950115 828.0
815.2776107678079 835.0
815.5279258582229 846.0
815.7782322657732 855.0
816.0285299899754 845.0
816.2788190303468 847.0
816.529099386404 840.0
816.7793710576641 838.0
817.0296340436439 835.0
817.2798883438601 832.0
817.5301339578298 832.0
817.7803708850694 838.0
818.0305991250964 854.0
818.2808186774273 828.0
818.531029541579 834.0
818.7812317170685 827.0
819.0314252034124 818.0
819.281610000128 823.0
819.5317861067317 837.0
819.7819535227408 818.0
820.0321122476719 829.0
820.2822622810417 845.0
820.5324036223675 813.0
820.7825362711658 829.0
821.0326602269538 824.0
821.2827754892483 828.0
821.5328820575656 833.0
821.7829799314234 824.0
822.033069110338 832.0
822.2831495938267 839.0
822.5332213814061 840.0
822.7832844725929 833.0
823.0333388669044 832.0
823.283384563857 821.0
823.533421562968 834.0
823.7834498637541 862.0
824.033469465732 840.0
824.2834803684189 835.0
824.5334825713311 849.0
824.7834760739862 847.0
825.0334608759005 840.0
825.2834369765912 827.0
825.5334043755751 836.0
825.7833630723688 842.0
826.0333130664897 846.0
826.2832543574541 836.0
826.5331869447793 843.0
826.783110827982 858.0
827.0330260065789 842.0
827.2829324800872 833.0
827.5328302480233 841.0
827.7827193099047 832.0
828.032599665248 839.0
828.2824713135695 852.0
828.532334254387 833.0
828.7821884872168 848.0
829.0320340115759 832.0
829.2818708269813 839.0
829.5316989329494 835.0
829.7815183289979 843.0
830.0313290146428 821.0
830.2811309894015 848.0
830.5309242527906 848.0
830.7807088043272 820.0
831.0304846435281 823.0
831.2802517699099 848.0
831.5300101829899 839.0
831.7797598822846 845.0
832.0295008673112 844.0
832.2792331375864 830.0
832.5289566926268 834.0
832.7786715319497 831.0
833.0283776550717 830.0
833.27807506151 827.0
833.5277637507811 825.0
833.7774437224018 841.0
834.0271149758895 841.0
834.2767775107606 834.0
834.526431326532 827.0
834.7760764227208 833.0
835.0257127988438 840.0
835.2753404544177 832.0
835.5249593889594 855.0
835.774569601986 842.0
836.0241710930143 838.0
836.2737638615607 836.0
836.5233479071428 836.0
836.7729232292768 824.0
837.0224898274802 833.0
837.2720477012693 847.0
837.5215968501614 846.0
837.7711372736733 852.0
838.0206689713215 838.0
838.2701919426232 863.0
838.5197061870952 854.0
838.7692117042545 827.0
839.0187084936177 824.0
839.2681965547017 838.0
839.5176758870236 825.0
839.7671464901001 821.0
840.0166083634483 842.0
840.2660615065847 836.0
840.5155059190262 822.0
840.7649416002901 829.0
841.0143685498927 841.0
841.2637867673512 851.0
841.5131962521828 836.0
841.7625970039035 833.0
842.0119890220308 830.0
842.2613723060813 849.0
842.5107468555723 842.0
842.76011267002 852.0
843.0094697489418 852.0
843.2588180918546 844.0
843.5081576982747 817.0
843.7574885677194 838.0
844.0068106997054 838.0
844.25612409375 834.0
844.5054287493696 830.0
844.754724666081 830.0
845.0040118434015 842.0
845.2532902808475 831.0
845.5025599779364 829.0
845.7518209341847 838.0
846.0010731491091 833.0
846.2503166222269 842.0
846.4995513530547 848.0
846.7487773411094 829.0
846.9979945859081 821.0
847.2472030869674 826.0
847.4964028438043 826.0
847.7455938559353 847.0
847.994776122878 830.0
848.2439496441485 833.0
848.4931144192642 828.0
848.7422704477419 836.0
848.9914177290981 832.0
849.2405562628502 830.0
849.4896860485144 845.0
849.7388070856083 827.0
849.9879193736485 839.0
850.2370229121515 837.0
850.4861177006346 846.0
850.7352037386146 829.0
850.9842810256082 834.0
851.2333495611326 840.0
851.482409344704 825.0
851.7314603758401 829.0
851.9805026540571 827.0
852.2295361788724 844.0
852.4785609498026 833.0
852.7275769663643 820.0
852.9765842280748 835.0
853.2255827344507 825.0
853.4745724850093 843.0
853.7235534792667 830.0
853.9725257167406 843.0
854.2214891969475 840.0
854.4704439194039 832.0
854.7193898836274 843.0
854.9683270891342 843.0
855.2172555354416 833.0
855.4661752220665 827.0
855.7150861485252 834.0
855.9639883143353 833.0
856.212881719013 840.0
856.4617663620759 830.0
856.7106422430403 837.0
856.9595093614231 835.0
857.2083677167415 838.0
857.4572173085119 823.0
857.7060581362517 831.0
857.9548901994776 847.0
858.2037134977061 825.0
858.4525280304546 830.0
858.7013337972394 828.0
858.950130797578 830.0
859.1989190309868 834.0
859.4476984969828 821.0
859.696469195083 841.0
859.9452311248039 828.0
860.1939842856627 839.0
860.4427286771763 826.0
860.6914642988615 825.0
860.9401911502351 843.0
861.1889092308139 837.0
861.437618540115 842.0
861.686319077655 846.0
861.935010842951 826.0
862.1836938355198 830.0
862.432368054878 835.0
862.6810335005429 826.0
862.9296901720311 835.0
863.1783380688596 851.0
863.4269771905452 839.0
863.6756075366046 827.0
863.9242291065551 824.0
864.1728418999131 840.0
864.4214459161959 831.0
864.6700411549201 820.0
864.9186276156024 829.0
865.1672052977602 825.0
865.4157742009098 833.0
865.6643343245685 829.0
865.9128856682528 844.0
866.1614282314799 826.0
866.4099620137665 827.0
866.6584870146295 837.0
866.9070032335858 830.0
867.155510670152 827.0
867.4040093238455 832.0
867.6524991941827 836.0
867.9009802806806 832.0
868.1494525828563 842.0
868.3979161002262 838.0
868.6463708323078 836.0
868.8948167786174 825.0
869.1432539386718 830.0
869.3916823119887 832.0
869.6401018980839 828.0
869.8885126964751 833.0
870.1369147066789 832.0
870.3853079282118 818.0
870.6336923605911 838.0
870.8820680033335 839.0
871.1304348559562 840.0
871.3787929179755 835.0
871.6271421889087 836.0
871.8754826682726 852.0
872.1238143555837 830.0
872.3721372503595 836.0
872.6204513521162 823.0
872.8687566603713 823.0
873.1170531746413 831.0
873.365340894443 838.0
873.6136198192935 836.0
873.8618899487094 848.0
874.110151282208 826.0
874.3584038193057 828.0
874.6066475595196 832.0
874.8548825023668 839.0
875.1031086473636 827.0
875.3513259940273 816.0
875.5995345418747 830.0
875.8477342904224 827.0
876.0959252391877 829.0
876.3441073876871 813.0
876.5922807354377 822.0
876.8404452819562 833.0
877.0886010267599 820.0
877.3367479693651 835.0
877.5848861092887 836.0
877.8330154460481 826.0
878.0811359791594 835.0
878.3292477081402 841.0
878.5773506325071 835.0
878.8254447517768 848.0
879.0735300654665 837.0
879.3216065730924 827.0
879.5696742741723 842.0
879.8177331682225 839.0
880.0657832547598 838.0
880.3138245333014 838.0
880.5618570033639 822.0
880.8098806644645 819.0
881.0578955161196 819.0
881.3059015578464 820.0
881.5538987891618 835.0
881.8018872095822 829.0
882.0498668186252 826.0
882.297837615807 840.0
882.5457996006451 847.0
882.7937527726558 828.0
883.041697131356 822.0
883.2896326762632 829.0
883.5375594068934 838.0
883.7854773227642 854.0
884.0333864233922 847.0
884.2812867082938 835.0
884.5291781769868 841.0
884.7770608289871 824.0
885.0249346638125 817.0
885.2727996809792 839.0
885.5206558800041 841.0
885.7685032604046 833.0
886.0163418216969 838.0
886.2641715633982 844.0
886.5119924850256 838.0
886.7598045860955 850.0
887.007607866125 837.0
887.2554023246308 828.0
887.5031879611303 821.0
887.7509647751398 832.0
887.9987327661763 834.0
888.2464919337567 825.0
888.4942422773979 831.0
888.7419837966169 822.0
888.9897164909302 833.0
889.2374403598551 830.0
889.4851554029083 822.0
889.7328616196063 813.0
889.9805590094667 821.0
890.2282475720056 817.0
890.4759273067405 818.0
890.7235982131879 824.0
890.9712602908646 840.0
891.218913539288 834.0
891.4665579579743 814.0
891.7141935464408 824.0
891.9618203042044 854.0
892.2094382307815 826.0
892.4570473256895 838.0
892.7046475884449 837.0
892.9522390185649 829.0
893.1998216155661 838.0
893.4473953789653 823.0
893.6949603082797 830.0
893.9425164030258 830.0
894.1900636627211 832.0
894.4376020868815 833.0
894.6851316750246 826.0
894.9326524266672 824.0
895.1801643413257 828.0
895.4276674185177 840.0
895.6751616577593 826.0
895.922647058568 841.0
896.1701236204603 838.0
896.4175913429531 834.0
896.6650502255636 832.0
896.912500267808 841.0
897.159941469204 841.0
897.4073738292678 829.0
897.6547973475165 834.0
897.9022120234671 829.0
898.1496178566362 847.0
898.3970148465409 832.0
898.644402992698 822.0
898.8917822946241 816.0
899.1391527518367 832.0
899.386514363852 850.0
899.6338671301874 836.0
899.8812110503592 827.0
900.1285461238849 836.0
900.375872350281 816.0
900.6231897290643 828.0
900.8704982597519 836.0
901.1177979418604 829.0
901.3650887749071 841.0
901.6123707584086 813.0
901.8596438918815 833.0
902.106908174843 822.0
902.35416360681 836.0
902.6014101872993 825.0
902.8486479158278 829.0
903.095876791912 817.0
903.3430968150694 826.0
903.5903079848164 841.0
903.83751030067 828.0
904.0847037621473 844.0
904.3318883687646 816.0
904.5790641200394 834.0
904.826231015488 820.0
905.0733890546279 840.0
905.3205382369753 830.0
905.5676785620476 839.0
905.8148100293615 827.0
906.0619326384336 821.0
906.3090463887813 830.0
906.5561512799208 814.0
906.8032473113697 816.0
907.0503344826443 839.0
907.2974127932616 838.0
907.5444822427387 826.0
907.7915428305921 836.0
908.038594556339 833.0
908.2856374194963 816.0
908.5326714195803 824.0
908.7796965561088 839.0
909.0267128285976 833.0
909.2737202365645 825.0
909.520718779526 846.0
909.7677084569985 828.0
910.0146892684998 831.0
910.261661213546 824.0
910.5086242916544 835.0
910.7555785023416 820.0
911.0025238451248 817.0
911.2494603195206 845.0
911.4963879250456 821.0
911.7433066612174 814.0
911.9902165275522 827.0
912.2371175235672 830.0
912.4840096487795 828.0
912.7308929027052 831.0
912.9777672848619 819.0
913.2246327947661 824.0
913.4714894319347 824.0
913.7183371958849 822.0
913.965176086133 818.0
914.2120061021965 845.0
914.4588272435916 835.0
914.7056395098358 836.0
914.9524429004457 837.0
915.1992374149379 826.0
915.4460230528298 833.0
915.6927998136375 820.0
915.9395676968788 830.0
916.1863267020701 832.0
916.4330768287281 832.0
916.67981807637 824.0
916.9265504445123 839.0
917.1732739326723 836.0
917.4199885403666 825.0
917.6666942671121 822.0
917.9133911124259 828.0
918.1600790758242 837.0
918.4067581568248 828.0
918.6534283549438 832.0
918.9000896696987 830.0
919.1467421006058 832.0
919.3933856471822 839.0
919.6400203089449 830.0
919.8866460854103 835.0
920.1332629760961 839.0
920.3798709805186 821.0
920.6264700981943 836.0
920.8730603286409 829.0
921.1196416713748 828.0
921.3662141259131 822.0
921.6127776917724 822.0
921.8593323684695 836.0
922.1058781555217 826.0
922.3524150524454 830.0
922.598943058758 832.0
922.8454621739758 831.0
923.0919723976159 826.0
923.3384737291954 830.0
923.5849661682307 819.0
923.8314497142393 828.0
924.0779243667373 833.0
924.3243901252423 828.0
924.5708469892709 837.0
924.8172949583395 826.0
925.0637340319656 828.0
925.3101642096658 825.0
925.5565854909571 827.0
925.8029978753563 821.0
926.04940136238 840.0
926.2957959515456 827.0
926.5421816423694 833.0
926.7885584343687 835.0
927.0349263270604 832.0
927.281285319961 850.0
927.5276354125876 837.0
927.7739766044568 821.0
928.020308895086 825.0
928.2666322839915 834.0
928.5129467706906 835.0
928.7592523547 819.0
929.0055490355364 840.0
929.2518368127171 836.0
929.4981156857584 850.0
929.7443856541778 816.0
929.9906467174917 827.0
930.2368988752169 814.0
930.4831421268707 832.0
930.7293764719695 826.0
930.9756019100306 834.0
931.2218184405708 826.0
931.4680260631065 837.0
931.7142247771553 836.0
931.9604145822334 826.0
932.2065954778582 845.0
932.4527674635461 817.0
932.6989305388141 849.0
932.9450847031794 838.0
933.1912299561584 824.0
933.4373662972685 819.0
933.6834937260257 841.0
933.929612241948 840.0
934.1757218445516 832.0
934.4218225333533 830.0
934.6679143078701 816.0
934.913997167619 830.0
935.1600711121167 818.0
935.4061361408803 814.0
935.6521922534262 817.0
935.8982394492718 826.0
936.1442777279336 818.0
936.3903070889288 820.0
936.636327531774 819.0
936.882339055986 817.0
937.128341661082 833.0
937.3743353465785 841.0
937.6203201119927 837.0
937.8662959568414 826.0
938.1122628806411 834.0
938.3582208829092 822.0
938.6041699631621 836.0
938.8501101209171 834.0
939.0960413556905 841.0
939.341963667 830.0
939.5878770543618 826.0
939.8337815172929 816.0
940.0796770553103 818.0
940.3255636679306 814.0
940.5714413546712 844.0
940.8173101150486 829.0
941.0631699485793 822.0
941.309020854781 828.0
941.5548628331699 819.0
941.8006958832632 828.0
942.0465200045778 830.0
942.2923351966301 840.0
942.5381414589376 833.0
942.7839387910167 844.0
943.0297271923846 845.0
943.275506662558 828.0
943.5212772010536 825.0
943.7670388073888 820.0
944.0127914810797 834.0
944.2585352216438 826.0
944.504270028598 824.0
944.7499959014584 830.0
944.9957128397427 825.0
945.2414208429674 829.0
945.4871199106495 822.0
945.7328100423057 844.0
945.978491237453 807.0
946.2241634956084 837.0
946.4698268162882 830.0
946.71548119901 838.0
946.9611266432901 841.0
947.2067631486459 819.0
947.4523907145939 836.0
947.6980093406509 823.0
947.943619026334 832.0
948.1892197711599 832.0
948.4348115746456 829.0
948.680394436308 822.0
948.9259683556636 844.0
949.17153333223 816.0
949.4170893655231 837.0
949.6626364550607 824.0
949.9081746003591 832.0
950.1537038009352 848.0
950.3992240563063 824.0
950.6447353659886 847.0
950.8902377294995 840.0
951.1357311463555 832.0
951.381215616074 824.0
951.6266911381715 828.0
951.8721577121647 832.0
952.1176153375708 828.0
952.3630640139064 828.0
952.6085037406887 836.0
952.8539345174344 829.0
953.09935634366 828.0
953.3447692188829 823.0
953.5901731426196 819.0
953.8355681143876 832.0
954.080954133703 835.0
954.326331200083 825.0
954.5716993130445 832.0
954.8170584721041 836.0
955.0624086767792 838.0
955.3077499265863 836.0
955.5530822210421 822.0
955.798405559664 822.0
956.0437199419682 836.0
956.2890253674723 825.0
956.5343218356925 851.0
956.7796093461461 838.0
957.02488789835 830.0
957.2701574918206 828.0
957.5154181260752 822.0
957.7606698006304 812.0
958.0059125150034 822.0
958.2511462687107 808.0
958.4963710612694 824.0
958.7415868921963 822.0
958.9867937610082 833.0
959.2319916672224 837.0
959.4771806103552 823.0
959.7223605899235 825.0
959.9675316054446 825.0
960.2126936564348 843.0
960.4578467424116 845.0
960.7029908628915 829.0
960.9481260173911 829.0
961.193252205428 836.0
961.4383694265184 830.0
961.6834776801796 827.0
961.9285769659282 837.0
962.1736672832812 812.0
962.4187486317555 833.0
962.6638210108677 828.0
962.908884420135 833.0
963.153938859074 836.0
963.3989843272019 841.0
963.6440208240352 838.0
963.889048349091 828.0
964.1340669018862 833.0
964.3790764819373 855.0
964.6240770887617 850.0
964.8690687218761 837.0
965.114051380797 840.0
965.3590250650417 843.0
965.6039897741268 820.0
965.8489455075695 818.0
966.0938922648864 844.0
966.3388300455941 827.0
966.5837588492103 844.0
966.8286786752509 827.0
967.0735895232334 833.0
967.3184913926743 832.0
967.5633842830911 819.0
967.808268194 820.0
968.0531431249179 839.0
968.2980090753622 828.0
968.5428660448491 839.0
968.7877140328961 825.0
969.0325530390197 849.0
969.2773830627367 843.0
969.5222041035643 823.0
969.7670161610189 841.0
970.0118192346179 811.0
970.2566133238779 833.0
970.5013984283155 837.0
970.746174547448 825.0
970.990941680792 817.0
971.2356998278649 841.0
971.480448988183 861.0
971.725189161263 849.0
971.9699203466223 833.0
972.2146425437775 813.0
972.4593557522456 836.0
972.7040599715434 831.0
972.9487552011876 849.0
973.1934414406954 830.0
973.4381186895833 823.0
973.6827869473685 838.0
973.9274462135677 814.0
974.1720964876979 832.0
974.4167377692759 832.0
974.6613700578182 833.0
974.9059933528424 821.0
975.1506076538647 838.0
975.3952129604023 839.0
975.6398092719721 846.0
975.8843965880908 818.0
976.1289749082755 813.0
976.3735442320426 814.0
976.6181045589096 817.0
976.862655888393 824.0
977.1071982200094 830.0
977.3517315532764 845.0
977.5962558877101 822.0
977.840771222828 812.0
978.0852775581467 832.0
978.3297748931827 827.0
978.5742632274536 828.0
978.8187425604756 819.0
979.063212891766 814.0
979.3076742208415 827.0
979.5521265472191 846.0
979.7965698704156 840.0
980.0410041899477 824.0
980.2854295053326 821.0
980.5298458160865 819.0
980.7742531217272 826.0
981.0186514217711 831.0
981.2630407157347 818.0
981.5074210031356 827.0
981.7517922834901 819.0
981.9961545563154 826.0
982.2405078211283 837.0
982.4848520774455 830.0
982.729187324784 835.0
982.9735135626606 829.0
983.2178307905924 841.0
983.4621390080961 832.0
983.7064382146882 833.0
983.9507284098863 841.0
984.1950095932067 834.0
984.4392817641666 840.0
984.6835449222825 824.0
984.9277990670716 825.0
985.1720441980509 826.0
985.4162803147366 839.0
985.6605074166464 820.0
985.9047255032964 825.0
986.1489345742042 848.0
986.3931346288863 825.0
986.6373256668593 815.0
986.8815076876406 824.0
987.1256806907464 830.0
987.3698446756944 824.0
987.613999642001 839.0
987.8581455891829 832.0
988.1022825167574 832.0
988.3464104242408 830.0
988.5905293111508 832.0
988.8346391770036 817.0
989.0787400213161 843.0
989.3228318436055 842.0
989.5669146433884 830.0
989.8109884201817 837.0
990.0550531735024 827.0
990.2991089028674 820.0
990.5431556077934 819.0
990.7871932877973 824.0
991.031221942396 840.0
991.2752415711062 825.0
991.5192521734452 845.0
991.7632537489297 835.0
992.0072462970761 829.0
992.251229817402 812.0
992.4952043094236 830.0
992.7391697726582 822.0
992.9831262066227 843.0
993.2270736108336 852.0
993.4710119848082 830.0
993.7149413280629 821.0
993.958861640115 833.0
994.2027729204812 830.0
994.4466751686781 846.0
994.6905683842231 835.0
994.9344525666326 837.0
995.1783277154237 825.0
995.4221938301132 845.0
995.6660509102181 846.0
995.9098989552552 831.0
996.1537379647411 834.0
996.3975679381932 839.0
996.6413888751279 835.0
996.8852007750622 833.0
997.1290036375133 842.0
997.3727974619973 836.0
997.6165822480319 834.0
997.8603579951333 821.0
998.104124702819 834.0
998.3478823706055 825.0
998.5916309980095 837.0
998.8353705845483 835.0
999.0791011297383 823.0
999.3228226330968 825.0
999.5665350941406 832.0
999.8102385123861 823.0
1000.0539328873509 832.0
1000.2976182185512 842.0
1000.5412945055043 834.0
1000.7849617477269 847.0
1001.0286199447357 845.0
1001.2722690960481 844.0
1001.5159092011804 838.0
1001.75954025965 838.0
1002.003162270973 842.0
1002.246775234667 845.0
1002.4903791502487 842.0
1002.7339740172346 829.0
1002.9775598351421 838.0
1003.2211366034876 825.0
1003.4647043217884 828.0
1003.7082629895611 815.0
1003.9518126063224 832.0
1004.1953531715895 829.0
1004.4388846848791 826.0
1004.6824071457083 829.0
1004.9259205535938 824.0
1005.1694249080521 844.0
1005.4129202086007 828.0
1005.6564064547559 835.0
1005.8998836460353 813.0
1006.1433517819551 835.0
1006.3868108620323 827.0
1006.6302608857841 832.0
1006.8737018527269 817.0
1007.1171337623779 849.0
1007.3605566142537 837.0
1007.6039704078715 829.0
1007.8473751427481 826.0
1008.0907708184001 821.0
1008.3341574343445 843.0
1008.5775349900982 843.0
1008.8209034851784 835.0
1009.0642629191013 833.0
1009.3076132913841 842.0
1009.5509546015439 838.0
1009.7942868490973 827.0
1010.0376100335611 825.0
1010.2809241544525 824.0
1010.5242292112879 840.0
1010.7675252035845 830.0
1011.010812130859 835.0
1011.2540899926286 825.0
1011.4973587884098 835.0
1011.7406185177194 832.0
1011.9838691800747 838.0
1012.2271107749921 842.0
1012.470343301989 830.0
1012.7135667605817 824.0
1012.9567811502875 835.0
1013.1999864706231 821.0
1013.4431827211052 844.0
1013.686369901251 840.0
1013.929548010577 830.0
1014.1727170486006 819.0
1014.4158770148383 823.0
1014.6590279088067 823.0
1014.9021697300233 836.0
1015.1453024780044 832.0
1015.3884261522674 845.0
1015.6315407523286 821.0
1015.8746462777051 837.0
1016.1177427279141 843.0
1016.3608301024719 829.0
1016.603908400896 840.0
1016.8469776227028 843.0
1017.0900377674091 836.0
1017.3330888345322 846.0
1017.5761308235883 840.0
1017.8191637340951 825.0
1018.0621875655689 832.0
1018.3052023175269 826.0
1018.5482079894858 828.0
1018.7912045809622 844.0
1019.0341920914735 842.0
1019.2771705205361 827.0
1019.5201398676672 829.0
1019.7631001323837 830.0
1020.006051314202 832.0
1020.2489934126395 827.0
1020.4919264272125 821.0
1020.7348503574386 823.0
1020.9777652028342 833.0
1021.2206709629161 834.0
1021.4635676372014 863.0
1021.7064552252067 855.0
1021.9493337264495 832.0
1022.1922031404459 846.0
1022.4350634667132 844.0
1022.6779147047681 833.0
1022.9207568541273 829.0
1023.1635899143083 832.0
1023.4064138848273 833.0
1023.6492287652015 838.0
1023.8920345549478 820.0
1024.134831253583 816.0
1024.377618860624 824.0
1024.6203973755871 828.0
1024.8631667979898 821.0
1025.1059271273493 838.0
1025.3486783631818 830.0
1025.5914205050044 830.0
1025.8341535523336 829.0
1026.076877504687 838.0
1026.3195923615808 838.0
1026.5622981225324 831.0
1026.8049947870584 822.0
1027.0476823546753 838.0
1027.2903608249007 834.0
1027.5330301972513 834.0
1027.7756904712435 811.0
1028.0183416463947 844.0
1028.260983722221 832.0
1028.5036166982402 823.0
1028.7462405739689 838.0
1028.9888553489234 837.0
1029.2314610226213 833.0
1029.474057594579 829.0
1029.7166450643138 816.0
1029.9592234313418 841.0
1030.2017926951808 847.0
1030.4443528553472 839.0
1030.6869039113576 824.0
1030.9294458627296 828.0
1031.1719787089794 838.0
1031.414502449624 832.0
1031.6570170841808 829.0
1031.8995226121658 848.0
1032.1420190330966 828.0
1032.3845063464896 835.0
1032.6269845518618 832.0
1032.8694536487305 829.0
1033.111913636612 832.0
1033.3543645150232 833.0
1033.596806283481 821.0
1033.8392389415026 821.0
1034.081662488605 839.0
1034.324076924304 822.0
1034.566482248118 830.0
1034.8088784595625 841.0
1035.0512655581551 847.0
1035.2936435434124 843.0
1035.5360124148515 827.0
1035.778372171989 833.0
1036.020722814342 824.0
1036.2630643414275 829.0
1036.5053967527615 843.0
1036.7477200478622 826.0
1036.9900342262456 826.0
1037.2323392874284 825.0
1037.4746352309282 843.0
1037.7169220562612 829.0
1037.9591997629448 841.0
1038.2014683504956 827.0
1038.4437278184303 821.0
1038.685978166266 829.0
1038.9282193935196 824.0
1039.170451499708 832.0
1039.4126744843477 827.0
1039.6548883469559 829.0
1039.8970930870496 834.0
1040.1392887041452 830.0
1040.3814751977598 840.0
1040.6236525674105 838.0
1040.8658208126137 834.0
1041.107979932887 827.0
1041.3501299277466 828.0
1041.5922707967095 840.0
1041.8344025392926 836.0
1042.0765251550129 828.0
1042.3186386433872 849.0
1042.5607430039322 842.0
1042.802838236165 834.0
1043.0449243396022 841.0
1043.2870013137613 846.0
1043.5290691581586 834.0
1043.7711278723107 835.0
1044.013177455735 832.0
1044.2552179079482 840.0
1044.4972492284676 830.0
1044.7392714168093 826.0
1044.9812844724902 828.0
1045.223288395028 828.0
1045.4652831839387 828.0
1045.70726883874 827.0
1045.949245358948 841.0
1046.1912127440798 836.0
1046.4331709936528 841.0
1046.675120107183 841.0
1046.9170600841878 839.0
1047.1589909241836 829.0
1047.400912626688 840.0
1047.6428251912175 843.0
1047.8847286172886 833.0
1048.1266229044188 821.0
1048.3685080521243 826.0
1048.6103840599228 842.0
1048.8522509273307 833.0
1049.0941086538646 832.0
1049.3359572390418 851.0
1049.577796682379 816.0
1049.819626983393 812.0
1050.061448141601 829.0
1050.3032601565194 842.0
1050.5450630276655 837.0
1050.7868567545556 834.0
1051.0286413367073 828.0
1051.270416773637 816.0
1051.5121830648616 828.0
1051.7539402098982 819.0
1051.9956882082631 838.0
1052.237427059474 821.0
1052.479156763047 828.0
1052.7208773184996 837.0
1052.9625887253483 821.0
1053.2042909831098 827.0
1053.4459840913016 837.0
1053.6876680494397 828.0
1053.929342857042 822.0
1054.1710085136244 828.0
1054.4126650187043 838.0
1054.6543123717986 815.0
1054.8959505724238 833.0
1055.1375796200969 824.0
1055.3791995143351 820.0
1055.620810254655 845.0
1055.8624118405735 844.0
1056.1040042716074 839.0
1056.3455875472737 829.0
1056.5871616670893 834.0
1056.8287266305706 833.0
1057.070282437235 849.0
1057.3118290865991 839.0
1057.5533665781802 834.0
1057.7948949114943 832.0
1058.0364140860593 846.0
1058.2779241013916 828.0
1058.5194249570077 826.0
1058.760916652425 824.0
1059.0023991871599 819.0
1059.24387256073 834.0
1059.4853367726514 832.0
1059.7267918224413 822.0
1059.968237709617 830.0
1060.2096744336943 838.0
1060.451101994191 820.0
1060.6925203906237 828.0
1060.933929622509 836.0
1061.1753296893642 841.0
1061.4167205907056 836.0
1061.6581023260508 831.0
1061.8994748949162 841.0
1062.1408382968189 819.0
1062.3821925312755 840.0
1062.6235375978026 824.0
1062.8648734959181 833.0
1063.1062002251376 827.0
1063.3475177849793 838.0
1063.588826174959 832.0
1063.830125394594 828.0
1064.0714154434013 822.0
1064.312696320897 806.0
1064.553968026599 836.0
1064.7952305600238 824.0
1065.036483920688 833.0
1065.2777281081087 849.0
1065.5189631218025 837.0
1065.7601889612868 833.0
1066.001405626078 841.0
1066.2426131156928 834.0
1066.4838114296492 834.0
1066.7250005674625 835.0
1066.9661805286507 830.0
1067.2073513127305 847.0
1067.4485129192178 823.0
1067.689665347631 829.0
1067.9308085974856 835.0
1068.1719426682996 826.0
1068.413067559589 823.0
1068.654183270871 813.0
1068.8952898016628 840.0
1069.1363871514804 830.0
1069.3774753198418 832.0
1069.618554306263 817.0
1069.8596241102612 829.0
1070.100684731353 825.0
1070.3417361690556 825.0
1070.582778422886 838.0
1070.8238114923604 837.0
1071.0648353769964 836.0
1071.3058500763104 838.0
1071.5468555898192 844.0
1071.7878519170404 830.0
1072.02883905749 812.0
1072.2698170106853 834.0
1072.5107857761434 828.0
1072.75174535338 837.0
1072.9926957419138 827.0
1073.23363694126 836.0
1073.4745689509368 821.0
1073.7154917704597 833.0
1073.9564053993467 834.0
1074.1973098371145 820.0
1074.4382050832794 832.0
1074.6790911373587 837.0
1074.9199679988692 841.0
1075.1608356673278 832.0
1075.4016941422512 825.0
1075.6425434231562 831.0
1075.8833835095604 830.0
1076.1242144009796 840.0
1076.3650360969316 825.0
1076.6058485969324 819.0
1076.8466519004996 836.0
1077.0874460071498 832.0
1077.3282309163997 840.0
1077.5690066277664 820.0
1077.8097731407665 818.0
1078.0505304549172 822.0
1078.2912785697354 839.0
1078.5320174847377 830.0
1078.772747199441 832.0
1079.0134677133622 811.0
1079.2541790260184 824.0
1079.4948811369263 836.0
1079.7355740456023 829.0
1079.9762577515642 813.0
1080.2169322543277 824.0
1080.4575975534112 813.0
1080.6982536483301 833.0
1080.9389005386022 834.0
1081.179538223744 837.0
1081.4201667032721 836.0
1081.6607859767041 827.0
1081.9013960435564 816.0
1082.1419969033457 822.0
1082.382588555589 817.0
1082.6231709998035 829.0
1082.863744235506 840.0
1083.104308262213 856.0
1083.3448630794412 830.0
1083.5854086867082 817.0
1083.8259450835303 837.0
1084.0664722694248 830.0
1084.306990243908 814.0
1084.5474990064974 840.0
1084.7879985567097 831.0
1085.0284888940612 832.0
1085.2689700180695 829.0
1085.509441928251 827.0
1085.749904624123 832.0
1085.990358105202 838.0
1086.2308023710048 825.0
1086.4712374210485 833.0
1086.71166325485 836.0
1086.9520798719261 833.0
1087.1924872717937 846.0
1087.4328854539694 846.0
1087.6732744179706 830.0
1087.9136541633134 821.0
1088.1540246895156 843.0
1088.3943859960934 836.0
1088.6347380825637 833.0
1088.8750809484436 833.0
1089.1154145932499 827.0
1089.3557390164995 812.0
1089.5960542177095 844.0
1089.836360196396 827.0
1090.0766569520767 837.0
1090.3169444842679 835.0
1090.557222792487 834.0
1090.7974918762502 823.0
1091.037751735075 842.0
1091.2780023684782 828.0
1091.518243775976 828.0
1091.7584759570861 826.0
1091.9986989113247 826.0
1092.2389126382093 819.0
1092.4791171372563 826.0
1092.7193124079827 849.0
1092.9594984499054 828.0
1093.1996752625412 819.0
1093.4398428454072 833.0
1093.68000119802 812.0
1093.9201503198965 828.0
1094.1602902105537 816.0
1094.4004208695083 838.0
1094.6405422962773 834.0
1094.8806544903778 841.0
1095.120757451326 826.0
1095.3608511786392 818.0
1095.6009356718341 818.0
1095.8410109304282 826.0
1096.0810769539376 810.0
1096.3211337418795 830.0
1096.5611812937707 825.0
1096.8012196091279 826.0
1097.0412486874682 816.0
1097.2812685283084 821.0
1097.5212791311658 823.0
1097.7612804955563 836.0
1098.0012726209975 834.0
1098.2412555070064 821.0
1098.4812291530989 833.0
1098.721193558793 830.0
1098.961148723605 807.0
1099.2010946470518 831.0
1099.4410313286503 832.0
1099.6809587679172 818.0
1099.92087696437 825.0
1100.1607859175251 821.0
1100.400685626899 820.0
1100.640576092009 828.0
1100.880457312372 837.0
1101.1203292875052 835.0
1101.3601920169247 833.0
1101.6000455001479 843.0
1101.8398897366915 826.0
1102.079724726072 831.0
1102.3195504678072 830.0
1102.559366961413 827.0
1102.7991742064069 840.0
1103.0389722023056 825.0
1103.2787609486254 815.0
1103.5185404448844 826.0
1103.7583106905984 844.0
1103.9980716852845 825.0
1104.23782342846 825.0
1104.4775659196412 845.0
1104.7172991583454 824.0
1104.9570231440887 832.0
1105.1967378763893 813.0
1105.436443354763 834.0
1105.6761395787273 840.0
1105.9158265477986 840.0
1106.1555042614937 836.0
1106.3951727193298 836.0
1106.6348319208234 837.0
1106.8744818654923 824.0
1107.1141225528525 825.0
1107.3537539824208 832.0
1107.5933761537144 825.0
1107.8329890662503 823.0
1108.072592719545 822.0
1108.3121871131157 828.0
1108.551772246479 814.0
1108.7913481191517 818.0
1109.030914730651 843.0
1109.2704720804938 819.0
1109.5100201681967 812.0
1109.7495589932764 823.0
1109.9890885552504 819.0
1110.2286088536348 826.0
1110.4681198879473 818.0
1110.707621657704 828.0
1110.9471141624224 821.0
1111.1865974016187 815.0
1111.4260713748101 830.0
1111.665536081514 825.0
1111.9049915212463 845.0
1112.1444376935244 833.0
1112.3838745978653 834.0
1112.6233022337854 830.0
1112.8627206008023 833.0
1113.102129698432 825.0
1113.3415295261918 816.0
1113.5809200835986 815.0
1113.820301370169 813.0
1114.0596733854206 828.0
1114.2990361288694 832.0
1114.5383896000326 840.0
1114.7777337984273 835.0
1115.0170687235698 824.0
1115.2563943749778 831.0
1115.4957107521673 816.0
1115.7350178546556 827.0
1115.9743156819598 818.0
1116.213604233596 825.0
1116.452883509082 825.0
1116.692153507934 821.0
1116.9314142296694 813.0
1117.1706656738045 829.0
1117.4099078398563 821.0
1117.6491407273422 826.0
1117.8883643357783 833.0
1118.1275786646822 833.0
1118.36678371357 809.0
1118.6059794819594 841.0
1118.8451659693665 820.0
1119.0843431753085 822.0
1119.3235110993026 832.0
1119.5626697408647 827.0
1119.8018190995128 822.0
1120.0409591747637 828.0
1120.2800899661331 824.0
1120.519211473139 823.0
1120.7583236952978 835.0
1120.9974266321262 814.0
1121.236520283142 829.0
1121.4756046478608 832.0
1121.7146797258001 831.0
1121.9537455164768 825.0
1122.192802019408 822.0
1122.4318492341101 828.0
1122.6708871601 828.0
1122.909915796895 821.0
1123.1489351440111 816.0
1123.3879452009662 815.0
1123.6269459672762 837.0
1123.865937442459 840.0
1124.1049196260308 842.0
1124.3438925175087 830.0
