139HR4000 spectrum
Wavelength [nm] // Intensity [u.a.] 
194.93414 834.0
195.2037815346219 770.0
195.47341553816543 786.0
195.74304201014752 785.0
196.012660950085 823.0
196.28227235749478 834.0
196.55187623189366 837.0
196.82147257279857 814.0
197.09106137972637 840.0
197.36064265219392 833.0
197.63021638971804 834.0
197.89978259181567 841.0
198.16934125800364 826.0
198.43889238779886 838.0
198.7084359807181 849.0
198.97797203627835 843.0
199.2475005539964 824.0
199.51702153338914 844.0
199.78653497397343 837.0
200.05604087526618 839.0
200.3255392367842 838.0
200.59503005804436 827.0
200.8645133385636 847.0
201.1339890778587 852.0
201.4034572754466 847.0
201.67291793084408 844.0
201.94237104356813 836.0
202.21181661313554 830.0
202.48125463906314 837.0
202.7506851208679 850.0
203.02010805806663 853.0
203.28952345017618 851.0
203.55893129671344 841.0
203.8283315971953 850.0
204.0977243511386 843.0
204.3671095580602 847.0
204.636487217477 836.0
204.90585732890585 852.0
205.17521989186366 829.0
205.44457490586717 842.0
205.7139223704334 845.0
205.98326228507918 842.0
206.2525946493213 847.0
206.5219194626767 857.0
206.79123672466224 840.0
207.06054643479476 847.0
207.32984859259116 833.0
207.59914319756828 825.0
207.86843024924303 855.0
208.13770974713225 843.0
208.40698169075276 835.0
208.6762460796215 837.0
208.94550291325532 833.0
209.2147521911711 842.0
209.48399391288567 839.0
209.75322807791594 859.0
210.02245468577874 831.0
210.29167373599094 846.0
210.56088522806942 848.0
210.83008916153108 853.0
211.09928553589276 836.0
211.3684743506713 826.0
211.63765560538363 858.0
211.9068292995466 845.0
212.175995432677 824.0
212.44515400429182 835.0
212.71430501390782 847.0
212.98344846104192 842.0
213.25258434521103 836.0
213.52171266593191 854.0
213.79083342272153 849.0
214.05994661509675 848.0
214.3290522425744 833.0
214.5981503046713 845.0
214.8672408009044 848.0
215.13632373079054 853.0
215.4053990938466 841.0
215.6744668895894 828.0
215.94352711753592 862.0
216.21257977720293 841.0
216.48162486810728 836.0
216.7506623897659 837.0
217.01969234169565 834.0
217.2887147234134 825.0
217.55772953443596 834.0
217.82673677428028 848.0
218.0957364424632 821.0
218.36472853850154 826.0
218.6337130619122 835.0
218.9026900122121 840.0
219.17165938891804 843.0
219.4406211915469 839.0
219.70957541961562 853.0
219.97852207264097 836.0
220.24746115013983 838.0
220.5163926516291 841.0
220.78531657662566 854.0
221.05423292464639 839.0
221.32314169520808 813.0
221.59204288782766 828.0
221.860936502022 828.0
222.12982253730797 827.0
222.39870099320237 817.0
222.66757186922214 827.0
222.93643516488416 853.0
223.20529087970525 846.0
223.47413901320226 856.0
223.74297956489212 843.0
224.01181253429166 858.0
224.28063792091777 854.0
224.5494557242873 851.0
224.8182659439171 837.0
225.08706857932413 843.0
225.35586363002508 826.0
225.62465109553705 841.0
225.89343097537673 839.0
226.16220326906105 858.0
226.43096797610687 852.0
226.69972509603105 839.0
226.9684746283505 850.0
227.237216572582 844.0
227.50595092824256 849.0
227.7746776948489 844.0
228.04339687191796 840.0
228.31210845896663 862.0
228.5808124555117 846.0
228.84950886107015 838.0
229.11819767515877 841.0
229.38687889729442 838.0
229.65555252699397 827.0
229.92421856377433 853.0
230.1928770071524 839.0
230.46152785664492 834.0
230.73017111176884 844.0
230.99880677204106 833.0
231.26743483697837 830.0
231.53605530609772 845.0
231.8046681789159 837.0
232.07327345494983 848.0
232.34187113371638 827.0
232.61046121473237 828.0
232.87904369751473 843.0
233.14761858158028 851.0
233.41618586644586 853.0
233.68474555162845 861.0
233.95329763664483 854.0
234.2218421210119 840.0
234.49037900424648 853.0
234.7589082858655 832.0
235.02742996538583 840.0
235.29594404232427 848.0
235.56445051619772 842.0
235.8329493865231 835.0
236.10144065281722 842.0
236.36992431459691 847.0
236.63840037137916 833.0
236.9068688226808 837.0
237.1753296680186 844.0
237.44378290690955 833.0
237.7122285388704 846.0
237.9806665634181 848.0
238.24909698006957 844.0
238.51751978834153 839.0
238.78593498775095 855.0
239.0543425778147 834.0
239.32274255804958 843.0
239.59113492797255 849.0
239.8595196871004 848.0
240.12789683495004 847.0
240.3962663710383 822.0
240.66462829488208 829.0
240.93298260599826 848.0
241.2013293039037 829.0
241.46966838811522 853.0
241.73799985814978 843.0
242.00632371352418 837.0
242.27463995375527 852.0
242.54294857835998 841.0
242.81124958685515 829.0
243.07954297875764 846.0
243.34782875358434 829.0
243.61610691085207 838.0
243.88437745007772 850.0
244.15264037077822 848.0
244.42089567247035 854.0
244.68914335467105 855.0
244.95738341689716 843.0
245.2256158586655 842.0
245.493840679493 848.0
245.76205787889654 861.0
246.03026745639292 836.0
246.29846941149904 826.0
246.5666637437318 847.0
246.834850452608 857.0
247.1030295376446 858.0
247.37120099835838 829.0
247.63936483426627 853.0
247.9075210448851 838.0
248.17566962973177 836.0
248.4438105883231 843.0
248.71194392017603 833.0
248.98006962480733 841.0
249.248187701734 863.0
249.51629815047275 844.0
249.78440097054056 834.0
250.05249616145431 840.0
250.32058372273076 848.0
250.5886636538869 858.0
250.85673595443953 851.0
251.12480062390551 849.0
251.39285766180177 840.0
251.6609070676451 847.0
251.92894884095242 830.0
252.19698298124058 847.0
252.46500948802645 826.0
252.73302836082692 838.0
253.00103959915882 848.0
253.26904320253902 848.0
253.53703917048443 849.0
253.80502750251188 829.0
254.07300819813827 856.0
254.34098125688044 850.0
254.60894667825525 851.0
254.87690446177962 849.0
255.14485460697037 852.0
255.41279711334434 851.0
255.6807319804185 844.0
255.94865920770962 847.0
256.2165787947346 859.0
256.48449074101035 850.0
256.75239504605366 825.0
257.02029170938147 837.0
257.28818073051065 854.0
257.556062108958 845.0
257.8239358442404 846.0
258.0918019358748 854.0
258.35966038337796 853.0
258.6275111862668 847.0
258.8953543440582 843.0
259.163189856269 845.0
259.4310177224162 838.0
259.6988379420164 838.0
259.9666505145867 826.0
260.23445543964385 877.0
260.50225271670473 852.0
260.77004234528624 833.0
261.03782432490533 831.0
261.3055986550787 836.0
261.5733653353234 830.0
261.8411243651561 855.0
262.1088757440937 850.0
262.37661947165327 834.0
262.6443555473515 840.0
262.9120839707053 831.0
263.1798047412315 837.0
263.44751785844704 843.0
263.7152233218687 844.0
263.98292113101354 823.0
264.2506112853982 851.0
264.51829378453965 840.0
264.7859686279547 839.0
265.05363581516025 850.0
265.32129534567326 841.0
265.5889472190105 838.0
265.8565914346889 836.0
266.1242279922252 840.0
266.39185689113634 826.0
266.65947813093925 839.0
266.9270917111508 848.0
267.19469763128774 839.0
267.46229589086704 844.0
267.72988648940554 832.0
267.9974694264201 849.0
268.2650447014276 842.0
268.53261231394487 854.0
268.80017226348883 852.0
269.0677245495763 848.0
269.3352691717242 851.0
269.60280612944933 858.0
269.8703354222686 833.0
270.13785704969894 844.0
270.40537101125716 833.0
270.67287730646007 845.0
270.9403759348246 851.0
271.2078668958677 846.0
271.47535018910605 846.0
271.7428258140567 845.0
272.01029377023633 844.0
272.2777540571619 832.0
272.5452066743504 851.0
272.81265162131854 837.0
273.08008889758327 825.0
273.34751850266144 830.0
273.6149404360698 850.0
273.8823546973254 833.0
274.1497612859451 826.0
274.4171602014456 836.0
274.6845514433439 837.0
274.95193501115676 855.0
275.2193109044012 830.0
275.486679122594 835.0
275.7540396652521 846.0
276.02139253189216 834.0
276.2887377220313 853.0
276.55607523518626 841.0
276.82340507087395 833.0
277.09072722861123 835.0
277.3580417079149 846.0
277.62534850830195 849.0
277.8926476292892 841.0
278.1599390703934 859.0
278.4272228311316 839.0
278.69449891102056 859.0
278.96176730957717 836.0
279.22902802631836 855.0
279.4962810607609 833.0
279.76352641242164 844.0
280.0307640808177 851.0
280.29799406546556 849.0
280.5652163658824 845.0
280.8324309815849 835.0
281.09963791209003 852.0
281.3668371569146 823.0
281.6340287155756 847.0
281.9012125875897 840.0
282.168388772474 846.0
282.4355572697452 856.0
282.7027180789201 848.0
282.9698711995158 851.0
283.23701663104896 831.0
283.50415437303667 837.0
283.77128442499554 840.0
284.0384067864426 849.0
284.3055214568946 843.0
284.57262843586864 836.0
284.8397277228814 843.0
285.1068193174497 863.0
285.37390321909055 843.0
285.6409794273207 861.0
285.9080479416572 839.0
286.1751087616167 845.0
286.4421618867162 850.0
286.7092073164725 832.0
286.9762450504025 837.0
287.24327508802315 839.0
287.5102974288511 833.0
287.77731207240345 845.0
288.04431901819703 849.0
288.3113182657485 836.0
288.578309814575 838.0
288.84529366419326 845.0
289.1122698141201 823.0
289.37923826387254 837.0
289.6461990129674 839.0
289.91315206092133 853.0
290.18009740725154 837.0
290.44703505147464 834.0
290.7139649931077 841.0
290.98088723166734 814.0
291.24780176667065 827.0
291.5147085976344 836.0
291.78160772407557 843.0
292.04849914551085 846.0
292.3153828614572 831.0
292.58225887143146 834.0
292.8491271749505 844.0
293.1159877715313 830.0
293.3828406606906 842.0
293.6496858419453 838.0
293.9165233148123 844.0
294.1833530788084 846.0
294.4501751334505 854.0
294.71698947825547 842.0
294.9837961127402 839.0
295.2505950364216 824.0
295.5173862488164 834.0
295.78416974944156 845.0
296.050945537814 848.0
296.31771361345045 837.0
296.584473975868 845.0
296.8512266245832 852.0
297.11797155911313 838.0
297.38470877897464 852.0
297.6514382836846 841.0
297.9181600727598 843.0
298.18487414571723 845.0
298.4515805020736 843.0
298.71827914134593 850.0
298.9849700630511 835.0
299.2516532667058 848.0
299.518328751827 839.0
299.78499651793163 826.0
300.0516565645365 828.0
300.3183088911584 838.0
300.58495349731436 830.0
300.8515903825211 833.0
301.1182195462956 846.0
301.3848409881546 837.0
301.65145470761513 834.0
301.91806070419403 836.0
302.184658977408 838.0
302.4512495267741 844.0
302.7178323518091 827.0
302.9844074520298 837.0
303.2509748269532 839.0
303.5175344760962 829.0
303.78408639897555 857.0
304.0506305951082 849.0
304.31716706401096 854.0
304.58369580520065 842.0
304.8502168181943 835.0
305.1167301025086 830.0
305.3832356576606 841.0
305.649733483167 849.0
305.9162235785447 854.0
306.1827059433106 858.0
306.4491805769817 838.0
306.7156474790747 834.0
306.98210664910647 854.0
307.2485580865939 842.0
307.5150017910539 841.0
307.7814377620034 844.0
308.0478659989591 850.0
308.31428650143795 831.0
308.58069926895683 845.0
308.8471043010326 848.0
309.1135015971821 838.0
309.37989115692227 840.0
309.6462729797699 838.0
309.91264706524197 847.0
310.1790134128551 840.0
310.4453720221265 841.0
310.71172289257277 844.0
310.97806602371094 842.0
311.2444014150577 854.0
311.5107290661301 845.0
311.777048976445 833.0
312.04336114551904 830.0
312.30966557286945 858.0
312.5759622580128 848.0
312.8422512004661 818.0
313.1085323997461 848.0
313.3748058553698 826.0
313.641071566854 831.0
313.90732953371554 836.0
314.17357975547145 836.0
314.4398222316384 839.0
314.70605696173334 858.0
314.9722839452731 854.0
315.23850318177466 852.0
315.50471467075477 846.0
315.7709184117303 853.0
316.0371144042182 841.0
316.3033026477353 836.0
316.56948314179846 829.0
316.8356558859246 830.0
317.1018208796305 837.0
317.36797812243304 839.0
317.6341276138491 835.0
317.90026935339563 853.0
318.1664033405894 843.0
318.4325295749473 838.0
318.6986480559862 843.0
318.96475878322303 844.0
319.2308617561746 843.0
319.4969569743577 841.0
319.76304443728935 830.0
320.0291241444864 848.0
320.2951960954656 839.0
320.5612602897438 849.0
320.82731672683815 836.0
321.0933654062652 834.0
321.359406327542 836.0
321.6254394901853 851.0
321.891464893712 843.0
322.157482537639 852.0
322.4234924214832 834.0
322.68949454476143 840.0
322.95548890699064 846.0
323.2214755076875 837.0
323.487454346369 831.0
323.753425422552 844.0
324.01938873575347 826.0
324.2853442854901 838.0
324.55129207127885 868.0
324.8172320926366 842.0
325.08316434908016 841.0
325.34908884012646 842.0
325.61500556529234 828.0
325.8809145240947 844.0
326.14681571605024 825.0
326.4127091406761 854.0
326.6785947974889 853.0
326.9444726860058 853.0
327.2103428057433 833.0
327.47620515621855 835.0
327.74205973694836 837.0
328.00790654744947 838.0
328.2737455872389 834.0
328.5395768558335 842.0
328.80540035275004 831.0
329.0712160775054 836.0
329.33702402961654 850.0
329.6028242086002 849.0
329.86861661397353 845.0
330.13440124525306 842.0
330.4001781019559 848.0
330.66594718359863 838.0
330.9317084896984 836.0
331.19746201977205 822.0
331.46320777333636 837.0
331.7289457499082 847.0
331.9946759490044 843.0
332.2603983701419 834.0
332.5261130128375 829.0
332.79181987660826 822.0
333.05751896097087 832.0
333.3232102654422 824.0
333.58889378953916 809.0
333.85456953277856 830.0
334.1202374946774 841.0
334.38589767475247 837.0
334.6515500725206 840.0
334.9171946874987 847.0
335.18283151920355 837.0
335.4484605671522 840.0
335.7140818308614 847.0
335.97969530984807 841.0
336.245301003629 830.0
336.51089891172114 836.0
336.77648903364127 824.0
337.04207136890636 837.0
337.30764591703326 843.0
337.5732126775387 823.0
337.83877164993976 852.0
338.10432283375314 834.0
338.36986622849577 824.0
338.63540183368457 827.0
338.9009296488363 846.0
339.16644967346787 835.0
339.4319619070962 843.0
339.6974663492381 841.0
339.9629629994105 843.0
340.22845185713027 853.0
340.4939329219141 831.0
340.75940619327906 837.0
341.02487167074196 834.0
341.2903293538197 835.0
341.555779242029 846.0
341.821221334887 854.0
342.0866556319103 842.0
342.3520821326158 836.0
342.6175008365205 843.0
342.8829117431413 842.0
343.1483148519949 843.0
343.41371016259825 842.0
343.6790976744682 842.0
343.9444773871216 842.0
344.20984930007546 832.0
344.4752134128465 854.0
344.74056972495157 852.0
345.0059182359076 874.0
345.27125894523147 847.0
345.53659185244 863.0
345.80191695705014 867.0
346.0672342585787 851.0
346.3325437565426 848.0
346.5978454504585 858.0
346.8631393398436 843.0
347.1284254242145 857.0
347.3937037030882 855.0
347.6589741759816 852.0
347.92423684241146 816.0
348.1894917018946 837.0
348.4547387539481 866.0
348.71997799808867 838.0
348.9852094338332 837.0
349.2504330606986 837.0
349.51564887820166 848.0
349.7808568858593 852.0
350.0460570831885 856.0
350.31124946970584 855.0
350.57643404492853 860.0
350.84161080837316 844.0
351.1067797595568 847.0
351.3719408979961 851.0
351.63709422320824 857.0
351.90223973470984 877.0
352.16737743201776 918.0
352.43250731464894 888.0
352.69762938212034 867.0
352.9627436339487 853.0
353.2278500696509 848.0
353.49294868874387 862.0
353.7580394907444 848.0
354.02312247516943 858.0
354.28819764153576 849.0
354.55326498936034 845.0
354.81832451816 842.0
355.08337622745165 838.0
355.348420116752 847.0
355.613456185578 840.0
355.8784844334467 830.0
356.1435048598747 835.0
356.4085174643791 850.0
356.6735222464765 857.0
356.938519205684 828.0
357.2035083415184 825.0
357.46848965349653 830.0
357.73346314113536 850.0
357.9984288039516 828.0
358.2633866414622 846.0
358.528336653184 835.0
358.793278838634 859.0
359.05821319732894 851.0
359.3231397287857 853.0
359.5880584325211 849.0
359.8529693080521 848.0
360.1178723548955 857.0
360.3827675725683 860.0
360.64765496058726 871.0
360.9125345184692 828.0
361.1774062457311 825.0
361.44227014188965 845.0
361.707126206462 834.0
361.9719744389649 841.0
362.2368148389151 843.0
362.5016474058295 848.0
362.766472139225 846.0
363.0312890386186 851.0
363.296098103527 837.0
363.5608993334672 847.0
363.82569272795587 841.0
364.09047828651006 835.0
364.35525600864656 844.0
364.6200258938823 857.0
364.8847879417341 853.0
365.1495421517188 844.0
365.41428852335326 841.0
365.67902705615444 857.0
365.9437577496392 849.0
366.2084806033243 845.0
366.4731956167267 852.0
366.7379027893632 826.0
367.0026021207507 836.0
367.2672936104061 846.0
367.5319772578463 845.0
367.79665306258806 855.0
368.06132102414836 872.0
368.32598114204393 850.0
368.59063341579173 845.0
368.85527784490864 835.0
369.1199144289115 852.0
369.3845431673172 868.0
369.6491640596426 848.0
369.91377710540445 830.0
370.1783823041198 836.0
370.44297965530546 848.0
370.70756915847835 841.0
370.97215081315517 830.0
371.2367246188529 854.0
371.5012905750884 843.0
371.7658486813786 841.0
372.0303989372402 837.0
372.29494134219027 846.0
372.5594758957455 844.0
372.82400259742286 857.0
373.08852144673915 837.0
373.3530324432114 843.0
373.6175355863563 848.0
373.8820308756908 861.0
374.1465183107317 854.0
374.410997890996 848.0
374.6754696160004 847.0
374.93993348526186 845.0
375.2043894982973 863.0
375.4688376546235 852.0
375.7332779537573 838.0
375.9977103952157 814.0
376.26213497851546 837.0
376.52655170317354 842.0
376.7909605687067 842.0
377.05536157463183 837.0
377.3197547204658 829.0
377.5841400057256 846.0
377.84851742992794 846.0
378.11288699258984 835.0
378.37724869322795 844.0
378.64160253135935 834.0
378.90594850650075 843.0
379.1702866181692 843.0
379.4346168658814 844.0
379.69893924915425 830.0
379.9632537675047 866.0
380.2275604204495 844.0
380.49185920750574 835.0
380.75615012819 851.0
381.0204331820193 847.0
381.2847083685105 835.0
381.5489756871804 849.0
381.8132351375459 836.0
382.07748671912407 849.0
382.34173043143153 851.0
382.6059662739852 850.0
382.8701942463019 838.0
383.1344143478986 865.0
383.3986265782921 860.0
383.6628309369994 845.0
383.92702742353725 836.0
384.1912160374225 845.0
384.45539677817203 841.0
384.7195696453027 820.0
384.98373463833155 836.0
385.2478917567753 860.0
385.5120410001507 842.0
385.7761823679748 824.0
386.0403158597644 851.0
386.30444147503647 845.0
386.5685592133077 838.0
386.8326690740951 821.0
387.09677105691543 846.0
387.36086516128563 842.0
387.6249513867226 830.0
387.88902973274315 838.0
388.15310019886414 845.0
388.41716278460245 844.0
388.68121748947493 833.0
388.9452643129986 845.0
389.2093032546901 852.0
389.47333431406645 826.0
389.73735749064434 839.0
390.0013727839409 828.0
390.2653801934728 852.0
390.52937971875696 845.0
390.7933713593103 836.0
391.05735511464974 846.0
391.3213309842919 850.0
391.5852989677539 856.0
391.8492590645524 850.0
392.1132112742045 843.0
392.37715559622694 837.0
392.6410920301366 844.0
392.9050205754503 850.0
393.1689412316849 850.0
393.43285399835736 834.0
393.69675887498465 845.0
393.96065586108335 861.0
394.2245449561705 831.0
394.4884261597629 821.0
394.75229947137757 845.0
395.01616489053123 833.0
395.28002241674085 849.0
395.5438720495231 846.0
395.80771378839506 846.0
396.0715476328735 855.0
396.33537358247537 842.0
396.5991916367174 837.0
396.86300179511665 843.0
397.12680405718976 841.0
397.39059842245376 840.0
397.65438489042543 837.0
397.91816346062177 837.0
398.18193413255955 847.0
398.4456969057556 856.0
398.7094517797268 851.0
398.97319875399006 835.0
399.2369378280623 842.0
399.50066900146027 827.0
399.764392273701 827.0
400.02810764430114 842.0
400.2918151127777 819.0
400.55551467864757 852.0
400.81920634142756 855.0
401.08289010063453 837.0
401.34656595578537 842.0
401.6102339063969 826.0
401.8738939519861 835.0
402.1375460920697 848.0
402.4011903261647 843.0
402.6648266537879 842.0
402.92845507445617 834.0
403.1920755876863 849.0
403.4556881929953 838.0
403.71929288990003 863.0
403.98288967791734 843.0
404.246478556564 842.0
404.5100595253569 850.0
404.77363258381297 845.0
405.03719773144906 851.0
405.3007549677821 833.0
405.56430429232887 841.0
405.82784570460626 839.0
406.0913792041311 832.0
406.35490479042033 841.0
406.61842246299085 835.0
406.88193222135936 837.0
407.14543406504293 848.0
407.4089279935582 838.0
407.6724140064223 845.0
407.9358921031519 851.0
408.19936228326395 863.0
408.4628245462754 859.0
408.7262788917029 826.0
408.9897253190635 849.0
409.25316382787395 856.0
409.5165944176513 832.0
409.7800170879122 850.0
410.04343183817366 855.0
410.30683866795243 834.0
410.57023757676546 840.0
410.83362856412975 853.0
411.09701162956185 840.0
411.3603867725789 851.0
411.62375399269763 850.0
411.887113289435 834.0
412.1504646623078 851.0
412.4138081108329 854.0
412.6771436345273 850.0
412.94047123290767 845.0
413.20379090549096 853.0
413.46710265179405 847.0
413.7304064713339 862.0
413.9937023636272 847.0
414.25699032819097 833.0
414.52027036454194 839.0
414.78354247219704 827.0
415.0468066506732 838.0
415.31006289948726 829.0
415.5733112181561 839.0
415.83655160619645 855.0
416.0997840631253 842.0
416.3630085884595 838.0
416.62622518171594 843.0
416.8894338424115 855.0
417.152634570063 830.0
417.4158273641873 858.0
417.67901222430123 829.0
417.9421891499217 827.0
418.2053581405658 842.0
418.46851919575005 848.0
418.7316723149915 849.0
418.99481749780693 836.0
419.2579547437133 837.0
419.5210840522274 843.0
419.78420542286625 824.0
420.04731885514644 841.0
420.31042434858506 854.0
420.573521902699 840.0
420.83661151700494 836.0
421.0996931910199 837.0
421.3627669242608 849.0
421.6258327162443 842.0
421.88889056648736 837.0
422.1519404745069 851.0
422.41498243981977 820.0
422.6780164619429 828.0
422.9410425403929 852.0
423.2040606746869 843.0
423.46707086434174 843.0
423.7300731088742 851.0
423.9930674078012 829.0
424.25605376063965 849.0
424.5190321669063 843.0
424.782002626118 826.0
425.0449651377918 842.0
425.30791970144446 828.0
425.57086631659286 831.0
425.83380498275386 823.0
426.0967356994443 831.0
426.3596584661811 854.0
426.6225732824811 854.0
426.88548014786113 840.0
427.14837906183817 851.0
427.411270023929 848.0
427.6741530336505 837.0
427.9370280905195 828.0
428.199895194053 840.0
428.46275434376776 839.0
428.72560553918066 833.0
428.98844877980855 856.0
429.2512840651683 840.0
429.51411139477693 837.0
429.77693076815115 841.0
430.03974218480784 853.0
430.3025456442639 845.0
430.5653411460361 849.0
430.82812868964146 849.0
431.09090827459687 851.0
431.353679900419 849.0
431.61644356662487 841.0
431.87919927273134 823.0
432.1419470182551 850.0
432.40468680271334 843.0
432.66741862562276 838.0
432.93014248650013 841.0
433.1928583848624 824.0
433.45556632022647 843.0
433.7182662921092 839.0
433.9809583000275 828.0
434.24364234349815 858.0
434.506318422038 854.0
434.768986535164 847.0
435.031646682393 851.0
435.2942988632418 849.0
435.55694307722734 850.0
435.81957932386655 840.0
436.08220760267614 859.0
436.34482791317305 862.0
436.6074402548742 864.0
436.8700446272964 846.0
437.1326410299566 845.0
437.3952294623715 839.0
437.65780992405803 851.0
437.9203824145332 849.0
438.1829469333138 830.0
438.4455034799166 829.0
438.7080520538586 821.0
438.9705926546565 851.0
439.23312528182737 823.0
439.49564993488787 834.0
439.7581666133551 838.0
440.0206753167459 850.0
440.28317604457686 851.0
440.5456687963651 854.0
440.8081535716274 822.0
441.07063036988075 843.0
441.3330991906418 861.0
441.5955600334276 844.0
441.858012897755 860.0
442.12045778314075 846.0
442.3828946891018 846.0
442.6453236151551 843.0
442.9077445608174 828.0
443.17015752560553 835.0
443.4325625090365 836.0
443.69495951062703 855.0
443.95734852989415 842.0
444.21972956635454 858.0
444.4821026195253 846.0
444.74446768892307 833.0
445.00682477406485 854.0
445.2691738744674 853.0
445.5315149896478 837.0
445.79384811912274 836.0
446.05617326240906 837.0
446.31849041902376 844.0
446.58079958848356 851.0
446.8431007703055 837.0
447.10539396400634 824.0
447.367679169103 853.0
447.6299563851123 846.0
447.892225611551 833.0
448.15448684793625 849.0
448.4167400937847 859.0
448.67898534861325 843.0
448.9412226119389 822.0
449.2034518832783 828.0
449.46567316214856 832.0
449.72788644806633 840.0
449.99009174054856 850.0
450.2522890391122 841.0
450.514478343274 846.0
450.77665965255085 843.0
451.0388329664597 843.0
451.30099828451733 844.0
451.5631556062406 832.0
451.82530493114655 845.0
452.08744625875175 833.0
452.3495795885734 841.0
452.6117049201281 849.0
452.87382225293277 843.0
453.13593158650446 842.0
453.3980329203598 861.0
453.6601262540158 847.0
453.9222115869893 842.0
454.1842889187971 847.0
454.4463582489562 841.0
454.70841957698343 861.0
454.97047290239556 856.0
455.23251822470957 863.0
455.49455554344223 856.0
455.75658485811044 844.0
456.0186061682312 833.0
456.2806194733211 836.0
456.5426247728973 862.0
456.8046220664765 857.0
457.0666113535756 853.0
457.32859263371154 846.0
457.5905659064011 837.0
457.8525311711611 843.0
458.1144884275086 848.0
458.37643767496024 842.0
458.6383789130331 850.0
458.9003121412439 827.0
459.1622373591095 847.0
459.4241545661469 837.0
459.68606376187284 855.0
459.9479649458043 838.0
460.2098581174581 863.0
460.471743276351 842.0
460.733620422 850.0
460.9954895539219 827.0
461.2573506716337 840.0
461.51920377465206 849.0
461.78104886249406 848.0
462.0428859346764 867.0
462.304714990716 842.0
462.5665360301298 840.0
462.82834905243453 829.0
463.09015405714723 843.0
463.35195104378465 852.0
463.6137400118636 834.0
463.8755209609011 833.0
464.13729389041396 842.0
464.399058799919 842.0
464.6608156889332 835.0
464.92256455697327 845.0
465.18430540355615 851.0
465.4460382281988 828.0
465.707763030418 856.0
465.96947980973056 845.0
466.23118856565344 842.0
466.49288929770347 844.0
466.75458200539765 853.0
467.0162666882526 855.0
467.27794334578533 861.0
467.5396119775127 827.0
467.8012725829516 835.0
468.0629251616188 850.0
468.3245697130314 841.0
468.586206236706 839.0
468.8478347321596 832.0
469.109455198909 836.0
469.3710676364711 842.0
469.6326720443629 846.0
469.89426842210105 841.0
470.1558567692025 850.0
470.4174370851842 860.0
470.6790093695629 856.0
470.94057362185555 871.0
471.20212984157905 846.0
471.4636780282501 853.0
471.72521818138574 856.0
471.9867503005027 856.0
472.248274385118 844.0
472.5097904347484 855.0
472.7712984489108 839.0
473.03279842712203 842.0
473.29429036889906 851.0
473.55577427375863 842.0
473.8172501412177 853.0
474.07871797079315 840.0
474.34017776200176 834.0
474.6016295143605 827.0
474.8630732273861 834.0
475.1245089005955 853.0
475.3859365335057 848.0
475.64735612563334 854.0
475.9087676764954 851.0
476.1701711856088 834.0
476.4315666524903 855.0
476.6929540766569 852.0
476.95433345762535 857.0
477.2157047949125 851.0
477.47706808803537 858.0
477.7384233365106 848.0
477.9997705398553 833.0
478.26110969758616 845.0
478.52244080922014 856.0
478.78376387427414 838.0
479.04507889226494 845.0
479.3063858627094 842.0
479.5676847851245 853.0
479.828975659027 845.0
480.0902584839338 829.0
480.3515332593618 838.0
480.61279998482775 836.0
480.8740586598487 844.0
481.13530928394147 853.0
481.3965518566228 850.0
481.65778637740965 858.0
481.9190128458189 840.0
482.1802312613674 851.0
482.4414416235721 861.0
482.70264393194964 863.0
482.9638381860171 839.0
483.2250243852913 857.0
483.4862025292891 844.0
483.7473726175273 848.0
484.0085346495229 865.0
484.26968862479265 844.0
484.5308345428534 858.0
484.79197240322225 866.0
485.0531022054157 863.0
485.314223948951 864.0
485.57533763334476 857.0
485.8364432581139 844.0
486.0975408227754 874.0
486.35863032684597 879.0
486.61971176984247 847.0
486.880785151282 851.0
487.1418504706812 855.0
487.402907727557 841.0
487.66395692142635 842.0
487.92499805180597 834.0
488.18603111821284 846.0
488.44705612016384 853.0
488.7080730571757 834.0
488.9690819287655 849.0
489.2300827344499 859.0
489.49107547374587 841.0
489.75206014617027 858.0
490.01303675124 851.0
490.27400528847187 837.0
490.53496575738274 845.0
490.79591815748955 837.0
491.05686248830915 826.0
491.31779874935836 842.0
491.57872694015396 820.0
491.8396470602131 849.0
492.1005591090524 846.0
492.3614630861888 833.0
492.6223589911392 847.0
492.88324682342045 839.0
493.14412658254946 844.0
493.40499826804296 840.0
493.66586187941795 842.0
493.92671741619125 836.0
494.18756487787977 841.0
494.44840426400026 853.0
494.70923557406974 832.0
494.97005880760497 842.0
495.23087396412285 846.0
495.4916810431403 858.0
495.7524800441741 837.0
496.01327096674123 855.0
496.27405381035845 834.0
496.53482857454264 856.0
496.79559525881075 846.0
497.05635386267954 847.0
497.31710438566597 840.0
497.57784682728686 849.0
497.8385811870591 852.0
498.0993074644995 841.0
498.360025659125 842.0
498.6207357704524 855.0
498.88143779799873 838.0
499.14213174128065 845.0
499.40281759981514 843.0
499.6634953731191 842.0
499.92416506070924 840.0
500.1848266621026 842.0
500.445480176816 840.0
500.70612560436615 834.0
500.96676294427016 849.0
501.22739219604483 840.0
501.48801335920695 836.0
501.74862643327344 851.0
502.00923141776116 836.0
502.2698283121869 835.0
502.5304171160677 835.0
502.7909978289203 858.0
503.0515704502616 851.0
503.31213497960846 850.0
503.57269141647777 859.0
503.8332397603864 871.0
504.09378001085116 870.0
504.354312167389 842.0
504.6148362295168 849.0
504.8753521967513 849.0
505.1358600686094 852.0
505.3963598446082 849.0
505.6568515242642 846.0
505.9173351070945 843.0
506.17781059261597 844.0
506.4382779803454 848.0
506.69873726979966 854.0
506.95918846049574 848.0
507.2196315519502 853.0
507.4800665436803 868.0
507.74049343520267 854.0
508.00091222603425 875.0
508.261322915692 845.0
508.5217255036924 857.0
508.7821199895529 845.0
509.0425063727899 844.0
509.3028846529204 831.0
509.5632548294615 830.0
509.8236169019296 836.0
510.0839708698421 842.0
510.3443167327155 847.0
510.60465449006676 844.0
510.8649841414127 844.0
511.12530568627034 846.0
511.3856191241566 849.0
511.64592445458794 849.0
511.90622167708165 853.0
512.1665107911545 851.0
512.4267917963232 848.0
512.6870646921047 851.0
512.947329478016 845.0
513.2075861535739 846.0
513.467834718295 835.0
513.7280751716964 834.0
513.9883075132952 852.0
514.248531742608 870.0
514.5087478591515 857.0
514.7689558624429 854.0
515.0291557519989 850.0
515.2893475273365 870.0
515.5495311879723 859.0
515.8097067334235 857.0
516.0698741632067 856.0
516.3300334768389 848.0
516.5901846738369 838.0
516.8503277537177 848.0
517.1104627159981 865.0
517.3705895601947 841.0
517.630708285825 838.0
517.8908188924053 840.0
518.1509213794526 858.0
518.411015746484 843.0
518.6711019930159 848.0
518.9311801185657 874.0
519.19125012265 879.0
519.4513120047856 862.0
519.7113657644896 854.0
519.9714114012784 842.0
520.2314489146695 856.0
520.4914783041794 872.0
520.751499569325 851.0
521.0115127096234 853.0
521.271517724591 843.0
521.5315146137451 843.0
521.7915033766022 861.0
522.0514840126796 850.0
522.3114565214938 855.0
522.5714209025618 826.0
522.8313771554007 852.0
523.0913252795269 837.0
523.3512652744578 872.0
523.6111971397097 851.0
523.8711208747998 834.0
524.1310364792452 836.0
524.390943952562 840.0
524.6508432942679 853.0
524.9107345038794 831.0
525.1706175809132 851.0
525.4304925248866 833.0
525.690359335316 842.0
525.9502180117188 842.0
526.2100685536113 841.0
526.4699109605107 840.0
526.729745231934 843.0
526.9895713673975 848.0
527.2493893664187 839.0
527.5091992285141 844.0
527.7690009532007 843.0
528.0287945399953 862.0
528.2885799884149 853.0
528.5483572979764 855.0
528.8081264681963 817.0
529.0678874985917 851.0
529.3276403886796 850.0
529.5873851379768 853.0
529.8471217460001 857.0
530.1068502122662 834.0
530.3665705362923 864.0
530.6262827175951 869.0
530.8859867556915 854.0
531.1456826500984 854.0
531.4053704003326 858.0
531.6650500059111 853.0
531.9247214663504 850.0
532.1843847811678 842.0
532.4440399498801 849.0
532.7036869720038 860.0
532.9633258470562 877.0
533.222956574554 880.0
533.4825791540142 871.0
533.7421935849534 860.0
534.0017998668885 884.0
534.2613979993366 891.0
534.5209879818145 879.0
534.780569813839 855.0
535.0401434949268 861.0
535.2997090245951 853.0
535.5592664023607 860.0
535.8188156277402 853.0
536.0783567002508 847.0
536.3378896194092 848.0
536.5974143847321 844.0
536.8569309957369 848.0
537.1164394519398 850.0
537.3759397528582 846.0
537.6354318980087 868.0
537.8949158869082 851.0
538.1543917190737 848.0
538.4138593940218 841.0
538.6733189112697 829.0
538.932770270334 855.0
539.1922134707318 840.0
539.4516485119797 836.0
539.7110753935946 853.0
539.9704941150937 892.0
540.2299046759937 875.0
540.4893070758112 854.0
540.7487013140633 860.0
541.008087390267 854.0
541.2674653039389 840.0
541.526835054596 861.0
541.7861966417552 837.0
542.0455500649333 840.0
542.3048953236471 839.0
542.5642324174137 857.0
542.8235613457497 857.0
543.0828821081722 850.0
543.3421947041979 835.0
543.6014991333436 842.0
543.8607953951266 845.0
544.1200834890632 843.0
544.3793634146708 847.0
544.6386351714658 855.0
544.8978987589653 850.0
545.1571541766862 839.0
545.4164014241451 851.0
545.6756405008593 836.0
545.9348714063455 843.0
546.1940941401203 837.0
546.4533087017008 853.0
546.712515090604 846.0
546.9717133063466 844.0
547.2309033484453 855.0
547.4900852164174 833.0
547.7492589097793 846.0
548.0084244280482 846.0
548.2675817707409 856.0
548.526730937374 845.0
548.7858719274648 845.0
549.0450047405299 828.0
549.3041293760863 841.0
549.5632458336507 856.0
549.82235411274 842.0
550.0814542128714 839.0
550.3405461335612 839.0
550.5996298743269 844.0
550.8587054346848 843.0
551.117772814152 852.0
551.3768320122455 844.0
551.6358830284819 861.0
551.8949258623783 845.0
552.1539605134514 848.0
552.4129869812182 846.0
552.6720052651955 856.0
552.9310153649002 837.0
553.1900172798491 833.0
553.4490110095592 841.0
553.7079965535472 848.0
553.9669739113302 835.0
554.2259430824248 844.0
554.484904066348 842.0
554.7438568626167 855.0
555.0028014707476 845.0
555.261737890258 849.0
555.520666120664 830.0
555.7795861614834 829.0
556.0384980122324 857.0
556.2974016724281 852.0
556.5562971415874 844.0
556.8151844192269 860.0
557.0740635048638 845.0
557.3329343980148 865.0
557.5917970981968 846.0
557.8506516049267 828.0
558.1094979177213 845.0
558.3683360360976 825.0
558.6271659595724 846.0
558.8859876876625 860.0
559.1448012198848 831.0
559.4036065557561 838.0
559.6624036947936 830.0
559.9211926365136 850.0
560.1799733804337 851.0
560.43874592607 842.0
560.6975102729399 850.0
560.9562664205602 849.0
561.2150143684473 845.0
561.4737541161188 836.0
561.732485663091 854.0
561.9912090088809 833.0
562.2499241530056 835.0
562.5086310949818 861.0
562.7673298343262 833.0
563.026020370556 848.0
563.2847027031879 835.0
563.5433768317389 841.0
563.8020427557254 841.0
564.0607004746649 850.0
564.3193499880738 840.0
564.5779912954692 841.0
564.8366243963679 838.0
565.0952492902868 836.0
565.3538659767429 840.0
565.6124744552527 845.0
565.8710747253335 857.0
566.1296667865018 869.0
566.3882506382747 847.0
566.6468262801691 844.0
566.9053937117014 855.0
567.1639529323893 845.0
567.4225039417488 826.0
567.6810467392974 841.0
567.9395813245517 857.0
568.1981076970284 856.0
568.4566258562448 848.0
568.7151358017175 862.0
568.9736375329633 871.0
569.2321310494995 849.0
569.4906163508422 857.0
569.749093436509 843.0
570.0075623060163 842.0
570.2660229588813 856.0
570.5244753946206 851.0
570.7829196127512 848.0
571.0413556127901 829.0
571.2997833942537 841.0
571.5582029566596 843.0
571.8166142995238 843.0
572.075017422364 846.0
572.3334123246967 857.0
572.5917990060384 842.0
572.8501774659068 842.0
573.108547703818 853.0
573.3669097192892 856.0
573.6252635118373 845.0
573.8836090809789 832.0
574.1419464262314 842.0
574.400275547111 851.0
574.6585964431351 863.0
574.9169091138205 880.0
575.1752135586836 857.0
575.4335097772419 857.0
575.6917977690118 861.0
575.9500775335105 863.0
576.2083490702545 884.0
576.4666123787609 927.0
576.7248674585469 904.0
576.9831143091286 873.0
577.2413529300236 857.0
577.4995833207483 854.0
577.7578054808198 841.0
578.0160194097549 845.0
578.2742251070703 849.0
578.5324225722832 848.0
578.7906118049101 829.0
579.0487928044681 826.0
579.3069655704743 836.0
579.565130102445 850.0
579.8232863998975 843.0
580.0814344623485 848.0
580.339574289315 861.0
580.5977058803137 863.0
580.8558292348614 860.0
581.1139443524753 849.0
581.3720512326721 871.0
581.6301498749685 864.0
581.8882402788817 913.0
582.146322443928 903.0
582.4043963696251 894.0
582.6624620554893 883.0
582.9205195010375 872.0
583.1785687057866 857.0
583.4366096692537 875.0
583.6946423909554 870.0
583.9526668704085 916.0
584.2106831071303 947.0
584.4686911006373 1167.0
584.7266908504463 1554.0
584.9846823560746 2222.0
585.2426656170385 3564.0
585.5006406328554 2584.0
585.7586074030418 1842.0
586.0165659271148 1340.0
586.2745162045912 1107.0
586.5324582349878 992.0
586.7903920178214 951.0
587.0483175526091 910.0
587.3062348388676 915.0
587.5641438761138 952.0
587.8220446638645 970.0
588.0799372016369 1116.0
588.3378214889474 1099.0
588.5956975253132 986.0
588.8535653102509 941.0
589.1114248432776 889.0
589.3692761239103 881.0
589.6271191516653 885.0
589.88495392606 865.0
590.1427804466111 893.0
590.4005987128355 904.0
590.6584087242501 898.0
590.9162104803713 867.0
591.1740039807169 884.0
591.4317892248029 886.0
591.6895662121466 875.0
591.9473349422648 877.0
592.2050954146741 861.0
592.462847628892 840.0
592.7205915844347 845.0
592.9783272808194 867.0
593.236054717563 861.0
593.493773894182 877.0
593.7514848101939 913.0
594.009187465115 991.0
594.2668818584625 1137.0
594.5245679897531 1266.0
594.7822458585038 1097.0
595.0399154642313 998.0
595.2975768064524 914.0
595.5552298846843 879.0
595.8128746984438 861.0
596.0705112472474 884.0
596.3281395306126 882.0
596.5857595480555 897.0
596.8433712990935 870.0
597.1009747832434 897.0
597.3585700000219 952.0
597.6161569489462 967.0
597.8737356295327 927.0
598.1313060412986 899.0
598.3888681837607 872.0
598.6464220564358 879.0
598.9039676588409 876.0
599.1615049904925 873.0
599.4190340509081 855.0
599.676554839604 857.0
599.9340673560972 844.0
600.1915715999048 853.0
600.4490675705435 844.0
600.7065552675302 861.0
600.9640346903817 853.0
601.221505838615 847.0
601.4789687117469 840.0
601.7364233092942 842.0
601.9938696307739 854.0
602.2513076757026 864.0
602.5087374435976 881.0
602.7661589339755 939.0
603.023572146353 1012.0
603.2809770802475 948.0
603.5383737351752 895.0
603.7957621106534 863.0
604.053142206199 858.0
604.3105140213286 861.0
604.5678775555593 854.0
604.8252328084078 846.0
605.0825797793912 852.0
605.3399184680261 852.0
605.5972488738295 844.0
605.8545709963181 863.0
606.111884835009 853.0
606.3691903894193 859.0
606.6264876590651 906.0
606.883776643464 963.0
607.1410573421324 1086.0
607.3983297545875 1312.0
607.6555938803461 1143.0
607.9128497189247 1045.0
608.1700972698408 942.0
608.4273365326108 915.0
608.6845675067516 893.0
608.9417901917803 970.0
609.1990045872135 1120.0
609.4562106925683 1411.0
609.7134085073615 1500.0
609.9705980311098 1236.0
610.2277792633305 1070.0
610.4849522035397 967.0
610.7421168512552 904.0
610.9992732059933 876.0
611.2564212672709 870.0
611.5135610346049 880.0
611.7706925075122 874.0
612.0278156855098 866.0
612.2849305681145 869.0
612.542037154843 883.0
612.7991354452124 895.0
613.0562254387393 882.0
613.3133071349409 904.0
613.5703805333337 1028.0
613.8274456334349 1276.0
614.0845024347612 1723.0
614.3415509368294 2200.0
614.5985911391567 1690.0
614.8556230412595 1328.0
615.1126466426551 1096.0
615.36966194286 967.0
615.6266689413914 939.0
615.8836676377659 998.0
616.1406580315004 1095.0
616.3976401221121 1196.0
616.6546139091173 1061.0
616.9115793920333 973.0
617.1685365703769 897.0
617.4254854436648 882.0
617.6824260114142 875.0
617.9393582731417 864.0
618.196282228364 902.0
618.4531978765983 904.0
618.7101052173614 886.0
618.9670042501702 847.0
619.2238949745413 874.0
619.4807773899919 878.0
619.7376514960388 862.0
619.9945172921986 852.0
620.2513747779885 862.0
620.508223952925 872.0
620.7650648165256 872.0
621.0218973683066 893.0
621.2787216077849 930.0
621.5355375344776 1007.0
621.7923451479013 1030.0
622.0491444475734 942.0
622.3059354330103 903.0
622.5627181037288 869.0
622.8194924592461 853.0
623.0762584990788 853.0
623.333016222744 860.0
623.5897656297584 846.0
623.8465067196389 848.0
624.1032394919024 852.0
624.3599639460657 845.0
624.6166800816459 874.0
624.8733878981594 882.0
625.1300873951237 866.0
625.3867785720552 873.0
625.6434614284708 856.0
625.9001359638876 920.0
626.1568021778221 1015.0
626.4134600697917 1243.0
626.6701096393127 1440.0
626.9267508859024 1226.0
627.1833838090776 1062.0
627.4400084083547 949.0
627.6966246832512 890.0
627.9532326332837 893.0
628.2098322579691 874.0
628.4664235568243 872.0
628.723006529366 880.0
628.9795811751112 876.0
629.2361474935768 868.0
629.4927054842794 869.0
629.7492551467363 881.0
630.0057964804641 945.0
630.2623294849799 1065.0
630.5188541598001 1115.0
630.775370504442 1006.0
631.0318785184223 939.0
631.2883782012578 897.0
631.5448695524658 882.0
631.8013525715625 884.0
632.0578272580652 882.0
632.3142936114906 874.0
632.5707516313557 912.0
632.8272013171775 1021.0
633.0836426684723 1160.0
633.3400756847575 1468.0
633.5965003655499 1372.0
633.8529167103661 1164.0
634.1093247187234 1004.0
634.3657243901381 926.0
634.6221157241276 899.0
634.8784987202085 864.0
635.1348733778977 871.0
635.3912396967121 867.0
635.6475976761684 867.0
635.9039473157839 848.0
636.1602886150749 866.0
636.4166215735588 873.0
636.6729461907521 862.0
636.9292624661718 868.0
637.1855703993349 900.0
637.4418699897578 928.0
637.6981612369581 1017.0
637.9544441404521 1215.0
638.2107186997567 1601.0
638.4669849143892 1475.0
638.7232427838659 1325.0
638.979492307704 1123.0
639.2357334854204 1134.0
639.4919663165317 1399.0
639.7481908005552 2131.0
640.0044069370073 3838.0
640.2606147254052 5062.0
640.5168141652655 3464.0
640.7730052561054 2397.0
641.0291879974413 1601.0
641.2853623887906 1258.0
641.5415284296699 1083.0
641.797686119596 999.0
642.0538354580859 947.0
642.3099764446565 920.0
642.5661090788245 917.0
642.8222333601069 901.0
643.0783492880205 881.0
643.3344568620822 878.0
643.5905560818089 869.0
643.8466469467173 874.0
644.1027294563247 861.0
644.3588036101473 863.0
644.6148694077026 877.0
644.8709268485071 861.0
645.1269759320778 851.0
645.3830166579316 855.0
645.6390490255851 856.0
645.8950730345556 833.0
646.1510886843597 854.0
646.4070959745143 855.0
646.6630949045363 838.0
646.9190854739425 851.0
647.17506768225 860.0
647.4310415289752 850.0
647.6870070136354 864.0
647.9429641357473 861.0
648.1989128948277 849.0
648.4548532903938 867.0
648.7107853219619 864.0
648.9667089890495 873.0
649.222624291173 870.0
649.4785312278494 894.0
649.7344297985958 920.0
649.9903200029287 1058.0
650.2462018403652 1317.0
650.502075310422 1927.0
650.7579404126162 1964.0
651.0137971464646 1576.0
651.2696455114838 1221.0
651.525485507191 1040.0
651.7813171331029 930.0
652.0371403887364 906.0
652.2929552736086 901.0
652.5487617872358 901.0
652.8045599291355 917.0
653.0603496988242 995.0
653.3161310958188 1061.0
653.5719041196362 985.0
653.8276687697933 928.0
654.0834250458071 880.0
654.3391729471941 863.0
654.5949124734717 861.0
654.8506436241562 866.0
655.1063663987647 860.0
655.3620807968144 857.0
655.6177868178215 885.0
655.8734844613035 905.0
656.129173726777 945.0
656.3848546137588 922.0
656.6405271217659 918.0
656.8961912503149 872.0
657.1518469989231 864.0
657.4074943671071 871.0
657.6631333543837 851.0
657.9187639602701 832.0
658.1743861842826 858.0
658.4300000259387 860.0
658.6856054847549 860.0
658.9412025602483 863.0
659.1967912519353 908.0
659.4523715593333 995.0
659.707943481959 1220.0
659.9635070193291 1257.0
660.2190621709606 1146.0
660.4746089363705 993.0
660.7301473150753 925.0
660.9856773065924 887.0
661.2411989104381 854.0
661.4967121261298 849.0
661.7522169531838 833.0
662.0077133911174 860.0
662.2632014394475 854.0
662.5186810976904 848.0
662.7741523653638 852.0
663.029615241984 837.0
663.2850697270679 840.0
663.5405158201327 825.0
663.7959535206948 845.0
664.0513828282715 840.0
664.3068037423793 858.0
664.5622162625355 866.0
664.8176203882564 860.0
665.0730161190594 871.0
665.3284034544613 845.0
665.5837823939785 850.0
665.8391529371283 840.0
666.0945150834276 852.0
666.349868832393 860.0
666.6052141835415 870.0
666.8605511363899 880.0
667.1158796904554 934.0
667.3711998452544 1060.0
667.626511600304 1412.0
667.8818149551211 1475.0
668.1371099092223 1270.0
668.3923964621249 1079.0
668.6476746133454 965.0
668.9029443624008 900.0
669.1582057088083 876.0
669.4134586520839 860.0
669.6687031917455 860.0
669.9239393273093 862.0
670.1791670582923 851.0
670.4343863842114 854.0
670.6895973045835 860.0
670.9447998189256 902.0
671.1999939267544 990.0
671.4551796275866 1196.0
671.7103569209394 1309.0
671.9655258063294 1166.0
672.220686283274 1018.0
672.475838351289 941.0
672.7309820098925 883.0
672.9861172586005 864.0
673.2412440969302 869.0
673.4963625243987 862.0
673.7514725405223 849.0
674.0065741448183 864.0
674.2616673368035 850.0
674.5167521159946 843.0
674.7718284819086 849.0
675.0268964340622 845.0
675.2819559719727 847.0
675.5370070951565 844.0
675.7920498031307 851.0
676.0470840954122 843.0
676.3021099715176 850.0
676.5571274309642 834.0
676.8121364732684 829.0
677.0671370979474 850.0
677.3221293045178 843.0
677.5771130924968 837.0
677.8320884614011 842.0
678.0870554107474 844.0
678.3420139400529 835.0
678.5969640488343 836.0
678.8519057366083 818.0
679.1068390028922 865.0
679.3617638472023 838.0
679.616680269056 856.0
679.8715882679699 852.0
680.1264878434607 854.0
680.3813789950458 847.0
680.6362617222414 839.0
680.8911360245651 841.0
681.146001901533 826.0
681.4008593526627 845.0
681.6557083774705 865.0
681.9105489754734 835.0
682.1653811461886 840.0
682.4202048891326 845.0
682.6750202038223 850.0
682.9298270897748 868.0
683.1846255465068 846.0
683.4394155735351 847.0
683.6941971703767 846.0
683.9489703365485 840.0
684.2037350715673 834.0
684.4584913749499 842.0
684.7132392462133 848.0
684.9679786848742 857.0
685.2227096904496 846.0
685.4774322624564 846.0
685.7321464004115 854.0
685.9868521038316 860.0
686.2415493722334 839.0
686.4962382051343 844.0
686.7509186020508 845.0
687.0055905624997 855.0
687.2602540859983 863.0
687.514909172063 849.0
687.7695558202109 850.0
688.0241940299587 845.0
688.2788238008236 849.0
688.5334451323221 850.0
688.7880580239712 834.0
689.042662475288 838.0
689.2972584857889 849.0
689.5518460549912 835.0
689.8064251824115 857.0
690.0609958675668 864.0
690.3155581099742 845.0
690.5701119091498 851.0
690.8246572646113 856.0
691.0791941758752 839.0
691.3337226424583 868.0
691.5882426638777 867.0
691.84275423965 857.0
692.0972573692924 887.0
692.3517520523214 1005.0
692.6062382882542 1272.0
692.8607160766074 1633.0
693.1151854168979 1447.0
693.3696463086428 1278.0
693.6240987513587 1049.0
693.8785427445628 965.0
694.1329782877717 893.0
694.3874053805022 868.0
694.6418240222713 842.0
694.8962342125958 859.0
695.1506359509929 857.0
695.405029236979 853.0
695.6594140700711 856.0
695.9137904497863 836.0
696.168158375641 839.0
696.4225178471527 844.0
696.676868863838 849.0
696.9312114252134 856.0
697.1855455307963 834.0
697.4398711801031 858.0
697.6941883726512 842.0
697.9484971079568 857.0
698.2027973855375 836.0
698.4570892049098 841.0
698.7113725655903 847.0
698.9656474670965 840.0
699.2199139089445 843.0
699.4741718906519 838.0
699.7284214117353 829.0
699.9826624717113 847.0
700.2368950700971 848.0
700.4911192064093 837.0
700.7453348801653 846.0
700.9995420908814 840.0
701.2537408380745 839.0
701.5079311212619 854.0
701.7621129399598 850.0
702.016286293686 861.0
702.2704511819566 908.0
702.5246076042886 958.0
702.778755560199 1123.0
703.0328950492045 1529.0
703.2870260708224 1544.0
703.5411486245691 1368.0
703.7952627099618 1148.0
704.0493683265172 1014.0
704.3034654737519 924.0
704.5575541511835 882.0
704.8116343583279 863.0
705.0657060947029 864.0
705.3197693598249 875.0
705.5738241532106 871.0
705.8278704743772 869.0
706.0819083228414 860.0
706.3359376981203 859.0
706.5899585997306 863.0
706.8439710271889 842.0
707.0979749800126 846.0
707.3519704577179 840.0
707.6059574598225 832.0
707.8599359858429 850.0
708.1139060352955 863.0
708.3678676076978 845.0
708.6218207025663 846.0
708.8757653194182 854.0
709.12970145777 838.0
709.3836291171389 846.0
709.6375482970416 843.0
709.8914589969946 839.0
710.1453612165157 847.0
710.3992549551208 858.0
710.6531402123275 846.0
710.9070169876522 842.0
711.1608852806118 842.0
711.4147450907236 848.0
711.6685964175037 852.0
711.9224392604699 855.0
712.1762736191384 855.0
712.4300994930262 836.0
712.6839168816504 842.0
712.9377257845274 844.0
713.1915262011746 835.0
713.4453181311087 852.0
713.6991015738463 846.0
713.9528765289045 843.0
714.2066429958 835.0
714.4604009740502 840.0
714.7141504631712 849.0
714.9678914626805 825.0
715.2216239720948 835.0
715.4753479909306 860.0
715.7290635187052 861.0
715.982770554935 850.0
716.2364690991376 833.0
716.4901591508293 850.0
716.743840709527 844.0
716.9975137747479 873.0
717.2511783460084 932.0
717.5048344228259 901.0
717.7584820047169 895.0
718.0121210911982 874.0
718.2657516817872 864.0
718.519373776 865.0
718.772987373354 842.0
719.026592473366 845.0
719.2801890755527 842.0
719.5337771794311 846.0
719.7873567845179 844.0
720.0409278903304 837.0
720.294490496385 845.0
720.5480446021987 851.0
720.8015902072887 846.0
721.0551273111711 837.0
721.3086559133636 837.0
721.5621760133826 857.0
721.815687610745 852.0
722.0691907049679 844.0
722.3226852955679 834.0
722.5761713820622 853.0
722.8296489639672 850.0
723.0831180408002 860.0
723.3365786120778 863.0
723.5900306773169 863.0
723.8434742360346 892.0
724.0969092877473 997.0
724.3503358319725 1194.0
724.6037538682267 1146.0
724.8571633960265 1086.0
725.1105644148894 966.0
725.3639569243315 904.0
725.6173409238706 869.0
725.8707164130229 860.0
726.1240833913054 842.0
726.3774418582351 849.0
726.6307918133285 848.0
726.8841332561029 844.0
727.137466186075 840.0
727.3907906027619 842.0
727.6441065056802 853.0
727.8974138943464 859.0
728.1507127682783 848.0
728.4040031269918 842.0
728.6572849700045 848.0
728.9105582968331 845.0
729.1638231069941 844.0
729.4170794000048 831.0
729.6703271753817 854.0
729.923566432642 844.0
730.1767971713025 850.0
730.4300193908798 851.0
730.6832330908911 839.0
730.936438270853 845.0
731.1896349302828 849.0
731.442823068697 849.0
731.6960026856123 852.0
731.949173780546 846.0
732.2023363530145 837.0
732.4554904025351 840.0
732.7086359286245 837.0
732.9617729307997 824.0
733.2149014085775 846.0
733.4680213614745 835.0
733.7211327890079 850.0
733.9742356906943 846.0
734.2273300660511 862.0
734.4804159145946 846.0
734.7334932358416 848.0
734.9865620293094 834.0
735.2396222945147 849.0
735.4926740309744 859.0
735.7457172382054 840.0
735.9987519157243 837.0
736.2517780630484 850.0
736.504795679694 850.0
736.7578047651785 839.0
737.0108053190187 834.0
737.2637973407312 846.0
737.516780829833 848.0
737.769755785841 861.0
738.0227222082721 821.0
738.2756800966428 825.0
738.5286294504706 839.0
738.781570269272 824.0
739.0345025525638 829.0
739.2874262998632 841.0
739.5403415106866 845.0
739.7932481845512 852.0
740.046146320974 846.0
740.2990359194714 830.0
740.5519169795606 847.0
740.8047895007583 852.0
741.0576534825816 850.0
741.3105089245472 857.0
741.563355826172 852.0
741.8161941869729 841.0
742.0690240064664 849.0
742.3218452841702 836.0
742.5746580196005 849.0
742.8274622122741 843.0
743.0802578617083 838.0
743.3330449674197 875.0
743.5858235289254 904.0
743.8385935457418 908.0
744.0913550173865 905.0
744.3441079433758 870.0
744.5968523232264 865.0
744.8495881564559 870.0
745.1023154425804 845.0
745.3550341811174 856.0
745.6077443715835 862.0
745.8604460134952 840.0
746.1131391063701 852.0
746.3658236497243 841.0
746.6184996430754 826.0
746.87116708594 845.0
747.1238259778346 842.0
747.3764763182764 849.0
747.6291181067822 860.0
747.8817513428692 853.0
748.1343760260539 853.0
748.3869921558529 866.0
748.6395997317837 890.0
748.8921987533628 871.0
749.1447892201071 874.0
749.3973711315336 860.0
749.6499444871589 858.0
749.9025092865003 856.0
750.1550655290741 855.0
750.4076132143978 841.0
750.6601523419877 841.0
750.912682911361 849.0
751.1652049220347 857.0
751.4177183735251 844.0
751.6702232653497 843.0
751.9227195970248 837.0
752.1752073680677 832.0
752.4276865779954 838.0
752.680157226324 844.0
752.9326193125712 841.0
753.1850728362533 861.0
753.4375177968876 878.0
753.6899541939908 875.0
753.9423820270795 861.0
754.194801295671 866.0
754.4472119992819 865.0
754.6996141374291 842.0
754.9520077096296 856.0
755.2043927154 851.0
755.4567691542577 848.0
755.7091370257187 856.0
755.9614963293008 842.0
756.2138470645202 852.0
756.4661892308942 845.0
756.7185228279395 848.0
756.9708478551728 823.0
757.2231643121112 844.0
757.4754721982714 849.0
757.7277715131704 845.0
757.9800622563251 838.0
758.2323444272521 846.0
758.4846180254688 830.0
758.7368830504913 825.0
758.9891395018373 845.0
759.2413873790232 839.0
759.4936266815657 846.0
759.7458574089821 844.0
759.9980795607888 833.0
760.2502931365033 837.0
760.502498135642 840.0
760.7546945577217 840.0
761.0068824022595 827.0
761.2590616687722 841.0
761.5112323567769 842.0
761.7633944657899 846.0
762.0155479953288 833.0
762.26769294491 842.0
762.5198293140501 857.0
762.7719571022666 857.0
763.024076309076 853.0
763.2761869339953 836.0
763.5282889765415 844.0
763.780382436231 841.0
764.032467312581 838.0
764.2845436051083 844.0
764.53661131333 846.0
764.7886704367629 843.0
765.0407209749233 842.0
765.2927629273288 845.0
765.5447962934958 844.0
765.7968210729414 851.0
766.0488372651824 845.0
766.3008448697357 860.0
766.5528438861181 840.0
766.8048343138464 858.0
767.0568161524378 848.0
767.3087894014087 845.0
767.5607540602764 849.0
767.8127101285577 840.0
768.0646576057691 844.0
768.3165964914278 851.0
768.5685267850505 864.0
768.8204484861544 832.0
769.0723615942561 842.0
769.3242661088722 852.0
769.5761620295201 834.0
769.8280493557162 838.0
770.0799280869778 823.0
770.3317982228216 857.0
770.5836597627642 861.0
770.835512706323 854.0
771.0873570530143 840.0
771.3391928023555 843.0
771.591019953863 839.0
771.8428385070538 852.0
772.094648461445 856.0
772.3464498165532 841.0
772.5982425718955 849.0
772.8500267269885 841.0
773.1018022813494 834.0
773.3535692344948 829.0
773.6053275859415 840.0
773.8570773352067 838.0
774.108818481807 852.0
774.3605510252594 842.0
774.6122749650807 838.0
774.8639903007878 849.0
775.1156970318975 840.0
775.3673951579267 839.0
775.6190846783925 848.0
775.8707655928115 852.0
776.1224379007004 861.0
776.3741016015766 832.0
776.6257566949563 861.0
776.8774031803571 863.0
777.1290410572955 891.0
777.3806703252881 865.0
777.6322909838522 875.0
777.8839030325043 864.0
778.1355064707618 848.0
778.3871012981411 838.0
778.6386875141592 837.0
778.890265118333 848.0
779.1418341101793 850.0
779.3933944892151 835.0
779.6449462549571 848.0
779.8964894069222 847.0
780.1480239446275 833.0
780.3995498675895 834.0
780.6510671753255 834.0
780.9025758673517 843.0
781.1540759431858 841.0
781.4055674023442 850.0
781.6570502443437 843.0
781.9085244687013 843.0
782.159990074934 843.0
782.4114470625585 840.0
782.6628954310918 836.0
782.9143351800503 847.0
783.1657663089516 833.0
783.4171888173119 848.0
783.6686027046486 836.0
783.9200079704783 841.0
784.1714046143178 858.0
784.4227926356843 853.0
784.6741720340941 843.0
784.9255428090647 846.0
785.1769049601126 829.0
785.4282584867548 857.0
785.6796033885082 846.0
785.9309396648893 846.0
786.1822673154155 844.0
786.4335863396033 832.0
786.6848967369698 840.0
786.9361985070317 848.0
787.1874916493058 844.0
787.4387761633094 843.0
787.6900520485588 846.0
787.9413193045713 822.0
788.1925779308636 840.0
788.4438279269523 838.0
788.6950692923548 832.0
788.9463020265875 840.0
789.1975261291677 842.0
789.448741599612 845.0
789.6999484374371 855.0
789.9511466421604 838.0
790.2023362132982 848.0
790.4535171503677 841.0
790.7046894528855 849.0
790.9558531203689 830.0
791.2070081523347 840.0
791.458154548299 832.0
791.7092923077797 843.0
791.9604214302931 833.0
792.2115419153562 843.0
792.462653762486 845.0
792.7137569711989 846.0
792.9648515410123 836.0
793.2159374714428 841.0
793.4670147620074 834.0
793.718083412223 851.0
793.9691434216061 840.0
794.220194789674 834.0
794.4712375159432 817.0
794.722271599931 836.0
794.9732970411541 854.0
795.2243138391292 828.0
795.4753219933733 848.0
795.7263215034031 842.0
795.9773123687357 843.0
796.2282945888878 833.0
796.4792681633767 846.0
796.7302330917187 858.0
796.9811893734307 840.0
797.23213700803 844.0
797.483075995033 832.0
797.7340063339569 840.0
797.9849280243186 828.0
798.2358410656345 838.0
798.4867454574222 843.0
798.7376411991978 845.0
798.9885282904788 841.0
799.2394067307818 837.0
799.4902765196234 838.0
799.741137656521 832.0
799.9919901409909 844.0
800.2428339725506 854.0
800.4936691507165 827.0
800.7444956750055 838.0
800.9953135449347 833.0
801.2461227600207 829.0
801.4969233197808 834.0
801.7477152237312 840.0
801.9984984713894 848.0
802.2492730622722 833.0
802.5000389958959 844.0
802.7507962717781 836.0
803.0015448894349 845.0
803.252284848384 843.0
803.5030161481417 825.0
803.7537387882248 841.0
804.0044527681507 840.0
804.2551580874358 850.0
804.5058547455972 846.0
804.7565427421519 832.0
805.0072220766161 823.0
805.2578927485075 838.0
805.5085547573423 843.0
805.7592081026379 834.0
806.009852783911 837.0
806.2604888006782 831.0
806.5111161524568 850.0
806.7617348387631 840.0
807.0123448591147 836.0
807.2629462130279 833.0
807.5135389000196 840.0
807.7641229196071 849.0
808.0146982713067 855.0
808.2652649546358 848.0
808.5158229691108 819.0
808.7663723142489 842.0
809.016912989567 837.0
809.2674449945815 835.0
809.5179683288098 834.0
809.7684829917686 828.0
810.0189889829746 855.0
810.269486301945 838.0
810.5199749481961 837.0
810.7704549212456 835.0
811.0209262206095 824.0
811.2713888458052 848.0
811.5218427963496 850.0
811.7722880717591 838.0
812.022724671551 834.0
812.2731525952421 852.0
812.5235718423493 846.0
812.7739824123893 851.0
813.0243843048788 837.0
813.2747775193352 842.0
813.5251620552749 841.0
813.7755379122152 846.0
814.0259050896724 844.0
814.276263587164 837.0
814.5266134042064 835.0
814.7769545403165 838.0
815.0272869950115 848.0
815.2776107678079 832.0
815.5279258582229 845.0
815.7782322657732 843.0
816.0285299899754 847.0
816.2788190303468 832.0
816.529099386404 840.0
816.7793710576641 837.0
817.0296340436439 844.0
817.2798883438601 840.0
817.5301339578298 851.0
817.7803708850694 840.0
818.0305991250964 846.0
818.2808186774273 833.0
818.531029541579 832.0
818.7812317170685 838.0
819.0314252034124 846.0
819.281610000128 843.0
819.5317861067317 825.0
819.7819535227408 826.0
820.0321122476719 834.0
820.2822622810417 824.0
820.5324036223675 837.0
820.7825362711658 851.0
821.0326602269538 848.0
821.2827754892483 831.0
821.5328820575656 823.0
821.7829799314234 849.0
822.033069110338 841.0
822.2831495938267 837.0
822.5332213814061 843.0
822.7832844725929 841.0
823.0333388669044 840.0
823.283384563857 839.0
823.533421562968 827.0
823.7834498637541 828.0
824.033469465732 851.0
824.2834803684189 849.0
824.5334825713311 833.0
824.7834760739862 836.0
825.0334608759005 843.0
825.2834369765912 833.0
825.5334043755751 832.0
825.7833630723688 848.0
826.0333130664897 835.0
826.2832543574541 837.0
826.5331869447793 838.0
826.783110827982 837.0
827.0330260065789 838.0
827.2829324800872 842.0
827.5328302480233 841.0
827.7827193099047 839.0
828.032599665248 816.0
828.2824713135695 850.0
828.532334254387 834.0
828.7821884872168 841.0
829.0320340115759 841.0
829.2818708269813 846.0
829.5316989329494 849.0
829.7815183289979 836.0
830.0313290146428 828.0
830.2811309894015 854.0
830.5309242527906 852.0
830.7807088043272 834.0
831.0304846435281 840.0
831.2802517699099 837.0
831.5300101829899 848.0
831.7797598822846 819.0
832.0295008673112 833.0
832.2792331375864 842.0
832.5289566926268 863.0
832.7786715319497 832.0
833.0283776550717 823.0
833.27807506151 826.0
833.5277637507811 837.0
833.7774437224018 835.0
834.0271149758895 830.0
834.2767775107606 816.0
834.526431326532 840.0
834.7760764227208 850.0
835.0257127988438 840.0
835.2753404544177 830.0
835.5249593889594 846.0
835.774569601986 834.0
836.0241710930143 836.0
836.2737638615607 828.0
836.5233479071428 839.0
836.7729232292768 842.0
837.0224898274802 853.0
837.2720477012693 866.0
837.5215968501614 899.0
837.7711372736733 878.0
838.0206689713215 877.0
838.2701919426232 879.0
838.5197061870952 851.0
838.7692117042545 832.0
839.0187084936177 846.0
839.2681965547017 826.0
839.5176758870236 838.0
839.7671464901001 829.0
840.0166083634483 837.0
840.2660615065847 843.0
840.5155059190262 832.0
840.7649416002901 834.0
841.0143685498927 835.0
841.2637867673512 841.0
841.5131962521828 859.0
841.7625970039035 835.0
842.0119890220308 832.0
842.2613723060813 838.0
842.5107468555723 830.0
842.76011267002 843.0
843.0094697489418 841.0
843.2588180918546 851.0
843.5081576982747 838.0
843.7574885677194 823.0
844.0068106997054 835.0
844.25612409375 828.0
844.5054287493696 841.0
844.754724666081 843.0
845.0040118434015 839.0
845.2532902808475 841.0
845.5025599779364 828.0
845.7518209341847 830.0
846.0010731491091 837.0
846.2503166222269 832.0
846.4995513530547 827.0
846.7487773411094 836.0
846.9979945859081 833.0
847.2472030869674 814.0
847.4964028438043 834.0
847.7455938559353 854.0
847.994776122878 850.0
848.2439496441485 833.0
848.4931144192642 817.0
848.7422704477419 826.0
848.9914177290981 846.0
849.2405562628502 860.0
849.4896860485144 873.0
849.7388070856083 846.0
849.9879193736485 841.0
850.2370229121515 851.0
850.4861177006346 847.0
850.7352037386146 863.0
850.9842810256082 848.0
851.2333495611326 847.0
851.482409344704 833.0
851.7314603758401 838.0
851.9805026540571 833.0
852.2295361788724 836.0
852.4785609498026 849.0
852.7275769663643 827.0
852.9765842280748 839.0
853.2255827344507 842.0
853.4745724850093 846.0
853.7235534792667 833.0
853.9725257167406 832.0
854.2214891969475 851.0
854.4704439194039 836.0
854.7193898836274 846.0
854.9683270891342 818.0
855.2172555354416 822.0
855.4661752220665 852.0
855.7150861485252 843.0
855.9639883143353 833.0
856.212881719013 828.0
856.4617663620759 855.0
856.7106422430403 837.0
856.9595093614231 832.0
857.2083677167415 857.0
857.4572173085119 848.0
857.7060581362517 848.0
857.9548901994776 825.0
858.2037134977061 823.0
858.4525280304546 839.0
858.7013337972394 830.0
858.950130797578 839.0
859.1989190309868 836.0
859.4476984969828 827.0
859.696469195083 827.0
859.9452311248039 833.0
860.1939842856627 846.0
860.4427286771763 832.0
860.6914642988615 836.0
860.9401911502351 832.0
861.1889092308139 838.0
861.437618540115 826.0
861.686319077655 852.0
861.935010842951 834.0
862.1836938355198 835.0
862.432368054878 838.0
862.6810335005429 846.0
862.9296901720311 842.0
863.1783380688596 848.0
863.4269771905452 834.0
863.6756075366046 843.0
863.9242291065551 844.0
864.1728418999131 846.0
864.4214459161959 842.0
864.6700411549201 836.0
864.9186276156024 842.0
865.1672052977602 841.0
865.4157742009098 835.0
865.6643343245685 835.0
865.9128856682528 831.0
866.1614282314799 807.0
866.4099620137665 833.0
866.6584870146295 832.0
866.9070032335858 840.0
867.155510670152 825.0
867.4040093238455 834.0
867.6524991941827 846.0
867.9009802806806 849.0
868.1494525828563 844.0
868.3979161002262 838.0
868.6463708323078 836.0
868.8948167786174 826.0
869.1432539386718 843.0
869.3916823119887 834.0
869.6401018980839 839.0
869.8885126964751 848.0
870.1369147066789 830.0
870.3853079282118 826.0
870.6336923605911 832.0
870.8820680033335 839.0
871.1304348559562 836.0
871.3787929179755 840.0
871.6271421889087 833.0
871.8754826682726 850.0
872.1238143555837 825.0
872.3721372503595 822.0
872.6204513521162 826.0
872.8687566603713 826.0
873.1170531746413 828.0
873.365340894443 831.0
873.6136198192935 836.0
873.8618899487094 838.0
874.110151282208 836.0
874.3584038193057 832.0
874.6066475595196 829.0
874.8548825023668 839.0
875.1031086473636 849.0
875.3513259940273 840.0
875.5995345418747 827.0
875.8477342904224 833.0
876.0959252391877 852.0
876.3441073876871 828.0
876.5922807354377 828.0
876.8404452819562 838.0
877.0886010267599 830.0
877.3367479693651 834.0
877.5848861092887 839.0
877.8330154460481 857.0
878.0811359791594 840.0
878.3292477081402 861.0
878.5773506325071 860.0
878.8254447517768 849.0
879.0735300654665 816.0
879.3216065730924 833.0
879.5696742741723 830.0
879.8177331682225 816.0
880.0657832547598 838.0
880.3138245333014 840.0
880.5618570033639 829.0
880.8098806644645 837.0
881.0578955161196 828.0
881.3059015578464 830.0
881.5538987891618 841.0
881.8018872095822 828.0
882.0498668186252 846.0
882.297837615807 844.0
882.5457996006451 831.0
882.7937527726558 823.0
883.041697131356 837.0
883.2896326762632 827.0
883.5375594068934 835.0
883.7854773227642 823.0
884.0333864233922 833.0
884.2812867082938 824.0
884.5291781769868 858.0
884.7770608289871 833.0
885.0249346638125 838.0
885.2727996809792 834.0
885.5206558800041 838.0
885.7685032604046 851.0
886.0163418216969 837.0
886.2641715633982 848.0
886.5119924850256 836.0
886.7598045860955 826.0
887.007607866125 837.0
887.2554023246308 831.0
887.5031879611303 825.0
887.7509647751398 842.0
887.9987327661763 839.0
888.2464919337567 830.0
888.4942422773979 829.0
888.7419837966169 836.0
888.9897164909302 819.0
889.2374403598551 844.0
889.4851554029083 830.0
889.7328616196063 840.0
889.9805590094667 831.0
890.2282475720056 834.0
890.4759273067405 828.0
890.7235982131879 840.0
890.9712602908646 843.0
891.218913539288 836.0
891.4665579579743 841.0
891.7141935464408 845.0
891.9618203042044 842.0
892.2094382307815 836.0
892.4570473256895 827.0
892.7046475884449 829.0
892.9522390185649 830.0
893.1998216155661 845.0
893.4473953789653 824.0
893.6949603082797 828.0
893.9425164030258 829.0
894.1900636627211 829.0
894.4376020868815 830.0
894.6851316750246 817.0
894.9326524266672 840.0
895.1801643413257 828.0
895.4276674185177 834.0
895.6751616577593 826.0
895.922647058568 850.0
896.1701236204603 835.0
896.4175913429531 841.0
896.6650502255636 834.0
896.912500267808 844.0
897.159941469204 838.0
897.4073738292678 849.0
897.6547973475165 853.0
897.9022120234671 843.0
898.1496178566362 822.0
898.3970148465409 849.0
898.644402992698 836.0
898.8917822946241 828.0
899.1391527518367 830.0
899.386514363852 825.0
899.6338671301874 846.0
899.8812110503592 812.0
900.1285461238849 837.0
900.375872350281 832.0
900.6231897290643 836.0
900.8704982597519 829.0
901.1177979418604 844.0
901.3650887749071 830.0
901.6123707584086 858.0
901.8596438918815 844.0
902.106908174843 828.0
902.35416360681 828.0
902.6014101872993 821.0
902.8486479158278 825.0
903.095876791912 842.0
903.3430968150694 838.0
903.5903079848164 841.0
903.83751030067 834.0
904.0847037621473 827.0
904.3318883687646 829.0
904.5790641200394 830.0
904.826231015488 841.0
905.0733890546279 839.0
905.3205382369753 815.0
905.5676785620476 848.0
905.8148100293615 824.0
906.0619326384336 840.0
906.3090463887813 816.0
906.5561512799208 845.0
906.8032473113697 844.0
907.0503344826443 838.0
907.2974127932616 833.0
907.5444822427387 832.0
907.7915428305921 824.0
908.038594556339 817.0
908.2856374194963 833.0
908.5326714195803 844.0
908.7796965561088 823.0
909.0267128285976 830.0
909.2737202365645 840.0
909.520718779526 829.0
909.7677084569985 838.0
910.0146892684998 831.0
910.261661213546 832.0
910.5086242916544 840.0
910.7555785023416 837.0
911.0025238451248 828.0
911.2494603195206 824.0
911.4963879250456 822.0
911.7433066612174 835.0
911.9902165275522 834.0
912.2371175235672 814.0
912.4840096487795 833.0
912.7308929027052 838.0
912.9777672848619 836.0
913.2246327947661 829.0
913.4714894319347 832.0
913.7183371958849 830.0
913.965176086133 823.0
914.2120061021965 844.0
914.4588272435916 822.0
914.7056395098358 817.0
914.9524429004457 831.0
915.1992374149379 848.0
915.4460230528298 827.0
915.6927998136375 832.0
915.9395676968788 819.0
916.1863267020701 833.0
916.4330768287281 828.0
916.67981807637 850.0
916.9265504445123 838.0
917.1732739326723 826.0
917.4199885403666 825.0
917.6666942671121 830.0
917.9133911124259 849.0
918.1600790758242 829.0
918.4067581568248 838.0
918.6534283549438 825.0
918.9000896696987 832.0
919.1467421006058 827.0
919.3933856471822 835.0
919.6400203089449 826.0
919.8866460854103 841.0
920.1332629760961 837.0
920.3798709805186 826.0
920.6264700981943 848.0
920.8730603286409 824.0
921.1196416713748 841.0
921.3662141259131 829.0
921.6127776917724 836.0
921.8593323684695 835.0
922.1058781555217 825.0
922.3524150524454 841.0
922.598943058758 838.0
922.8454621739758 840.0
923.0919723976159 822.0
923.3384737291954 835.0
923.5849661682307 828.0
923.8314497142393 837.0
924.0779243667373 833.0
924.3243901252423 837.0
924.5708469892709 829.0
924.8172949583395 828.0
925.0637340319656 832.0
925.3101642096658 825.0
925.5565854909571 837.0
925.8029978753563 835.0
926.04940136238 842.0
926.2957959515456 834.0
926.5421816423694 816.0
926.7885584343687 830.0
927.0349263270604 812.0
927.281285319961 830.0
927.5276354125876 837.0
927.7739766044568 822.0
928.020308895086 830.0
928.2666322839915 834.0
928.5129467706906 811.0
928.7592523547 824.0
929.0055490355364 834.0
929.2518368127171 844.0
929.4981156857584 827.0
929.7443856541778 824.0
929.9906467174917 824.0
930.2368988752169 842.0
930.4831421268707 840.0
930.7293764719695 836.0
930.9756019100306 824.0
931.2218184405708 821.0
931.4680260631065 833.0
931.7142247771553 839.0
931.9604145822334 842.0
932.2065954778582 828.0
932.4527674635461 846.0
932.6989305388141 849.0
932.9450847031794 835.0
933.1912299561584 809.0
933.4373662972685 832.0
933.6834937260257 845.0
933.929612241948 821.0
934.1757218445516 821.0
934.4218225333533 834.0
934.6679143078701 825.0
934.913997167619 854.0
935.1600711121167 826.0
935.4061361408803 842.0
935.6521922534262 846.0
935.8982394492718 843.0
936.1442777279336 826.0
936.3903070889288 841.0
936.636327531774 826.0
936.882339055986 838.0
937.128341661082 842.0
937.3743353465785 832.0
937.6203201119927 840.0
937.8662959568414 816.0
938.1122628806411 834.0
938.3582208829092 834.0
938.6041699631621 845.0
938.8501101209171 829.0
939.0960413556905 836.0
939.341963667 829.0
939.5878770543618 846.0
939.8337815172929 820.0
940.0796770553103 837.0
940.3255636679306 833.0
940.5714413546712 828.0
940.8173101150486 826.0
941.0631699485793 830.0
941.309020854781 818.0
941.5548628331699 844.0
941.8006958832632 829.0
942.0465200045778 825.0
942.2923351966301 844.0
942.5381414589376 832.0
942.7839387910167 825.0
943.0297271923846 845.0
943.275506662558 820.0
943.5212772010536 832.0
943.7670388073888 835.0
944.0127914810797 818.0
944.2585352216438 818.0
944.504270028598 832.0
944.7499959014584 820.0
944.9957128397427 836.0
945.2414208429674 840.0
945.4871199106495 846.0
945.7328100423057 842.0
945.978491237453 835.0
946.2241634956084 834.0
946.4698268162882 832.0
946.71548119901 826.0
946.9611266432901 836.0
947.2067631486459 844.0
947.4523907145939 841.0
947.6980093406509 848.0
947.943619026334 841.0
948.1892197711599 843.0
948.4348115746456 838.0
948.680394436308 838.0
948.9259683556636 834.0
949.17153333223 842.0
949.4170893655231 853.0
949.6626364550607 827.0
949.9081746003591 836.0
950.1537038009352 850.0
950.3992240563063 822.0
950.6447353659886 819.0
950.8902377294995 838.0
951.1357311463555 839.0
951.381215616074 828.0
951.6266911381715 845.0
951.8721577121647 849.0
952.1176153375708 818.0
952.3630640139064 824.0
952.6085037406887 840.0
952.8539345174344 834.0
953.09935634366 826.0
953.3447692188829 846.0
953.5901731426196 829.0
953.8355681143876 833.0
954.080954133703 846.0
954.326331200083 823.0
954.5716993130445 832.0
954.8170584721041 838.0
955.0624086767792 846.0
955.3077499265863 851.0
955.5530822210421 819.0
955.798405559664 826.0
956.0437199419682 830.0
956.2890253674723 817.0
956.5343218356925 838.0
956.7796093461461 838.0
957.02488789835 840.0
957.2701574918206 827.0
957.5154181260752 826.0
957.7606698006304 833.0
958.0059125150034 835.0
958.2511462687107 828.0
958.4963710612694 838.0
958.7415868921963 837.0
958.9867937610082 839.0
959.2319916672224 838.0
959.4771806103552 838.0
959.7223605899235 852.0
959.9675316054446 838.0
960.2126936564348 833.0
960.4578467424116 822.0
960.7029908628915 834.0
960.9481260173911 830.0
961.193252205428 854.0
961.4383694265184 824.0
961.6834776801796 845.0
961.9285769659282 830.0
962.1736672832812 817.0
962.4187486317555 837.0
962.6638210108677 830.0
962.908884420135 833.0
963.153938859074 833.0
963.3989843272019 833.0
963.6440208240352 834.0
963.889048349091 845.0
964.1340669018862 836.0
964.3790764819373 836.0
964.6240770887617 818.0
964.8690687218761 826.0
965.114051380797 837.0
965.3590250650417 827.0
965.6039897741268 840.0
965.8489455075695 857.0
966.0938922648864 842.0
966.3388300455941 830.0
966.5837588492103 833.0
966.8286786752509 834.0
967.0735895232334 842.0
967.3184913926743 837.0
967.5633842830911 816.0
967.808268194 850.0
968.0531431249179 854.0
968.2980090753622 839.0
968.5428660448491 825.0
968.7877140328961 838.0
969.0325530390197 838.0
969.2773830627367 820.0
969.5222041035643 825.0
969.7670161610189 838.0
970.0118192346179 842.0
970.2566133238779 845.0
970.5013984283155 839.0
970.746174547448 841.0
970.990941680792 834.0
971.2356998278649 837.0
971.480448988183 834.0
971.725189161263 820.0
971.9699203466223 832.0
972.2146425437775 845.0
972.4593557522456 823.0
972.7040599715434 839.0
972.9487552011876 830.0
973.1934414406954 839.0
973.4381186895833 845.0
973.6827869473685 829.0
973.9274462135677 850.0
974.1720964876979 842.0
974.4167377692759 839.0
974.6613700578182 828.0
974.9059933528424 838.0
975.1506076538647 842.0
975.3952129604023 842.0
975.6398092719721 846.0
975.8843965880908 826.0
976.1289749082755 828.0
976.3735442320426 830.0
976.6181045589096 830.0
976.862655888393 838.0
977.1071982200094 844.0
977.3517315532764 846.0
977.5962558877101 846.0
977.840771222828 837.0
978.0852775581467 845.0
978.3297748931827 842.0
978.5742632274536 840.0
978.8187425604756 820.0
979.063212891766 832.0
979.3076742208415 834.0
979.5521265472191 829.0
979.7965698704156 835.0
980.0410041899477 849.0
980.2854295053326 820.0
980.5298458160865 829.0
980.7742531217272 848.0
981.0186514217711 830.0
981.2630407157347 828.0
981.5074210031356 824.0
981.7517922834901 826.0
981.9961545563154 836.0
982.2405078211283 825.0
982.4848520774455 839.0
982.729187324784 833.0
982.9735135626606 844.0
983.2178307905924 838.0
983.4621390080961 829.0
983.7064382146882 833.0
983.9507284098863 829.0
984.1950095932067 835.0
984.4392817641666 822.0
984.6835449222825 855.0
984.9277990670716 837.0
985.1720441980509 840.0
985.4162803147366 843.0
985.6605074166464 840.0
985.9047255032964 816.0
986.1489345742042 829.0
986.3931346288863 827.0
986.6373256668593 820.0
986.8815076876406 824.0
987.1256806907464 836.0
987.3698446756944 828.0
987.613999642001 838.0
987.8581455891829 824.0
988.1022825167574 850.0
988.3464104242408 833.0
988.5905293111508 845.0
988.8346391770036 840.0
989.0787400213161 833.0
989.3228318436055 840.0
989.5669146433884 840.0
989.8109884201817 837.0
990.0550531735024 846.0
990.2991089028674 829.0
990.5431556077934 840.0
990.7871932877973 836.0
991.031221942396 835.0
991.2752415711062 842.0
991.5192521734452 837.0
991.7632537489297 827.0
992.0072462970761 820.0
992.251229817402 825.0
992.4952043094236 823.0
992.7391697726582 840.0
992.9831262066227 842.0
993.2270736108336 819.0
993.4710119848082 824.0
993.7149413280629 826.0
993.958861640115 830.0
994.2027729204812 825.0
994.4466751686781 825.0
994.6905683842231 853.0
994.9344525666326 840.0
995.1783277154237 811.0
995.4221938301132 828.0
995.6660509102181 840.0
995.9098989552552 821.0
996.1537379647411 818.0
996.3975679381932 836.0
996.6413888751279 835.0
996.8852007750622 827.0
997.1290036375133 842.0
997.3727974619973 845.0
997.6165822480319 832.0
997.8603579951333 839.0
998.104124702819 822.0
998.3478823706055 819.0
998.5916309980095 834.0
998.8353705845483 830.0
999.0791011297383 828.0
999.3228226330968 817.0
999.5665350941406 830.0
999.8102385123861 818.0
1000.0539328873509 825.0
1000.2976182185512 836.0
1000.5412945055043 843.0
1000.7849617477269 838.0
1001.0286199447357 834.0
1001.2722690960481 832.0
1001.5159092011804 827.0
1001.75954025965 836.0
1002.003162270973 842.0
1002.246775234667 840.0
1002.4903791502487 811.0
1002.7339740172346 843.0
1002.9775598351421 819.0
1003.2211366034876 835.0
1003.4647043217884 844.0
1003.7082629895611 842.0
1003.9518126063224 834.0
1004.1953531715895 832.0
1004.4388846848791 842.0
1004.6824071457083 826.0
1004.9259205535938 841.0
1005.1694249080521 848.0
1005.4129202086007 843.0
1005.6564064547559 834.0
1005.8998836460353 838.0
1006.1433517819551 842.0
1006.3868108620323 848.0
1006.6302608857841 839.0
1006.8737018527269 833.0
1007.1171337623779 827.0
1007.3605566142537 829.0
1007.6039704078715 836.0
1007.8473751427481 827.0
1008.0907708184001 813.0
1008.3341574343445 829.0
1008.5775349900982 819.0
1008.8209034851784 834.0
1009.0642629191013 828.0
1009.3076132913841 840.0
1009.5509546015439 837.0
1009.7942868490973 842.0
1010.0376100335611 843.0
1010.2809241544525 839.0
1010.5242292112879 832.0
1010.7675252035845 828.0
1011.010812130859 842.0
1011.2540899926286 837.0
1011.4973587884098 823.0
1011.7406185177194 834.0
1011.9838691800747 827.0
1012.2271107749921 828.0
1012.470343301989 812.0
1012.7135667605817 827.0
1012.9567811502875 843.0
1013.1999864706231 837.0
1013.4431827211052 836.0
1013.686369901251 838.0
1013.929548010577 840.0
1014.1727170486006 829.0
1014.4158770148383 829.0
1014.6590279088067 835.0
1014.9021697300233 832.0
1015.1453024780044 834.0
1015.3884261522674 857.0
1015.6315407523286 832.0
1015.8746462777051 840.0
1016.1177427279141 837.0
1016.3608301024719 830.0
1016.603908400896 822.0
1016.8469776227028 828.0
1017.0900377674091 848.0
1017.3330888345322 836.0
1017.5761308235883 823.0
1017.8191637340951 831.0
1018.0621875655689 821.0
1018.3052023175269 836.0
1018.5482079894858 834.0
1018.7912045809622 841.0
1019.0341920914735 842.0
1019.2771705205361 839.0
1019.5201398676672 833.0
1019.7631001323837 844.0
1020.006051314202 833.0
1020.2489934126395 829.0
1020.4919264272125 827.0
1020.7348503574386 827.0
1020.9777652028342 845.0
1021.2206709629161 823.0
1021.4635676372014 855.0
1021.7064552252067 855.0
1021.9493337264495 836.0
1022.1922031404459 840.0
1022.4350634667132 824.0
1022.6779147047681 834.0
1022.9207568541273 834.0
1023.1635899143083 846.0
1023.4064138848273 827.0
1023.6492287652015 837.0
1023.8920345549478 828.0
1024.134831253583 835.0
1024.377618860624 849.0
1024.6203973755871 847.0
1024.8631667979898 821.0
1025.1059271273493 829.0
1025.3486783631818 842.0
1025.5914205050044 836.0
1025.8341535523336 835.0
1026.076877504687 846.0
1026.3195923615808 836.0
1026.5622981225324 841.0
1026.8049947870584 837.0
1027.0476823546753 841.0
1027.2903608249007 828.0
1027.5330301972513 836.0
1027.7756904712435 835.0
1028.0183416463947 851.0
1028.260983722221 822.0
1028.5036166982402 842.0
1028.7462405739689 835.0
1028.9888553489234 846.0
1029.2314610226213 842.0
1029.474057594579 834.0
1029.7166450643138 813.0
1029.9592234313418 846.0
1030.2017926951808 833.0
1030.4443528553472 834.0
1030.6869039113576 836.0
1030.9294458627296 834.0
1031.1719787089794 835.0
1031.414502449624 825.0
1031.6570170841808 825.0
1031.8995226121658 835.0
1032.1420190330966 837.0
1032.3845063464896 832.0
1032.6269845518618 836.0
1032.8694536487305 838.0
1033.111913636612 820.0
1033.3543645150232 832.0
1033.596806283481 831.0
1033.8392389415026 829.0
1034.081662488605 836.0
1034.324076924304 826.0
1034.566482248118 822.0
1034.8088784595625 830.0
1035.0512655581551 850.0
1035.2936435434124 846.0
1035.5360124148515 825.0
1035.778372171989 838.0
1036.020722814342 846.0
1036.2630643414275 833.0
1036.5053967527615 832.0
1036.7477200478622 829.0
1036.9900342262456 837.0
1037.2323392874284 835.0
1037.4746352309282 838.0
1037.7169220562612 835.0
1037.9591997629448 836.0
1038.2014683504956 820.0
1038.4437278184303 819.0
1038.685978166266 836.0
1038.9282193935196 833.0
1039.170451499708 839.0
1039.4126744843477 824.0
1039.6548883469559 821.0
1039.8970930870496 814.0
1040.1392887041452 836.0
1040.3814751977598 830.0
1040.6236525674105 824.0
1040.8658208126137 828.0
1041.107979932887 821.0
1041.3501299277466 835.0
1041.5922707967095 838.0
1041.8344025392926 825.0
1042.0765251550129 827.0
1042.3186386433872 825.0
1042.5607430039322 826.0
1042.802838236165 840.0
1043.0449243396022 827.0
1043.2870013137613 845.0
1043.5290691581586 836.0
1043.7711278723107 837.0
1044.013177455735 828.0
1044.2552179079482 826.0
1044.4972492284676 836.0
1044.7392714168093 825.0
1044.9812844724902 839.0
1045.223288395028 829.0
1045.4652831839387 819.0
1045.70726883874 833.0
1045.949245358948 835.0
1046.1912127440798 839.0
1046.4331709936528 829.0
1046.675120107183 817.0
1046.9170600841878 818.0
1047.1589909241836 837.0
1047.400912626688 822.0
1047.6428251912175 829.0
1047.8847286172886 836.0
1048.1266229044188 850.0
1048.3685080521243 833.0
1048.6103840599228 821.0
1048.8522509273307 830.0
1049.0941086538646 840.0
1049.3359572390418 834.0
1049.577796682379 822.0
1049.819626983393 846.0
1050.061448141601 835.0
1050.3032601565194 835.0
1050.5450630276655 832.0
1050.7868567545556 828.0
1051.0286413367073 826.0
1051.270416773637 844.0
1051.5121830648616 836.0
1051.7539402098982 825.0
1051.9956882082631 829.0
1052.237427059474 813.0
1052.479156763047 825.0
1052.7208773184996 842.0
1052.9625887253483 839.0
1053.2042909831098 838.0
1053.4459840913016 814.0
1053.6876680494397 823.0
1053.929342857042 835.0
1054.1710085136244 837.0
1054.4126650187043 834.0
1054.6543123717986 820.0
1054.8959505724238 828.0
1055.1375796200969 844.0
1055.3791995143351 839.0
1055.620810254655 826.0
1055.8624118405735 815.0
1056.1040042716074 828.0
1056.3455875472737 827.0
1056.5871616670893 845.0
1056.8287266305706 830.0
1057.070282437235 825.0
1057.3118290865991 830.0
1057.5533665781802 838.0
1057.7948949114943 840.0
1058.0364140860593 844.0
1058.2779241013916 848.0
1058.5194249570077 826.0
1058.760916652425 816.0
1059.0023991871599 829.0
1059.24387256073 843.0
1059.4853367726514 838.0
1059.7267918224413 832.0
1059.968237709617 836.0
1060.2096744336943 825.0
1060.451101994191 825.0
1060.6925203906237 838.0
1060.933929622509 816.0
1061.1753296893642 828.0
1061.4167205907056 834.0
1061.6581023260508 836.0
1061.8994748949162 837.0
1062.1408382968189 829.0
1062.3821925312755 829.0
1062.6235375978026 832.0
1062.8648734959181 835.0
1063.1062002251376 820.0
1063.3475177849793 831.0
1063.588826174959 821.0
1063.830125394594 823.0
1064.0714154434013 828.0
1064.312696320897 839.0
1064.553968026599 843.0
1064.7952305600238 827.0
1065.036483920688 832.0
1065.2777281081087 829.0
1065.5189631218025 817.0
1065.7601889612868 825.0
1066.001405626078 834.0
1066.2426131156928 825.0
1066.4838114296492 835.0
1066.7250005674625 858.0
1066.9661805286507 832.0
1067.2073513127305 822.0
1067.4485129192178 837.0
1067.689665347631 830.0
1067.9308085974856 838.0
1068.1719426682996 836.0
1068.413067559589 831.0
1068.654183270871 825.0
1068.8952898016628 857.0
1069.1363871514804 843.0
1069.3774753198418 837.0
1069.618554306263 849.0
1069.8596241102612 852.0
1070.100684731353 823.0
1070.3417361690556 832.0
1070.582778422886 825.0
1070.8238114923604 839.0
1071.0648353769964 847.0
1071.3058500763104 822.0
1071.5468555898192 833.0
1071.7878519170404 836.0
1072.02883905749 841.0
1072.2698170106853 835.0
1072.5107857761434 824.0
1072.75174535338 828.0
1072.9926957419138 833.0
1073.23363694126 824.0
1073.4745689509368 837.0
1073.7154917704597 825.0
1073.9564053993467 833.0
1074.1973098371145 848.0
1074.4382050832794 839.0
1074.6790911373587 830.0
1074.9199679988692 830.0
1075.1608356673278 826.0
1075.4016941422512 836.0
1075.6425434231562 832.0
1075.8833835095604 817.0
1076.1242144009796 826.0
1076.3650360969316 821.0
1076.6058485969324 813.0
1076.8466519004996 839.0
1077.0874460071498 826.0
1077.3282309163997 827.0
1077.5690066277664 852.0
1077.8097731407665 827.0
1078.0505304549172 813.0
1078.2912785697354 841.0
1078.5320174847377 821.0
1078.772747199441 802.0
1079.0134677133622 840.0
1079.2541790260184 838.0
1079.4948811369263 829.0
1079.7355740456023 840.0
1079.9762577515642 826.0
1080.2169322543277 826.0
1080.4575975534112 820.0
1080.6982536483301 834.0
1080.9389005386022 829.0
1081.179538223744 837.0
1081.4201667032721 839.0
1081.6607859767041 843.0
1081.9013960435564 836.0
1082.1419969033457 818.0
1082.382588555589 835.0
1082.6231709998035 850.0
1082.863744235506 829.0
1083.104308262213 842.0
1083.3448630794412 834.0
1083.5854086867082 829.0
1083.8259450835303 826.0
1084.0664722694248 831.0
1084.306990243908 832.0
1084.5474990064974 840.0
1084.7879985567097 829.0
1085.0284888940612 825.0
1085.2689700180695 823.0
1085.509441928251 823.0
1085.749904624123 811.0
1085.990358105202 828.0
1086.2308023710048 836.0
1086.4712374210485 835.0
1086.71166325485 838.0
1086.9520798719261 812.0
1087.1924872717937 822.0
1087.4328854539694 833.0
1087.6732744179706 845.0
1087.9136541633134 818.0
1088.1540246895156 845.0
1088.3943859960934 851.0
1088.6347380825637 820.0
1088.8750809484436 847.0
1089.1154145932499 839.0
1089.3557390164995 834.0
1089.5960542177095 832.0
1089.836360196396 844.0
1090.0766569520767 830.0
1090.3169444842679 818.0
1090.557222792487 811.0
1090.7974918762502 836.0
1091.037751735075 829.0
1091.2780023684782 822.0
1091.518243775976 844.0
1091.7584759570861 822.0
1091.9986989113247 830.0
1092.2389126382093 817.0
1092.4791171372563 819.0
1092.7193124079827 848.0
1092.9594984499054 850.0
1093.1996752625412 834.0
1093.4398428454072 838.0
1093.68000119802 826.0
1093.9201503198965 853.0
1094.1602902105537 830.0
1094.4004208695083 845.0
1094.6405422962773 841.0
1094.8806544903778 841.0
1095.120757451326 844.0
1095.3608511786392 834.0
1095.6009356718341 822.0
1095.8410109304282 830.0
1096.0810769539376 825.0
1096.3211337418795 821.0
1096.5611812937707 833.0
1096.8012196091279 832.0
1097.0412486874682 834.0
1097.2812685283084 838.0
1097.5212791311658 818.0
1097.7612804955563 826.0
1098.0012726209975 839.0
1098.2412555070064 834.0
1098.4812291530989 828.0
1098.721193558793 822.0
1098.961148723605 837.0
1099.2010946470518 829.0
1099.4410313286503 832.0
1099.6809587679172 832.0
1099.92087696437 833.0
1100.1607859175251 834.0
1100.400685626899 841.0
1100.640576092009 822.0
1100.880457312372 834.0
1101.1203292875052 834.0
1101.3601920169247 845.0
1101.6000455001479 817.0
1101.8398897366915 826.0
1102.079724726072 834.0
1102.3195504678072 828.0
1102.559366961413 835.0
1102.7991742064069 811.0
1103.0389722023056 841.0
1103.2787609486254 829.0
1103.5185404448844 840.0
1103.7583106905984 832.0
1103.9980716852845 827.0
1104.23782342846 833.0
1104.4775659196412 826.0
1104.7172991583454 826.0
1104.9570231440887 839.0
1105.1967378763893 837.0
1105.436443354763 839.0
1105.6761395787273 830.0
1105.9158265477986 828.0
1106.1555042614937 839.0
1106.3951727193298 841.0
1106.6348319208234 834.0
1106.8744818654923 837.0
1107.1141225528525 827.0
1107.3537539824208 832.0
1107.5933761537144 828.0
1107.8329890662503 822.0
1108.072592719545 832.0
1108.3121871131157 833.0
1108.551772246479 830.0
1108.7913481191517 827.0
1109.030914730651 825.0
1109.2704720804938 835.0
1109.5100201681967 822.0
1109.7495589932764 837.0
1109.9890885552504 829.0
1110.2286088536348 834.0
1110.4681198879473 832.0
1110.707621657704 837.0
1110.9471141624224 838.0
1111.1865974016187 825.0
1111.4260713748101 835.0
1111.665536081514 833.0
1111.9049915212463 839.0
1112.1444376935244 830.0
1112.3838745978653 827.0
1112.6233022337854 837.0
1112.8627206008023 831.0
1113.102129698432 821.0
1113.3415295261918 829.0
1113.5809200835986 822.0
1113.820301370169 833.0
1114.0596733854206 837.0
1114.2990361288694 830.0
1114.5383896000326 832.0
1114.7777337984273 818.0
1115.0170687235698 830.0
1115.2563943749778 830.0
1115.4957107521673 824.0
1115.7350178546556 832.0
1115.9743156819598 837.0
1116.213604233596 827.0
1116.452883509082 831.0
1116.692153507934 838.0
1116.9314142296694 839.0
1117.1706656738045 833.0
1117.4099078398563 825.0
1117.6491407273422 824.0
1117.8883643357783 817.0
1118.1275786646822 833.0
1118.36678371357 836.0
1118.6059794819594 820.0
1118.8451659693665 823.0
1119.0843431753085 830.0
1119.3235110993026 845.0
1119.5626697408647 830.0
1119.8018190995128 833.0
1120.0409591747637 822.0
1120.2800899661331 830.0
1120.519211473139 836.0
1120.7583236952978 823.0
1120.9974266321262 838.0
1121.236520283142 832.0
1121.4756046478608 831.0
1121.7146797258001 840.0
1121.9537455164768 833.0
1122.192802019408 825.0
1122.4318492341101 828.0
1122.6708871601 821.0
1122.909915796895 818.0
1123.1489351440111 830.0
1123.3879452009662 832.0
1123.6269459672762 838.0
1123.865937442459 833.0
1124.1049196260308 842.0
1124.3438925175087 843.0
