shot=161_gas=Ne_hight=100_RF=199.5W_massflow=8000_coils=0.0A_HR4000 spectrum
Wavelength [nm] // Intensity [u.a.] 
194.93414 760.0
195.2037815346219 746.0
195.47341553816543 769.0
195.74304201014752 739.0
196.012660950085 762.0
196.28227235749478 770.0
196.55187623189366 772.0
196.82147257279857 780.0
197.09106137972637 761.0
197.36064265219392 755.0
197.63021638971804 762.0
197.89978259181567 941.0
198.16934125800364 683.0
198.43889238779886 759.0
198.7084359807181 758.0
198.97797203627835 762.0
199.2475005539964 769.0
199.51702153338914 769.0
199.78653497397343 760.0
200.05604087526618 755.0
200.3255392367842 746.0
200.59503005804436 933.0
200.8645133385636 681.0
201.1339890778587 748.0
201.4034572754466 759.0
201.67291793084408 769.0
201.94237104356813 764.0
202.21181661313554 766.0
202.48125463906314 758.0
202.7506851208679 765.0
203.02010805806663 778.0
203.28952345017618 936.0
203.55893129671344 669.0
203.8283315971953 749.0
204.0977243511386 754.0
204.3671095580602 754.0
204.636487217477 757.0
204.90585732890585 758.0
205.17521989186366 781.0
205.44457490586717 770.0
205.7139223704334 774.0
205.98326228507918 949.0
206.2525946493213 667.0
206.5219194626767 758.0
206.79123672466224 778.0
207.06054643479476 765.0
207.32984859259116 771.0
207.59914319756828 782.0
207.86843024924303 764.0
208.13770974713225 775.0
208.40698169075276 749.0
208.6762460796215 929.0
208.94550291325532 673.0
209.2147521911711 762.0
209.48399391288567 769.0
209.75322807791594 770.0
210.02245468577874 765.0
210.29167373599094 777.0
210.56088522806942 759.0
210.83008916153108 770.0
211.09928553589276 752.0
211.3684743506713 949.0
211.63765560538363 690.0
211.9068292995466 740.0
212.175995432677 775.0
212.44515400429182 774.0
212.71430501390782 778.0
212.98344846104192 778.0
213.25258434521103 782.0
213.52171266593191 787.0
213.79083342272153 746.0
214.05994661509675 944.0
214.3290522425744 677.0
214.5981503046713 752.0
214.8672408009044 759.0
215.13632373079054 753.0
215.4053990938466 750.0
215.6744668895894 760.0
215.94352711753592 771.0
216.21257977720293 778.0
216.48162486810728 750.0
216.7506623897659 931.0
217.01969234169565 667.0
217.2887147234134 736.0
217.55772953443596 776.0
217.82673677428028 769.0
218.0957364424632 755.0
218.36472853850154 773.0
218.6337130619122 772.0
218.9026900122121 769.0
219.17165938891804 761.0
219.4406211915469 931.0
219.70957541961562 677.0
219.97852207264097 751.0
220.24746115013983 766.0
220.5163926516291 769.0
220.78531657662566 757.0
221.05423292464639 767.0
221.32314169520808 779.0
221.59204288782766 771.0
221.860936502022 767.0
222.12982253730797 949.0
222.39870099320237 665.0
222.66757186922214 742.0
222.93643516488416 776.0
223.20529087970525 766.0
223.47413901320226 750.0
223.74297956489212 782.0
224.01181253429166 759.0
224.28063792091777 761.0
224.5494557242873 766.0
224.8182659439171 938.0
225.08706857932413 688.0
225.35586363002508 765.0
225.62465109553705 785.0
225.89343097537673 774.0
226.16220326906105 767.0
226.43096797610687 768.0
226.69972509603105 767.0
226.9684746283505 766.0
227.237216572582 761.0
227.50595092824256 939.0
227.7746776948489 685.0
228.04339687191796 756.0
228.31210845896663 762.0
228.5808124555117 765.0
228.84950886107015 765.0
229.11819767515877 768.0
229.38687889729442 756.0
229.65555252699397 788.0
229.92421856377433 760.0
230.1928770071524 931.0
230.46152785664492 669.0
230.73017111176884 765.0
230.99880677204106 779.0
231.26743483697837 782.0
231.53605530609772 773.0
231.8046681789159 772.0
232.07327345494983 763.0
232.34187113371638 781.0
232.61046121473237 767.0
232.87904369751473 960.0
233.14761858158028 688.0
233.41618586644586 755.0
233.68474555162845 778.0
233.95329763664483 775.0
234.2218421210119 771.0
234.49037900424648 768.0
234.7589082858655 756.0
235.02742996538583 766.0
235.29594404232427 771.0
235.56445051619772 957.0
235.8329493865231 666.0
236.10144065281722 739.0
236.36992431459691 771.0
236.63840037137916 774.0
236.9068688226808 761.0
237.1753296680186 768.0
237.44378290690955 760.0
237.7122285388704 763.0
237.9806665634181 750.0
238.24909698006957 943.0
238.51751978834153 690.0
238.78593498775095 748.0
239.0543425778147 766.0
239.32274255804958 764.0
239.59113492797255 787.0
239.8595196871004 781.0
240.12789683495004 782.0
240.3962663710383 774.0
240.66462829488208 758.0
240.93298260599826 934.0
241.2013293039037 682.0
241.46966838811522 758.0
241.73799985814978 775.0
242.00632371352418 766.0
242.27463995375527 782.0
242.54294857835998 765.0
242.81124958685515 780.0
243.07954297875764 799.0
243.34782875358434 778.0
243.61610691085207 956.0
243.88437745007772 682.0
244.15264037077822 752.0
244.42089567247035 768.0
244.68914335467105 768.0
244.95738341689716 774.0
245.2256158586655 779.0
245.493840679493 784.0
245.76205787889654 774.0
246.03026745639292 757.0
246.29846941149904 949.0
246.5666637437318 680.0
246.834850452608 734.0
247.1030295376446 769.0
247.37120099835838 757.0
247.63936483426627 773.0
247.9075210448851 775.0
248.17566962973177 774.0
248.4438105883231 760.0
248.71194392017603 751.0
248.98006962480733 951.0
249.248187701734 670.0
249.51629815047275 759.0
249.78440097054056 769.0
250.05249616145431 770.0
250.32058372273076 773.0
250.5886636538869 769.0
250.85673595443953 765.0
251.12480062390551 778.0
251.39285766180177 772.0
251.6609070676451 945.0
251.92894884095242 681.0
252.19698298124058 760.0
252.46500948802645 764.0
252.73302836082692 770.0
253.00103959915882 776.0
253.26904320253902 776.0
253.53703917048443 770.0
253.80502750251188 761.0
254.07300819813827 768.0
254.34098125688044 947.0
254.60894667825525 677.0
254.87690446177962 764.0
255.14485460697037 774.0
255.41279711334434 766.0
255.6807319804185 777.0
255.94865920770962 765.0
256.2165787947346 805.0
256.48449074101035 759.0
256.75239504605366 759.0
257.02029170938147 935.0
257.28818073051065 686.0
257.556062108958 754.0
257.8239358442404 762.0
258.0918019358748 765.0
258.35966038337796 784.0
258.6275111862668 753.0
258.8953543440582 770.0
259.163189856269 774.0
259.4310177224162 753.0
259.6988379420164 942.0
259.9666505145867 685.0
260.23445543964385 758.0
260.50225271670473 763.0
260.77004234528624 764.0
261.03782432490533 759.0
261.3055986550787 773.0
261.5733653353234 766.0
261.8411243651561 772.0
262.1088757440937 749.0
262.37661947165327 945.0
262.6443555473515 662.0
262.9120839707053 763.0
263.1798047412315 762.0
263.44751785844704 780.0
263.7152233218687 784.0
263.98292113101354 763.0
264.2506112853982 772.0
264.51829378453965 782.0
264.7859686279547 768.0
265.05363581516025 959.0
265.32129534567326 668.0
265.5889472190105 753.0
265.8565914346889 767.0
266.1242279922252 752.0
266.39185689113634 765.0
266.65947813093925 776.0
266.9270917111508 776.0
267.19469763128774 766.0
267.46229589086704 758.0
267.72988648940554 948.0
267.9974694264201 676.0
268.2650447014276 748.0
268.53261231394487 772.0
268.80017226348883 768.0
269.0677245495763 770.0
269.3352691717242 770.0
269.60280612944933 782.0
269.8703354222686 767.0
270.13785704969894 763.0
270.40537101125716 944.0
270.67287730646007 675.0
270.9403759348246 758.0
271.2078668958677 770.0
271.47535018910605 779.0
271.7428258140567 768.0
272.01029377023633 772.0
272.2777540571619 779.0
272.5452066743504 769.0
272.81265162131854 761.0
273.08008889758327 934.0
273.34751850266144 688.0
273.6149404360698 749.0
273.8823546973254 763.0
274.1497612859451 765.0
274.4171602014456 761.0
274.6845514433439 783.0
274.95193501115676 764.0
275.2193109044012 770.0
275.486679122594 750.0
275.7540396652521 944.0
276.02139253189216 679.0
276.2887377220313 754.0
276.55607523518626 765.0
276.82340507087395 766.0
277.09072722861123 765.0
277.3580417079149 786.0
277.62534850830195 755.0
277.8926476292892 772.0
278.1599390703934 762.0
278.4272228311316 949.0
278.69449891102056 680.0
278.96176730957717 758.0
279.22902802631836 768.0
279.4962810607609 768.0
279.76352641242164 773.0
280.0307640808177 768.0
280.29799406546556 776.0
280.5652163658824 762.0
280.8324309815849 769.0
281.09963791209003 923.0
281.3668371569146 687.0
281.6340287155756 763.0
281.9012125875897 774.0
282.168388772474 766.0
282.4355572697452 771.0
282.7027180789201 761.0
282.9698711995158 770.0
283.23701663104896 776.0
283.50415437303667 765.0
283.77128442499554 940.0
284.0384067864426 688.0
284.3055214568946 751.0
284.57262843586864 768.0
284.8397277228814 769.0
285.1068193174497 764.0
285.37390321909055 782.0
285.6409794273207 754.0
285.9080479416572 756.0
286.1751087616167 757.0
286.4421618867162 949.0
286.7092073164725 690.0
286.9762450504025 745.0
287.24327508802315 765.0
287.5102974288511 772.0
287.77731207240345 772.0
288.04431901819703 762.0
288.3113182657485 766.0
288.578309814575 761.0
288.84529366419326 761.0
289.1122698141201 949.0
289.37923826387254 677.0
289.6461990129674 756.0
289.91315206092133 779.0
290.18009740725154 759.0
290.44703505147464 774.0
290.7139649931077 773.0
290.98088723166734 763.0
291.24780176667065 764.0
291.5147085976344 746.0
291.78160772407557 937.0
292.04849914551085 680.0
292.3153828614572 752.0
292.58225887143146 778.0
292.8491271749505 773.0
293.1159877715313 770.0
293.3828406606906 773.0
293.6496858419453 768.0
293.9165233148123 772.0
294.1833530788084 749.0
294.4501751334505 937.0
294.71698947825547 690.0
294.9837961127402 751.0
295.2505950364216 772.0
295.5173862488164 772.0
295.78416974944156 761.0
296.050945537814 768.0
296.31771361345045 769.0
296.584473975868 770.0
296.8512266245832 766.0
297.11797155911313 934.0
297.38470877897464 673.0
297.6514382836846 768.0
297.9181600727598 777.0
298.18487414571723 763.0
298.4515805020736 763.0
298.71827914134593 782.0
298.9849700630511 776.0
299.2516532667058 770.0
299.518328751827 750.0
299.78499651793163 947.0
300.0516565645365 677.0
300.3183088911584 761.0
300.58495349731436 771.0
300.8515903825211 771.0
301.1182195462956 769.0
301.3848409881546 760.0
301.65145470761513 765.0
301.91806070419403 774.0
302.184658977408 757.0
302.4512495267741 946.0
302.7178323518091 677.0
302.9844074520298 754.0
303.2509748269532 760.0
303.5175344760962 766.0
303.78408639897555 763.0
304.0506305951082 775.0
304.31716706401096 762.0
304.58369580520065 755.0
304.8502168181943 760.0
305.1167301025086 940.0
305.3832356576606 673.0
305.649733483167 742.0
305.9162235785447 769.0
306.1827059433106 753.0
306.4491805769817 772.0
306.7156474790747 762.0
306.98210664910647 788.0
307.2485580865939 777.0
307.5150017910539 766.0
307.7814377620034 945.0
308.0478659989591 676.0
308.31428650143795 755.0
308.58069926895683 784.0
308.8471043010326 763.0
309.1135015971821 763.0
309.37989115692227 780.0
309.6462729797699 765.0
309.91264706524197 775.0
310.1790134128551 758.0
310.4453720221265 944.0
310.71172289257277 692.0
310.97806602371094 766.0
311.2444014150577 752.0
311.5107290661301 757.0
311.777048976445 772.0
312.04336114551904 763.0
312.30966557286945 773.0
312.5759622580128 778.0
312.8422512004661 776.0
313.1085323997461 944.0
313.3748058553698 665.0
313.641071566854 743.0
313.90732953371554 762.0
314.17357975547145 759.0
314.4398222316384 776.0
314.70605696173334 754.0
314.9722839452731 752.0
315.23850318177466 778.0
315.50471467075477 761.0
315.7709184117303 928.0
316.0371144042182 676.0
316.3033026477353 759.0
316.56948314179846 776.0
316.8356558859246 772.0
317.1018208796305 766.0
317.36797812243304 778.0
317.6341276138491 761.0
317.90026935339563 780.0
318.1664033405894 778.0
318.4325295749473 952.0
318.6986480559862 677.0
318.96475878322303 762.0
319.2308617561746 774.0
319.4969569743577 788.0
319.76304443728935 769.0
320.0291241444864 759.0
320.2951960954656 759.0
320.5612602897438 752.0
320.82731672683815 760.0
321.0933654062652 954.0
321.359406327542 680.0
321.6254394901853 739.0
321.891464893712 754.0
322.157482537639 761.0
322.4234924214832 760.0
322.68949454476143 769.0
322.95548890699064 763.0
323.2214755076875 777.0
323.487454346369 754.0
323.753425422552 950.0
324.01938873575347 683.0
324.2853442854901 743.0
324.55129207127885 773.0
324.8172320926366 766.0
325.08316434908016 764.0
325.34908884012646 761.0
325.61500556529234 762.0
325.8809145240947 761.0
326.14681571605024 756.0
326.4127091406761 922.0
326.6785947974889 671.0
326.9444726860058 752.0
327.2103428057433 773.0
327.47620515621855 767.0
327.74205973694836 766.0
328.00790654744947 770.0
328.2737455872389 752.0
328.5395768558335 766.0
328.80540035275004 757.0
329.0712160775054 949.0
329.33702402961654 671.0
329.6028242086002 758.0
329.86861661397353 768.0
330.13440124525306 761.0
330.4001781019559 776.0
330.66594718359863 770.0
330.9317084896984 744.0
331.19746201977205 781.0
331.46320777333636 746.0
331.7289457499082 948.0
331.9946759490044 680.0
332.2603983701419 751.0
332.5261130128375 770.0
332.79181987660826 770.0
333.05751896097087 775.0
333.3232102654422 771.0
333.58889378953916 745.0
333.85456953277856 761.0
334.1202374946774 771.0
334.38589767475247 941.0
334.6515500725206 695.0
334.9171946874987 764.0
335.18283151920355 763.0
335.4484605671522 773.0
335.7140818308614 762.0
335.97969530984807 773.0
336.245301003629 762.0
336.51089891172114 775.0
336.77648903364127 763.0
337.04207136890636 930.0
337.30764591703326 677.0
337.5732126775387 774.0
337.83877164993976 773.0
338.10432283375314 778.0
338.36986622849577 769.0
338.63540183368457 762.0
338.9009296488363 772.0
339.16644967346787 761.0
339.4319619070962 769.0
339.6974663492381 941.0
339.9629629994105 669.0
340.22845185713027 749.0
340.4939329219141 770.0
340.75940619327906 772.0
341.02487167074196 785.0
341.2903293538197 784.0
341.555779242029 760.0
341.821221334887 761.0
342.0866556319103 752.0
342.3520821326158 948.0
342.6175008365205 668.0
342.8829117431413 770.0
343.1483148519949 762.0
343.41371016259825 785.0
343.6790976744682 764.0
343.9444773871216 773.0
344.20984930007546 756.0
344.4752134128465 765.0
344.74056972495157 764.0
345.0059182359076 947.0
345.27125894523147 680.0
345.53659185244 744.0
345.80191695705014 779.0
346.0672342585787 773.0
346.3325437565426 760.0
346.5978454504585 765.0
346.8631393398436 755.0
347.1284254242145 778.0
347.3937037030882 765.0
347.6589741759816 939.0
347.92423684241146 691.0
348.1894917018946 746.0
348.4547387539481 773.0
348.71997799808867 754.0
348.9852094338332 777.0
349.2504330606986 766.0
349.51564887820166 757.0
349.7808568858593 763.0
350.0460570831885 750.0
350.31124946970584 939.0
350.57643404492853 668.0
350.84161080837316 772.0
351.1067797595568 768.0
351.3719408979961 755.0
351.63709422320824 762.0
351.90223973470984 774.0
352.16737743201776 787.0
352.43250731464894 772.0
352.69762938212034 752.0
352.9627436339487 926.0
353.2278500696509 674.0
353.49294868874387 751.0
353.7580394907444 765.0
354.02312247516943 768.0
354.28819764153576 792.0
354.55326498936034 777.0
354.81832451816 772.0
355.08337622745165 761.0
355.348420116752 742.0
355.613456185578 946.0
355.8784844334467 677.0
356.1435048598747 750.0
356.4085174643791 745.0
356.6735222464765 771.0
356.938519205684 782.0
357.2035083415184 774.0
357.46848965349653 767.0
357.73346314113536 776.0
357.9984288039516 776.0
358.2633866414622 957.0
358.528336653184 684.0
358.793278838634 768.0
359.05821319732894 769.0
359.3231397287857 764.0
359.5880584325211 771.0
359.8529693080521 780.0
360.1178723548955 777.0
360.3827675725683 774.0
360.64765496058726 753.0
360.9125345184692 939.0
361.1774062457311 672.0
361.44227014188965 758.0
361.707126206462 769.0
361.9719744389649 780.0
362.2368148389151 773.0
362.5016474058295 774.0
362.766472139225 767.0
363.0312890386186 774.0
363.296098103527 746.0
363.5608993334672 945.0
363.82569272795587 679.0
364.09047828651006 773.0
364.35525600864656 770.0
364.6200258938823 759.0
364.8847879417341 772.0
365.1495421517188 779.0
365.41428852335326 769.0
365.67902705615444 779.0
365.9437577496392 769.0
366.2084806033243 949.0
366.4731956167267 671.0
366.7379027893632 769.0
367.0026021207507 752.0
367.2672936104061 763.0
367.5319772578463 762.0
367.79665306258806 759.0
368.06132102414836 779.0
368.32598114204393 781.0
368.59063341579173 758.0
368.85527784490864 940.0
369.1199144289115 693.0
369.3845431673172 753.0
369.6491640596426 771.0
369.91377710540445 776.0
370.1783823041198 782.0
370.44297965530546 782.0
370.70756915847835 783.0
370.97215081315517 774.0
371.2367246188529 763.0
371.5012905750884 947.0
371.7658486813786 670.0
372.0303989372402 742.0
372.29494134219027 750.0
372.5594758957455 763.0
372.82400259742286 781.0
373.08852144673915 772.0
373.3530324432114 769.0
373.6175355863563 772.0
373.8820308756908 761.0
374.1465183107317 950.0
374.410997890996 670.0
374.6754696160004 764.0
374.93993348526186 785.0
375.2043894982973 781.0
375.4688376546235 766.0
375.7332779537573 780.0
375.9977103952157 769.0
376.26213497851546 780.0
376.52655170317354 772.0
376.7909605687067 955.0
377.05536157463183 680.0
377.3197547204658 770.0
377.5841400057256 761.0
377.84851742992794 759.0
378.11288699258984 788.0
378.37724869322795 762.0
378.64160253135935 766.0
378.90594850650075 772.0
379.1702866181692 761.0
379.4346168658814 942.0
379.69893924915425 663.0
379.9632537675047 753.0
380.2275604204495 761.0
380.49185920750574 776.0
380.75615012819 755.0
381.0204331820193 759.0
381.2847083685105 758.0
381.5489756871804 783.0
381.8132351375459 744.0
382.07748671912407 954.0
382.34173043143153 678.0
382.6059662739852 750.0
382.8701942463019 761.0
383.1344143478986 762.0
383.3986265782921 769.0
383.6628309369994 777.0
383.92702742353725 770.0
384.1912160374225 769.0
384.45539677817203 766.0
384.7195696453027 948.0
384.98373463833155 686.0
385.2478917567753 760.0
385.5120410001507 766.0
385.7761823679748 772.0
386.0403158597644 777.0
386.30444147503647 759.0
386.5685592133077 768.0
386.8326690740951 774.0
387.09677105691543 771.0
387.36086516128563 951.0
387.6249513867226 686.0
387.88902973274315 765.0
388.15310019886414 777.0
388.41716278460245 769.0
388.68121748947493 779.0
388.9452643129986 783.0
389.2093032546901 763.0
389.47333431406645 775.0
389.73735749064434 744.0
390.0013727839409 937.0
390.2653801934728 659.0
390.52937971875696 749.0
390.7933713593103 755.0
391.05735511464974 777.0
391.3213309842919 767.0
391.5852989677539 761.0
391.8492590645524 770.0
392.1132112742045 778.0
392.37715559622694 763.0
392.6410920301366 966.0
392.9050205754503 705.0
393.1689412316849 749.0
393.43285399835736 759.0
393.69675887498465 765.0
393.96065586108335 783.0
394.2245449561705 767.0
394.4884261597629 768.0
394.75229947137757 779.0
395.01616489053123 766.0
395.28002241674085 939.0
395.5438720495231 689.0
395.80771378839506 761.0
396.0715476328735 772.0
396.33537358247537 761.0
396.5991916367174 769.0
396.86300179511665 769.0
397.12680405718976 777.0
397.39059842245376 766.0
397.65438489042543 770.0
397.91816346062177 949.0
398.18193413255955 673.0
398.4456969057556 756.0
398.7094517797268 766.0
398.97319875399006 772.0
399.2369378280623 781.0
399.50066900146027 771.0
399.764392273701 753.0
400.02810764430114 771.0
400.2918151127777 755.0
400.55551467864757 938.0
400.81920634142756 680.0
401.08289010063453 745.0
401.34656595578537 765.0
401.6102339063969 783.0
401.8738939519861 785.0
402.1375460920697 764.0
402.4011903261647 769.0
402.6648266537879 774.0
402.92845507445617 772.0
403.1920755876863 938.0
403.4556881929953 669.0
403.71929288990003 749.0
403.98288967791734 761.0
404.246478556564 757.0
404.5100595253569 782.0
404.77363258381297 763.0
405.03719773144906 774.0
405.3007549677821 777.0
405.56430429232887 759.0
405.82784570460626 937.0
406.0913792041311 670.0
406.35490479042033 743.0
406.61842246299085 776.0
406.88193222135936 778.0
407.14543406504293 772.0
407.4089279935582 781.0
407.6724140064223 778.0
407.9358921031519 773.0
408.19936228326395 761.0
408.4628245462754 936.0
408.7262788917029 672.0
408.9897253190635 763.0
409.25316382787395 773.0
409.5165944176513 756.0
409.7800170879122 786.0
410.04343183817366 756.0
410.30683866795243 756.0
410.57023757676546 768.0
410.83362856412975 776.0
411.09701162956185 949.0
411.3603867725789 662.0
411.62375399269763 742.0
411.887113289435 772.0
412.1504646623078 773.0
412.4138081108329 776.0
412.6771436345273 783.0
412.94047123290767 757.0
413.20379090549096 772.0
413.46710265179405 754.0
413.7304064713339 939.0
413.9937023636272 664.0
414.25699032819097 753.0
414.52027036454194 760.0
414.78354247219704 744.0
415.0468066506732 761.0
415.31006289948726 752.0
415.5733112181561 772.0
415.83655160619645 755.0
416.0997840631253 754.0
416.3630085884595 925.0
416.62622518171594 667.0
416.8894338424115 749.0
417.152634570063 762.0
417.4158273641873 785.0
417.67901222430123 781.0
417.9421891499217 762.0
418.2053581405658 754.0
418.46851919575005 750.0
418.7316723149915 765.0
418.99481749780693 938.0
419.2579547437133 682.0
419.5210840522274 748.0
419.78420542286625 775.0
420.04731885514644 773.0
420.31042434858506 758.0
420.573521902699 775.0
420.83661151700494 769.0
421.0996931910199 765.0
421.3627669242608 758.0
421.6258327162443 937.0
421.88889056648736 682.0
422.1519404745069 756.0
422.41498243981977 781.0
422.6780164619429 769.0
422.9410425403929 757.0
423.2040606746869 773.0
423.46707086434174 771.0
423.7300731088742 770.0
423.9930674078012 766.0
424.25605376063965 950.0
424.5190321669063 686.0
424.782002626118 755.0
425.0449651377918 765.0
425.30791970144446 762.0
425.57086631659286 752.0
425.83380498275386 753.0
426.0967356994443 763.0
426.3596584661811 776.0
426.6225732824811 761.0
426.88548014786113 944.0
427.14837906183817 675.0
427.411270023929 756.0
427.6741530336505 766.0
427.9370280905195 781.0
428.199895194053 776.0
428.46275434376776 763.0
428.72560553918066 767.0
428.98844877980855 770.0
429.2512840651683 755.0
429.51411139477693 931.0
429.77693076815115 693.0
430.03974218480784 768.0
430.3025456442639 778.0
430.5653411460361 769.0
430.82812868964146 771.0
431.09090827459687 770.0
431.353679900419 762.0
431.61644356662487 781.0
431.87919927273134 766.0
432.1419470182551 947.0
432.40468680271334 693.0
432.66741862562276 737.0
432.93014248650013 766.0
433.1928583848624 766.0
433.45556632022647 787.0
433.7182662921092 769.0
433.9809583000275 776.0
434.24364234349815 765.0
434.506318422038 772.0
434.768986535164 938.0
435.031646682393 677.0
435.2942988632418 744.0
435.55694307722734 778.0
435.81957932386655 782.0
436.08220760267614 759.0
436.34482791317305 771.0
436.6074402548742 758.0
436.8700446272964 774.0
437.1326410299566 784.0
437.3952294623715 953.0
437.65780992405803 685.0
437.9203824145332 743.0
438.1829469333138 780.0
438.4455034799166 781.0
438.7080520538586 765.0
438.9705926546565 771.0
439.23312528182737 770.0
439.49564993488787 774.0
439.7581666133551 758.0
440.0206753167459 945.0
440.28317604457686 686.0
440.5456687963651 749.0
440.8081535716274 762.0
441.07063036988075 766.0
441.3330991906418 756.0
441.5955600334276 767.0
441.858012897755 768.0
442.12045778314075 769.0
442.3828946891018 761.0
442.6453236151551 932.0
442.9077445608174 683.0
443.17015752560553 756.0
443.4325625090365 772.0
443.69495951062703 786.0
443.95734852989415 764.0
444.21972956635454 779.0
444.4821026195253 783.0
444.74446768892307 775.0
445.00682477406485 770.0
445.2691738744674 944.0
445.5315149896478 688.0
445.79384811912274 757.0
446.05617326240906 775.0
446.31849041902376 780.0
446.58079958848356 765.0
446.8431007703055 762.0
447.10539396400634 768.0
447.367679169103 762.0
447.6299563851123 751.0
447.892225611551 936.0
448.15448684793625 669.0
448.4167400937847 742.0
448.67898534861325 767.0
448.9412226119389 754.0
449.2034518832783 764.0
449.46567316214856 764.0
449.72788644806633 761.0
449.99009174054856 760.0
450.2522890391122 762.0
450.514478343274 949.0
450.77665965255085 669.0
451.0388329664597 759.0
451.30099828451733 773.0
451.5631556062406 755.0
451.82530493114655 784.0
452.08744625875175 771.0
452.3495795885734 772.0
452.6117049201281 764.0
452.87382225293277 757.0
453.13593158650446 934.0
453.3980329203598 682.0
453.6601262540158 746.0
453.9222115869893 765.0
454.1842889187971 781.0
454.4463582489562 762.0
454.70841957698343 770.0
454.97047290239556 769.0
455.23251822470957 755.0
455.49455554344223 762.0
455.75658485811044 935.0
456.0186061682312 676.0
456.2806194733211 761.0
456.5426247728973 775.0
456.8046220664765 777.0
457.0666113535756 761.0
457.32859263371154 767.0
457.5905659064011 772.0
457.8525311711611 779.0
458.1144884275086 732.0
458.37643767496024 932.0
458.6383789130331 694.0
458.9003121412439 758.0
459.1622373591095 768.0
459.4241545661469 752.0
459.68606376187284 764.0
459.9479649458043 769.0
460.2098581174581 779.0
460.471743276351 771.0
460.733620422 756.0
460.9954895539219 943.0
461.2573506716337 676.0
461.51920377465206 751.0
461.78104886249406 768.0
462.0428859346764 774.0
462.304714990716 770.0
462.5665360301298 776.0
462.82834905243453 775.0
463.09015405714723 760.0
463.35195104378465 755.0
463.6137400118636 949.0
463.8755209609011 674.0
464.13729389041396 751.0
464.399058799919 776.0
464.6608156889332 752.0
464.92256455697327 774.0
465.18430540355615 765.0
465.4460382281988 770.0
465.707763030418 765.0
465.96947980973056 776.0
466.23118856565344 949.0
466.49288929770347 681.0
466.75458200539765 770.0
467.0162666882526 769.0
467.27794334578533 768.0
467.5396119775127 772.0
467.8012725829516 771.0
468.0629251616188 757.0
468.3245697130314 770.0
468.586206236706 765.0
468.8478347321596 948.0
469.109455198909 690.0
469.3710676364711 761.0
469.6326720443629 771.0
469.89426842210105 773.0
470.1558567692025 771.0
470.4174370851842 753.0
470.6790093695629 763.0
470.94057362185555 768.0
471.20212984157905 766.0
471.4636780282501 926.0
471.72521818138574 675.0
471.9867503005027 741.0
472.248274385118 758.0
472.5097904347484 760.0
472.7712984489108 760.0
473.03279842712203 784.0
473.29429036889906 770.0
473.55577427375863 762.0
473.8172501412177 756.0
474.07871797079315 941.0
474.34017776200176 688.0
474.6016295143605 747.0
474.8630732273861 760.0
475.1245089005955 759.0
475.3859365335057 764.0
475.64735612563334 776.0
475.9087676764954 772.0
476.1701711856088 765.0
476.4315666524903 771.0
476.6929540766569 948.0
476.95433345762535 672.0
477.2157047949125 741.0
477.47706808803537 764.0
477.7384233365106 770.0
477.9997705398553 763.0
478.26110969758616 771.0
478.52244080922014 761.0
478.78376387427414 770.0
479.04507889226494 752.0
479.3063858627094 934.0
479.5676847851245 694.0
479.828975659027 756.0
480.0902584839338 767.0
480.3515332593618 759.0
480.61279998482775 768.0
480.8740586598487 753.0
481.13530928394147 768.0
481.3965518566228 766.0
481.65778637740965 762.0
481.9190128458189 950.0
482.1802312613674 678.0
482.4414416235721 759.0
482.70264393194964 779.0
482.9638381860171 771.0
483.2250243852913 759.0
483.4862025292891 772.0
483.7473726175273 784.0
484.0085346495229 765.0
484.26968862479265 766.0
484.5308345428534 945.0
484.79197240322225 690.0
485.0531022054157 751.0
485.314223948951 773.0
485.57533763334476 778.0
485.8364432581139 774.0
486.0975408227754 769.0
486.35863032684597 775.0
486.61971176984247 781.0
486.880785151282 767.0
487.1418504706812 944.0
487.402907727557 660.0
487.66395692142635 748.0
487.92499805180597 763.0
488.18603111821284 771.0
488.44705612016384 758.0
488.7080730571757 759.0
488.9690819287655 768.0
489.2300827344499 772.0
489.49107547374587 759.0
489.75206014617027 951.0
490.01303675124 684.0
490.27400528847187 729.0
490.53496575738274 761.0
490.79591815748955 759.0
491.05686248830915 785.0
491.31779874935836 788.0
491.57872694015396 762.0
491.8396470602131 776.0
492.1005591090524 769.0
492.3614630861888 939.0
492.6223589911392 677.0
492.88324682342045 764.0
493.14412658254946 777.0
493.40499826804296 771.0
493.66586187941795 779.0
493.92671741619125 779.0
494.18756487787977 787.0
494.44840426400026 772.0
494.70923557406974 754.0
494.97005880760497 933.0
495.23087396412285 657.0
495.4916810431403 750.0
495.7524800441741 776.0
496.01327096674123 771.0
496.27405381035845 766.0
496.53482857454264 752.0
496.79559525881075 763.0
497.05635386267954 784.0
497.31710438566597 751.0
497.57784682728686 939.0
497.8385811870591 670.0
498.0993074644995 747.0
498.360025659125 769.0
498.6207357704524 763.0
498.88143779799873 771.0
499.14213174128065 770.0
499.40281759981514 777.0
499.6634953731191 766.0
499.92416506070924 770.0
500.1848266621026 934.0
500.445480176816 684.0
500.70612560436615 758.0
500.96676294427016 762.0
501.22739219604483 753.0
501.48801335920695 772.0
501.74862643327344 774.0
502.00923141776116 760.0
502.2698283121869 762.0
502.5304171160677 758.0
502.7909978289203 955.0
503.0515704502616 683.0
503.31213497960846 774.0
503.57269141647777 757.0
503.8332397603864 767.0
504.09378001085116 769.0
504.354312167389 770.0
504.6148362295168 753.0
504.8753521967513 773.0
505.1358600686094 764.0
505.3963598446082 952.0
505.6568515242642 684.0
505.9173351070945 740.0
506.17781059261597 768.0
506.4382779803454 769.0
506.69873726979966 779.0
506.95918846049574 770.0
507.2196315519502 763.0
507.4800665436803 773.0
507.74049343520267 766.0
508.00091222603425 949.0
508.261322915692 675.0
508.5217255036924 761.0
508.7821199895529 773.0
509.0425063727899 780.0
509.3028846529204 778.0
509.5632548294615 773.0
509.8236169019296 776.0
510.0839708698421 775.0
510.3443167327155 752.0
510.60465449006676 948.0
510.8649841414127 685.0
511.12530568627034 740.0
511.3856191241566 759.0
511.64592445458794 763.0
511.90622167708165 767.0
512.1665107911545 781.0
512.4267917963232 782.0
512.6870646921047 785.0
512.947329478016 760.0
513.2075861535739 944.0
513.467834718295 682.0
513.7280751716964 747.0
513.9883075132952 752.0
514.248531742608 773.0
514.5087478591515 763.0
514.7689558624429 766.0
515.0291557519989 775.0
515.2893475273365 768.0
515.5495311879723 758.0
515.8097067334235 961.0
516.0698741632067 689.0
516.3300334768389 757.0
516.5901846738369 779.0
516.8503277537177 770.0
517.1104627159981 773.0
517.3705895601947 760.0
517.630708285825 769.0
517.8908188924053 774.0
518.1509213794526 753.0
518.411015746484 945.0
518.6711019930159 678.0
518.9311801185657 758.0
519.19125012265 776.0
519.4513120047856 769.0
519.7113657644896 773.0
519.9714114012784 778.0
520.2314489146695 784.0
520.4914783041794 771.0
520.751499569325 745.0
521.0115127096234 916.0
521.271517724591 672.0
521.5315146137451 757.0
521.7915033766022 772.0
522.0514840126796 763.0
522.3114565214938 775.0
522.5714209025618 785.0
522.8313771554007 771.0
523.0913252795269 766.0
523.3512652744578 771.0
523.6111971397097 949.0
523.8711208747998 691.0
524.1310364792452 748.0
524.390943952562 768.0
524.6508432942679 761.0
524.9107345038794 772.0
525.1706175809132 777.0
525.4304925248866 790.0
525.690359335316 769.0
525.9502180117188 761.0
526.2100685536113 947.0
526.4699109605107 660.0
526.729745231934 737.0
526.9895713673975 763.0
527.2493893664187 783.0
527.5091992285141 766.0
527.7690009532007 765.0
528.0287945399953 769.0
528.2885799884149 754.0
528.5483572979764 780.0
528.8081264681963 944.0
529.0678874985917 670.0
529.3276403886796 760.0
529.5873851379768 779.0
529.8471217460001 773.0
530.1068502122662 761.0
530.3665705362923 758.0
530.6262827175951 769.0
530.8859867556915 781.0
531.1456826500984 770.0
531.4053704003326 950.0
531.6650500059111 688.0
531.9247214663504 753.0
532.1843847811678 775.0
532.4440399498801 774.0
532.7036869720038 780.0
532.9633258470562 775.0
533.222956574554 761.0
533.4825791540142 769.0
533.7421935849534 774.0
534.0017998668885 930.0
534.2613979993366 669.0
534.5209879818145 748.0
534.780569813839 766.0
535.0401434949268 768.0
535.2997090245951 764.0
535.5592664023607 762.0
535.8188156277402 767.0
536.0783567002508 764.0
536.3378896194092 747.0
536.5974143847321 947.0
536.8569309957369 670.0
537.1164394519398 759.0
537.3759397528582 769.0
537.6354318980087 772.0
537.8949158869082 772.0
538.1543917190737 772.0
538.4138593940218 770.0
538.6733189112697 772.0
538.932770270334 750.0
539.1922134707318 950.0
539.4516485119797 699.0
539.7110753935946 753.0
539.9704941150937 778.0
540.2299046759937 775.0
540.4893070758112 773.0
540.7487013140633 763.0
541.008087390267 764.0
541.2674653039389 768.0
541.526835054596 764.0
541.7861966417552 951.0
542.0455500649333 662.0
542.3048953236471 746.0
542.5642324174137 769.0
542.8235613457497 758.0
543.0828821081722 771.0
543.3421947041979 776.0
543.6014991333436 765.0
543.8607953951266 774.0
544.1200834890632 756.0
544.3793634146708 936.0
544.6386351714658 674.0
544.8978987589653 751.0
545.1571541766862 768.0
545.4164014241451 774.0
545.6756405008593 766.0
545.9348714063455 774.0
546.1940941401203 769.0
546.4533087017008 762.0
546.712515090604 762.0
546.9717133063466 944.0
547.2309033484453 687.0
547.4900852164174 764.0
547.7492589097793 762.0
548.0084244280482 757.0
548.2675817707409 776.0
548.526730937374 754.0
548.7858719274648 773.0
549.0450047405299 772.0
549.3041293760863 761.0
549.5632458336507 943.0
549.82235411274 682.0
550.0814542128714 754.0
550.3405461335612 759.0
550.5996298743269 764.0
550.8587054346848 761.0
551.117772814152 769.0
551.3768320122455 763.0
551.6358830284819 773.0
551.8949258623783 772.0
552.1539605134514 946.0
552.4129869812182 674.0
552.6720052651955 748.0
552.9310153649002 769.0
553.1900172798491 780.0
553.4490110095592 780.0
553.7079965535472 767.0
553.9669739113302 762.0
554.2259430824248 764.0
554.484904066348 764.0
554.7438568626167 939.0
555.0028014707476 680.0
555.261737890258 758.0
555.520666120664 778.0
555.7795861614834 775.0
556.0384980122324 769.0
556.2974016724281 769.0
556.5562971415874 758.0
556.8151844192269 781.0
557.0740635048638 756.0
557.3329343980148 936.0
557.5917970981968 687.0
557.8506516049267 756.0
558.1094979177213 779.0
558.3683360360976 771.0
558.6271659595724 771.0
558.8859876876625 766.0
559.1448012198848 767.0
559.4036065557561 778.0
559.6624036947936 772.0
559.9211926365136 956.0
560.1799733804337 683.0
560.43874592607 762.0
560.6975102729399 758.0
560.9562664205602 766.0
561.2150143684473 777.0
561.4737541161188 760.0
561.732485663091 770.0
561.9912090088809 771.0
562.2499241530056 764.0
562.5086310949818 948.0
562.7673298343262 671.0
563.026020370556 740.0
563.2847027031879 752.0
563.5433768317389 762.0
563.8020427557254 764.0
564.0607004746649 776.0
564.3193499880738 784.0
564.5779912954692 783.0
564.8366243963679 754.0
565.0952492902868 952.0
565.3538659767429 697.0
565.6124744552527 749.0
565.8710747253335 764.0
566.1296667865018 759.0
566.3882506382747 748.0
566.6468262801691 754.0
566.9053937117014 772.0
567.1639529323893 768.0
567.4225039417488 756.0
567.6810467392974 935.0
567.9395813245517 671.0
568.1981076970284 765.0
568.4566258562448 760.0
568.7151358017175 769.0
568.9736375329633 759.0
569.2321310494995 775.0
569.4906163508422 770.0
569.749093436509 758.0
570.0075623060163 763.0
570.2660229588813 948.0
570.5244753946206 677.0
570.7829196127512 754.0
571.0413556127901 762.0
571.2997833942537 769.0
571.5582029566596 766.0
571.8166142995238 757.0
572.075017422364 770.0
572.3334123246967 777.0
572.5917990060384 753.0
572.8501774659068 955.0
573.108547703818 678.0
573.3669097192892 745.0
573.6252635118373 776.0
573.8836090809789 752.0
574.1419464262314 774.0
574.400275547111 777.0
574.6585964431351 770.0
574.9169091138205 759.0
575.1752135586836 749.0
575.4335097772419 947.0
575.6917977690118 677.0
575.9500775335105 757.0
576.2083490702545 751.0
576.4666123787609 777.0
576.7248674585469 776.0
576.9831143091286 774.0
577.2413529300236 766.0
577.4995833207483 749.0
577.7578054808198 745.0
578.0160194097549 949.0
578.2742251070703 674.0
578.5324225722832 784.0
578.7906118049101 761.0
579.0487928044681 773.0
579.3069655704743 770.0
579.565130102445 762.0
579.8232863998975 774.0
580.0814344623485 766.0
580.339574289315 755.0
580.5977058803137 937.0
580.8558292348614 668.0
581.1139443524753 761.0
581.3720512326721 786.0
581.6301498749685 790.0
581.8882402788817 773.0
582.146322443928 769.0
582.4043963696251 783.0
582.6624620554893 776.0
582.9205195010375 748.0
583.1785687057866 934.0
583.4366096692537 664.0
583.6946423909554 752.0
583.9526668704085 758.0
584.2106831071303 766.0
584.4686911006373 756.0
584.7266908504463 761.0
584.9846823560746 772.0
585.2426656170385 785.0
585.5006406328554 760.0
585.7586074030418 925.0
586.0165659271148 672.0
586.2745162045912 744.0
586.5324582349878 764.0
586.7903920178214 777.0
587.0483175526091 761.0
587.3062348388676 765.0
587.5641438761138 785.0
587.8220446638645 756.0
588.0799372016369 748.0
588.3378214889474 922.0
588.5956975253132 676.0
588.8535653102509 758.0
589.1114248432776 769.0
589.3692761239103 778.0
589.6271191516653 775.0
589.88495392606 756.0
590.1427804466111 760.0
590.4005987128355 772.0
590.6584087242501 756.0
590.9162104803713 946.0
591.1740039807169 684.0
591.4317892248029 749.0
591.6895662121466 763.0
591.9473349422648 773.0
592.2050954146741 782.0
592.462847628892 770.0
592.7205915844347 757.0
592.9783272808194 773.0
593.236054717563 756.0
593.493773894182 938.0
593.7514848101939 680.0
594.009187465115 756.0
594.2668818584625 773.0
594.5245679897531 770.0
594.7822458585038 772.0
595.0399154642313 759.0
595.2975768064524 778.0
595.5552298846843 775.0
595.8128746984438 762.0
596.0705112472474 953.0
596.3281395306126 676.0
596.5857595480555 765.0
596.8433712990935 768.0
597.1009747832434 754.0
597.3585700000219 761.0
597.6161569489462 777.0
597.8737356295327 770.0
598.1313060412986 763.0
598.3888681837607 763.0
598.6464220564358 952.0
598.9039676588409 674.0
599.1615049904925 739.0
599.4190340509081 758.0
599.676554839604 772.0
599.9340673560972 772.0
600.1915715999048 775.0
600.4490675705435 776.0
600.7065552675302 769.0
600.9640346903817 757.0
601.221505838615 950.0
601.4789687117469 691.0
601.7364233092942 763.0
601.9938696307739 767.0
602.2513076757026 776.0
602.5087374435976 759.0
602.7661589339755 758.0
603.023572146353 777.0
603.2809770802475 785.0
603.5383737351752 764.0
603.7957621106534 947.0
604.053142206199 678.0
604.3105140213286 750.0
604.5678775555593 750.0
604.8252328084078 770.0
605.0825797793912 767.0
605.3399184680261 762.0
605.5972488738295 770.0
605.8545709963181 778.0
606.111884835009 758.0
606.3691903894193 931.0
606.6264876590651 686.0
606.883776643464 744.0
607.1410573421324 770.0
607.3983297545875 760.0
607.6555938803461 766.0
607.9128497189247 773.0
608.1700972698408 770.0
608.4273365326108 784.0
608.6845675067516 743.0
608.9417901917803 944.0
609.1990045872135 688.0
609.4562106925683 753.0
609.7134085073615 770.0
609.9705980311098 769.0
610.2277792633305 763.0
610.4849522035397 768.0
610.7421168512552 760.0
610.9992732059933 762.0
611.2564212672709 761.0
611.5135610346049 938.0
611.7706925075122 687.0
612.0278156855098 762.0
612.2849305681145 764.0
612.542037154843 766.0
612.7991354452124 751.0
613.0562254387393 763.0
613.3133071349409 761.0
613.5703805333337 770.0
613.8274456334349 750.0
614.0845024347612 951.0
614.3415509368294 673.0
614.5985911391567 743.0
614.8556230412595 779.0
615.1126466426551 762.0
615.36966194286 763.0
615.6266689413914 759.0
615.8836676377659 750.0
616.1406580315004 771.0
616.3976401221121 748.0
616.6546139091173 934.0
616.9115793920333 673.0
617.1685365703769 753.0
617.4254854436648 772.0
617.6824260114142 769.0
617.9393582731417 772.0
618.196282228364 776.0
618.4531978765983 773.0
618.7101052173614 775.0
618.9670042501702 751.0
619.2238949745413 947.0
619.4807773899919 691.0
619.7376514960388 743.0
619.9945172921986 780.0
620.2513747779885 766.0
620.508223952925 780.0
620.7650648165256 762.0
621.0218973683066 758.0
621.2787216077849 789.0
621.5355375344776 755.0
621.7923451479013 951.0
622.0491444475734 682.0
622.3059354330103 759.0
622.5627181037288 774.0
622.8194924592461 763.0
623.0762584990788 765.0
623.333016222744 760.0
623.5897656297584 780.0
623.8465067196389 780.0
624.1032394919024 755.0
624.3599639460657 951.0
624.6166800816459 674.0
624.8733878981594 758.0
625.1300873951237 776.0
625.3867785720552 766.0
625.6434614284708 769.0
625.9001359638876 765.0
626.1568021778221 764.0
626.4134600697917 768.0
626.6701096393127 775.0
626.9267508859024 956.0
627.1833838090776 678.0
627.4400084083547 773.0
627.6966246832512 780.0
627.9532326332837 768.0
628.2098322579691 765.0
628.4664235568243 755.0
628.723006529366 757.0
628.9795811751112 734.0
629.2361474935768 762.0
629.4927054842794 942.0
629.7492551467363 674.0
630.0057964804641 740.0
630.2623294849799 779.0
630.5188541598001 777.0
630.775370504442 762.0
631.0318785184223 775.0
631.2883782012578 764.0
631.5448695524658 769.0
631.8013525715625 756.0
632.0578272580652 951.0
632.3142936114906 681.0
632.5707516313557 751.0
632.8272013171775 783.0
633.0836426684723 780.0
633.3400756847575 763.0
633.5965003655499 773.0
633.8529167103661 774.0
634.1093247187234 759.0
634.3657243901381 759.0
634.6221157241276 957.0
634.8784987202085 681.0
635.1348733778977 740.0
635.3912396967121 771.0
635.6475976761684 759.0
635.9039473157839 763.0
636.1602886150749 769.0
636.4166215735588 771.0
636.6729461907521 760.0
636.9292624661718 766.0
637.1855703993349 947.0
637.4418699897578 670.0
637.6981612369581 764.0
637.9544441404521 763.0
638.2107186997567 772.0
638.4669849143892 756.0
638.7232427838659 775.0
638.979492307704 774.0
639.2357334854204 772.0
639.4919663165317 778.0
639.7481908005552 946.0
640.0044069370073 702.0
640.2606147254052 775.0
640.5168141652655 789.0
640.7730052561054 765.0
641.0291879974413 771.0
641.2853623887906 766.0
641.5415284296699 765.0
641.797686119596 776.0
642.0538354580859 766.0
642.3099764446565 931.0
642.5661090788245 656.0
642.8222333601069 745.0
643.0783492880205 777.0
643.3344568620822 773.0
643.5905560818089 779.0
643.8466469467173 773.0
644.1027294563247 766.0
644.3588036101473 774.0
644.6148694077026 760.0
644.8709268485071 933.0
645.1269759320778 681.0
645.3830166579316 761.0
645.6390490255851 765.0
645.8950730345556 760.0
646.1510886843597 765.0
646.4070959745143 782.0
646.6630949045363 773.0
646.9190854739425 770.0
647.17506768225 781.0
647.4310415289752 934.0
647.6870070136354 667.0
647.9429641357473 764.0
648.1989128948277 780.0
648.4548532903938 762.0
648.7107853219619 771.0
648.9667089890495 769.0
649.222624291173 769.0
649.4785312278494 754.0
649.7344297985958 764.0
649.9903200029287 942.0
650.2462018403652 689.0
650.502075310422 778.0
650.7579404126162 774.0
651.0137971464646 758.0
651.2696455114838 781.0
651.525485507191 764.0
651.7813171331029 770.0
652.0371403887364 763.0
652.2929552736086 763.0
652.5487617872358 920.0
652.8045599291355 678.0
653.0603496988242 738.0
653.3161310958188 762.0
653.5719041196362 768.0
653.8276687697933 769.0
654.0834250458071 776.0
654.3391729471941 764.0
654.5949124734717 764.0
654.8506436241562 737.0
655.1063663987647 946.0
655.3620807968144 692.0
655.6177868178215 763.0
655.8734844613035 766.0
656.129173726777 768.0
656.3848546137588 782.0
656.6405271217659 773.0
656.8961912503149 764.0
657.1518469989231 775.0
657.4074943671071 744.0
657.6631333543837 939.0
657.9187639602701 691.0
658.1743861842826 749.0
658.4300000259387 769.0
658.6856054847549 762.0
658.9412025602483 773.0
659.1967912519353 769.0
659.4523715593333 777.0
659.707943481959 769.0
659.9635070193291 765.0
660.2190621709606 939.0
660.4746089363705 703.0
660.7301473150753 770.0
660.9856773065924 755.0
661.2411989104381 774.0
661.4967121261298 754.0
661.7522169531838 770.0
662.0077133911174 773.0
662.2632014394475 774.0
662.5186810976904 770.0
662.7741523653638 945.0
663.029615241984 684.0
663.2850697270679 743.0
663.5405158201327 764.0
663.7959535206948 772.0
664.0513828282715 762.0
664.3068037423793 773.0
664.5622162625355 770.0
664.8176203882564 775.0
665.0730161190594 754.0
665.3284034544613 932.0
665.5837823939785 694.0
665.8391529371283 773.0
666.0945150834276 763.0
666.349868832393 769.0
666.6052141835415 769.0
666.8605511363899 750.0
667.1158796904554 761.0
667.3711998452544 754.0
667.626511600304 774.0
667.8818149551211 940.0
668.1371099092223 679.0
668.3923964621249 747.0
668.6476746133454 775.0
668.9029443624008 773.0
669.1582057088083 770.0
669.4134586520839 760.0
669.6687031917455 769.0
669.9239393273093 787.0
670.1791670582923 761.0
670.4343863842114 942.0
670.6895973045835 691.0
670.9447998189256 749.0
671.1999939267544 767.0
671.4551796275866 791.0
671.7103569209394 780.0
671.9655258063294 768.0
672.220686283274 750.0
672.475838351289 756.0
672.7309820098925 758.0
672.9861172586005 930.0
673.2412440969302 671.0
673.4963625243987 759.0
673.7514725405223 786.0
674.0065741448183 789.0
674.2616673368035 774.0
674.5167521159946 778.0
674.7718284819086 758.0
675.0268964340622 768.0
675.2819559719727 761.0
675.5370070951565 937.0
675.7920498031307 680.0
676.0470840954122 744.0
676.3021099715176 779.0
676.5571274309642 775.0
676.8121364732684 765.0
677.0671370979474 779.0
677.3221293045178 771.0
677.5771130924968 777.0
677.8320884614011 755.0
678.0870554107474 934.0
678.3420139400529 667.0
678.5969640488343 741.0
678.8519057366083 763.0
679.1068390028922 780.0
679.3617638472023 757.0
679.616680269056 771.0
679.8715882679699 768.0
680.1264878434607 769.0
680.3813789950458 772.0
680.6362617222414 922.0
680.8911360245651 676.0
681.146001901533 768.0
681.4008593526627 772.0
681.6557083774705 774.0
681.9105489754734 771.0
682.1653811461886 775.0
682.4202048891326 776.0
682.6750202038223 787.0
682.9298270897748 750.0
683.1846255465068 919.0
683.4394155735351 690.0
683.6941971703767 747.0
683.9489703365485 755.0
684.2037350715673 758.0
684.4584913749499 778.0
684.7132392462133 775.0
684.9679786848742 772.0
685.2227096904496 762.0
685.4774322624564 763.0
685.7321464004115 952.0
685.9868521038316 679.0
686.2415493722334 755.0
686.4962382051343 767.0
686.7509186020508 762.0
687.0055905624997 783.0
687.2602540859983 760.0
687.514909172063 748.0
687.7695558202109 753.0
688.0241940299587 755.0
688.2788238008236 947.0
688.5334451323221 684.0
688.7880580239712 756.0
689.042662475288 780.0
689.2972584857889 769.0
689.5518460549912 768.0
689.8064251824115 750.0
690.0609958675668 781.0
690.3155581099742 779.0
690.5701119091498 753.0
690.8246572646113 937.0
691.0791941758752 678.0
691.3337226424583 749.0
691.5882426638777 774.0
691.84275423965 760.0
692.0972573692924 766.0
692.3517520523214 768.0
692.6062382882542 770.0
692.8607160766074 776.0
693.1151854168979 756.0
693.3696463086428 950.0
693.6240987513587 672.0
693.8785427445628 743.0
694.1329782877717 780.0
694.3874053805022 776.0
694.6418240222713 767.0
694.8962342125958 760.0
695.1506359509929 754.0
695.405029236979 765.0
695.6594140700711 753.0
695.9137904497863 946.0
696.168158375641 690.0
696.4225178471527 764.0
696.676868863838 777.0
696.9312114252134 762.0
697.1855455307963 773.0
697.4398711801031 763.0
697.6941883726512 761.0
697.9484971079568 761.0
698.2027973855375 754.0
698.4570892049098 940.0
698.7113725655903 684.0
698.9656474670965 747.0
699.2199139089445 776.0
699.4741718906519 775.0
699.7284214117353 768.0
699.9826624717113 769.0
700.2368950700971 771.0
700.4911192064093 769.0
700.7453348801653 760.0
700.9995420908814 933.0
701.2537408380745 695.0
701.5079311212619 764.0
701.7621129399598 762.0
702.016286293686 776.0
702.2704511819566 754.0
702.5246076042886 768.0
702.778755560199 771.0
703.0328950492045 772.0
703.2870260708224 770.0
703.5411486245691 935.0
703.7952627099618 672.0
704.0493683265172 758.0
704.3034654737519 768.0
704.5575541511835 771.0
704.8116343583279 772.0
705.0657060947029 779.0
705.3197693598249 776.0
705.5738241532106 788.0
705.8278704743772 761.0
706.0819083228414 938.0
706.3359376981203 677.0
706.5899585997306 761.0
706.8439710271889 769.0
707.0979749800126 765.0
707.3519704577179 777.0
707.6059574598225 780.0
707.8599359858429 785.0
708.1139060352955 775.0
708.3678676076978 763.0
708.6218207025663 941.0
708.8757653194182 680.0
709.12970145777 751.0
709.3836291171389 775.0
709.6375482970416 769.0
709.8914589969946 781.0
710.1453612165157 775.0
710.3992549551208 773.0
710.6531402123275 764.0
710.9070169876522 768.0
711.1608852806118 947.0
711.4147450907236 690.0
711.6685964175037 755.0
711.9224392604699 780.0
712.1762736191384 773.0
712.4300994930262 777.0
712.6839168816504 788.0
712.9377257845274 766.0
713.1915262011746 768.0
713.4453181311087 761.0
713.6991015738463 937.0
713.9528765289045 682.0
714.2066429958 765.0
714.4604009740502 776.0
714.7141504631712 787.0
714.9678914626805 785.0
715.2216239720948 775.0
715.4753479909306 788.0
715.7290635187052 777.0
715.982770554935 763.0
716.2364690991376 935.0
716.4901591508293 685.0
716.743840709527 759.0
716.9975137747479 774.0
717.2511783460084 772.0
717.5048344228259 769.0
717.7584820047169 774.0
718.0121210911982 773.0
718.2657516817872 792.0
718.519373776 774.0
718.772987373354 951.0
719.026592473366 689.0
719.2801890755527 755.0
719.5337771794311 779.0
719.7873567845179 770.0
720.0409278903304 774.0
720.294490496385 757.0
720.5480446021987 779.0
720.8015902072887 766.0
721.0551273111711 750.0
721.3086559133636 942.0
721.5621760133826 678.0
721.815687610745 753.0
722.0691907049679 768.0
722.3226852955679 772.0
722.5761713820622 773.0
722.8296489639672 769.0
723.0831180408002 775.0
723.3365786120778 776.0
723.5900306773169 746.0
723.8434742360346 935.0
724.0969092877473 689.0
724.3503358319725 755.0
724.6037538682267 768.0
724.8571633960265 781.0
725.1105644148894 784.0
725.3639569243315 765.0
725.6173409238706 770.0
725.8707164130229 790.0
726.1240833913054 766.0
726.3774418582351 938.0
726.6307918133285 685.0
726.8841332561029 765.0
727.137466186075 784.0
727.3907906027619 779.0
727.6441065056802 769.0
727.8974138943464 768.0
728.1507127682783 770.0
728.4040031269918 772.0
728.6572849700045 760.0
728.9105582968331 938.0
729.1638231069941 690.0
729.4170794000048 740.0
729.6703271753817 776.0
729.923566432642 778.0
730.1767971713025 772.0
730.4300193908798 768.0
730.6832330908911 773.0
730.936438270853 770.0
731.1896349302828 769.0
731.442823068697 942.0
731.6960026856123 687.0
731.949173780546 764.0
732.2023363530145 759.0
732.4554904025351 771.0
732.7086359286245 772.0
732.9617729307997 773.0
733.2149014085775 771.0
733.4680213614745 779.0
733.7211327890079 761.0
733.9742356906943 938.0
734.2273300660511 688.0
734.4804159145946 753.0
734.7334932358416 768.0
734.9865620293094 784.0
735.2396222945147 777.0
735.4926740309744 772.0
735.7457172382054 786.0
735.9987519157243 788.0
736.2517780630484 766.0
736.504795679694 932.0
736.7578047651785 680.0
737.0108053190187 755.0
737.2637973407312 760.0
737.516780829833 765.0
737.769755785841 776.0
738.0227222082721 778.0
738.2756800966428 777.0
738.5286294504706 770.0
738.781570269272 766.0
739.0345025525638 952.0
739.2874262998632 688.0
739.5403415106866 769.0
739.7932481845512 780.0
740.046146320974 770.0
740.2990359194714 778.0
740.5519169795606 781.0
740.8047895007583 786.0
741.0576534825816 776.0
741.3105089245472 749.0
741.563355826172 941.0
741.8161941869729 679.0
742.0690240064664 749.0
742.3218452841702 772.0
742.5746580196005 778.0
742.8274622122741 772.0
743.0802578617083 767.0
743.3330449674197 773.0
743.5858235289254 780.0
743.8385935457418 759.0
744.0913550173865 958.0
744.3441079433758 685.0
744.5968523232264 766.0
744.8495881564559 772.0
745.1023154425804 771.0
745.3550341811174 779.0
745.6077443715835 782.0
745.8604460134952 780.0
746.1131391063701 784.0
746.3658236497243 762.0
746.6184996430754 944.0
746.87116708594 690.0
747.1238259778346 764.0
747.3764763182764 781.0
747.6291181067822 787.0
747.8817513428692 780.0
748.1343760260539 767.0
748.3869921558529 777.0
748.6395997317837 768.0
748.8921987533628 752.0
749.1447892201071 946.0
749.3973711315336 684.0
749.6499444871589 755.0
749.9025092865003 770.0
750.1550655290741 775.0
750.4076132143978 780.0
750.6601523419877 769.0
750.912682911361 789.0
751.1652049220347 775.0
751.4177183735251 746.0
751.6702232653497 934.0
751.9227195970248 684.0
752.1752073680677 746.0
752.4276865779954 759.0
752.680157226324 759.0
752.9326193125712 762.0
753.1850728362533 757.0
753.4375177968876 770.0
753.6899541939908 767.0
753.9423820270795 761.0
754.194801295671 941.0
754.4472119992819 674.0
754.6996141374291 755.0
754.9520077096296 772.0
755.2043927154 772.0
755.4567691542577 776.0
755.7091370257187 775.0
755.9614963293008 763.0
756.2138470645202 777.0
756.4661892308942 757.0
756.7185228279395 939.0
756.9708478551728 694.0
757.2231643121112 762.0
757.4754721982714 769.0
757.7277715131704 763.0
757.9800622563251 776.0
758.2323444272521 768.0
758.4846180254688 780.0
758.7368830504913 765.0
758.9891395018373 772.0
759.2413873790232 928.0
759.4936266815657 689.0
759.7458574089821 750.0
759.9980795607888 781.0
760.2502931365033 764.0
760.502498135642 774.0
760.7546945577217 768.0
761.0068824022595 781.0
761.2590616687722 763.0
761.5112323567769 773.0
761.7633944657899 927.0
762.0155479953288 688.0
762.26769294491 767.0
762.5198293140501 779.0
762.7719571022666 780.0
763.024076309076 770.0
763.2761869339953 769.0
763.5282889765415 776.0
763.780382436231 789.0
764.032467312581 766.0
764.2845436051083 961.0
764.53661131333 681.0
764.7886704367629 745.0
765.0407209749233 764.0
765.2927629273288 756.0
765.5447962934958 763.0
765.7968210729414 774.0
766.0488372651824 759.0
766.3008448697357 766.0
766.5528438861181 756.0
766.8048343138464 939.0
767.0568161524378 696.0
767.3087894014087 765.0
767.5607540602764 778.0
767.8127101285577 772.0
768.0646576057691 780.0
768.3165964914278 780.0
768.5685267850505 774.0
768.8204484861544 764.0
769.0723615942561 750.0
769.3242661088722 928.0
769.5761620295201 670.0
769.8280493557162 757.0
770.0799280869778 770.0
770.3317982228216 764.0
770.5836597627642 772.0
770.835512706323 773.0
771.0873570530143 771.0
771.3391928023555 768.0
771.591019953863 753.0
771.8428385070538 942.0
772.094648461445 691.0
772.3464498165532 755.0
772.5982425718955 773.0
772.8500267269885 782.0
773.1018022813494 782.0
773.3535692344948 780.0
773.6053275859415 769.0
773.8570773352067 775.0
774.108818481807 762.0
774.3605510252594 941.0
774.6122749650807 691.0
774.8639903007878 754.0
775.1156970318975 763.0
775.3673951579267 769.0
775.6190846783925 771.0
775.8707655928115 776.0
776.1224379007004 773.0
776.3741016015766 765.0
776.6257566949563 762.0
776.8774031803571 937.0
777.1290410572955 684.0
777.3806703252881 748.0
777.6322909838522 779.0
777.8839030325043 788.0
778.1355064707618 792.0
778.3871012981411 770.0
778.6386875141592 769.0
778.890265118333 779.0
779.1418341101793 775.0
779.3933944892151 933.0
779.6449462549571 680.0
779.8964894069222 757.0
780.1480239446275 765.0
780.3995498675895 779.0
780.6510671753255 761.0
780.9025758673517 760.0
781.1540759431858 772.0
781.4055674023442 761.0
781.6570502443437 777.0
781.9085244687013 946.0
782.159990074934 689.0
782.4114470625585 737.0
782.6628954310918 772.0
782.9143351800503 781.0
783.1657663089516 781.0
783.4171888173119 768.0
783.6686027046486 755.0
783.9200079704783 780.0
784.1714046143178 772.0
784.4227926356843 942.0
784.6741720340941 691.0
784.9255428090647 753.0
785.1769049601126 766.0
785.4282584867548 785.0
785.6796033885082 770.0
785.9309396648893 778.0
786.1822673154155 761.0
786.4335863396033 780.0
786.6848967369698 763.0
786.9361985070317 958.0
787.1874916493058 684.0
787.4387761633094 760.0
787.6900520485588 774.0
787.9413193045713 769.0
788.1925779308636 768.0
788.4438279269523 771.0
788.6950692923548 756.0
788.9463020265875 778.0
789.1975261291677 773.0
789.448741599612 946.0
789.6999484374371 675.0
789.9511466421604 775.0
790.2023362132982 762.0
790.4535171503677 771.0
790.7046894528855 777.0
790.9558531203689 791.0
791.2070081523347 775.0
791.458154548299 775.0
791.7092923077797 763.0
791.9604214302931 939.0
792.2115419153562 689.0
792.462653762486 747.0
792.7137569711989 778.0
792.9648515410123 770.0
793.2159374714428 772.0
793.4670147620074 769.0
793.718083412223 758.0
793.9691434216061 773.0
794.220194789674 772.0
794.4712375159432 938.0
794.722271599931 678.0
794.9732970411541 773.0
795.2243138391292 762.0
795.4753219933733 758.0
795.7263215034031 777.0
795.9773123687357 775.0
796.2282945888878 756.0
796.4792681633767 764.0
796.7302330917187 757.0
796.9811893734307 931.0
797.23213700803 681.0
797.483075995033 743.0
797.7340063339569 769.0
797.9849280243186 765.0
798.2358410656345 790.0
798.4867454574222 773.0
798.7376411991978 777.0
798.9885282904788 776.0
799.2394067307818 747.0
799.4902765196234 948.0
799.741137656521 685.0
799.9919901409909 764.0
800.2428339725506 759.0
800.4936691507165 772.0
800.7444956750055 778.0
800.9953135449347 779.0
801.2461227600207 774.0
801.4969233197808 774.0
801.7477152237312 757.0
801.9984984713894 923.0
802.2492730622722 688.0
802.5000389958959 748.0
802.7507962717781 759.0
803.0015448894349 772.0
803.252284848384 774.0
803.5030161481417 761.0
803.7537387882248 772.0
804.0044527681507 776.0
804.2551580874358 756.0
804.5058547455972 915.0
804.7565427421519 690.0
805.0072220766161 756.0
805.2578927485075 755.0
805.5085547573423 753.0
805.7592081026379 781.0
806.009852783911 774.0
806.2604888006782 773.0
806.5111161524568 773.0
806.7617348387631 756.0
807.0123448591147 927.0
807.2629462130279 682.0
807.5135389000196 757.0
807.7641229196071 761.0
808.0146982713067 777.0
808.2652649546358 764.0
808.5158229691108 782.0
808.7663723142489 782.0
809.016912989567 784.0
809.2674449945815 759.0
809.5179683288098 932.0
809.7684829917686 669.0
810.0189889829746 742.0
810.269486301945 768.0
810.5199749481961 772.0
810.7704549212456 761.0
811.0209262206095 770.0
811.2713888458052 784.0
811.5218427963496 773.0
811.7722880717591 754.0
812.022724671551 944.0
812.2731525952421 688.0
812.5235718423493 752.0
812.7739824123893 781.0
813.0243843048788 769.0
813.2747775193352 770.0
813.5251620552749 776.0
813.7755379122152 768.0
814.0259050896724 772.0
814.276263587164 775.0
814.5266134042064 941.0
814.7769545403165 690.0
815.0272869950115 752.0
815.2776107678079 777.0
815.5279258582229 778.0
815.7782322657732 773.0
816.0285299899754 755.0
816.2788190303468 773.0
816.529099386404 772.0
816.7793710576641 745.0
817.0296340436439 955.0
817.2798883438601 682.0
817.5301339578298 756.0
817.7803708850694 764.0
818.0305991250964 773.0
818.2808186774273 765.0
818.531029541579 762.0
818.7812317170685 747.0
819.0314252034124 752.0
819.281610000128 749.0
819.5317861067317 940.0
819.7819535227408 689.0
820.0321122476719 748.0
820.2822622810417 786.0
820.5324036223675 777.0
820.7825362711658 779.0
821.0326602269538 785.0
821.2827754892483 767.0
821.5328820575656 764.0
821.7829799314234 753.0
822.033069110338 930.0
822.2831495938267 667.0
822.5332213814061 763.0
822.7832844725929 749.0
823.0333388669044 764.0
823.283384563857 784.0
823.533421562968 763.0
823.7834498637541 763.0
824.033469465732 752.0
824.2834803684189 753.0
824.5334825713311 928.0
824.7834760739862 678.0
825.0334608759005 752.0
825.2834369765912 770.0
825.5334043755751 752.0
825.7833630723688 765.0
826.0333130664897 763.0
826.2832543574541 762.0
826.5331869447793 775.0
826.783110827982 758.0
827.0330260065789 928.0
827.2829324800872 681.0
827.5328302480233 762.0
827.7827193099047 766.0
828.032599665248 778.0
828.2824713135695 773.0
828.532334254387 768.0
828.7821884872168 762.0
829.0320340115759 770.0
829.2818708269813 768.0
829.5316989329494 945.0
829.7815183289979 688.0
830.0313290146428 749.0
830.2811309894015 754.0
830.5309242527906 768.0
830.7807088043272 777.0
831.0304846435281 777.0
831.2802517699099 782.0
831.5300101829899 765.0
831.7797598822846 758.0
832.0295008673112 932.0
832.2792331375864 688.0
832.5289566926268 745.0
832.7786715319497 775.0
833.0283776550717 765.0
833.27807506151 767.0
833.5277637507811 766.0
833.7774437224018 776.0
834.0271149758895 776.0
834.2767775107606 745.0
834.526431326532 939.0
834.7760764227208 686.0
835.0257127988438 778.0
835.2753404544177 765.0
835.5249593889594 749.0
835.774569601986 756.0
836.0241710930143 780.0
836.2737638615607 759.0
836.5233479071428 770.0
836.7729232292768 769.0
837.0224898274802 940.0
837.2720477012693 689.0
837.5215968501614 748.0
837.7711372736733 761.0
838.0206689713215 757.0
838.2701919426232 750.0
838.5197061870952 768.0
838.7692117042545 766.0
839.0187084936177 777.0
839.2681965547017 768.0
839.5176758870236 918.0
839.7671464901001 677.0
840.0166083634483 748.0
840.2660615065847 761.0
840.5155059190262 774.0
840.7649416002901 776.0
841.0143685498927 768.0
841.2637867673512 780.0
841.5131962521828 775.0
841.7625970039035 769.0
842.0119890220308 920.0
842.2613723060813 677.0
842.5107468555723 736.0
842.76011267002 773.0
843.0094697489418 759.0
843.2588180918546 770.0
843.5081576982747 776.0
843.7574885677194 781.0
844.0068106997054 779.0
844.25612409375 744.0
844.5054287493696 918.0
844.754724666081 667.0
845.0040118434015 746.0
845.2532902808475 760.0
845.5025599779364 754.0
845.7518209341847 754.0
846.0010731491091 768.0
846.2503166222269 770.0
846.4995513530547 776.0
846.7487773411094 743.0
846.9979945859081 923.0
847.2472030869674 669.0
847.4964028438043 745.0
847.7455938559353 764.0
847.994776122878 768.0
848.2439496441485 761.0
848.4931144192642 769.0
848.7422704477419 784.0
848.9914177290981 765.0
849.2405562628502 760.0
849.4896860485144 924.0
849.7388070856083 676.0
849.9879193736485 750.0
850.2370229121515 768.0
850.4861177006346 780.0
850.7352037386146 776.0
850.9842810256082 763.0
851.2333495611326 753.0
851.482409344704 779.0
851.7314603758401 756.0
851.9805026540571 945.0
852.2295361788724 680.0
852.4785609498026 765.0
852.7275769663643 780.0
852.9765842280748 762.0
853.2255827344507 752.0
853.4745724850093 755.0
853.7235534792667 772.0
853.9725257167406 755.0
854.2214891969475 748.0
854.4704439194039 933.0
854.7193898836274 694.0
854.9683270891342 763.0
855.2172555354416 757.0
855.4661752220665 766.0
855.7150861485252 769.0
855.9639883143353 750.0
856.212881719013 761.0
856.4617663620759 766.0
856.7106422430403 758.0
856.9595093614231 923.0
857.2083677167415 673.0
857.4572173085119 757.0
857.7060581362517 781.0
857.9548901994776 768.0
858.2037134977061 768.0
858.4525280304546 771.0
858.7013337972394 770.0
858.950130797578 770.0
859.1989190309868 738.0
859.4476984969828 932.0
859.696469195083 692.0
859.9452311248039 756.0
860.1939842856627 776.0
860.4427286771763 760.0
860.6914642988615 763.0
860.9401911502351 763.0
861.1889092308139 768.0
861.437618540115 771.0
861.686319077655 762.0
861.935010842951 948.0
862.1836938355198 697.0
862.432368054878 748.0
862.6810335005429 762.0
862.9296901720311 766.0
863.1783380688596 764.0
863.4269771905452 751.0
863.6756075366046 754.0
863.9242291065551 766.0
864.1728418999131 741.0
864.4214459161959 920.0
864.6700411549201 679.0
864.9186276156024 752.0
865.1672052977602 762.0
865.4157742009098 765.0
865.6643343245685 752.0
865.9128856682528 772.0
866.1614282314799 785.0
866.4099620137665 768.0
866.6584870146295 755.0
866.9070032335858 932.0
867.155510670152 681.0
867.4040093238455 759.0
867.6524991941827 742.0
867.9009802806806 749.0
868.1494525828563 769.0
868.3979161002262 761.0
868.6463708323078 775.0
868.8948167786174 757.0
869.1432539386718 748.0
869.3916823119887 928.0
869.6401018980839 682.0
869.8885126964751 764.0
870.1369147066789 771.0
870.3853079282118 762.0
870.6336923605911 768.0
870.8820680033335 756.0
871.1304348559562 777.0
871.3787929179755 772.0
871.6271421889087 765.0
871.8754826682726 945.0
872.1238143555837 682.0
872.3721372503595 750.0
872.6204513521162 757.0
872.8687566603713 760.0
873.1170531746413 760.0
873.365340894443 760.0
873.6136198192935 762.0
873.8618899487094 752.0
874.110151282208 760.0
874.3584038193057 922.0
874.6066475595196 665.0
874.8548825023668 746.0
875.1031086473636 751.0
875.3513259940273 763.0
875.5995345418747 761.0
875.8477342904224 764.0
876.0959252391877 773.0
876.3441073876871 762.0
876.5922807354377 751.0
876.8404452819562 936.0
877.0886010267599 675.0
877.3367479693651 770.0
877.5848861092887 764.0
877.8330154460481 768.0
878.0811359791594 780.0
878.3292477081402 766.0
878.5773506325071 761.0
878.8254447517768 760.0
879.0735300654665 761.0
879.3216065730924 940.0
879.5696742741723 678.0
879.8177331682225 759.0
880.0657832547598 764.0
880.3138245333014 775.0
880.5618570033639 763.0
880.8098806644645 775.0
881.0578955161196 771.0
881.3059015578464 765.0
881.5538987891618 763.0
881.8018872095822 927.0
882.0498668186252 677.0
882.297837615807 753.0
882.5457996006451 757.0
882.7937527726558 776.0
883.041697131356 772.0
883.2896326762632 770.0
883.5375594068934 762.0
883.7854773227642 769.0
884.0333864233922 770.0
884.2812867082938 936.0
884.5291781769868 684.0
884.7770608289871 769.0
885.0249346638125 761.0
885.2727996809792 770.0
885.5206558800041 776.0
885.7685032604046 772.0
886.0163418216969 762.0
886.2641715633982 769.0
886.5119924850256 753.0
886.7598045860955 948.0
887.007607866125 674.0
887.2554023246308 756.0
887.5031879611303 762.0
887.7509647751398 770.0
887.9987327661763 772.0
888.2464919337567 781.0
888.4942422773979 762.0
888.7419837966169 760.0
888.9897164909302 757.0
889.2374403598551 939.0
889.4851554029083 676.0
889.7328616196063 738.0
889.9805590094667 767.0
890.2282475720056 765.0
890.4759273067405 767.0
890.7235982131879 765.0
890.9712602908646 770.0
891.218913539288 771.0
891.4665579579743 754.0
891.7141935464408 942.0
891.9618203042044 682.0
892.2094382307815 753.0
892.4570473256895 762.0
892.7046475884449 755.0
892.9522390185649 756.0
893.1998216155661 750.0
893.4473953789653 750.0
893.6949603082797 757.0
893.9425164030258 762.0
894.1900636627211 948.0
894.4376020868815 680.0
894.6851316750246 745.0
894.9326524266672 770.0
895.1801643413257 760.0
895.4276674185177 766.0
895.6751616577593 774.0
895.922647058568 780.0
896.1701236204603 767.0
896.4175913429531 759.0
896.6650502255636 915.0
896.912500267808 671.0
897.159941469204 753.0
897.4073738292678 767.0
897.6547973475165 766.0
897.9022120234671 769.0
898.1496178566362 744.0
898.3970148465409 749.0
898.644402992698 764.0
898.8917822946241 754.0
899.1391527518367 937.0
899.386514363852 678.0
899.6338671301874 760.0
899.8812110503592 769.0
900.1285461238849 773.0
900.375872350281 754.0
900.6231897290643 763.0
900.8704982597519 769.0
901.1177979418604 768.0
901.3650887749071 757.0
901.6123707584086 938.0
901.8596438918815 668.0
902.106908174843 758.0
902.35416360681 768.0
902.6014101872993 757.0
902.8486479158278 765.0
903.095876791912 768.0
903.3430968150694 769.0
903.5903079848164 770.0
903.83751030067 764.0
904.0847037621473 928.0
904.3318883687646 666.0
904.5790641200394 765.0
904.826231015488 770.0
905.0733890546279 772.0
905.3205382369753 758.0
905.5676785620476 769.0
905.8148100293615 764.0
906.0619326384336 761.0
906.3090463887813 748.0
906.5561512799208 934.0
906.8032473113697 682.0
907.0503344826443 739.0
907.2974127932616 766.0
907.5444822427387 775.0
907.7915428305921 766.0
908.038594556339 768.0
908.2856374194963 770.0
908.5326714195803 760.0
908.7796965561088 757.0
909.0267128285976 935.0
909.2737202365645 684.0
909.520718779526 754.0
909.7677084569985 768.0
910.0146892684998 756.0
910.261661213546 754.0
910.5086242916544 759.0
910.7555785023416 768.0
911.0025238451248 765.0
911.2494603195206 765.0
911.4963879250456 934.0
911.7433066612174 685.0
911.9902165275522 755.0
912.2371175235672 765.0
912.4840096487795 770.0
912.7308929027052 763.0
912.9777672848619 768.0
913.2246327947661 770.0
913.4714894319347 772.0
913.7183371958849 758.0
913.965176086133 933.0
914.2120061021965 684.0
914.4588272435916 752.0
914.7056395098358 762.0
914.9524429004457 776.0
915.1992374149379 770.0
915.4460230528298 770.0
915.6927998136375 757.0
915.9395676968788 762.0
916.1863267020701 748.0
916.4330768287281 948.0
916.67981807637 686.0
916.9265504445123 751.0
917.1732739326723 764.0
917.4199885403666 742.0
917.6666942671121 767.0
917.9133911124259 769.0
918.1600790758242 761.0
918.4067581568248 771.0
918.6534283549438 765.0
918.9000896696987 926.0
919.1467421006058 690.0
919.3933856471822 749.0
919.6400203089449 769.0
919.8866460854103 778.0
920.1332629760961 774.0
920.3798709805186 763.0
920.6264700981943 763.0
920.8730603286409 774.0
921.1196416713748 763.0
921.3662141259131 924.0
921.6127776917724 680.0
921.8593323684695 751.0
922.1058781555217 749.0
922.3524150524454 754.0
922.598943058758 762.0
922.8454621739758 766.0
923.0919723976159 759.0
923.3384737291954 781.0
923.5849661682307 754.0
923.8314497142393 941.0
924.0779243667373 675.0
924.3243901252423 760.0
924.5708469892709 753.0
924.8172949583395 754.0
925.0637340319656 749.0
925.3101642096658 769.0
925.5565854909571 768.0
925.8029978753563 773.0
926.04940136238 746.0
926.2957959515456 938.0
926.5421816423694 680.0
926.7885584343687 754.0
927.0349263270604 768.0
927.281285319961 772.0
927.5276354125876 779.0
927.7739766044568 758.0
928.020308895086 771.0
928.2666322839915 768.0
928.5129467706906 755.0
928.7592523547 936.0
929.0055490355364 677.0
929.2518368127171 745.0
929.4981156857584 780.0
929.7443856541778 769.0
929.9906467174917 777.0
930.2368988752169 785.0
930.4831421268707 765.0
930.7293764719695 758.0
930.9756019100306 748.0
931.2218184405708 934.0
931.4680260631065 677.0
931.7142247771553 748.0
931.9604145822334 758.0
932.2065954778582 766.0
932.4527674635461 754.0
932.6989305388141 780.0
932.9450847031794 769.0
933.1912299561584 764.0
933.4373662972685 754.0
933.6834937260257 916.0
933.929612241948 682.0
934.1757218445516 768.0
934.4218225333533 778.0
934.6679143078701 765.0
934.913997167619 759.0
935.1600711121167 769.0
935.4061361408803 758.0
935.6521922534262 780.0
935.8982394492718 764.0
936.1442777279336 932.0
936.3903070889288 665.0
936.636327531774 746.0
936.882339055986 770.0
937.128341661082 768.0
937.3743353465785 762.0
937.6203201119927 766.0
937.8662959568414 769.0
938.1122628806411 767.0
938.3582208829092 761.0
938.6041699631621 930.0
938.8501101209171 687.0
939.0960413556905 758.0
939.341963667 766.0
939.5878770543618 751.0
939.8337815172929 762.0
940.0796770553103 763.0
940.3255636679306 767.0
940.5714413546712 774.0
940.8173101150486 766.0
941.0631699485793 929.0
941.309020854781 688.0
941.5548628331699 753.0
941.8006958832632 770.0
942.0465200045778 749.0
942.2923351966301 787.0
942.5381414589376 764.0
942.7839387910167 779.0
943.0297271923846 775.0
943.275506662558 740.0
943.5212772010536 922.0
943.7670388073888 689.0
944.0127914810797 759.0
944.2585352216438 763.0
944.504270028598 774.0
944.7499959014584 778.0
944.9957128397427 768.0
945.2414208429674 778.0
945.4871199106495 782.0
945.7328100423057 766.0
945.978491237453 934.0
946.2241634956084 675.0
946.4698268162882 747.0
946.71548119901 761.0
946.9611266432901 772.0
947.2067631486459 754.0
947.4523907145939 778.0
947.6980093406509 764.0
947.943619026334 764.0
948.1892197711599 763.0
948.4348115746456 932.0
948.680394436308 683.0
948.9259683556636 740.0
949.17153333223 752.0
949.4170893655231 764.0
949.6626364550607 764.0
949.9081746003591 760.0
950.1537038009352 762.0
950.3992240563063 754.0
950.6447353659886 756.0
950.8902377294995 929.0
951.1357311463555 674.0
951.381215616074 752.0
951.6266911381715 763.0
951.8721577121647 770.0
952.1176153375708 781.0
952.3630640139064 759.0
952.6085037406887 762.0
952.8539345174344 773.0
953.09935634366 760.0
953.3447692188829 937.0
953.5901731426196 688.0
953.8355681143876 757.0
954.080954133703 771.0
954.326331200083 763.0
954.5716993130445 747.0
954.8170584721041 775.0
955.0624086767792 771.0
955.3077499265863 756.0
955.5530822210421 765.0
955.798405559664 932.0
956.0437199419682 689.0
956.2890253674723 762.0
956.5343218356925 770.0
956.7796093461461 753.0
957.02488789835 778.0
957.2701574918206 769.0
957.5154181260752 768.0
957.7606698006304 774.0
958.0059125150034 756.0
958.2511462687107 921.0
958.4963710612694 700.0
958.7415868921963 752.0
958.9867937610082 771.0
959.2319916672224 770.0
959.4771806103552 769.0
959.7223605899235 765.0
959.9675316054446 763.0
960.2126936564348 767.0
960.4578467424116 743.0
960.7029908628915 942.0
960.9481260173911 690.0
961.193252205428 742.0
961.4383694265184 755.0
961.6834776801796 776.0
961.9285769659282 782.0
962.1736672832812 756.0
962.4187486317555 779.0
962.6638210108677 780.0
962.908884420135 766.0
963.153938859074 940.0
963.3989843272019 690.0
963.6440208240352 750.0
963.889048349091 771.0
964.1340669018862 763.0
964.3790764819373 763.0
964.6240770887617 770.0
964.8690687218761 770.0
965.114051380797 776.0
965.3590250650417 770.0
965.6039897741268 768.0
965.8489455075695 744.0
966.0938922648864 765.0
966.3388300455941 774.0
966.5837588492103 777.0
966.8286786752509 764.0
967.0735895232334 768.0
967.3184913926743 771.0
967.5633842830911 777.0
967.808268194 773.0
968.0531431249179 770.0
968.2980090753622 761.0
968.5428660448491 768.0
968.7877140328961 777.0
969.0325530390197 774.0
969.2773830627367 755.0
969.5222041035643 759.0
969.7670161610189 778.0
970.0118192346179 764.0
970.2566133238779 757.0
970.5013984283155 762.0
970.746174547448 788.0
970.990941680792 770.0
971.2356998278649 776.0
971.480448988183 767.0
971.725189161263 759.0
971.9699203466223 766.0
972.2146425437775 765.0
972.4593557522456 772.0
972.7040599715434 752.0
972.9487552011876 750.0
973.1934414406954 777.0
973.4381186895833 780.0
973.6827869473685 778.0
973.9274462135677 770.0
974.1720964876979 766.0
974.4167377692759 793.0
974.6613700578182 776.0
974.9059933528424 771.0
975.1506076538647 786.0
975.3952129604023 766.0
975.6398092719721 765.0
975.8843965880908 771.0
976.1289749082755 771.0
976.3735442320426 761.0
976.6181045589096 776.0
976.862655888393 758.0
977.1071982200094 764.0
977.3517315532764 775.0
977.5962558877101 782.0
977.840771222828 765.0
978.0852775581467 781.0
978.3297748931827 760.0
978.5742632274536 788.0
978.8187425604756 768.0
979.063212891766 749.0
979.3076742208415 765.0
979.5521265472191 777.0
979.7965698704156 759.0
980.0410041899477 783.0
980.2854295053326 768.0
980.5298458160865 762.0
980.7742531217272 770.0
981.0186514217711 765.0
981.2630407157347 772.0
981.5074210031356 786.0
981.7517922834901 772.0
981.9961545563154 758.0
982.2405078211283 767.0
982.4848520774455 782.0
982.729187324784 760.0
982.9735135626606 759.0
983.2178307905924 771.0
983.4621390080961 759.0
983.7064382146882 773.0
983.9507284098863 762.0
984.1950095932067 767.0
984.4392817641666 769.0
984.6835449222825 778.0
984.9277990670716 769.0
985.1720441980509 764.0
985.4162803147366 769.0
985.6605074166464 765.0
985.9047255032964 760.0
986.1489345742042 768.0
986.3931346288863 771.0
986.6373256668593 771.0
986.8815076876406 774.0
987.1256806907464 784.0
987.3698446756944 784.0
987.613999642001 774.0
987.8581455891829 768.0
988.1022825167574 766.0
988.3464104242408 768.0
988.5905293111508 761.0
988.8346391770036 774.0
989.0787400213161 777.0
989.3228318436055 779.0
989.5669146433884 778.0
989.8109884201817 771.0
990.0550531735024 779.0
990.2991089028674 777.0
990.5431556077934 769.0
990.7871932877973 773.0
991.031221942396 775.0
991.2752415711062 765.0
991.5192521734452 768.0
991.7632537489297 773.0
992.0072462970761 778.0
992.251229817402 776.0
992.4952043094236 790.0
992.7391697726582 774.0
992.9831262066227 759.0
993.2270736108336 768.0
993.4710119848082 760.0
993.7149413280629 774.0
993.958861640115 762.0
994.2027729204812 769.0
994.4466751686781 759.0
994.6905683842231 765.0
994.9344525666326 770.0
995.1783277154237 776.0
995.4221938301132 766.0
995.6660509102181 776.0
995.9098989552552 764.0
996.1537379647411 756.0
996.3975679381932 759.0
996.6413888751279 755.0
996.8852007750622 770.0
997.1290036375133 767.0
997.3727974619973 772.0
997.6165822480319 763.0
997.8603579951333 775.0
998.104124702819 780.0
998.3478823706055 775.0
998.5916309980095 759.0
998.8353705845483 763.0
999.0791011297383 749.0
999.3228226330968 763.0
999.5665350941406 781.0
999.8102385123861 788.0
1000.0539328873509 770.0
1000.2976182185512 768.0
1000.5412945055043 759.0
1000.7849617477269 756.0
1001.0286199447357 777.0
1001.2722690960481 768.0
1001.5159092011804 776.0
1001.75954025965 777.0
1002.003162270973 774.0
1002.246775234667 769.0
1002.4903791502487 762.0
1002.7339740172346 760.0
1002.9775598351421 772.0
1003.2211366034876 780.0
1003.4647043217884 782.0
1003.7082629895611 769.0
1003.9518126063224 774.0
1004.1953531715895 770.0
1004.4388846848791 761.0
1004.6824071457083 781.0
1004.9259205535938 767.0
1005.1694249080521 768.0
1005.4129202086007 753.0
1005.6564064547559 759.0
1005.8998836460353 761.0
1006.1433517819551 752.0
1006.3868108620323 772.0
1006.6302608857841 757.0
1006.8737018527269 774.0
1007.1171337623779 763.0
1007.3605566142537 762.0
1007.6039704078715 765.0
1007.8473751427481 780.0
1008.0907708184001 765.0
1008.3341574343445 767.0
1008.5775349900982 777.0
1008.8209034851784 785.0
1009.0642629191013 777.0
1009.3076132913841 770.0
1009.5509546015439 762.0
1009.7942868490973 774.0
1010.0376100335611 764.0
1010.2809241544525 763.0
1010.5242292112879 768.0
1010.7675252035845 774.0
1011.010812130859 769.0
1011.2540899926286 771.0
1011.4973587884098 749.0
1011.7406185177194 763.0
1011.9838691800747 772.0
1012.2271107749921 760.0
1012.470343301989 764.0
1012.7135667605817 772.0
1012.9567811502875 768.0
1013.1999864706231 772.0
1013.4431827211052 774.0
1013.686369901251 769.0
1013.929548010577 765.0
1014.1727170486006 761.0
1014.4158770148383 765.0
1014.6590279088067 766.0
1014.9021697300233 769.0
1015.1453024780044 780.0
1015.3884261522674 775.0
1015.6315407523286 762.0
1015.8746462777051 766.0
1016.1177427279141 762.0
1016.3608301024719 769.0
1016.603908400896 765.0
1016.8469776227028 768.0
1017.0900377674091 779.0
1017.3330888345322 769.0
1017.5761308235883 769.0
1017.8191637340951 757.0
1018.0621875655689 772.0
1018.3052023175269 777.0
1018.5482079894858 768.0
1018.7912045809622 758.0
1019.0341920914735 773.0
1019.2771705205361 777.0
1019.5201398676672 764.0
1019.7631001323837 759.0
1020.006051314202 771.0
1020.2489934126395 785.0
1020.4919264272125 749.0
1020.7348503574386 773.0
1020.9777652028342 782.0
1021.2206709629161 777.0
1021.4635676372014 768.0
1021.7064552252067 768.0
1021.9493337264495 760.0
1022.1922031404459 778.0
1022.4350634667132 771.0
1022.6779147047681 764.0
1022.9207568541273 757.0
1023.1635899143083 773.0
1023.4064138848273 777.0
1023.6492287652015 762.0
1023.8920345549478 764.0
1024.134831253583 769.0
1024.377618860624 770.0
1024.6203973755871 778.0
1024.8631667979898 778.0
1025.1059271273493 774.0
1025.3486783631818 772.0
1025.5914205050044 777.0
1025.8341535523336 770.0
1026.076877504687 771.0
1026.3195923615808 779.0
1026.5622981225324 775.0
1026.8049947870584 758.0
1027.0476823546753 763.0
1027.2903608249007 778.0
1027.5330301972513 777.0
1027.7756904712435 771.0
1028.0183416463947 778.0
1028.260983722221 771.0
1028.5036166982402 778.0
1028.7462405739689 760.0
1028.9888553489234 762.0
1029.2314610226213 755.0
1029.474057594579 750.0
1029.7166450643138 738.0
1029.9592234313418 772.0
1030.2017926951808 774.0
1030.4443528553472 756.0
1030.6869039113576 770.0
1030.9294458627296 757.0
1031.1719787089794 780.0
1031.414502449624 770.0
1031.6570170841808 763.0
1031.8995226121658 766.0
1032.1420190330966 763.0
1032.3845063464896 765.0
1032.6269845518618 773.0
1032.8694536487305 768.0
1033.111913636612 781.0
1033.3543645150232 773.0
1033.596806283481 766.0
1033.8392389415026 769.0
1034.081662488605 780.0
1034.324076924304 783.0
1034.566482248118 770.0
1034.8088784595625 755.0
1035.0512655581551 768.0
1035.2936435434124 765.0
1035.5360124148515 766.0
1035.778372171989 770.0
1036.020722814342 768.0
1036.2630643414275 759.0
1036.5053967527615 761.0
1036.7477200478622 759.0
1036.9900342262456 768.0
1037.2323392874284 763.0
1037.4746352309282 775.0
1037.7169220562612 755.0
1037.9591997629448 768.0
1038.2014683504956 749.0
1038.4437278184303 766.0
1038.685978166266 772.0
1038.9282193935196 763.0
1039.170451499708 772.0
1039.4126744843477 770.0
1039.6548883469559 770.0
1039.8970930870496 780.0
1040.1392887041452 768.0
1040.3814751977598 779.0
1040.6236525674105 760.0
1040.8658208126137 785.0
1041.107979932887 772.0
1041.3501299277466 769.0
1041.5922707967095 775.0
1041.8344025392926 775.0
1042.0765251550129 773.0
1042.3186386433872 775.0
1042.5607430039322 751.0
1042.802838236165 752.0
1043.0449243396022 740.0
1043.2870013137613 761.0
1043.5290691581586 760.0
1043.7711278723107 773.0
1044.013177455735 768.0
1044.2552179079482 779.0
1044.4972492284676 776.0
1044.7392714168093 766.0
1044.9812844724902 763.0
1045.223288395028 762.0
1045.4652831839387 772.0
1045.70726883874 768.0
1045.949245358948 773.0
1046.1912127440798 783.0
1046.4331709936528 758.0
1046.675120107183 756.0
1046.9170600841878 771.0
1047.1589909241836 770.0
1047.400912626688 765.0
1047.6428251912175 768.0
1047.8847286172886 762.0
1048.1266229044188 779.0
1048.3685080521243 793.0
1048.6103840599228 770.0
1048.8522509273307 766.0
1049.0941086538646 785.0
1049.3359572390418 769.0
1049.577796682379 768.0
1049.819626983393 759.0
1050.061448141601 760.0
1050.3032601565194 769.0
1050.5450630276655 767.0
1050.7868567545556 777.0
1051.0286413367073 772.0
1051.270416773637 778.0
1051.5121830648616 783.0
1051.7539402098982 770.0
1051.9956882082631 744.0
1052.237427059474 759.0
1052.479156763047 766.0
1052.7208773184996 772.0
1052.9625887253483 772.0
1053.2042909831098 762.0
1053.4459840913016 766.0
1053.6876680494397 759.0
1053.929342857042 763.0
1054.1710085136244 764.0
1054.4126650187043 746.0
1054.6543123717986 768.0
1054.8959505724238 771.0
1055.1375796200969 779.0
1055.3791995143351 777.0
1055.620810254655 785.0
1055.8624118405735 766.0
1056.1040042716074 787.0
1056.3455875472737 781.0
1056.5871616670893 769.0
1056.8287266305706 778.0
1057.070282437235 758.0
1057.3118290865991 764.0
1057.5533665781802 769.0
1057.7948949114943 778.0
1058.0364140860593 770.0
1058.2779241013916 768.0
1058.5194249570077 774.0
1058.760916652425 770.0
1059.0023991871599 761.0
1059.24387256073 759.0
1059.4853367726514 780.0
1059.7267918224413 766.0
1059.968237709617 771.0
1060.2096744336943 771.0
1060.451101994191 770.0
1060.6925203906237 767.0
1060.933929622509 763.0
1061.1753296893642 768.0
1061.4167205907056 776.0
1061.6581023260508 768.0
1061.8994748949162 761.0
1062.1408382968189 761.0
1062.3821925312755 774.0
1062.6235375978026 784.0
1062.8648734959181 775.0
1063.1062002251376 753.0
1063.3475177849793 756.0
1063.588826174959 754.0
1063.830125394594 763.0
1064.0714154434013 777.0
1064.312696320897 776.0
1064.553968026599 765.0
1064.7952305600238 765.0
1065.036483920688 762.0
1065.2777281081087 763.0
1065.5189631218025 793.0
1065.7601889612868 774.0
1066.001405626078 772.0
1066.2426131156928 771.0
1066.4838114296492 763.0
1066.7250005674625 764.0
1066.9661805286507 771.0
1067.2073513127305 773.0
1067.4485129192178 778.0
1067.689665347631 778.0
1067.9308085974856 772.0
1068.1719426682996 769.0
1068.413067559589 763.0
1068.654183270871 785.0
1068.8952898016628 785.0
1069.1363871514804 769.0
1069.3774753198418 768.0
1069.618554306263 751.0
1069.8596241102612 781.0
1070.100684731353 769.0
1070.3417361690556 774.0
1070.582778422886 760.0
1070.8238114923604 762.0
1071.0648353769964 762.0
1071.3058500763104 758.0
1071.5468555898192 758.0
1071.7878519170404 761.0
1072.02883905749 770.0
1072.2698170106853 772.0
1072.5107857761434 759.0
1072.75174535338 757.0
1072.9926957419138 768.0
1073.23363694126 769.0
1073.4745689509368 764.0
1073.7154917704597 773.0
1073.9564053993467 769.0
1074.1973098371145 757.0
1074.4382050832794 757.0
1074.6790911373587 765.0
1074.9199679988692 771.0
1075.1608356673278 763.0
1075.4016941422512 763.0
1075.6425434231562 781.0
1075.8833835095604 773.0
1076.1242144009796 772.0
1076.3650360969316 754.0
1076.6058485969324 758.0
1076.8466519004996 767.0
1077.0874460071498 788.0
1077.3282309163997 760.0
1077.5690066277664 767.0
1077.8097731407665 771.0
1078.0505304549172 772.0
1078.2912785697354 765.0
1078.5320174847377 784.0
1078.772747199441 757.0
1079.0134677133622 758.0
1079.2541790260184 762.0
1079.4948811369263 773.0
1079.7355740456023 754.0
1079.9762577515642 772.0
1080.2169322543277 762.0
1080.4575975534112 772.0
1080.6982536483301 770.0
1080.9389005386022 772.0
1081.179538223744 768.0
1081.4201667032721 768.0
1081.6607859767041 767.0
1081.9013960435564 768.0
1082.1419969033457 762.0
1082.382588555589 777.0
1082.6231709998035 773.0
1082.863744235506 776.0
1083.104308262213 766.0
1083.3448630794412 772.0
1083.5854086867082 757.0
1083.8259450835303 775.0
1084.0664722694248 766.0
1084.306990243908 766.0
1084.5474990064974 768.0
1084.7879985567097 756.0
1085.0284888940612 794.0
1085.2689700180695 775.0
1085.509441928251 756.0
1085.749904624123 762.0
1085.990358105202 766.0
1086.2308023710048 773.0
1086.4712374210485 764.0
1086.71166325485 765.0
1086.9520798719261 764.0
1087.1924872717937 749.0
1087.4328854539694 759.0
1087.6732744179706 763.0
1087.9136541633134 772.0
1088.1540246895156 760.0
1088.3943859960934 766.0
1088.6347380825637 766.0
1088.8750809484436 771.0
1089.1154145932499 774.0
1089.3557390164995 779.0
1089.5960542177095 775.0
1089.836360196396 770.0
1090.0766569520767 768.0
1090.3169444842679 771.0
1090.557222792487 775.0
1090.7974918762502 749.0
1091.037751735075 773.0
1091.2780023684782 774.0
1091.518243775976 777.0
1091.7584759570861 754.0
1091.9986989113247 759.0
1092.2389126382093 761.0
1092.4791171372563 753.0
1092.7193124079827 775.0
1092.9594984499054 768.0
1093.1996752625412 772.0
1093.4398428454072 772.0
1093.68000119802 765.0
1093.9201503198965 756.0
1094.1602902105537 765.0
1094.4004208695083 766.0
1094.6405422962773 760.0
1094.8806544903778 763.0
1095.120757451326 776.0
1095.3608511786392 768.0
1095.6009356718341 782.0
1095.8410109304282 769.0
1096.0810769539376 769.0
1096.3211337418795 766.0
1096.5611812937707 758.0
1096.8012196091279 780.0
1097.0412486874682 764.0
1097.2812685283084 756.0
1097.5212791311658 757.0
1097.7612804955563 767.0
1098.0012726209975 759.0
1098.2412555070064 752.0
1098.4812291530989 778.0
1098.721193558793 769.0
1098.961148723605 769.0
1099.2010946470518 763.0
1099.4410313286503 753.0
1099.6809587679172 768.0
1099.92087696437 757.0
1100.1607859175251 769.0
1100.400685626899 770.0
1100.640576092009 780.0
1100.880457312372 777.0
1101.1203292875052 755.0
1101.3601920169247 769.0
1101.6000455001479 773.0
1101.8398897366915 784.0
1102.079724726072 769.0
1102.3195504678072 770.0
1102.559366961413 763.0
1102.7991742064069 769.0
1103.0389722023056 764.0
1103.2787609486254 769.0
1103.5185404448844 766.0
1103.7583106905984 769.0
1103.9980716852845 750.0
1104.23782342846 773.0
1104.4775659196412 766.0
1104.7172991583454 772.0
1104.9570231440887 761.0
1105.1967378763893 769.0
1105.436443354763 768.0
1105.6761395787273 776.0
1105.9158265477986 762.0
1106.1555042614937 760.0
1106.3951727193298 754.0
1106.6348319208234 774.0
1106.8744818654923 765.0
1107.1141225528525 768.0
1107.3537539824208 763.0
1107.5933761537144 780.0
1107.8329890662503 754.0
1108.072592719545 770.0
1108.3121871131157 766.0
1108.551772246479 776.0
1108.7913481191517 769.0
1109.030914730651 761.0
1109.2704720804938 766.0
1109.5100201681967 774.0
1109.7495589932764 763.0
1109.9890885552504 768.0
1110.2286088536348 760.0
1110.4681198879473 779.0
1110.707621657704 765.0
1110.9471141624224 752.0
1111.1865974016187 763.0
1111.4260713748101 757.0
1111.665536081514 753.0
1111.9049915212463 772.0
1112.1444376935244 764.0
1112.3838745978653 765.0
1112.6233022337854 769.0
1112.8627206008023 764.0
1113.102129698432 761.0
1113.3415295261918 765.0
1113.5809200835986 774.0
1113.820301370169 749.0
1114.0596733854206 760.0
1114.2990361288694 754.0
1114.5383896000326 769.0
1114.7777337984273 768.0
1115.0170687235698 761.0
1115.2563943749778 765.0
1115.4957107521673 760.0
1115.7350178546556 770.0
1115.9743156819598 772.0
1116.213604233596 764.0
1116.452883509082 766.0
1116.692153507934 763.0
1116.9314142296694 755.0
1117.1706656738045 760.0
1117.4099078398563 765.0
1117.6491407273422 767.0
1117.8883643357783 765.0
1118.1275786646822 762.0
1118.36678371357 761.0
1118.6059794819594 773.0
1118.8451659693665 749.0
1119.0843431753085 758.0
1119.3235110993026 771.0
1119.5626697408647 753.0
1119.8018190995128 776.0
1120.0409591747637 761.0
1120.2800899661331 766.0
1120.519211473139 769.0
1120.7583236952978 768.0
1120.9974266321262 769.0
1121.236520283142 768.0
1121.4756046478608 747.0
1121.7146797258001 755.0
1121.9537455164768 758.0
1122.192802019408 774.0
1122.4318492341101 765.0
1122.6708871601 766.0
1122.909915796895 776.0
1123.1489351440111 769.0
1123.3879452009662 769.0
1123.6269459672762 752.0
1123.865937442459 757.0
1124.1049196260308 767.0
1124.3438925175087 762.0
