shot=166_gas=Ne_hight=35_RF=243.0W_massflow=8000_coils=0.0A_HR4000 spectrum
Wavelength [nm] // Intensity [u.a.] 
194.93414 791.0
195.2037815346219 782.0
195.47341553816543 793.0
195.74304201014752 765.0
196.012660950085 790.0
196.28227235749478 794.0
196.55187623189366 789.0
196.82147257279857 787.0
197.09106137972637 766.0
197.36064265219392 764.0
197.63021638971804 753.0
197.89978259181567 951.0
198.16934125800364 685.0
198.43889238779886 758.0
198.7084359807181 781.0
198.97797203627835 782.0
199.2475005539964 795.0
199.51702153338914 792.0
199.78653497397343 774.0
200.05604087526618 778.0
200.3255392367842 780.0
200.59503005804436 962.0
200.8645133385636 697.0
201.1339890778587 771.0
201.4034572754466 780.0
201.67291793084408 782.0
201.94237104356813 789.0
202.21181661313554 775.0
202.48125463906314 781.0
202.7506851208679 778.0
203.02010805806663 759.0
203.28952345017618 964.0
203.55893129671344 698.0
203.8283315971953 771.0
204.0977243511386 771.0
204.3671095580602 780.0
204.636487217477 795.0
204.90585732890585 788.0
205.17521989186366 792.0
205.44457490586717 779.0
205.7139223704334 765.0
205.98326228507918 954.0
206.2525946493213 711.0
206.5219194626767 759.0
206.79123672466224 813.0
207.06054643479476 784.0
207.32984859259116 788.0
207.59914319756828 787.0
207.86843024924303 781.0
208.13770974713225 776.0
208.40698169075276 762.0
208.6762460796215 951.0
208.94550291325532 689.0
209.2147521911711 772.0
209.48399391288567 776.0
209.75322807791594 781.0
210.02245468577874 774.0
210.29167373599094 787.0
210.56088522806942 780.0
210.83008916153108 769.0
211.09928553589276 773.0
211.3684743506713 941.0
211.63765560538363 696.0
211.9068292995466 759.0
212.175995432677 783.0
212.44515400429182 792.0
212.71430501390782 810.0
212.98344846104192 790.0
213.25258434521103 774.0
213.52171266593191 792.0
213.79083342272153 776.0
214.05994661509675 950.0
214.3290522425744 700.0
214.5981503046713 766.0
214.8672408009044 800.0
215.13632373079054 784.0
215.4053990938466 787.0
215.6744668895894 797.0
215.94352711753592 797.0
216.21257977720293 794.0
216.48162486810728 770.0
216.7506623897659 955.0
217.01969234169565 699.0
217.2887147234134 770.0
217.55772953443596 791.0
217.82673677428028 788.0
218.0957364424632 798.0
218.36472853850154 788.0
218.6337130619122 773.0
218.9026900122121 774.0
219.17165938891804 754.0
219.4406211915469 957.0
219.70957541961562 704.0
219.97852207264097 763.0
220.24746115013983 773.0
220.5163926516291 779.0
220.78531657662566 779.0
221.05423292464639 788.0
221.32314169520808 791.0
221.59204288782766 782.0
221.860936502022 763.0
222.12982253730797 971.0
222.39870099320237 691.0
222.66757186922214 763.0
222.93643516488416 777.0
223.20529087970525 761.0
223.47413901320226 791.0
223.74297956489212 793.0
224.01181253429166 788.0
224.28063792091777 771.0
224.5494557242873 774.0
224.8182659439171 967.0
225.08706857932413 688.0
225.35586363002508 761.0
225.62465109553705 783.0
225.89343097537673 780.0
226.16220326906105 794.0
226.43096797610687 792.0
226.69972509603105 784.0
226.9684746283505 774.0
227.237216572582 770.0
227.50595092824256 954.0
227.7746776948489 685.0
228.04339687191796 767.0
228.31210845896663 768.0
228.5808124555117 776.0
228.84950886107015 803.0
229.11819767515877 772.0
229.38687889729442 785.0
229.65555252699397 773.0
229.92421856377433 774.0
230.1928770071524 941.0
230.46152785664492 708.0
230.73017111176884 783.0
230.99880677204106 780.0
231.26743483697837 778.0
231.53605530609772 785.0
231.8046681789159 788.0
232.07327345494983 779.0
232.34187113371638 778.0
232.61046121473237 773.0
232.87904369751473 956.0
233.14761858158028 699.0
233.41618586644586 770.0
233.68474555162845 782.0
233.95329763664483 785.0
234.2218421210119 795.0
234.49037900424648 783.0
234.7589082858655 782.0
235.02742996538583 783.0
235.29594404232427 758.0
235.56445051619772 936.0
235.8329493865231 690.0
236.10144065281722 757.0
236.36992431459691 765.0
236.63840037137916 788.0
236.9068688226808 774.0
237.1753296680186 783.0
237.44378290690955 781.0
237.7122285388704 796.0
237.9806665634181 779.0
238.24909698006957 934.0
238.51751978834153 681.0
238.78593498775095 779.0
239.0543425778147 765.0
239.32274255804958 785.0
239.59113492797255 788.0
239.8595196871004 775.0
240.12789683495004 778.0
240.3962663710383 795.0
240.66462829488208 784.0
240.93298260599826 950.0
241.2013293039037 689.0
241.46966838811522 761.0
241.73799985814978 786.0
242.00632371352418 782.0
242.27463995375527 788.0
242.54294857835998 785.0
242.81124958685515 789.0
243.07954297875764 793.0
243.34782875358434 776.0
243.61610691085207 970.0
243.88437745007772 698.0
244.15264037077822 777.0
244.42089567247035 786.0
244.68914335467105 778.0
244.95738341689716 790.0
245.2256158586655 788.0
245.493840679493 784.0
245.76205787889654 794.0
246.03026745639292 763.0
246.29846941149904 945.0
246.5666637437318 692.0
246.834850452608 782.0
247.1030295376446 779.0
247.37120099835838 769.0
247.63936483426627 774.0
247.9075210448851 784.0
248.17566962973177 773.0
248.4438105883231 776.0
248.71194392017603 781.0
248.98006962480733 951.0
249.248187701734 700.0
249.51629815047275 766.0
249.78440097054056 780.0
250.05249616145431 778.0
250.32058372273076 775.0
250.5886636538869 789.0
250.85673595443953 779.0
251.12480062390551 784.0
251.39285766180177 777.0
251.6609070676451 953.0
251.92894884095242 680.0
252.19698298124058 756.0
252.46500948802645 779.0
252.73302836082692 782.0
253.00103959915882 773.0
253.26904320253902 778.0
253.53703917048443 782.0
253.80502750251188 787.0
254.07300819813827 773.0
254.34098125688044 957.0
254.60894667825525 693.0
254.87690446177962 769.0
255.14485460697037 799.0
255.41279711334434 788.0
255.6807319804185 776.0
255.94865920770962 772.0
256.2165787947346 787.0
256.48449074101035 781.0
256.75239504605366 773.0
257.02029170938147 958.0
257.28818073051065 677.0
257.556062108958 762.0
257.8239358442404 789.0
258.0918019358748 785.0
258.35966038337796 793.0
258.6275111862668 782.0
258.8953543440582 785.0
259.163189856269 787.0
259.4310177224162 795.0
259.6988379420164 944.0
259.9666505145867 690.0
260.23445543964385 765.0
260.50225271670473 777.0
260.77004234528624 775.0
261.03782432490533 772.0
261.3055986550787 804.0
261.5733653353234 776.0
261.8411243651561 782.0
262.1088757440937 770.0
262.37661947165327 948.0
262.6443555473515 709.0
262.9120839707053 769.0
263.1798047412315 784.0
263.44751785844704 779.0
263.7152233218687 787.0
263.98292113101354 780.0
264.2506112853982 790.0
264.51829378453965 782.0
264.7859686279547 771.0
265.05363581516025 956.0
265.32129534567326 689.0
265.5889472190105 761.0
265.8565914346889 789.0
266.1242279922252 790.0
266.39185689113634 790.0
266.65947813093925 789.0
266.9270917111508 803.0
267.19469763128774 773.0
267.46229589086704 785.0
267.72988648940554 948.0
267.9974694264201 702.0
268.2650447014276 780.0
268.53261231394487 778.0
268.80017226348883 788.0
269.0677245495763 781.0
269.3352691717242 763.0
269.60280612944933 790.0
269.8703354222686 772.0
270.13785704969894 760.0
270.40537101125716 954.0
270.67287730646007 694.0
270.9403759348246 765.0
271.2078668958677 783.0
271.47535018910605 791.0
271.7428258140567 782.0
272.01029377023633 779.0
272.2777540571619 787.0
272.5452066743504 777.0
272.81265162131854 782.0
273.08008889758327 943.0
273.34751850266144 688.0
273.6149404360698 755.0
273.8823546973254 788.0
274.1497612859451 790.0
274.4171602014456 786.0
274.6845514433439 786.0
274.95193501115676 778.0
275.2193109044012 770.0
275.486679122594 766.0
275.7540396652521 945.0
276.02139253189216 692.0
276.2887377220313 744.0
276.55607523518626 779.0
276.82340507087395 789.0
277.09072722861123 779.0
277.3580417079149 761.0
277.62534850830195 780.0
277.8926476292892 773.0
278.1599390703934 783.0
278.4272228311316 957.0
278.69449891102056 703.0
278.96176730957717 767.0
279.22902802631836 778.0
279.4962810607609 775.0
279.76352641242164 774.0
280.0307640808177 784.0
280.29799406546556 780.0
280.5652163658824 777.0
280.8324309815849 795.0
281.09963791209003 945.0
281.3668371569146 690.0
281.6340287155756 765.0
281.9012125875897 784.0
282.168388772474 786.0
282.4355572697452 772.0
282.7027180789201 770.0
282.9698711995158 773.0
283.23701663104896 777.0
283.50415437303667 774.0
283.77128442499554 956.0
284.0384067864426 701.0
284.3055214568946 758.0
284.57262843586864 755.0
284.8397277228814 771.0
285.1068193174497 782.0
285.37390321909055 778.0
285.6409794273207 777.0
285.9080479416572 769.0
286.1751087616167 764.0
286.4421618867162 946.0
286.7092073164725 696.0
286.9762450504025 768.0
287.24327508802315 786.0
287.5102974288511 768.0
287.77731207240345 779.0
288.04431901819703 782.0
288.3113182657485 791.0
288.578309814575 784.0
288.84529366419326 776.0
289.1122698141201 960.0
289.37923826387254 683.0
289.6461990129674 767.0
289.91315206092133 786.0
290.18009740725154 789.0
290.44703505147464 777.0
290.7139649931077 771.0
290.98088723166734 782.0
291.24780176667065 790.0
291.5147085976344 788.0
291.78160772407557 950.0
292.04849914551085 687.0
292.3153828614572 769.0
292.58225887143146 766.0
292.8491271749505 787.0
293.1159877715313 786.0
293.3828406606906 779.0
293.6496858419453 779.0
293.9165233148123 772.0
294.1833530788084 773.0
294.4501751334505 954.0
294.71698947825547 706.0
294.9837961127402 772.0
295.2505950364216 780.0
295.5173862488164 771.0
295.78416974944156 787.0
296.050945537814 776.0
296.31771361345045 773.0
296.584473975868 762.0
296.8512266245832 756.0
297.11797155911313 957.0
297.38470877897464 682.0
297.6514382836846 759.0
297.9181600727598 773.0
298.18487414571723 768.0
298.4515805020736 785.0
298.71827914134593 794.0
298.9849700630511 781.0
299.2516532667058 764.0
299.518328751827 765.0
299.78499651793163 942.0
300.0516565645365 699.0
300.3183088911584 760.0
300.58495349731436 775.0
300.8515903825211 778.0
301.1182195462956 781.0
301.3848409881546 775.0
301.65145470761513 777.0
301.91806070419403 782.0
302.184658977408 772.0
302.4512495267741 946.0
302.7178323518091 693.0
302.9844074520298 774.0
303.2509748269532 774.0
303.5175344760962 777.0
303.78408639897555 770.0
304.0506305951082 784.0
304.31716706401096 787.0
304.58369580520065 787.0
304.8502168181943 789.0
305.1167301025086 950.0
305.3832356576606 690.0
305.649733483167 762.0
305.9162235785447 790.0
306.1827059433106 762.0
306.4491805769817 785.0
306.7156474790747 779.0
306.98210664910647 792.0
307.2485580865939 785.0
307.5150017910539 766.0
307.7814377620034 952.0
308.0478659989591 703.0
308.31428650143795 776.0
308.58069926895683 788.0
308.8471043010326 779.0
309.1135015971821 782.0
309.37989115692227 778.0
309.6462729797699 785.0
309.91264706524197 784.0
310.1790134128551 780.0
310.4453720221265 960.0
310.71172289257277 701.0
310.97806602371094 758.0
311.2444014150577 781.0
311.5107290661301 772.0
311.777048976445 780.0
312.04336114551904 781.0
312.30966557286945 793.0
312.5759622580128 771.0
312.8422512004661 775.0
313.1085323997461 962.0
313.3748058553698 699.0
313.641071566854 759.0
313.90732953371554 771.0
314.17357975547145 786.0
314.4398222316384 790.0
314.70605696173334 784.0
314.9722839452731 792.0
315.23850318177466 803.0
315.50471467075477 773.0
315.7709184117303 950.0
316.0371144042182 689.0
316.3033026477353 777.0
316.56948314179846 789.0
316.8356558859246 791.0
317.1018208796305 766.0
317.36797812243304 774.0
317.6341276138491 795.0
317.90026935339563 787.0
318.1664033405894 767.0
318.4325295749473 953.0
318.6986480559862 693.0
318.96475878322303 771.0
319.2308617561746 769.0
319.4969569743577 781.0
319.76304443728935 777.0
320.0291241444864 776.0
320.2951960954656 778.0
320.5612602897438 797.0
320.82731672683815 760.0
321.0933654062652 947.0
321.359406327542 693.0
321.6254394901853 768.0
321.891464893712 774.0
322.157482537639 784.0
322.4234924214832 790.0
322.68949454476143 776.0
322.95548890699064 794.0
323.2214755076875 788.0
323.487454346369 767.0
323.753425422552 952.0
324.01938873575347 684.0
324.2853442854901 769.0
324.55129207127885 769.0
324.8172320926366 771.0
325.08316434908016 787.0
325.34908884012646 780.0
325.61500556529234 781.0
325.8809145240947 787.0
326.14681571605024 754.0
326.4127091406761 961.0
326.6785947974889 691.0
326.9444726860058 748.0
327.2103428057433 784.0
327.47620515621855 783.0
327.74205973694836 776.0
328.00790654744947 770.0
328.2737455872389 788.0
328.5395768558335 780.0
328.80540035275004 756.0
329.0712160775054 953.0
329.33702402961654 696.0
329.6028242086002 766.0
329.86861661397353 778.0
330.13440124525306 777.0
330.4001781019559 792.0
330.66594718359863 778.0
330.9317084896984 777.0
331.19746201977205 768.0
331.46320777333636 771.0
331.7289457499082 952.0
331.9946759490044 709.0
332.2603983701419 772.0
332.5261130128375 782.0
332.79181987660826 765.0
333.05751896097087 778.0
333.3232102654422 773.0
333.58889378953916 783.0
333.85456953277856 780.0
334.1202374946774 762.0
334.38589767475247 956.0
334.6515500725206 685.0
334.9171946874987 762.0
335.18283151920355 780.0
335.4484605671522 782.0
335.7140818308614 774.0
335.97969530984807 793.0
336.245301003629 792.0
336.51089891172114 798.0
336.77648903364127 770.0
337.04207136890636 951.0
337.30764591703326 690.0
337.5732126775387 768.0
337.83877164993976 784.0
338.10432283375314 785.0
338.36986622849577 790.0
338.63540183368457 773.0
338.9009296488363 785.0
339.16644967346787 786.0
339.4319619070962 776.0
339.6974663492381 949.0
339.9629629994105 689.0
340.22845185713027 762.0
340.4939329219141 780.0
340.75940619327906 792.0
341.02487167074196 773.0
341.2903293538197 777.0
341.555779242029 784.0
341.821221334887 782.0
342.0866556319103 771.0
342.3520821326158 953.0
342.6175008365205 691.0
342.8829117431413 766.0
343.1483148519949 794.0
343.41371016259825 785.0
343.6790976744682 783.0
343.9444773871216 800.0
344.20984930007546 786.0
344.4752134128465 777.0
344.74056972495157 763.0
345.0059182359076 947.0
345.27125894523147 682.0
345.53659185244 760.0
345.80191695705014 778.0
346.0672342585787 786.0
346.3325437565426 777.0
346.5978454504585 793.0
346.8631393398436 788.0
347.1284254242145 778.0
347.3937037030882 771.0
347.6589741759816 957.0
347.92423684241146 687.0
348.1894917018946 785.0
348.4547387539481 787.0
348.71997799808867 780.0
348.9852094338332 779.0
349.2504330606986 771.0
349.51564887820166 775.0
349.7808568858593 789.0
350.0460570831885 772.0
350.31124946970584 941.0
350.57643404492853 704.0
350.84161080837316 767.0
351.1067797595568 780.0
351.3719408979961 776.0
351.63709422320824 783.0
351.90223973470984 785.0
352.16737743201776 771.0
352.43250731464894 787.0
352.69762938212034 773.0
352.9627436339487 957.0
353.2278500696509 687.0
353.49294868874387 755.0
353.7580394907444 782.0
354.02312247516943 775.0
354.28819764153576 786.0
354.55326498936034 778.0
354.81832451816 780.0
355.08337622745165 778.0
355.348420116752 779.0
355.613456185578 955.0
355.8784844334467 699.0
356.1435048598747 765.0
356.4085174643791 786.0
356.6735222464765 780.0
356.938519205684 784.0
357.2035083415184 774.0
357.46848965349653 778.0
357.73346314113536 805.0
357.9984288039516 785.0
358.2633866414622 953.0
358.528336653184 694.0
358.793278838634 760.0
359.05821319732894 785.0
359.3231397287857 778.0
359.5880584325211 775.0
359.8529693080521 756.0
360.1178723548955 794.0
360.3827675725683 786.0
360.64765496058726 777.0
360.9125345184692 955.0
361.1774062457311 693.0
361.44227014188965 771.0
361.707126206462 763.0
361.9719744389649 784.0
362.2368148389151 788.0
362.5016474058295 796.0
362.766472139225 764.0
363.0312890386186 777.0
363.296098103527 782.0
363.5608993334672 954.0
363.82569272795587 691.0
364.09047828651006 769.0
364.35525600864656 798.0
364.6200258938823 779.0
364.8847879417341 786.0
365.1495421517188 791.0
365.41428852335326 778.0
365.67902705615444 791.0
365.9437577496392 780.0
366.2084806033243 981.0
366.4731956167267 697.0
366.7379027893632 780.0
367.0026021207507 777.0
367.2672936104061 791.0
367.5319772578463 779.0
367.79665306258806 792.0
368.06132102414836 789.0
368.32598114204393 785.0
368.59063341579173 757.0
368.85527784490864 956.0
369.1199144289115 690.0
369.3845431673172 771.0
369.6491640596426 782.0
369.91377710540445 782.0
370.1783823041198 788.0
370.44297965530546 775.0
370.70756915847835 782.0
370.97215081315517 798.0
371.2367246188529 772.0
371.5012905750884 950.0
371.7658486813786 700.0
372.0303989372402 776.0
372.29494134219027 768.0
372.5594758957455 761.0
372.82400259742286 790.0
373.08852144673915 782.0
373.3530324432114 790.0
373.6175355863563 799.0
373.8820308756908 766.0
374.1465183107317 948.0
374.410997890996 690.0
374.6754696160004 772.0
374.93993348526186 773.0
375.2043894982973 794.0
375.4688376546235 782.0
375.7332779537573 797.0
375.9977103952157 785.0
376.26213497851546 785.0
376.52655170317354 773.0
376.7909605687067 951.0
377.05536157463183 688.0
377.3197547204658 774.0
377.5841400057256 783.0
377.84851742992794 780.0
378.11288699258984 794.0
378.37724869322795 782.0
378.64160253135935 772.0
378.90594850650075 791.0
379.1702866181692 772.0
379.4346168658814 951.0
379.69893924915425 695.0
379.9632537675047 760.0
380.2275604204495 784.0
380.49185920750574 782.0
380.75615012819 795.0
381.0204331820193 788.0
381.2847083685105 778.0
381.5489756871804 782.0
381.8132351375459 766.0
382.07748671912407 964.0
382.34173043143153 702.0
382.6059662739852 764.0
382.8701942463019 777.0
383.1344143478986 786.0
383.3986265782921 776.0
383.6628309369994 780.0
383.92702742353725 789.0
384.1912160374225 787.0
384.45539677817203 782.0
384.7195696453027 954.0
384.98373463833155 693.0
385.2478917567753 773.0
385.5120410001507 762.0
385.7761823679748 773.0
386.0403158597644 790.0
386.30444147503647 793.0
386.5685592133077 776.0
386.8326690740951 781.0
387.09677105691543 784.0
387.36086516128563 945.0
387.6249513867226 696.0
387.88902973274315 763.0
388.15310019886414 774.0
388.41716278460245 776.0
388.68121748947493 775.0
388.9452643129986 780.0
389.2093032546901 778.0
389.47333431406645 780.0
389.73735749064434 766.0
390.0013727839409 955.0
390.2653801934728 689.0
390.52937971875696 757.0
390.7933713593103 783.0
391.05735511464974 774.0
391.3213309842919 790.0
391.5852989677539 764.0
391.8492590645524 787.0
392.1132112742045 786.0
392.37715559622694 769.0
392.6410920301366 942.0
392.9050205754503 689.0
393.1689412316849 775.0
393.43285399835736 787.0
393.69675887498465 775.0
393.96065586108335 779.0
394.2245449561705 779.0
394.4884261597629 775.0
394.75229947137757 790.0
395.01616489053123 767.0
395.28002241674085 942.0
395.5438720495231 677.0
395.80771378839506 772.0
396.0715476328735 793.0
396.33537358247537 789.0
396.5991916367174 787.0
396.86300179511665 794.0
397.12680405718976 769.0
397.39059842245376 785.0
397.65438489042543 765.0
397.91816346062177 970.0
398.18193413255955 697.0
398.4456969057556 772.0
398.7094517797268 787.0
398.97319875399006 770.0
399.2369378280623 779.0
399.50066900146027 788.0
399.764392273701 775.0
400.02810764430114 783.0
400.2918151127777 769.0
400.55551467864757 950.0
400.81920634142756 700.0
401.08289010063453 760.0
401.34656595578537 773.0
401.6102339063969 790.0
401.8738939519861 786.0
402.1375460920697 772.0
402.4011903261647 772.0
402.6648266537879 779.0
402.92845507445617 772.0
403.1920755876863 946.0
403.4556881929953 693.0
403.71929288990003 772.0
403.98288967791734 794.0
404.246478556564 787.0
404.5100595253569 787.0
404.77363258381297 780.0
405.03719773144906 787.0
405.3007549677821 777.0
405.56430429232887 763.0
405.82784570460626 947.0
406.0913792041311 685.0
406.35490479042033 764.0
406.61842246299085 778.0
406.88193222135936 771.0
407.14543406504293 795.0
407.4089279935582 789.0
407.6724140064223 790.0
407.9358921031519 787.0
408.19936228326395 786.0
408.4628245462754 941.0
408.7262788917029 697.0
408.9897253190635 758.0
409.25316382787395 764.0
409.5165944176513 790.0
409.7800170879122 789.0
410.04343183817366 765.0
410.30683866795243 771.0
410.57023757676546 775.0
410.83362856412975 761.0
411.09701162956185 955.0
411.3603867725789 694.0
411.62375399269763 770.0
411.887113289435 782.0
412.1504646623078 793.0
412.4138081108329 775.0
412.6771436345273 782.0
412.94047123290767 777.0
413.20379090549096 770.0
413.46710265179405 786.0
413.7304064713339 960.0
413.9937023636272 690.0
414.25699032819097 763.0
414.52027036454194 767.0
414.78354247219704 782.0
415.0468066506732 771.0
415.31006289948726 779.0
415.5733112181561 790.0
415.83655160619645 780.0
416.0997840631253 782.0
416.3630085884595 956.0
416.62622518171594 686.0
416.8894338424115 763.0
417.152634570063 788.0
417.4158273641873 784.0
417.67901222430123 785.0
417.9421891499217 791.0
418.2053581405658 782.0
418.46851919575005 768.0
418.7316723149915 771.0
418.99481749780693 961.0
419.2579547437133 697.0
419.5210840522274 769.0
419.78420542286625 774.0
420.04731885514644 783.0
420.31042434858506 788.0
420.573521902699 790.0
420.83661151700494 773.0
421.0996931910199 771.0
421.3627669242608 769.0
421.6258327162443 963.0
421.88889056648736 689.0
422.1519404745069 770.0
422.41498243981977 781.0
422.6780164619429 775.0
422.9410425403929 779.0
423.2040606746869 799.0
423.46707086434174 783.0
423.7300731088742 781.0
423.9930674078012 778.0
424.25605376063965 954.0
424.5190321669063 688.0
424.782002626118 770.0
425.0449651377918 782.0
425.30791970144446 778.0
425.57086631659286 790.0
425.83380498275386 777.0
426.0967356994443 785.0
426.3596584661811 773.0
426.6225732824811 772.0
426.88548014786113 941.0
427.14837906183817 686.0
427.411270023929 769.0
427.6741530336505 769.0
427.9370280905195 783.0
428.199895194053 776.0
428.46275434376776 775.0
428.72560553918066 797.0
428.98844877980855 771.0
429.2512840651683 775.0
429.51411139477693 958.0
429.77693076815115 711.0
430.03974218480784 771.0
430.3025456442639 782.0
430.5653411460361 781.0
430.82812868964146 774.0
431.09090827459687 780.0
431.353679900419 772.0
431.61644356662487 784.0
431.87919927273134 782.0
432.1419470182551 957.0
432.40468680271334 706.0
432.66741862562276 762.0
432.93014248650013 781.0
433.1928583848624 783.0
433.45556632022647 785.0
433.7182662921092 784.0
433.9809583000275 770.0
434.24364234349815 779.0
434.506318422038 769.0
434.768986535164 940.0
435.031646682393 691.0
435.2942988632418 770.0
435.55694307722734 781.0
435.81957932386655 776.0
436.08220760267614 782.0
436.34482791317305 784.0
436.6074402548742 790.0
436.8700446272964 779.0
437.1326410299566 774.0
437.3952294623715 962.0
437.65780992405803 697.0
437.9203824145332 754.0
438.1829469333138 792.0
438.4455034799166 782.0
438.7080520538586 783.0
438.9705926546565 780.0
439.23312528182737 766.0
439.49564993488787 781.0
439.7581666133551 764.0
440.0206753167459 961.0
440.28317604457686 683.0
440.5456687963651 754.0
440.8081535716274 773.0
441.07063036988075 775.0
441.3330991906418 779.0
441.5955600334276 771.0
441.858012897755 771.0
442.12045778314075 790.0
442.3828946891018 780.0
442.6453236151551 945.0
442.9077445608174 699.0
443.17015752560553 768.0
443.4325625090365 787.0
443.69495951062703 793.0
443.95734852989415 774.0
444.21972956635454 781.0
444.4821026195253 782.0
444.74446768892307 763.0
445.00682477406485 772.0
445.2691738744674 948.0
445.5315149896478 698.0
445.79384811912274 783.0
446.05617326240906 775.0
446.31849041902376 782.0
446.58079958848356 793.0
446.8431007703055 785.0
447.10539396400634 787.0
447.367679169103 787.0
447.6299563851123 774.0
447.892225611551 961.0
448.15448684793625 696.0
448.4167400937847 768.0
448.67898534861325 783.0
448.9412226119389 787.0
449.2034518832783 792.0
449.46567316214856 777.0
449.72788644806633 780.0
449.99009174054856 785.0
450.2522890391122 770.0
450.514478343274 946.0
450.77665965255085 688.0
451.0388329664597 767.0
451.30099828451733 786.0
451.5631556062406 791.0
451.82530493114655 772.0
452.08744625875175 772.0
452.3495795885734 779.0
452.6117049201281 772.0
452.87382225293277 758.0
453.13593158650446 954.0
453.3980329203598 700.0
453.6601262540158 766.0
453.9222115869893 780.0
454.1842889187971 781.0
454.4463582489562 786.0
454.70841957698343 781.0
454.97047290239556 796.0
455.23251822470957 788.0
455.49455554344223 769.0
455.75658485811044 949.0
456.0186061682312 688.0
456.2806194733211 747.0
456.5426247728973 781.0
456.8046220664765 781.0
457.0666113535756 782.0
457.32859263371154 780.0
457.5905659064011 783.0
457.8525311711611 769.0
458.1144884275086 771.0
458.37643767496024 962.0
458.6383789130331 693.0
458.9003121412439 771.0
459.1622373591095 770.0
459.4241545661469 767.0
459.68606376187284 781.0
459.9479649458043 789.0
460.2098581174581 774.0
460.471743276351 780.0
460.733620422 769.0
460.9954895539219 946.0
461.2573506716337 690.0
461.51920377465206 771.0
461.78104886249406 784.0
462.0428859346764 785.0
462.304714990716 774.0
462.5665360301298 798.0
462.82834905243453 796.0
463.09015405714723 789.0
463.35195104378465 781.0
463.6137400118636 947.0
463.8755209609011 686.0
464.13729389041396 750.0
464.399058799919 787.0
464.6608156889332 771.0
464.92256455697327 755.0
465.18430540355615 778.0
465.4460382281988 784.0
465.707763030418 783.0
465.96947980973056 770.0
466.23118856565344 947.0
466.49288929770347 711.0
466.75458200539765 768.0
467.0162666882526 794.0
467.27794334578533 774.0
467.5396119775127 781.0
467.8012725829516 790.0
468.0629251616188 776.0
468.3245697130314 777.0
468.586206236706 789.0
468.8478347321596 952.0
469.109455198909 688.0
469.3710676364711 762.0
469.6326720443629 781.0
469.89426842210105 782.0
470.1558567692025 776.0
470.4174370851842 779.0
470.6790093695629 776.0
470.94057362185555 770.0
471.20212984157905 769.0
471.4636780282501 952.0
471.72521818138574 696.0
471.9867503005027 759.0
472.248274385118 783.0
472.5097904347484 780.0
472.7712984489108 793.0
473.03279842712203 770.0
473.29429036889906 778.0
473.55577427375863 766.0
473.8172501412177 776.0
474.07871797079315 950.0
474.34017776200176 687.0
474.6016295143605 757.0
474.8630732273861 769.0
475.1245089005955 782.0
475.3859365335057 790.0
475.64735612563334 787.0
475.9087676764954 771.0
476.1701711856088 782.0
476.4315666524903 771.0
476.6929540766569 950.0
476.95433345762535 694.0
477.2157047949125 755.0
477.47706808803537 795.0
477.7384233365106 779.0
477.9997705398553 780.0
478.26110969758616 776.0
478.52244080922014 780.0
478.78376387427414 771.0
479.04507889226494 763.0
479.3063858627094 965.0
479.5676847851245 692.0
479.828975659027 781.0
480.0902584839338 782.0
480.3515332593618 793.0
480.61279998482775 778.0
480.8740586598487 791.0
481.13530928394147 798.0
481.3965518566228 771.0
481.65778637740965 787.0
481.9190128458189 959.0
482.1802312613674 684.0
482.4414416235721 760.0
482.70264393194964 774.0
482.9638381860171 795.0
483.2250243852913 796.0
483.4862025292891 766.0
483.7473726175273 788.0
484.0085346495229 781.0
484.26968862479265 782.0
484.5308345428534 966.0
484.79197240322225 693.0
485.0531022054157 750.0
485.314223948951 785.0
485.57533763334476 797.0
485.8364432581139 781.0
486.0975408227754 774.0
486.35863032684597 787.0
486.61971176984247 788.0
486.880785151282 759.0
487.1418504706812 962.0
487.402907727557 685.0
487.66395692142635 771.0
487.92499805180597 780.0
488.18603111821284 787.0
488.44705612016384 790.0
488.7080730571757 782.0
488.9690819287655 783.0
489.2300827344499 777.0
489.49107547374587 780.0
489.75206014617027 946.0
490.01303675124 695.0
490.27400528847187 769.0
490.53496575738274 777.0
490.79591815748955 773.0
491.05686248830915 772.0
491.31779874935836 796.0
491.57872694015396 784.0
491.8396470602131 782.0
492.1005591090524 777.0
492.3614630861888 963.0
492.6223589911392 692.0
492.88324682342045 772.0
493.14412658254946 787.0
493.40499826804296 786.0
493.66586187941795 785.0
493.92671741619125 791.0
494.18756487787977 777.0
494.44840426400026 783.0
494.70923557406974 771.0
494.97005880760497 947.0
495.23087396412285 684.0
495.4916810431403 757.0
495.7524800441741 792.0
496.01327096674123 766.0
496.27405381035845 773.0
496.53482857454264 786.0
496.79559525881075 770.0
497.05635386267954 787.0
497.31710438566597 776.0
497.57784682728686 952.0
497.8385811870591 682.0
498.0993074644995 767.0
498.360025659125 794.0
498.6207357704524 788.0
498.88143779799873 787.0
499.14213174128065 784.0
499.40281759981514 786.0
499.6634953731191 782.0
499.92416506070924 764.0
500.1848266621026 947.0
500.445480176816 698.0
500.70612560436615 771.0
500.96676294427016 781.0
501.22739219604483 779.0
501.48801335920695 780.0
501.74862643327344 790.0
502.00923141776116 797.0
502.2698283121869 775.0
502.5304171160677 764.0
502.7909978289203 963.0
503.0515704502616 701.0
503.31213497960846 760.0
503.57269141647777 790.0
503.8332397603864 782.0
504.09378001085116 775.0
504.354312167389 779.0
504.6148362295168 782.0
504.8753521967513 787.0
505.1358600686094 781.0
505.3963598446082 965.0
505.6568515242642 706.0
505.9173351070945 768.0
506.17781059261597 770.0
506.4382779803454 793.0
506.69873726979966 792.0
506.95918846049574 778.0
507.2196315519502 787.0
507.4800665436803 782.0
507.74049343520267 777.0
508.00091222603425 952.0
508.261322915692 691.0
508.5217255036924 752.0
508.7821199895529 772.0
509.0425063727899 774.0
509.3028846529204 753.0
509.5632548294615 756.0
509.8236169019296 785.0
510.0839708698421 788.0
510.3443167327155 783.0
510.60465449006676 961.0
510.8649841414127 687.0
511.12530568627034 756.0
511.3856191241566 784.0
511.64592445458794 781.0
511.90622167708165 767.0
512.1665107911545 770.0
512.4267917963232 775.0
512.6870646921047 786.0
512.947329478016 777.0
513.2075861535739 947.0
513.467834718295 692.0
513.7280751716964 769.0
513.9883075132952 776.0
514.248531742608 783.0
514.5087478591515 768.0
514.7689558624429 760.0
515.0291557519989 771.0
515.2893475273365 768.0
515.5495311879723 773.0
515.8097067334235 944.0
516.0698741632067 696.0
516.3300334768389 771.0
516.5901846738369 784.0
516.8503277537177 792.0
517.1104627159981 791.0
517.3705895601947 778.0
517.630708285825 786.0
517.8908188924053 785.0
518.1509213794526 773.0
518.411015746484 951.0
518.6711019930159 702.0
518.9311801185657 775.0
519.19125012265 756.0
519.4513120047856 782.0
519.7113657644896 766.0
519.9714114012784 777.0
520.2314489146695 771.0
520.4914783041794 776.0
520.751499569325 779.0
521.0115127096234 945.0
521.271517724591 683.0
521.5315146137451 765.0
521.7915033766022 763.0
522.0514840126796 769.0
522.3114565214938 792.0
522.5714209025618 799.0
522.8313771554007 790.0
523.0913252795269 777.0
523.3512652744578 787.0
523.6111971397097 940.0
523.8711208747998 695.0
524.1310364792452 760.0
524.390943952562 782.0
524.6508432942679 777.0
524.9107345038794 769.0
525.1706175809132 787.0
525.4304925248866 787.0
525.690359335316 783.0
525.9502180117188 777.0
526.2100685536113 950.0
526.4699109605107 697.0
526.729745231934 767.0
526.9895713673975 784.0
527.2493893664187 799.0
527.5091992285141 788.0
527.7690009532007 786.0
528.0287945399953 773.0
528.2885799884149 783.0
528.5483572979764 794.0
528.8081264681963 952.0
529.0678874985917 709.0
529.3276403886796 776.0
529.5873851379768 762.0
529.8471217460001 773.0
530.1068502122662 780.0
530.3665705362923 790.0
530.6262827175951 781.0
530.8859867556915 785.0
531.1456826500984 764.0
531.4053704003326 942.0
531.6650500059111 695.0
531.9247214663504 768.0
532.1843847811678 784.0
532.4440399498801 794.0
532.7036869720038 786.0
532.9633258470562 775.0
533.222956574554 774.0
533.4825791540142 779.0
533.7421935849534 777.0
534.0017998668885 948.0
534.2613979993366 692.0
534.5209879818145 751.0
534.780569813839 779.0
535.0401434949268 786.0
535.2997090245951 775.0
535.5592664023607 783.0
535.8188156277402 787.0
536.0783567002508 783.0
536.3378896194092 778.0
536.5974143847321 940.0
536.8569309957369 706.0
537.1164394519398 761.0
537.3759397528582 769.0
537.6354318980087 782.0
537.8949158869082 778.0
538.1543917190737 782.0
538.4138593940218 791.0
538.6733189112697 787.0
538.932770270334 791.0
539.1922134707318 959.0
539.4516485119797 692.0
539.7110753935946 762.0
539.9704941150937 780.0
540.2299046759937 784.0
540.4893070758112 782.0
540.7487013140633 774.0
541.008087390267 783.0
541.2674653039389 786.0
541.526835054596 770.0
541.7861966417552 950.0
542.0455500649333 697.0
542.3048953236471 765.0
542.5642324174137 766.0
542.8235613457497 778.0
543.0828821081722 775.0
543.3421947041979 773.0
543.6014991333436 790.0
543.8607953951266 795.0
544.1200834890632 777.0
544.3793634146708 943.0
544.6386351714658 680.0
544.8978987589653 757.0
545.1571541766862 782.0
545.4164014241451 782.0
545.6756405008593 796.0
545.9348714063455 788.0
546.1940941401203 793.0
546.4533087017008 784.0
546.712515090604 777.0
546.9717133063466 949.0
547.2309033484453 688.0
547.4900852164174 761.0
547.7492589097793 780.0
548.0084244280482 785.0
548.2675817707409 782.0
548.526730937374 778.0
548.7858719274648 778.0
549.0450047405299 784.0
549.3041293760863 793.0
549.5632458336507 957.0
549.82235411274 691.0
550.0814542128714 744.0
550.3405461335612 777.0
550.5996298743269 778.0
550.8587054346848 782.0
551.117772814152 782.0
551.3768320122455 773.0
551.6358830284819 767.0
551.8949258623783 773.0
552.1539605134514 970.0
552.4129869812182 697.0
552.6720052651955 759.0
552.9310153649002 775.0
553.1900172798491 771.0
553.4490110095592 785.0
553.7079965535472 781.0
553.9669739113302 790.0
554.2259430824248 784.0
554.484904066348 774.0
554.7438568626167 964.0
555.0028014707476 688.0
555.261737890258 757.0
555.520666120664 773.0
555.7795861614834 803.0
556.0384980122324 793.0
556.2974016724281 794.0
556.5562971415874 782.0
556.8151844192269 774.0
557.0740635048638 794.0
557.3329343980148 958.0
557.5917970981968 698.0
557.8506516049267 761.0
558.1094979177213 790.0
558.3683360360976 786.0
558.6271659595724 784.0
558.8859876876625 793.0
559.1448012198848 779.0
559.4036065557561 776.0
559.6624036947936 763.0
559.9211926365136 953.0
560.1799733804337 702.0
560.43874592607 762.0
560.6975102729399 784.0
560.9562664205602 776.0
561.2150143684473 780.0
561.4737541161188 769.0
561.732485663091 778.0
561.9912090088809 781.0
562.2499241530056 761.0
562.5086310949818 961.0
562.7673298343262 685.0
563.026020370556 751.0
563.2847027031879 775.0
563.5433768317389 787.0
563.8020427557254 777.0
564.0607004746649 775.0
564.3193499880738 791.0
564.5779912954692 788.0
564.8366243963679 773.0
565.0952492902868 960.0
565.3538659767429 697.0
565.6124744552527 768.0
565.8710747253335 788.0
566.1296667865018 774.0
566.3882506382747 773.0
566.6468262801691 772.0
566.9053937117014 777.0
567.1639529323893 779.0
567.4225039417488 772.0
567.6810467392974 960.0
567.9395813245517 700.0
568.1981076970284 751.0
568.4566258562448 787.0
568.7151358017175 789.0
568.9736375329633 800.0
569.2321310494995 778.0
569.4906163508422 782.0
569.749093436509 785.0
570.0075623060163 763.0
570.2660229588813 948.0
570.5244753946206 682.0
570.7829196127512 776.0
571.0413556127901 803.0
571.2997833942537 783.0
571.5582029566596 791.0
571.8166142995238 785.0
572.075017422364 779.0
572.3334123246967 784.0
572.5917990060384 774.0
572.8501774659068 952.0
573.108547703818 688.0
573.3669097192892 765.0
573.6252635118373 796.0
573.8836090809789 781.0
574.1419464262314 772.0
574.400275547111 791.0
574.6585964431351 785.0
574.9169091138205 786.0
575.1752135586836 785.0
575.4335097772419 958.0
575.6917977690118 709.0
575.9500775335105 771.0
576.2083490702545 790.0
576.4666123787609 787.0
576.7248674585469 787.0
576.9831143091286 785.0
577.2413529300236 785.0
577.4995833207483 780.0
577.7578054808198 776.0
578.0160194097549 960.0
578.2742251070703 711.0
578.5324225722832 767.0
578.7906118049101 781.0
579.0487928044681 781.0
579.3069655704743 786.0
579.565130102445 781.0
579.8232863998975 758.0
580.0814344623485 796.0
580.339574289315 766.0
580.5977058803137 967.0
580.8558292348614 679.0
581.1139443524753 761.0
581.3720512326721 767.0
581.6301498749685 777.0
581.8882402788817 787.0
582.146322443928 800.0
582.4043963696251 769.0
582.6624620554893 785.0
582.9205195010375 772.0
583.1785687057866 940.0
583.4366096692537 700.0
583.6946423909554 762.0
583.9526668704085 782.0
584.2106831071303 792.0
584.4686911006373 803.0
584.7266908504463 780.0
584.9846823560746 760.0
585.2426656170385 786.0
585.5006406328554 771.0
585.7586074030418 954.0
586.0165659271148 700.0
586.2745162045912 769.0
586.5324582349878 793.0
586.7903920178214 783.0
587.0483175526091 789.0
587.3062348388676 776.0
587.5641438761138 791.0
587.8220446638645 781.0
588.0799372016369 767.0
588.3378214889474 958.0
588.5956975253132 708.0
588.8535653102509 764.0
589.1114248432776 779.0
589.3692761239103 788.0
589.6271191516653 783.0
589.88495392606 765.0
590.1427804466111 795.0
590.4005987128355 776.0
590.6584087242501 787.0
590.9162104803713 948.0
591.1740039807169 689.0
591.4317892248029 755.0
591.6895662121466 784.0
591.9473349422648 785.0
592.2050954146741 770.0
592.462847628892 776.0
592.7205915844347 795.0
592.9783272808194 782.0
593.236054717563 768.0
593.493773894182 949.0
593.7514848101939 697.0
594.009187465115 774.0
594.2668818584625 788.0
594.5245679897531 763.0
594.7822458585038 788.0
595.0399154642313 786.0
595.2975768064524 770.0
595.5552298846843 794.0
595.8128746984438 780.0
596.0705112472474 945.0
596.3281395306126 697.0
596.5857595480555 747.0
596.8433712990935 780.0
597.1009747832434 788.0
597.3585700000219 785.0
597.6161569489462 803.0
597.8737356295327 800.0
598.1313060412986 790.0
598.3888681837607 785.0
598.6464220564358 961.0
598.9039676588409 701.0
599.1615049904925 780.0
599.4190340509081 792.0
599.676554839604 775.0
599.9340673560972 798.0
600.1915715999048 786.0
600.4490675705435 789.0
600.7065552675302 780.0
600.9640346903817 758.0
601.221505838615 936.0
601.4789687117469 686.0
601.7364233092942 768.0
601.9938696307739 792.0
602.2513076757026 789.0
602.5087374435976 788.0
602.7661589339755 781.0
603.023572146353 786.0
603.2809770802475 786.0
603.5383737351752 768.0
603.7957621106534 966.0
604.053142206199 698.0
604.3105140213286 780.0
604.5678775555593 776.0
604.8252328084078 769.0
605.0825797793912 777.0
605.3399184680261 790.0
605.5972488738295 784.0
605.8545709963181 778.0
606.111884835009 772.0
606.3691903894193 953.0
606.6264876590651 713.0
606.883776643464 776.0
607.1410573421324 774.0
607.3983297545875 785.0
607.6555938803461 790.0
607.9128497189247 792.0
608.1700972698408 781.0
608.4273365326108 781.0
608.6845675067516 762.0
608.9417901917803 940.0
609.1990045872135 703.0
609.4562106925683 762.0
609.7134085073615 783.0
609.9705980311098 779.0
610.2277792633305 780.0
610.4849522035397 788.0
610.7421168512552 784.0
610.9992732059933 773.0
611.2564212672709 762.0
611.5135610346049 939.0
611.7706925075122 702.0
612.0278156855098 758.0
612.2849305681145 780.0
612.542037154843 785.0
612.7991354452124 794.0
613.0562254387393 772.0
613.3133071349409 777.0
613.5703805333337 783.0
613.8274456334349 776.0
614.0845024347612 952.0
614.3415509368294 687.0
614.5985911391567 771.0
614.8556230412595 779.0
615.1126466426551 780.0
615.36966194286 777.0
615.6266689413914 775.0
615.8836676377659 791.0
616.1406580315004 786.0
616.3976401221121 768.0
616.6546139091173 952.0
616.9115793920333 692.0
617.1685365703769 768.0
617.4254854436648 773.0
617.6824260114142 777.0
617.9393582731417 778.0
618.196282228364 780.0
618.4531978765983 790.0
618.7101052173614 778.0
618.9670042501702 756.0
619.2238949745413 954.0
619.4807773899919 698.0
619.7376514960388 759.0
619.9945172921986 779.0
620.2513747779885 777.0
620.508223952925 762.0
620.7650648165256 784.0
621.0218973683066 794.0
621.2787216077849 773.0
621.5355375344776 763.0
621.7923451479013 953.0
622.0491444475734 697.0
622.3059354330103 773.0
622.5627181037288 792.0
622.8194924592461 779.0
623.0762584990788 777.0
623.333016222744 780.0
623.5897656297584 782.0
623.8465067196389 781.0
624.1032394919024 779.0
624.3599639460657 949.0
624.6166800816459 697.0
624.8733878981594 757.0
625.1300873951237 779.0
625.3867785720552 779.0
625.6434614284708 774.0
625.9001359638876 764.0
626.1568021778221 777.0
626.4134600697917 798.0
626.6701096393127 783.0
626.9267508859024 956.0
627.1833838090776 686.0
627.4400084083547 759.0
627.6966246832512 770.0
627.9532326332837 768.0
628.2098322579691 771.0
628.4664235568243 779.0
628.723006529366 789.0
628.9795811751112 793.0
629.2361474935768 777.0
629.4927054842794 940.0
629.7492551467363 698.0
630.0057964804641 775.0
630.2623294849799 791.0
630.5188541598001 788.0
630.775370504442 771.0
631.0318785184223 784.0
631.2883782012578 782.0
631.5448695524658 778.0
631.8013525715625 768.0
632.0578272580652 959.0
632.3142936114906 680.0
632.5707516313557 765.0
632.8272013171775 799.0
633.0836426684723 802.0
633.3400756847575 789.0
633.5965003655499 776.0
633.8529167103661 773.0
634.1093247187234 789.0
634.3657243901381 773.0
634.6221157241276 955.0
634.8784987202085 691.0
635.1348733778977 771.0
635.3912396967121 791.0
635.6475976761684 784.0
635.9039473157839 782.0
636.1602886150749 784.0
636.4166215735588 783.0
636.6729461907521 783.0
636.9292624661718 784.0
637.1855703993349 957.0
637.4418699897578 699.0
637.6981612369581 765.0
637.9544441404521 784.0
638.2107186997567 794.0
638.4669849143892 786.0
638.7232427838659 769.0
638.979492307704 774.0
639.2357334854204 779.0
639.4919663165317 770.0
639.7481908005552 954.0
640.0044069370073 706.0
640.2606147254052 797.0
640.5168141652655 806.0
640.7730052561054 793.0
641.0291879974413 770.0
641.2853623887906 782.0
641.5415284296699 765.0
641.797686119596 795.0
642.0538354580859 763.0
642.3099764446565 944.0
642.5661090788245 691.0
642.8222333601069 775.0
643.0783492880205 782.0
643.3344568620822 777.0
643.5905560818089 769.0
643.8466469467173 771.0
644.1027294563247 774.0
644.3588036101473 776.0
644.6148694077026 782.0
644.8709268485071 947.0
645.1269759320778 697.0
645.3830166579316 752.0
645.6390490255851 776.0
645.8950730345556 772.0
646.1510886843597 780.0
646.4070959745143 794.0
646.6630949045363 794.0
646.9190854739425 784.0
647.17506768225 774.0
647.4310415289752 943.0
647.6870070136354 693.0
647.9429641357473 766.0
648.1989128948277 784.0
648.4548532903938 782.0
648.7107853219619 778.0
648.9667089890495 781.0
649.222624291173 782.0
649.4785312278494 768.0
649.7344297985958 764.0
649.9903200029287 936.0
650.2462018403652 709.0
650.502075310422 767.0
650.7579404126162 788.0
651.0137971464646 774.0
651.2696455114838 794.0
651.525485507191 791.0
651.7813171331029 772.0
652.0371403887364 778.0
652.2929552736086 776.0
652.5487617872358 952.0
652.8045599291355 689.0
653.0603496988242 764.0
653.3161310958188 786.0
653.5719041196362 786.0
653.8276687697933 785.0
654.0834250458071 770.0
654.3391729471941 790.0
654.5949124734717 791.0
654.8506436241562 785.0
655.1063663987647 953.0
655.3620807968144 700.0
655.6177868178215 770.0
655.8734844613035 775.0
656.129173726777 784.0
656.3848546137588 781.0
656.6405271217659 793.0
656.8961912503149 792.0
657.1518469989231 792.0
657.4074943671071 769.0
657.6631333543837 943.0
657.9187639602701 702.0
658.1743861842826 764.0
658.4300000259387 787.0
658.6856054847549 782.0
658.9412025602483 786.0
659.1967912519353 776.0
659.4523715593333 788.0
659.707943481959 771.0
659.9635070193291 771.0
660.2190621709606 941.0
660.4746089363705 703.0
660.7301473150753 771.0
660.9856773065924 787.0
661.2411989104381 766.0
661.4967121261298 775.0
661.7522169531838 771.0
662.0077133911174 789.0
662.2632014394475 768.0
662.5186810976904 760.0
662.7741523653638 935.0
663.029615241984 681.0
663.2850697270679 754.0
663.5405158201327 774.0
663.7959535206948 785.0
664.0513828282715 791.0
664.3068037423793 784.0
664.5622162625355 775.0
664.8176203882564 765.0
665.0730161190594 778.0
665.3284034544613 954.0
665.5837823939785 701.0
665.8391529371283 764.0
666.0945150834276 788.0
666.349868832393 774.0
666.6052141835415 797.0
666.8605511363899 773.0
667.1158796904554 784.0
667.3711998452544 777.0
667.626511600304 781.0
667.8818149551211 953.0
668.1371099092223 694.0
668.3923964621249 758.0
668.6476746133454 782.0
668.9029443624008 791.0
669.1582057088083 787.0
669.4134586520839 780.0
669.6687031917455 771.0
669.9239393273093 781.0
670.1791670582923 770.0
670.4343863842114 938.0
670.6895973045835 695.0
670.9447998189256 774.0
671.1999939267544 781.0
671.4551796275866 786.0
671.7103569209394 770.0
671.9655258063294 779.0
672.220686283274 792.0
672.475838351289 789.0
672.7309820098925 751.0
672.9861172586005 947.0
673.2412440969302 696.0
673.4963625243987 778.0
673.7514725405223 780.0
674.0065741448183 780.0
674.2616673368035 787.0
674.5167521159946 796.0
674.7718284819086 780.0
675.0268964340622 784.0
675.2819559719727 767.0
675.5370070951565 935.0
675.7920498031307 693.0
676.0470840954122 774.0
676.3021099715176 775.0
676.5571274309642 784.0
676.8121364732684 790.0
677.0671370979474 788.0
677.3221293045178 788.0
677.5771130924968 784.0
677.8320884614011 782.0
678.0870554107474 955.0
678.3420139400529 694.0
678.5969640488343 766.0
678.8519057366083 792.0
679.1068390028922 778.0
679.3617638472023 789.0
679.616680269056 781.0
679.8715882679699 793.0
680.1264878434607 792.0
680.3813789950458 773.0
680.6362617222414 948.0
680.8911360245651 691.0
681.146001901533 763.0
681.4008593526627 779.0
681.6557083774705 780.0
681.9105489754734 788.0
682.1653811461886 781.0
682.4202048891326 791.0
682.6750202038223 787.0
682.9298270897748 769.0
683.1846255465068 954.0
683.4394155735351 704.0
683.6941971703767 751.0
683.9489703365485 785.0
684.2037350715673 768.0
684.4584913749499 771.0
684.7132392462133 786.0
684.9679786848742 779.0
685.2227096904496 788.0
685.4774322624564 775.0
685.7321464004115 956.0
685.9868521038316 704.0
686.2415493722334 780.0
686.4962382051343 776.0
686.7509186020508 793.0
687.0055905624997 787.0
687.2602540859983 776.0
687.514909172063 790.0
687.7695558202109 800.0
688.0241940299587 765.0
688.2788238008236 964.0
688.5334451323221 698.0
688.7880580239712 771.0
689.042662475288 775.0
689.2972584857889 783.0
689.5518460549912 800.0
689.8064251824115 786.0
690.0609958675668 781.0
690.3155581099742 796.0
690.5701119091498 764.0
690.8246572646113 942.0
691.0791941758752 702.0
691.3337226424583 771.0
691.5882426638777 773.0
691.84275423965 788.0
692.0972573692924 786.0
692.3517520523214 777.0
692.6062382882542 777.0
692.8607160766074 774.0
693.1151854168979 772.0
693.3696463086428 949.0
693.6240987513587 689.0
693.8785427445628 764.0
694.1329782877717 793.0
694.3874053805022 785.0
694.6418240222713 796.0
694.8962342125958 789.0
695.1506359509929 770.0
695.405029236979 777.0
695.6594140700711 786.0
695.9137904497863 932.0
696.168158375641 697.0
696.4225178471527 771.0
696.676868863838 790.0
696.9312114252134 792.0
697.1855455307963 800.0
697.4398711801031 781.0
697.6941883726512 788.0
697.9484971079568 767.0
698.2027973855375 774.0
698.4570892049098 957.0
698.7113725655903 676.0
698.9656474670965 773.0
699.2199139089445 785.0
699.4741718906519 782.0
699.7284214117353 795.0
699.9826624717113 777.0
700.2368950700971 782.0
700.4911192064093 787.0
700.7453348801653 776.0
700.9995420908814 957.0
701.2537408380745 691.0
701.5079311212619 769.0
701.7621129399598 774.0
702.016286293686 770.0
702.2704511819566 781.0
702.5246076042886 777.0
702.778755560199 774.0
703.0328950492045 795.0
703.2870260708224 788.0
703.5411486245691 958.0
703.7952627099618 700.0
704.0493683265172 786.0
704.3034654737519 780.0
704.5575541511835 776.0
704.8116343583279 780.0
705.0657060947029 781.0
705.3197693598249 772.0
705.5738241532106 775.0
705.8278704743772 777.0
706.0819083228414 954.0
706.3359376981203 698.0
706.5899585997306 775.0
706.8439710271889 763.0
707.0979749800126 787.0
707.3519704577179 795.0
707.6059574598225 780.0
707.8599359858429 784.0
708.1139060352955 793.0
708.3678676076978 782.0
708.6218207025663 952.0
708.8757653194182 701.0
709.12970145777 773.0
709.3836291171389 796.0
709.6375482970416 784.0
709.8914589969946 791.0
710.1453612165157 783.0
710.3992549551208 778.0
710.6531402123275 787.0
710.9070169876522 763.0
711.1608852806118 949.0
711.4147450907236 725.0
711.6685964175037 776.0
711.9224392604699 772.0
712.1762736191384 778.0
712.4300994930262 785.0
712.6839168816504 800.0
712.9377257845274 775.0
713.1915262011746 788.0
713.4453181311087 784.0
713.6991015738463 954.0
713.9528765289045 693.0
714.2066429958 769.0
714.4604009740502 777.0
714.7141504631712 789.0
714.9678914626805 796.0
715.2216239720948 795.0
715.4753479909306 771.0
715.7290635187052 779.0
715.982770554935 770.0
716.2364690991376 942.0
716.4901591508293 681.0
716.743840709527 765.0
716.9975137747479 778.0
717.2511783460084 783.0
717.5048344228259 790.0
717.7584820047169 782.0
718.0121210911982 774.0
718.2657516817872 773.0
718.519373776 778.0
718.772987373354 952.0
719.026592473366 697.0
719.2801890755527 773.0
719.5337771794311 788.0
719.7873567845179 794.0
720.0409278903304 785.0
720.294490496385 781.0
720.5480446021987 775.0
720.8015902072887 795.0
721.0551273111711 785.0
721.3086559133636 942.0
721.5621760133826 685.0
721.815687610745 768.0
722.0691907049679 790.0
722.3226852955679 784.0
722.5761713820622 787.0
722.8296489639672 784.0
723.0831180408002 782.0
723.3365786120778 780.0
723.5900306773169 766.0
723.8434742360346 962.0
724.0969092877473 694.0
724.3503358319725 764.0
724.6037538682267 796.0
724.8571633960265 812.0
725.1105644148894 783.0
725.3639569243315 776.0
725.6173409238706 771.0
725.8707164130229 782.0
726.1240833913054 780.0
726.3774418582351 954.0
726.6307918133285 708.0
726.8841332561029 762.0
727.137466186075 777.0
727.3907906027619 787.0
727.6441065056802 790.0
727.8974138943464 779.0
728.1507127682783 781.0
728.4040031269918 766.0
728.6572849700045 764.0
728.9105582968331 949.0
729.1638231069941 685.0
729.4170794000048 770.0
729.6703271753817 797.0
729.923566432642 789.0
730.1767971713025 796.0
730.4300193908798 769.0
730.6832330908911 792.0
730.936438270853 782.0
731.1896349302828 786.0
731.442823068697 936.0
731.6960026856123 705.0
731.949173780546 768.0
732.2023363530145 780.0
732.4554904025351 772.0
732.7086359286245 779.0
732.9617729307997 786.0
733.2149014085775 787.0
733.4680213614745 773.0
733.7211327890079 775.0
733.9742356906943 950.0
734.2273300660511 692.0
734.4804159145946 771.0
734.7334932358416 791.0
734.9865620293094 794.0
735.2396222945147 789.0
735.4926740309744 782.0
735.7457172382054 780.0
735.9987519157243 774.0
736.2517780630484 770.0
736.504795679694 944.0
736.7578047651785 712.0
737.0108053190187 772.0
737.2637973407312 780.0
737.516780829833 785.0
737.769755785841 790.0
738.0227222082721 778.0
738.2756800966428 794.0
738.5286294504706 787.0
738.781570269272 773.0
739.0345025525638 964.0
739.2874262998632 698.0
739.5403415106866 773.0
739.7932481845512 787.0
740.046146320974 776.0
740.2990359194714 782.0
740.5519169795606 769.0
740.8047895007583 785.0
741.0576534825816 797.0
741.3105089245472 782.0
741.563355826172 962.0
741.8161941869729 711.0
742.0690240064664 769.0
742.3218452841702 781.0
742.5746580196005 784.0
742.8274622122741 777.0
743.0802578617083 789.0
743.3330449674197 789.0
743.5858235289254 776.0
743.8385935457418 769.0
744.0913550173865 967.0
744.3441079433758 700.0
744.5968523232264 762.0
744.8495881564559 776.0
745.1023154425804 794.0
745.3550341811174 779.0
745.6077443715835 790.0
745.8604460134952 786.0
746.1131391063701 781.0
746.3658236497243 768.0
746.6184996430754 942.0
746.87116708594 694.0
747.1238259778346 787.0
747.3764763182764 787.0
747.6291181067822 783.0
747.8817513428692 780.0
748.1343760260539 788.0
748.3869921558529 779.0
748.6395997317837 783.0
748.8921987533628 776.0
749.1447892201071 961.0
749.3973711315336 709.0
749.6499444871589 790.0
749.9025092865003 781.0
750.1550655290741 786.0
750.4076132143978 786.0
750.6601523419877 778.0
750.912682911361 773.0
751.1652049220347 800.0
751.4177183735251 778.0
751.6702232653497 932.0
751.9227195970248 689.0
752.1752073680677 774.0
752.4276865779954 801.0
752.680157226324 784.0
752.9326193125712 783.0
753.1850728362533 797.0
753.4375177968876 785.0
753.6899541939908 786.0
753.9423820270795 774.0
754.194801295671 969.0
754.4472119992819 707.0
754.6996141374291 769.0
754.9520077096296 788.0
755.2043927154 782.0
755.4567691542577 776.0
755.7091370257187 775.0
755.9614963293008 792.0
756.2138470645202 776.0
756.4661892308942 772.0
756.7185228279395 934.0
756.9708478551728 693.0
757.2231643121112 767.0
757.4754721982714 780.0
757.7277715131704 786.0
757.9800622563251 786.0
758.2323444272521 788.0
758.4846180254688 774.0
758.7368830504913 779.0
758.9891395018373 775.0
759.2413873790232 957.0
759.4936266815657 694.0
759.7458574089821 778.0
759.9980795607888 788.0
760.2502931365033 785.0
760.502498135642 795.0
760.7546945577217 796.0
761.0068824022595 777.0
761.2590616687722 794.0
761.5112323567769 772.0
761.7633944657899 956.0
762.0155479953288 692.0
762.26769294491 775.0
762.5198293140501 786.0
762.7719571022666 785.0
763.024076309076 788.0
763.2761869339953 785.0
763.5282889765415 783.0
763.780382436231 774.0
764.032467312581 776.0
764.2845436051083 953.0
764.53661131333 696.0
764.7886704367629 776.0
765.0407209749233 785.0
765.2927629273288 772.0
765.5447962934958 798.0
765.7968210729414 782.0
766.0488372651824 782.0
766.3008448697357 784.0
766.5528438861181 774.0
766.8048343138464 961.0
767.0568161524378 698.0
767.3087894014087 776.0
767.5607540602764 770.0
767.8127101285577 779.0
768.0646576057691 775.0
768.3165964914278 782.0
768.5685267850505 803.0
768.8204484861544 792.0
769.0723615942561 784.0
769.3242661088722 955.0
769.5761620295201 680.0
769.8280493557162 765.0
770.0799280869778 774.0
770.3317982228216 785.0
770.5836597627642 802.0
770.835512706323 782.0
771.0873570530143 778.0
771.3391928023555 796.0
771.591019953863 793.0
771.8428385070538 951.0
772.094648461445 688.0
772.3464498165532 757.0
772.5982425718955 774.0
772.8500267269885 788.0
773.1018022813494 780.0
773.3535692344948 778.0
773.6053275859415 771.0
773.8570773352067 784.0
774.108818481807 769.0
774.3605510252594 960.0
774.6122749650807 702.0
774.8639903007878 774.0
775.1156970318975 789.0
775.3673951579267 772.0
775.6190846783925 781.0
775.8707655928115 777.0
776.1224379007004 786.0
776.3741016015766 784.0
776.6257566949563 763.0
776.8774031803571 946.0
777.1290410572955 697.0
777.3806703252881 759.0
777.6322909838522 782.0
777.8839030325043 771.0
778.1355064707618 789.0
778.3871012981411 801.0
778.6386875141592 796.0
778.890265118333 785.0
779.1418341101793 764.0
779.3933944892151 940.0
779.6449462549571 693.0
779.8964894069222 753.0
780.1480239446275 783.0
780.3995498675895 782.0
780.6510671753255 796.0
780.9025758673517 782.0
781.1540759431858 783.0
781.4055674023442 785.0
781.6570502443437 770.0
781.9085244687013 962.0
782.159990074934 694.0
782.4114470625585 781.0
782.6628954310918 787.0
782.9143351800503 785.0
783.1657663089516 787.0
783.4171888173119 792.0
783.6686027046486 783.0
783.9200079704783 780.0
784.1714046143178 777.0
784.4227926356843 945.0
784.6741720340941 699.0
784.9255428090647 769.0
785.1769049601126 786.0
785.4282584867548 770.0
785.6796033885082 788.0
785.9309396648893 780.0
786.1822673154155 795.0
786.4335863396033 778.0
786.6848967369698 785.0
786.9361985070317 943.0
787.1874916493058 698.0
787.4387761633094 768.0
787.6900520485588 780.0
787.9413193045713 786.0
788.1925779308636 766.0
788.4438279269523 797.0
788.6950692923548 795.0
788.9463020265875 781.0
789.1975261291677 766.0
789.448741599612 947.0
789.6999484374371 707.0
789.9511466421604 775.0
790.2023362132982 777.0
790.4535171503677 797.0
790.7046894528855 786.0
790.9558531203689 789.0
791.2070081523347 782.0
791.458154548299 795.0
791.7092923077797 765.0
791.9604214302931 956.0
792.2115419153562 700.0
792.462653762486 757.0
792.7137569711989 781.0
792.9648515410123 786.0
793.2159374714428 797.0
793.4670147620074 784.0
793.718083412223 775.0
793.9691434216061 788.0
794.220194789674 757.0
794.4712375159432 944.0
794.722271599931 695.0
794.9732970411541 763.0
795.2243138391292 778.0
795.4753219933733 787.0
795.7263215034031 779.0
795.9773123687357 788.0
796.2282945888878 792.0
796.4792681633767 782.0
796.7302330917187 769.0
796.9811893734307 946.0
797.23213700803 701.0
797.483075995033 765.0
797.7340063339569 786.0
797.9849280243186 782.0
798.2358410656345 787.0
798.4867454574222 782.0
798.7376411991978 777.0
798.9885282904788 784.0
799.2394067307818 769.0
799.4902765196234 937.0
799.741137656521 697.0
799.9919901409909 774.0
800.2428339725506 788.0
800.4936691507165 774.0
800.7444956750055 781.0
800.9953135449347 786.0
801.2461227600207 780.0
801.4969233197808 787.0
801.7477152237312 777.0
801.9984984713894 943.0
802.2492730622722 705.0
802.5000389958959 756.0
802.7507962717781 774.0
803.0015448894349 788.0
803.252284848384 783.0
803.5030161481417 786.0
803.7537387882248 780.0
804.0044527681507 786.0
804.2551580874358 785.0
804.5058547455972 949.0
804.7565427421519 691.0
805.0072220766161 759.0
805.2578927485075 768.0
805.5085547573423 785.0
805.7592081026379 782.0
806.009852783911 775.0
806.2604888006782 765.0
806.5111161524568 777.0
806.7617348387631 769.0
807.0123448591147 946.0
807.2629462130279 691.0
807.5135389000196 761.0
807.7641229196071 788.0
808.0146982713067 780.0
808.2652649546358 763.0
808.5158229691108 771.0
808.7663723142489 770.0
809.016912989567 775.0
809.2674449945815 776.0
809.5179683288098 964.0
809.7684829917686 678.0
810.0189889829746 752.0
810.269486301945 773.0
810.5199749481961 773.0
810.7704549212456 776.0
811.0209262206095 782.0
811.2713888458052 774.0
811.5218427963496 777.0
811.7722880717591 769.0
812.022724671551 942.0
812.2731525952421 685.0
812.5235718423493 762.0
812.7739824123893 784.0
813.0243843048788 789.0
813.2747775193352 776.0
813.5251620552749 786.0
813.7755379122152 775.0
814.0259050896724 770.0
814.276263587164 762.0
814.5266134042064 952.0
814.7769545403165 700.0
815.0272869950115 769.0
815.2776107678079 792.0
815.5279258582229 774.0
815.7782322657732 769.0
816.0285299899754 785.0
816.2788190303468 793.0
816.529099386404 777.0
816.7793710576641 778.0
817.0296340436439 960.0
817.2798883438601 702.0
817.5301339578298 759.0
817.7803708850694 787.0
818.0305991250964 769.0
818.2808186774273 781.0
818.531029541579 770.0
818.7812317170685 776.0
819.0314252034124 777.0
819.281610000128 756.0
819.5317861067317 944.0
819.7819535227408 693.0
820.0321122476719 781.0
820.2822622810417 786.0
820.5324036223675 774.0
820.7825362711658 790.0
821.0326602269538 773.0
821.2827754892483 776.0
821.5328820575656 783.0
821.7829799314234 768.0
822.033069110338 950.0
822.2831495938267 694.0
822.5332213814061 771.0
822.7832844725929 768.0
823.0333388669044 786.0
823.283384563857 775.0
823.533421562968 778.0
823.7834498637541 799.0
824.033469465732 783.0
824.2834803684189 772.0
824.5334825713311 965.0
824.7834760739862 694.0
825.0334608759005 760.0
825.2834369765912 785.0
825.5334043755751 772.0
825.7833630723688 773.0
826.0333130664897 783.0
826.2832543574541 796.0
826.5331869447793 790.0
826.783110827982 787.0
827.0330260065789 951.0
827.2829324800872 697.0
827.5328302480233 768.0
827.7827193099047 776.0
828.032599665248 786.0
828.2824713135695 782.0
828.532334254387 781.0
828.7821884872168 786.0
829.0320340115759 775.0
829.2818708269813 764.0
829.5316989329494 947.0
829.7815183289979 692.0
830.0313290146428 781.0
830.2811309894015 771.0
830.5309242527906 788.0
830.7807088043272 781.0
831.0304846435281 780.0
831.2802517699099 787.0
831.5300101829899 773.0
831.7797598822846 764.0
832.0295008673112 954.0
832.2792331375864 697.0
832.5289566926268 756.0
832.7786715319497 770.0
833.0283776550717 788.0
833.27807506151 791.0
833.5277637507811 777.0
833.7774437224018 781.0
834.0271149758895 772.0
834.2767775107606 768.0
834.526431326532 957.0
834.7760764227208 698.0
835.0257127988438 766.0
835.2753404544177 774.0
835.5249593889594 776.0
835.774569601986 757.0
836.0241710930143 774.0
836.2737638615607 782.0
836.5233479071428 784.0
836.7729232292768 762.0
837.0224898274802 955.0
837.2720477012693 698.0
837.5215968501614 748.0
837.7711372736733 784.0
838.0206689713215 754.0
838.2701919426232 759.0
838.5197061870952 780.0
838.7692117042545 778.0
839.0187084936177 784.0
839.2681965547017 764.0
839.5176758870236 937.0
839.7671464901001 692.0
840.0166083634483 760.0
840.2660615065847 779.0
840.5155059190262 791.0
840.7649416002901 771.0
841.0143685498927 779.0
841.2637867673512 766.0
841.5131962521828 784.0
841.7625970039035 776.0
842.0119890220308 930.0
842.2613723060813 674.0
842.5107468555723 746.0
842.76011267002 781.0
843.0094697489418 777.0
843.2588180918546 771.0
843.5081576982747 775.0
843.7574885677194 781.0
844.0068106997054 785.0
844.25612409375 776.0
844.5054287493696 956.0
844.754724666081 705.0
845.0040118434015 751.0
845.2532902808475 771.0
845.5025599779364 783.0
845.7518209341847 793.0
846.0010731491091 783.0
846.2503166222269 786.0
846.4995513530547 789.0
846.7487773411094 765.0
846.9979945859081 944.0
847.2472030869674 696.0
847.4964028438043 758.0
847.7455938559353 785.0
847.994776122878 789.0
848.2439496441485 789.0
848.4931144192642 772.0
848.7422704477419 786.0
848.9914177290981 783.0
849.2405562628502 776.0
849.4896860485144 946.0
849.7388070856083 697.0
849.9879193736485 755.0
850.2370229121515 786.0
850.4861177006346 782.0
850.7352037386146 774.0
850.9842810256082 783.0
851.2333495611326 796.0
851.482409344704 785.0
851.7314603758401 762.0
851.9805026540571 950.0
852.2295361788724 681.0
852.4785609498026 770.0
852.7275769663643 790.0
852.9765842280748 778.0
853.2255827344507 768.0
853.4745724850093 788.0
853.7235534792667 782.0
853.9725257167406 778.0
854.2214891969475 765.0
854.4704439194039 939.0
854.7193898836274 704.0
854.9683270891342 757.0
855.2172555354416 794.0
855.4661752220665 781.0
855.7150861485252 784.0
855.9639883143353 782.0
856.212881719013 790.0
856.4617663620759 775.0
856.7106422430403 778.0
856.9595093614231 961.0
857.2083677167415 696.0
857.4572173085119 770.0
857.7060581362517 784.0
857.9548901994776 774.0
858.2037134977061 784.0
858.4525280304546 769.0
858.7013337972394 781.0
858.950130797578 780.0
859.1989190309868 771.0
859.4476984969828 946.0
859.696469195083 691.0
859.9452311248039 758.0
860.1939842856627 784.0
860.4427286771763 773.0
860.6914642988615 773.0
860.9401911502351 779.0
861.1889092308139 768.0
861.437618540115 772.0
861.686319077655 762.0
861.935010842951 957.0
862.1836938355198 692.0
862.432368054878 756.0
862.6810335005429 786.0
862.9296901720311 783.0
863.1783380688596 777.0
863.4269771905452 763.0
863.6756075366046 779.0
863.9242291065551 793.0
864.1728418999131 774.0
864.4214459161959 932.0
864.6700411549201 684.0
864.9186276156024 762.0
865.1672052977602 783.0
865.4157742009098 775.0
865.6643343245685 785.0
865.9128856682528 791.0
866.1614282314799 794.0
866.4099620137665 790.0
866.6584870146295 759.0
866.9070032335858 946.0
867.155510670152 695.0
867.4040093238455 774.0
867.6524991941827 758.0
867.9009802806806 780.0
868.1494525828563 790.0
868.3979161002262 793.0
868.6463708323078 776.0
868.8948167786174 769.0
869.1432539386718 764.0
869.3916823119887 943.0
869.6401018980839 688.0
869.8885126964751 750.0
870.1369147066789 770.0
870.3853079282118 780.0
870.6336923605911 768.0
870.8820680033335 774.0
871.1304348559562 786.0
871.3787929179755 779.0
871.6271421889087 764.0
871.8754826682726 939.0
872.1238143555837 681.0
872.3721372503595 771.0
872.6204513521162 776.0
872.8687566603713 772.0
873.1170531746413 785.0
873.365340894443 779.0
873.6136198192935 771.0
873.8618899487094 781.0
874.110151282208 776.0
874.3584038193057 945.0
874.6066475595196 692.0
874.8548825023668 776.0
875.1031086473636 777.0
875.3513259940273 774.0
875.5995345418747 787.0
875.8477342904224 779.0
876.0959252391877 779.0
876.3441073876871 787.0
876.5922807354377 756.0
876.8404452819562 946.0
877.0886010267599 699.0
877.3367479693651 759.0
877.5848861092887 780.0
877.8330154460481 768.0
878.0811359791594 782.0
878.3292477081402 774.0
878.5773506325071 776.0
878.8254447517768 777.0
879.0735300654665 777.0
879.3216065730924 957.0
879.5696742741723 709.0
879.8177331682225 772.0
880.0657832547598 774.0
880.3138245333014 764.0
880.5618570033639 770.0
880.8098806644645 788.0
881.0578955161196 777.0
881.3059015578464 790.0
881.5538987891618 768.0
881.8018872095822 956.0
882.0498668186252 694.0
882.297837615807 767.0
882.5457996006451 782.0
882.7937527726558 780.0
883.041697131356 784.0
883.2896326762632 793.0
883.5375594068934 766.0
883.7854773227642 786.0
884.0333864233922 766.0
884.2812867082938 927.0
884.5291781769868 684.0
884.7770608289871 775.0
885.0249346638125 791.0
885.2727996809792 778.0
885.5206558800041 782.0
885.7685032604046 781.0
886.0163418216969 789.0
886.2641715633982 786.0
886.5119924850256 781.0
886.7598045860955 942.0
887.007607866125 689.0
887.2554023246308 759.0
887.5031879611303 786.0
887.7509647751398 782.0
887.9987327661763 775.0
888.2464919337567 772.0
888.4942422773979 788.0
888.7419837966169 785.0
888.9897164909302 768.0
889.2374403598551 931.0
889.4851554029083 688.0
889.7328616196063 769.0
889.9805590094667 767.0
890.2282475720056 780.0
890.4759273067405 781.0
890.7235982131879 783.0
890.9712602908646 768.0
891.218913539288 789.0
891.4665579579743 774.0
891.7141935464408 922.0
891.9618203042044 683.0
892.2094382307815 761.0
892.4570473256895 774.0
892.7046475884449 773.0
892.9522390185649 779.0
893.1998216155661 784.0
893.4473953789653 789.0
893.6949603082797 785.0
893.9425164030258 781.0
894.1900636627211 955.0
894.4376020868815 709.0
894.6851316750246 776.0
894.9326524266672 793.0
895.1801643413257 786.0
895.4276674185177 781.0
895.6751616577593 774.0
895.922647058568 785.0
896.1701236204603 762.0
896.4175913429531 765.0
896.6650502255636 941.0
896.912500267808 692.0
897.159941469204 752.0
897.4073738292678 786.0
897.6547973475165 785.0
897.9022120234671 762.0
898.1496178566362 776.0
898.3970148465409 775.0
898.644402992698 772.0
898.8917822946241 761.0
899.1391527518367 958.0
899.386514363852 710.0
899.6338671301874 764.0
899.8812110503592 775.0
900.1285461238849 768.0
900.375872350281 778.0
900.6231897290643 785.0
900.8704982597519 789.0
901.1177979418604 763.0
901.3650887749071 771.0
901.6123707584086 936.0
901.8596438918815 684.0
902.106908174843 760.0
902.35416360681 787.0
902.6014101872993 770.0
902.8486479158278 792.0
903.095876791912 774.0
903.3430968150694 776.0
903.5903079848164 766.0
903.83751030067 756.0
904.0847037621473 940.0
904.3318883687646 694.0
904.5790641200394 770.0
904.826231015488 766.0
905.0733890546279 784.0
905.3205382369753 780.0
905.5676785620476 786.0
905.8148100293615 771.0
906.0619326384336 785.0
906.3090463887813 762.0
906.5561512799208 928.0
906.8032473113697 685.0
907.0503344826443 751.0
907.2974127932616 790.0
907.5444822427387 789.0
907.7915428305921 784.0
908.038594556339 782.0
908.2856374194963 778.0
908.5326714195803 787.0
908.7796965561088 773.0
909.0267128285976 933.0
909.2737202365645 691.0
909.520718779526 755.0
909.7677084569985 768.0
910.0146892684998 782.0
910.261661213546 777.0
910.5086242916544 762.0
910.7555785023416 773.0
911.0025238451248 774.0
911.2494603195206 771.0
911.4963879250456 936.0
911.7433066612174 694.0
911.9902165275522 758.0
912.2371175235672 775.0
912.4840096487795 782.0
912.7308929027052 786.0
912.9777672848619 781.0
913.2246327947661 779.0
913.4714894319347 768.0
913.7183371958849 764.0
913.965176086133 947.0
914.2120061021965 706.0
914.4588272435916 778.0
914.7056395098358 795.0
914.9524429004457 769.0
915.1992374149379 773.0
915.4460230528298 776.0
915.6927998136375 768.0
915.9395676968788 778.0
916.1863267020701 776.0
916.4330768287281 939.0
916.67981807637 702.0
916.9265504445123 771.0
917.1732739326723 776.0
917.4199885403666 776.0
917.6666942671121 797.0
917.9133911124259 791.0
918.1600790758242 771.0
918.4067581568248 793.0
918.6534283549438 762.0
918.9000896696987 943.0
919.1467421006058 694.0
919.3933856471822 770.0
919.6400203089449 791.0
919.8866460854103 780.0
920.1332629760961 774.0
920.3798709805186 769.0
920.6264700981943 778.0
920.8730603286409 780.0
921.1196416713748 762.0
921.3662141259131 929.0
921.6127776917724 682.0
921.8593323684695 764.0
922.1058781555217 783.0
922.3524150524454 801.0
922.598943058758 793.0
922.8454621739758 772.0
923.0919723976159 788.0
923.3384737291954 774.0
923.5849661682307 762.0
923.8314497142393 927.0
924.0779243667373 701.0
924.3243901252423 762.0
924.5708469892709 792.0
924.8172949583395 795.0
925.0637340319656 791.0
925.3101642096658 776.0
925.5565854909571 766.0
925.8029978753563 772.0
926.04940136238 772.0
926.2957959515456 950.0
926.5421816423694 697.0
926.7885584343687 765.0
927.0349263270604 768.0
927.281285319961 779.0
927.5276354125876 797.0
927.7739766044568 778.0
928.020308895086 790.0
928.2666322839915 767.0
928.5129467706906 777.0
928.7592523547 954.0
929.0055490355364 692.0
929.2518368127171 758.0
929.4981156857584 793.0
929.7443856541778 794.0
929.9906467174917 788.0
930.2368988752169 774.0
930.4831421268707 774.0
930.7293764719695 783.0
930.9756019100306 771.0
931.2218184405708 945.0
931.4680260631065 701.0
931.7142247771553 772.0
931.9604145822334 783.0
932.2065954778582 775.0
932.4527674635461 787.0
932.6989305388141 786.0
932.9450847031794 771.0
933.1912299561584 779.0
933.4373662972685 772.0
933.6834937260257 938.0
933.929612241948 676.0
934.1757218445516 768.0
934.4218225333533 789.0
934.6679143078701 777.0
934.913997167619 780.0
935.1600711121167 776.0
935.4061361408803 778.0
935.6521922534262 780.0
935.8982394492718 784.0
936.1442777279336 945.0
936.3903070889288 696.0
936.636327531774 751.0
936.882339055986 776.0
937.128341661082 776.0
937.3743353465785 788.0
937.6203201119927 784.0
937.8662959568414 785.0
938.1122628806411 788.0
938.3582208829092 770.0
938.6041699631621 943.0
938.8501101209171 691.0
939.0960413556905 758.0
939.341963667 777.0
939.5878770543618 786.0
939.8337815172929 779.0
940.0796770553103 775.0
940.3255636679306 787.0
940.5714413546712 781.0
940.8173101150486 766.0
941.0631699485793 944.0
941.309020854781 687.0
941.5548628331699 771.0
941.8006958832632 792.0
942.0465200045778 770.0
942.2923351966301 785.0
942.5381414589376 776.0
942.7839387910167 769.0
943.0297271923846 766.0
943.275506662558 767.0
943.5212772010536 938.0
943.7670388073888 694.0
944.0127914810797 754.0
944.2585352216438 779.0
944.504270028598 777.0
944.7499959014584 763.0
944.9957128397427 768.0
945.2414208429674 777.0
945.4871199106495 779.0
945.7328100423057 760.0
945.978491237453 942.0
946.2241634956084 688.0
946.4698268162882 767.0
946.71548119901 774.0
946.9611266432901 789.0
947.2067631486459 782.0
947.4523907145939 762.0
947.6980093406509 770.0
947.943619026334 775.0
948.1892197711599 759.0
948.4348115746456 949.0
948.680394436308 707.0
948.9259683556636 787.0
949.17153333223 800.0
949.4170893655231 775.0
949.6626364550607 775.0
949.9081746003591 780.0
950.1537038009352 773.0
950.3992240563063 782.0
950.6447353659886 770.0
950.8902377294995 937.0
951.1357311463555 700.0
951.381215616074 764.0
951.6266911381715 777.0
951.8721577121647 777.0
952.1176153375708 773.0
952.3630640139064 781.0
952.6085037406887 791.0
952.8539345174344 775.0
953.09935634366 785.0
953.3447692188829 949.0
953.5901731426196 685.0
953.8355681143876 772.0
954.080954133703 787.0
954.326331200083 781.0
954.5716993130445 777.0
954.8170584721041 786.0
955.0624086767792 786.0
955.3077499265863 774.0
955.5530822210421 764.0
955.798405559664 948.0
956.0437199419682 708.0
956.2890253674723 769.0
956.5343218356925 770.0
956.7796093461461 779.0
957.02488789835 768.0
957.2701574918206 782.0
957.5154181260752 763.0
957.7606698006304 773.0
958.0059125150034 765.0
958.2511462687107 948.0
958.4963710612694 706.0
958.7415868921963 774.0
958.9867937610082 789.0
959.2319916672224 770.0
959.4771806103552 779.0
959.7223605899235 791.0
959.9675316054446 777.0
960.2126936564348 770.0
960.4578467424116 773.0
960.7029908628915 945.0
960.9481260173911 706.0
961.193252205428 765.0
961.4383694265184 778.0
961.6834776801796 790.0
961.9285769659282 784.0
962.1736672832812 782.0
962.4187486317555 788.0
962.6638210108677 796.0
962.908884420135 773.0
963.153938859074 956.0
963.3989843272019 707.0
963.6440208240352 761.0
963.889048349091 781.0
964.1340669018862 777.0
964.3790764819373 789.0
964.6240770887617 796.0
964.8690687218761 785.0
965.114051380797 782.0
965.3590250650417 776.0
965.6039897741268 774.0
965.8489455075695 770.0
966.0938922648864 774.0
966.3388300455941 778.0
966.5837588492103 784.0
966.8286786752509 788.0
967.0735895232334 785.0
967.3184913926743 777.0
967.5633842830911 776.0
967.808268194 782.0
968.0531431249179 785.0
968.2980090753622 772.0
968.5428660448491 777.0
968.7877140328961 765.0
969.0325530390197 773.0
969.2773830627367 785.0
969.5222041035643 775.0
969.7670161610189 780.0
970.0118192346179 777.0
970.2566133238779 772.0
970.5013984283155 780.0
970.746174547448 780.0
970.990941680792 789.0
971.2356998278649 785.0
971.480448988183 790.0
971.725189161263 788.0
971.9699203466223 778.0
972.2146425437775 795.0
972.4593557522456 780.0
972.7040599715434 781.0
972.9487552011876 780.0
973.1934414406954 779.0
973.4381186895833 776.0
973.6827869473685 782.0
973.9274462135677 787.0
974.1720964876979 780.0
974.4167377692759 773.0
974.6613700578182 772.0
974.9059933528424 784.0
975.1506076538647 779.0
975.3952129604023 782.0
975.6398092719721 785.0
975.8843965880908 769.0
976.1289749082755 774.0
976.3735442320426 794.0
976.6181045589096 770.0
976.862655888393 760.0
977.1071982200094 785.0
977.3517315532764 793.0
977.5962558877101 777.0
977.840771222828 788.0
978.0852775581467 783.0
978.3297748931827 783.0
978.5742632274536 780.0
978.8187425604756 790.0
979.063212891766 781.0
979.3076742208415 780.0
979.5521265472191 778.0
979.7965698704156 765.0
980.0410041899477 781.0
980.2854295053326 774.0
980.5298458160865 782.0
980.7742531217272 783.0
981.0186514217711 778.0
981.2630407157347 778.0
981.5074210031356 791.0
981.7517922834901 781.0
981.9961545563154 776.0
982.2405078211283 758.0
982.4848520774455 779.0
982.729187324784 793.0
982.9735135626606 774.0
983.2178307905924 772.0
983.4621390080961 791.0
983.7064382146882 804.0
983.9507284098863 775.0
984.1950095932067 789.0
984.4392817641666 777.0
984.6835449222825 768.0
984.9277990670716 796.0
985.1720441980509 784.0
985.4162803147366 782.0
985.6605074166464 780.0
985.9047255032964 781.0
986.1489345742042 792.0
986.3931346288863 795.0
986.6373256668593 778.0
986.8815076876406 788.0
987.1256806907464 768.0
987.3698446756944 790.0
987.613999642001 783.0
987.8581455891829 778.0
988.1022825167574 770.0
988.3464104242408 771.0
988.5905293111508 785.0
988.8346391770036 782.0
989.0787400213161 786.0
989.3228318436055 790.0
989.5669146433884 795.0
989.8109884201817 786.0
990.0550531735024 785.0
990.2991089028674 780.0
990.5431556077934 792.0
990.7871932877973 804.0
991.031221942396 772.0
991.2752415711062 784.0
991.5192521734452 778.0
991.7632537489297 792.0
992.0072462970761 777.0
992.251229817402 782.0
992.4952043094236 784.0
992.7391697726582 794.0
992.9831262066227 782.0
993.2270736108336 787.0
993.4710119848082 792.0
993.7149413280629 782.0
993.958861640115 784.0
994.2027729204812 792.0
994.4466751686781 778.0
994.6905683842231 777.0
994.9344525666326 782.0
995.1783277154237 792.0
995.4221938301132 769.0
995.6660509102181 786.0
995.9098989552552 793.0
996.1537379647411 781.0
996.3975679381932 774.0
996.6413888751279 779.0
996.8852007750622 780.0
997.1290036375133 796.0
997.3727974619973 780.0
997.6165822480319 775.0
997.8603579951333 762.0
998.104124702819 784.0
998.3478823706055 782.0
998.5916309980095 782.0
998.8353705845483 791.0
999.0791011297383 780.0
999.3228226330968 779.0
999.5665350941406 770.0
999.8102385123861 777.0
1000.0539328873509 787.0
1000.2976182185512 774.0
1000.5412945055043 774.0
1000.7849617477269 781.0
1001.0286199447357 782.0
1001.2722690960481 774.0
1001.5159092011804 772.0
1001.75954025965 784.0
1002.003162270973 769.0
1002.246775234667 778.0
1002.4903791502487 778.0
1002.7339740172346 769.0
1002.9775598351421 785.0
1003.2211366034876 787.0
1003.4647043217884 780.0
1003.7082629895611 791.0
1003.9518126063224 792.0
1004.1953531715895 797.0
1004.4388846848791 784.0
1004.6824071457083 776.0
1004.9259205535938 789.0
1005.1694249080521 786.0
1005.4129202086007 785.0
1005.6564064547559 793.0
1005.8998836460353 780.0
1006.1433517819551 784.0
1006.3868108620323 779.0
1006.6302608857841 769.0
1006.8737018527269 766.0
1007.1171337623779 789.0
1007.3605566142537 786.0
1007.6039704078715 786.0
1007.8473751427481 777.0
1008.0907708184001 774.0
1008.3341574343445 785.0
1008.5775349900982 773.0
1008.8209034851784 784.0
1009.0642629191013 785.0
1009.3076132913841 769.0
1009.5509546015439 779.0
1009.7942868490973 780.0
1010.0376100335611 784.0
1010.2809241544525 790.0
1010.5242292112879 792.0
1010.7675252035845 786.0
1011.010812130859 776.0
1011.2540899926286 784.0
1011.4973587884098 765.0
1011.7406185177194 774.0
1011.9838691800747 782.0
1012.2271107749921 760.0
1012.470343301989 778.0
1012.7135667605817 769.0
1012.9567811502875 775.0
1013.1999864706231 779.0
1013.4431827211052 789.0
1013.686369901251 768.0
1013.929548010577 782.0
1014.1727170486006 798.0
1014.4158770148383 774.0
1014.6590279088067 781.0
1014.9021697300233 779.0
1015.1453024780044 774.0
1015.3884261522674 769.0
1015.6315407523286 774.0
1015.8746462777051 784.0
1016.1177427279141 789.0
1016.3608301024719 775.0
1016.603908400896 777.0
1016.8469776227028 774.0
1017.0900377674091 783.0
1017.3330888345322 765.0
1017.5761308235883 776.0
1017.8191637340951 781.0
1018.0621875655689 806.0
1018.3052023175269 788.0
1018.5482079894858 779.0
1018.7912045809622 771.0
1019.0341920914735 782.0
1019.2771705205361 792.0
1019.5201398676672 790.0
1019.7631001323837 780.0
1020.006051314202 763.0
1020.2489934126395 795.0
1020.4919264272125 783.0
1020.7348503574386 775.0
1020.9777652028342 794.0
1021.2206709629161 772.0
1021.4635676372014 804.0
1021.7064552252067 781.0
1021.9493337264495 782.0
1022.1922031404459 777.0
1022.4350634667132 771.0
1022.6779147047681 787.0
1022.9207568541273 790.0
1023.1635899143083 798.0
1023.4064138848273 781.0
1023.6492287652015 785.0
1023.8920345549478 781.0
1024.134831253583 769.0
1024.377618860624 789.0
1024.6203973755871 779.0
1024.8631667979898 767.0
1025.1059271273493 777.0
1025.3486783631818 777.0
1025.5914205050044 785.0
1025.8341535523336 772.0
1026.076877504687 783.0
1026.3195923615808 772.0
1026.5622981225324 765.0
1026.8049947870584 790.0
1027.0476823546753 778.0
1027.2903608249007 776.0
1027.5330301972513 769.0
1027.7756904712435 785.0
1028.0183416463947 782.0
1028.260983722221 787.0
1028.5036166982402 778.0
1028.7462405739689 784.0
1028.9888553489234 795.0
1029.2314610226213 793.0
1029.474057594579 785.0
1029.7166450643138 780.0
1029.9592234313418 787.0
1030.2017926951808 778.0
1030.4443528553472 774.0
1030.6869039113576 796.0
1030.9294458627296 779.0
1031.1719787089794 800.0
1031.414502449624 777.0
1031.6570170841808 781.0
1031.8995226121658 781.0
1032.1420190330966 766.0
1032.3845063464896 776.0
1032.6269845518618 784.0
1032.8694536487305 781.0
1033.111913636612 768.0
1033.3543645150232 790.0
1033.596806283481 774.0
1033.8392389415026 779.0
1034.081662488605 777.0
1034.324076924304 782.0
1034.566482248118 771.0
1034.8088784595625 780.0
1035.0512655581551 783.0
1035.2936435434124 776.0
1035.5360124148515 777.0
1035.778372171989 788.0
1036.020722814342 780.0
1036.2630643414275 777.0
1036.5053967527615 785.0
1036.7477200478622 776.0
1036.9900342262456 777.0
1037.2323392874284 786.0
1037.4746352309282 786.0
1037.7169220562612 794.0
1037.9591997629448 784.0
1038.2014683504956 773.0
1038.4437278184303 785.0
1038.685978166266 792.0
1038.9282193935196 787.0
1039.170451499708 794.0
1039.4126744843477 781.0
1039.6548883469559 781.0
1039.8970930870496 772.0
1040.1392887041452 773.0
1040.3814751977598 769.0
1040.6236525674105 764.0
1040.8658208126137 789.0
1041.107979932887 778.0
1041.3501299277466 772.0
1041.5922707967095 763.0
1041.8344025392926 777.0
1042.0765251550129 794.0
1042.3186386433872 767.0
1042.5607430039322 786.0
1042.802838236165 781.0
1043.0449243396022 768.0
1043.2870013137613 779.0
1043.5290691581586 772.0
1043.7711278723107 786.0
1044.013177455735 770.0
1044.2552179079482 790.0
1044.4972492284676 780.0
1044.7392714168093 787.0
1044.9812844724902 783.0
1045.223288395028 787.0
1045.4652831839387 776.0
1045.70726883874 778.0
1045.949245358948 787.0
1046.1912127440798 787.0
1046.4331709936528 793.0
1046.675120107183 779.0
1046.9170600841878 774.0
1047.1589909241836 775.0
1047.400912626688 768.0
1047.6428251912175 781.0
1047.8847286172886 788.0
1048.1266229044188 790.0
1048.3685080521243 797.0
1048.6103840599228 798.0
1048.8522509273307 780.0
1049.0941086538646 781.0
1049.3359572390418 784.0
1049.577796682379 773.0
1049.819626983393 774.0
1050.061448141601 774.0
1050.3032601565194 800.0
1050.5450630276655 781.0
1050.7868567545556 789.0
1051.0286413367073 771.0
1051.270416773637 778.0
1051.5121830648616 774.0
1051.7539402098982 780.0
1051.9956882082631 780.0
1052.237427059474 775.0
1052.479156763047 794.0
1052.7208773184996 768.0
1052.9625887253483 774.0
1053.2042909831098 784.0
1053.4459840913016 781.0
1053.6876680494397 781.0
1053.929342857042 786.0
1054.1710085136244 779.0
1054.4126650187043 788.0
1054.6543123717986 783.0
1054.8959505724238 789.0
1055.1375796200969 789.0
1055.3791995143351 789.0
1055.620810254655 780.0
1055.8624118405735 787.0
1056.1040042716074 772.0
1056.3455875472737 779.0
1056.5871616670893 778.0
1056.8287266305706 772.0
1057.070282437235 775.0
1057.3118290865991 777.0
1057.5533665781802 769.0
1057.7948949114943 778.0
1058.0364140860593 788.0
1058.2779241013916 776.0
1058.5194249570077 782.0
1058.760916652425 787.0
1059.0023991871599 794.0
1059.24387256073 791.0
1059.4853367726514 773.0
1059.7267918224413 765.0
1059.968237709617 780.0
1060.2096744336943 791.0
1060.451101994191 778.0
1060.6925203906237 792.0
1060.933929622509 794.0
1061.1753296893642 794.0
1061.4167205907056 791.0
1061.6581023260508 774.0
1061.8994748949162 778.0
1062.1408382968189 765.0
1062.3821925312755 778.0
1062.6235375978026 777.0
1062.8648734959181 773.0
1063.1062002251376 769.0
1063.3475177849793 784.0
1063.588826174959 774.0
1063.830125394594 778.0
1064.0714154434013 777.0
1064.312696320897 791.0
1064.553968026599 763.0
1064.7952305600238 790.0
1065.036483920688 782.0
1065.2777281081087 782.0
1065.5189631218025 780.0
1065.7601889612868 775.0
1066.001405626078 774.0
1066.2426131156928 786.0
1066.4838114296492 775.0
1066.7250005674625 781.0
1066.9661805286507 777.0
1067.2073513127305 781.0
1067.4485129192178 784.0
1067.689665347631 790.0
1067.9308085974856 781.0
1068.1719426682996 773.0
1068.413067559589 781.0
1068.654183270871 769.0
1068.8952898016628 797.0
1069.1363871514804 786.0
1069.3774753198418 764.0
1069.618554306263 786.0
1069.8596241102612 777.0
1070.100684731353 774.0
1070.3417361690556 786.0
1070.582778422886 766.0
1070.8238114923604 763.0
1071.0648353769964 793.0
1071.3058500763104 800.0
1071.5468555898192 779.0
1071.7878519170404 798.0
1072.02883905749 771.0
1072.2698170106853 773.0
1072.5107857761434 772.0
1072.75174535338 783.0
1072.9926957419138 781.0
1073.23363694126 790.0
1073.4745689509368 762.0
1073.7154917704597 770.0
1073.9564053993467 771.0
1074.1973098371145 787.0
1074.4382050832794 776.0
1074.6790911373587 783.0
1074.9199679988692 777.0
1075.1608356673278 793.0
1075.4016941422512 773.0
1075.6425434231562 772.0
1075.8833835095604 790.0
1076.1242144009796 784.0
1076.3650360969316 786.0
1076.6058485969324 789.0
1076.8466519004996 786.0
1077.0874460071498 774.0
1077.3282309163997 791.0
1077.5690066277664 782.0
1077.8097731407665 777.0
1078.0505304549172 784.0
1078.2912785697354 770.0
1078.5320174847377 772.0
1078.772747199441 770.0
1079.0134677133622 775.0
1079.2541790260184 786.0
1079.4948811369263 779.0
1079.7355740456023 780.0
1079.9762577515642 772.0
1080.2169322543277 776.0
1080.4575975534112 771.0
1080.6982536483301 792.0
1080.9389005386022 776.0
1081.179538223744 769.0
1081.4201667032721 774.0
1081.6607859767041 785.0
1081.9013960435564 784.0
1082.1419969033457 768.0
1082.382588555589 773.0
1082.6231709998035 769.0
1082.863744235506 770.0
1083.104308262213 769.0
1083.3448630794412 769.0
1083.5854086867082 766.0
1083.8259450835303 770.0
1084.0664722694248 776.0
1084.306990243908 785.0
1084.5474990064974 796.0
1084.7879985567097 794.0
1085.0284888940612 777.0
1085.2689700180695 768.0
1085.509441928251 762.0
1085.749904624123 772.0
1085.990358105202 764.0
1086.2308023710048 789.0
1086.4712374210485 790.0
1086.71166325485 756.0
1086.9520798719261 788.0
1087.1924872717937 773.0
1087.4328854539694 781.0
1087.6732744179706 768.0
1087.9136541633134 788.0
1088.1540246895156 787.0
1088.3943859960934 776.0
1088.6347380825637 776.0
1088.8750809484436 789.0
1089.1154145932499 778.0
1089.3557390164995 779.0
1089.5960542177095 777.0
1089.836360196396 786.0
1090.0766569520767 771.0
1090.3169444842679 775.0
1090.557222792487 782.0
1090.7974918762502 776.0
1091.037751735075 773.0
1091.2780023684782 781.0
1091.518243775976 779.0
1091.7584759570861 778.0
1091.9986989113247 792.0
1092.2389126382093 780.0
1092.4791171372563 791.0
1092.7193124079827 768.0
1092.9594984499054 770.0
1093.1996752625412 784.0
1093.4398428454072 789.0
1093.68000119802 794.0
1093.9201503198965 777.0
1094.1602902105537 790.0
1094.4004208695083 792.0
1094.6405422962773 791.0
1094.8806544903778 794.0
1095.120757451326 786.0
1095.3608511786392 781.0
1095.6009356718341 781.0
1095.8410109304282 787.0
1096.0810769539376 784.0
1096.3211337418795 780.0
1096.5611812937707 762.0
1096.8012196091279 787.0
1097.0412486874682 776.0
1097.2812685283084 792.0
1097.5212791311658 778.0
1097.7612804955563 776.0
1098.0012726209975 773.0
1098.2412555070064 795.0
1098.4812291530989 794.0
1098.721193558793 785.0
1098.961148723605 777.0
1099.2010946470518 782.0
1099.4410313286503 771.0
1099.6809587679172 792.0
1099.92087696437 782.0
1100.1607859175251 791.0
1100.400685626899 769.0
1100.640576092009 782.0
1100.880457312372 786.0
1101.1203292875052 757.0
1101.3601920169247 770.0
1101.6000455001479 769.0
1101.8398897366915 778.0
1102.079724726072 768.0
1102.3195504678072 782.0
1102.559366961413 794.0
1102.7991742064069 773.0
1103.0389722023056 781.0
1103.2787609486254 772.0
1103.5185404448844 773.0
1103.7583106905984 778.0
1103.9980716852845 779.0
1104.23782342846 774.0
1104.4775659196412 779.0
1104.7172991583454 777.0
1104.9570231440887 786.0
1105.1967378763893 770.0
1105.436443354763 778.0
1105.6761395787273 797.0
1105.9158265477986 798.0
1106.1555042614937 773.0
1106.3951727193298 773.0
1106.6348319208234 771.0
1106.8744818654923 789.0
1107.1141225528525 780.0
1107.3537539824208 767.0
1107.5933761537144 785.0
1107.8329890662503 769.0
1108.072592719545 791.0
1108.3121871131157 784.0
1108.551772246479 785.0
1108.7913481191517 793.0
1109.030914730651 789.0
1109.2704720804938 768.0
1109.5100201681967 782.0
1109.7495589932764 777.0
1109.9890885552504 775.0
1110.2286088536348 772.0
1110.4681198879473 789.0
1110.707621657704 770.0
1110.9471141624224 784.0
1111.1865974016187 767.0
1111.4260713748101 785.0
1111.665536081514 783.0
1111.9049915212463 762.0
1112.1444376935244 784.0
1112.3838745978653 780.0
1112.6233022337854 774.0
1112.8627206008023 789.0
1113.102129698432 789.0
1113.3415295261918 772.0
1113.5809200835986 777.0
1113.820301370169 788.0
1114.0596733854206 777.0
1114.2990361288694 775.0
1114.5383896000326 789.0
1114.7777337984273 785.0
1115.0170687235698 784.0
1115.2563943749778 785.0
1115.4957107521673 778.0
1115.7350178546556 779.0
1115.9743156819598 775.0
1116.213604233596 769.0
1116.452883509082 774.0
1116.692153507934 776.0
1116.9314142296694 779.0
1117.1706656738045 784.0
1117.4099078398563 778.0
1117.6491407273422 784.0
1117.8883643357783 775.0
1118.1275786646822 787.0
1118.36678371357 784.0
1118.6059794819594 782.0
1118.8451659693665 781.0
1119.0843431753085 764.0
1119.3235110993026 766.0
1119.5626697408647 769.0
1119.8018190995128 760.0
1120.0409591747637 786.0
1120.2800899661331 771.0
1120.519211473139 773.0
1120.7583236952978 770.0
1120.9974266321262 782.0
1121.236520283142 779.0
1121.4756046478608 769.0
1121.7146797258001 755.0
1121.9537455164768 774.0
1122.192802019408 774.0
1122.4318492341101 782.0
1122.6708871601 771.0
1122.909915796895 772.0
1123.1489351440111 791.0
1123.3879452009662 771.0
1123.6269459672762 790.0
1123.865937442459 783.0
1124.1049196260308 793.0
1124.3438925175087 780.0
