shot=162_gas=Ne_hight=90_RF=243.0W_massflow=8000_coils=0.0A_HR4000 spectrum
Wavelength [nm] // Intensity [u.a.] 
194.93414 768.0
195.2037815346219 742.0
195.47341553816543 778.0
195.74304201014752 767.0
196.012660950085 779.0
196.28227235749478 795.0
196.55187623189366 786.0
196.82147257279857 780.0
197.09106137972637 775.0
197.36064265219392 791.0
197.63021638971804 783.0
197.89978259181567 959.0
198.16934125800364 690.0
198.43889238779886 750.0
198.7084359807181 788.0
198.97797203627835 780.0
199.2475005539964 782.0
199.51702153338914 780.0
199.78653497397343 773.0
200.05604087526618 773.0
200.3255392367842 763.0
200.59503005804436 945.0
200.8645133385636 685.0
201.1339890778587 756.0
201.4034572754466 771.0
201.67291793084408 780.0
201.94237104356813 778.0
202.21181661313554 777.0
202.48125463906314 788.0
202.7506851208679 788.0
203.02010805806663 761.0
203.28952345017618 953.0
203.55893129671344 708.0
203.8283315971953 773.0
204.0977243511386 783.0
204.3671095580602 779.0
204.636487217477 784.0
204.90585732890585 767.0
205.17521989186366 760.0
205.44457490586717 778.0
205.7139223704334 763.0
205.98326228507918 975.0
206.2525946493213 683.0
206.5219194626767 768.0
206.79123672466224 783.0
207.06054643479476 777.0
207.32984859259116 786.0
207.59914319756828 778.0
207.86843024924303 773.0
208.13770974713225 784.0
208.40698169075276 777.0
208.6762460796215 942.0
208.94550291325532 680.0
209.2147521911711 764.0
209.48399391288567 773.0
209.75322807791594 777.0
210.02245468577874 776.0
210.29167373599094 778.0
210.56088522806942 777.0
210.83008916153108 775.0
211.09928553589276 763.0
211.3684743506713 940.0
211.63765560538363 685.0
211.9068292995466 768.0
212.175995432677 798.0
212.44515400429182 798.0
212.71430501390782 778.0
212.98344846104192 788.0
213.25258434521103 799.0
213.52171266593191 783.0
213.79083342272153 774.0
214.05994661509675 952.0
214.3290522425744 692.0
214.5981503046713 766.0
214.8672408009044 762.0
215.13632373079054 769.0
215.4053990938466 783.0
215.6744668895894 794.0
215.94352711753592 783.0
216.21257977720293 786.0
216.48162486810728 774.0
216.7506623897659 942.0
217.01969234169565 682.0
217.2887147234134 773.0
217.55772953443596 762.0
217.82673677428028 779.0
218.0957364424632 788.0
218.36472853850154 777.0
218.6337130619122 775.0
218.9026900122121 784.0
219.17165938891804 786.0
219.4406211915469 942.0
219.70957541961562 676.0
219.97852207264097 755.0
220.24746115013983 769.0
220.5163926516291 776.0
220.78531657662566 769.0
221.05423292464639 781.0
221.32314169520808 782.0
221.59204288782766 790.0
221.860936502022 769.0
222.12982253730797 955.0
222.39870099320237 686.0
222.66757186922214 746.0
222.93643516488416 781.0
223.20529087970525 784.0
223.47413901320226 782.0
223.74297956489212 781.0
224.01181253429166 784.0
224.28063792091777 777.0
224.5494557242873 768.0
224.8182659439171 958.0
225.08706857932413 683.0
225.35586363002508 775.0
225.62465109553705 789.0
225.89343097537673 780.0
226.16220326906105 784.0
226.43096797610687 769.0
226.69972509603105 755.0
226.9684746283505 777.0
227.237216572582 771.0
227.50595092824256 952.0
227.7746776948489 678.0
228.04339687191796 768.0
228.31210845896663 771.0
228.5808124555117 771.0
228.84950886107015 786.0
229.11819767515877 792.0
229.38687889729442 766.0
229.65555252699397 794.0
229.92421856377433 763.0
230.1928770071524 943.0
230.46152785664492 690.0
230.73017111176884 756.0
230.99880677204106 774.0
231.26743483697837 772.0
231.53605530609772 780.0
231.8046681789159 782.0
232.07327345494983 776.0
232.34187113371638 784.0
232.61046121473237 779.0
232.87904369751473 956.0
233.14761858158028 684.0
233.41618586644586 765.0
233.68474555162845 767.0
233.95329763664483 782.0
234.2218421210119 776.0
234.49037900424648 774.0
234.7589082858655 766.0
235.02742996538583 793.0
235.29594404232427 759.0
235.56445051619772 946.0
235.8329493865231 686.0
236.10144065281722 773.0
236.36992431459691 783.0
236.63840037137916 779.0
236.9068688226808 773.0
237.1753296680186 806.0
237.44378290690955 772.0
237.7122285388704 781.0
237.9806665634181 761.0
238.24909698006957 950.0
238.51751978834153 701.0
238.78593498775095 780.0
239.0543425778147 796.0
239.32274255804958 786.0
239.59113492797255 775.0
239.8595196871004 780.0
240.12789683495004 771.0
240.3962663710383 783.0
240.66462829488208 765.0
240.93298260599826 956.0
241.2013293039037 693.0
241.46966838811522 759.0
241.73799985814978 762.0
242.00632371352418 770.0
242.27463995375527 766.0
242.54294857835998 774.0
242.81124958685515 780.0
243.07954297875764 777.0
243.34782875358434 778.0
243.61610691085207 950.0
243.88437745007772 673.0
244.15264037077822 759.0
244.42089567247035 772.0
244.68914335467105 766.0
244.95738341689716 790.0
245.2256158586655 771.0
245.493840679493 779.0
245.76205787889654 774.0
246.03026745639292 765.0
246.29846941149904 954.0
246.5666637437318 692.0
246.834850452608 768.0
247.1030295376446 779.0
247.37120099835838 790.0
247.63936483426627 785.0
247.9075210448851 769.0
248.17566962973177 786.0
248.4438105883231 782.0
248.71194392017603 758.0
248.98006962480733 944.0
249.248187701734 686.0
249.51629815047275 754.0
249.78440097054056 775.0
250.05249616145431 774.0
250.32058372273076 770.0
250.5886636538869 771.0
250.85673595443953 768.0
251.12480062390551 781.0
251.39285766180177 774.0
251.6609070676451 947.0
251.92894884095242 684.0
252.19698298124058 758.0
252.46500948802645 779.0
252.73302836082692 777.0
253.00103959915882 793.0
253.26904320253902 780.0
253.53703917048443 775.0
253.80502750251188 778.0
254.07300819813827 766.0
254.34098125688044 962.0
254.60894667825525 685.0
254.87690446177962 745.0
255.14485460697037 772.0
255.41279711334434 778.0
255.6807319804185 778.0
255.94865920770962 766.0
256.2165787947346 774.0
256.48449074101035 779.0
256.75239504605366 756.0
257.02029170938147 952.0
257.28818073051065 691.0
257.556062108958 757.0
257.8239358442404 775.0
258.0918019358748 781.0
258.35966038337796 787.0
258.6275111862668 786.0
258.8953543440582 772.0
259.163189856269 757.0
259.4310177224162 751.0
259.6988379420164 944.0
259.9666505145867 698.0
260.23445543964385 758.0
260.50225271670473 772.0
260.77004234528624 782.0
261.03782432490533 775.0
261.3055986550787 766.0
261.5733653353234 794.0
261.8411243651561 774.0
262.1088757440937 779.0
262.37661947165327 942.0
262.6443555473515 688.0
262.9120839707053 746.0
263.1798047412315 766.0
263.44751785844704 792.0
263.7152233218687 779.0
263.98292113101354 763.0
264.2506112853982 770.0
264.51829378453965 786.0
264.7859686279547 770.0
265.05363581516025 954.0
265.32129534567326 677.0
265.5889472190105 758.0
265.8565914346889 775.0
266.1242279922252 773.0
266.39185689113634 758.0
266.65947813093925 772.0
266.9270917111508 786.0
267.19469763128774 777.0
267.46229589086704 776.0
267.72988648940554 944.0
267.9974694264201 692.0
268.2650447014276 769.0
268.53261231394487 786.0
268.80017226348883 780.0
269.0677245495763 770.0
269.3352691717242 779.0
269.60280612944933 779.0
269.8703354222686 798.0
270.13785704969894 780.0
270.40537101125716 935.0
270.67287730646007 684.0
270.9403759348246 761.0
271.2078668958677 776.0
271.47535018910605 777.0
271.7428258140567 781.0
272.01029377023633 777.0
272.2777540571619 770.0
272.5452066743504 765.0
272.81265162131854 767.0
273.08008889758327 942.0
273.34751850266144 666.0
273.6149404360698 750.0
273.8823546973254 785.0
274.1497612859451 778.0
274.4171602014456 777.0
274.6845514433439 774.0
274.95193501115676 781.0
275.2193109044012 782.0
275.486679122594 765.0
275.7540396652521 950.0
276.02139253189216 699.0
276.2887377220313 756.0
276.55607523518626 777.0
276.82340507087395 790.0
277.09072722861123 782.0
277.3580417079149 775.0
277.62534850830195 764.0
277.8926476292892 788.0
278.1599390703934 779.0
278.4272228311316 950.0
278.69449891102056 678.0
278.96176730957717 752.0
279.22902802631836 778.0
279.4962810607609 793.0
279.76352641242164 777.0
280.0307640808177 780.0
280.29799406546556 787.0
280.5652163658824 779.0
280.8324309815849 744.0
281.09963791209003 941.0
281.3668371569146 692.0
281.6340287155756 748.0
281.9012125875897 782.0
282.168388772474 775.0
282.4355572697452 768.0
282.7027180789201 786.0
282.9698711995158 775.0
283.23701663104896 778.0
283.50415437303667 761.0
283.77128442499554 943.0
284.0384067864426 694.0
284.3055214568946 761.0
284.57262843586864 758.0
284.8397277228814 777.0
285.1068193174497 765.0
285.37390321909055 759.0
285.6409794273207 785.0
285.9080479416572 781.0
286.1751087616167 761.0
286.4421618867162 949.0
286.7092073164725 690.0
286.9762450504025 765.0
287.24327508802315 778.0
287.5102974288511 793.0
287.77731207240345 784.0
288.04431901819703 779.0
288.3113182657485 757.0
288.578309814575 780.0
288.84529366419326 762.0
289.1122698141201 955.0
289.37923826387254 698.0
289.6461990129674 742.0
289.91315206092133 792.0
290.18009740725154 771.0
290.44703505147464 792.0
290.7139649931077 780.0
290.98088723166734 765.0
291.24780176667065 778.0
291.5147085976344 772.0
291.78160772407557 944.0
292.04849914551085 669.0
292.3153828614572 762.0
292.58225887143146 771.0
292.8491271749505 766.0
293.1159877715313 775.0
293.3828406606906 784.0
293.6496858419453 785.0
293.9165233148123 788.0
294.1833530788084 772.0
294.4501751334505 951.0
294.71698947825547 698.0
294.9837961127402 753.0
295.2505950364216 777.0
295.5173862488164 793.0
295.78416974944156 777.0
296.050945537814 777.0
296.31771361345045 772.0
296.584473975868 779.0
296.8512266245832 770.0
297.11797155911313 962.0
297.38470877897464 692.0
297.6514382836846 754.0
297.9181600727598 763.0
298.18487414571723 771.0
298.4515805020736 772.0
298.71827914134593 758.0
298.9849700630511 771.0
299.2516532667058 765.0
299.518328751827 775.0
299.78499651793163 929.0
300.0516565645365 677.0
300.3183088911584 760.0
300.58495349731436 776.0
300.8515903825211 776.0
301.1182195462956 775.0
301.3848409881546 782.0
301.65145470761513 786.0
301.91806070419403 769.0
302.184658977408 767.0
302.4512495267741 952.0
302.7178323518091 678.0
302.9844074520298 763.0
303.2509748269532 781.0
303.5175344760962 748.0
303.78408639897555 771.0
304.0506305951082 776.0
304.31716706401096 774.0
304.58369580520065 785.0
304.8502168181943 766.0
305.1167301025086 960.0
305.3832356576606 692.0
305.649733483167 757.0
305.9162235785447 761.0
306.1827059433106 770.0
306.4491805769817 781.0
306.7156474790747 766.0
306.98210664910647 784.0
307.2485580865939 780.0
307.5150017910539 756.0
307.7814377620034 957.0
308.0478659989591 689.0
308.31428650143795 758.0
308.58069926895683 770.0
308.8471043010326 770.0
309.1135015971821 774.0
309.37989115692227 775.0
309.6462729797699 783.0
309.91264706524197 791.0
310.1790134128551 769.0
310.4453720221265 954.0
310.71172289257277 689.0
310.97806602371094 752.0
311.2444014150577 774.0
311.5107290661301 786.0
311.777048976445 787.0
312.04336114551904 764.0
312.30966557286945 766.0
312.5759622580128 782.0
312.8422512004661 766.0
313.1085323997461 949.0
313.3748058553698 673.0
313.641071566854 757.0
313.90732953371554 769.0
314.17357975547145 764.0
314.4398222316384 783.0
314.70605696173334 769.0
314.9722839452731 778.0
315.23850318177466 774.0
315.50471467075477 755.0
315.7709184117303 942.0
316.0371144042182 686.0
316.3033026477353 769.0
316.56948314179846 781.0
316.8356558859246 767.0
317.1018208796305 784.0
317.36797812243304 774.0
317.6341276138491 793.0
317.90026935339563 779.0
318.1664033405894 764.0
318.4325295749473 937.0
318.6986480559862 698.0
318.96475878322303 756.0
319.2308617561746 778.0
319.4969569743577 782.0
319.76304443728935 761.0
320.0291241444864 770.0
320.2951960954656 782.0
320.5612602897438 764.0
320.82731672683815 758.0
321.0933654062652 968.0
321.359406327542 697.0
321.6254394901853 771.0
321.891464893712 762.0
322.157482537639 781.0
322.4234924214832 786.0
322.68949454476143 781.0
322.95548890699064 771.0
323.2214755076875 762.0
323.487454346369 760.0
323.753425422552 952.0
324.01938873575347 706.0
324.2853442854901 758.0
324.55129207127885 769.0
324.8172320926366 801.0
325.08316434908016 763.0
325.34908884012646 781.0
325.61500556529234 778.0
325.8809145240947 766.0
326.14681571605024 774.0
326.4127091406761 953.0
326.6785947974889 695.0
326.9444726860058 750.0
327.2103428057433 771.0
327.47620515621855 781.0
327.74205973694836 780.0
328.00790654744947 759.0
328.2737455872389 775.0
328.5395768558335 776.0
328.80540035275004 777.0
329.0712160775054 946.0
329.33702402961654 692.0
329.6028242086002 746.0
329.86861661397353 784.0
330.13440124525306 772.0
330.4001781019559 786.0
330.66594718359863 786.0
330.9317084896984 774.0
331.19746201977205 782.0
331.46320777333636 774.0
331.7289457499082 948.0
331.9946759490044 695.0
332.2603983701419 766.0
332.5261130128375 777.0
332.79181987660826 773.0
333.05751896097087 777.0
333.3232102654422 775.0
333.58889378953916 775.0
333.85456953277856 785.0
334.1202374946774 764.0
334.38589767475247 954.0
334.6515500725206 687.0
334.9171946874987 762.0
335.18283151920355 798.0
335.4484605671522 789.0
335.7140818308614 787.0
335.97969530984807 780.0
336.245301003629 776.0
336.51089891172114 784.0
336.77648903364127 784.0
337.04207136890636 951.0
337.30764591703326 706.0
337.5732126775387 775.0
337.83877164993976 757.0
338.10432283375314 790.0
338.36986622849577 773.0
338.63540183368457 787.0
338.9009296488363 783.0
339.16644967346787 792.0
339.4319619070962 763.0
339.6974663492381 954.0
339.9629629994105 693.0
340.22845185713027 763.0
340.4939329219141 777.0
340.75940619327906 781.0
341.02487167074196 781.0
341.2903293538197 760.0
341.555779242029 774.0
341.821221334887 782.0
342.0866556319103 780.0
342.3520821326158 947.0
342.6175008365205 685.0
342.8829117431413 766.0
343.1483148519949 777.0
343.41371016259825 780.0
343.6790976744682 791.0
343.9444773871216 774.0
344.20984930007546 776.0
344.4752134128465 786.0
344.74056972495157 772.0
345.0059182359076 948.0
345.27125894523147 700.0
345.53659185244 769.0
345.80191695705014 787.0
346.0672342585787 783.0
346.3325437565426 776.0
346.5978454504585 775.0
346.8631393398436 782.0
347.1284254242145 776.0
347.3937037030882 764.0
347.6589741759816 949.0
347.92423684241146 677.0
348.1894917018946 778.0
348.4547387539481 798.0
348.71997799808867 772.0
348.9852094338332 777.0
349.2504330606986 780.0
349.51564887820166 786.0
349.7808568858593 773.0
350.0460570831885 765.0
350.31124946970584 945.0
350.57643404492853 674.0
350.84161080837316 777.0
351.1067797595568 784.0
351.3719408979961 779.0
351.63709422320824 774.0
351.90223973470984 762.0
352.16737743201776 767.0
352.43250731464894 771.0
352.69762938212034 772.0
352.9627436339487 949.0
353.2278500696509 681.0
353.49294868874387 784.0
353.7580394907444 793.0
354.02312247516943 764.0
354.28819764153576 767.0
354.55326498936034 773.0
354.81832451816 766.0
355.08337622745165 784.0
355.348420116752 779.0
355.613456185578 964.0
355.8784844334467 685.0
356.1435048598747 774.0
356.4085174643791 787.0
356.6735222464765 777.0
356.938519205684 778.0
357.2035083415184 777.0
357.46848965349653 786.0
357.73346314113536 779.0
357.9984288039516 781.0
358.2633866414622 945.0
358.528336653184 683.0
358.793278838634 759.0
359.05821319732894 767.0
359.3231397287857 791.0
359.5880584325211 784.0
359.8529693080521 774.0
360.1178723548955 777.0
360.3827675725683 790.0
360.64765496058726 766.0
360.9125345184692 947.0
361.1774062457311 700.0
361.44227014188965 761.0
361.707126206462 779.0
361.9719744389649 754.0
362.2368148389151 779.0
362.5016474058295 771.0
362.766472139225 782.0
363.0312890386186 795.0
363.296098103527 780.0
363.5608993334672 966.0
363.82569272795587 705.0
364.09047828651006 770.0
364.35525600864656 776.0
364.6200258938823 785.0
364.8847879417341 780.0
365.1495421517188 785.0
365.41428852335326 778.0
365.67902705615444 770.0
365.9437577496392 774.0
366.2084806033243 958.0
366.4731956167267 683.0
366.7379027893632 753.0
367.0026021207507 779.0
367.2672936104061 780.0
367.5319772578463 771.0
367.79665306258806 783.0
368.06132102414836 785.0
368.32598114204393 776.0
368.59063341579173 758.0
368.85527784490864 948.0
369.1199144289115 708.0
369.3845431673172 752.0
369.6491640596426 761.0
369.91377710540445 777.0
370.1783823041198 771.0
370.44297965530546 771.0
370.70756915847835 780.0
370.97215081315517 787.0
371.2367246188529 771.0
371.5012905750884 949.0
371.7658486813786 693.0
372.0303989372402 766.0
372.29494134219027 767.0
372.5594758957455 776.0
372.82400259742286 789.0
373.08852144673915 792.0
373.3530324432114 790.0
373.6175355863563 789.0
373.8820308756908 778.0
374.1465183107317 952.0
374.410997890996 677.0
374.6754696160004 769.0
374.93993348526186 778.0
375.2043894982973 778.0
375.4688376546235 790.0
375.7332779537573 782.0
375.9977103952157 791.0
376.26213497851546 782.0
376.52655170317354 772.0
376.7909605687067 955.0
377.05536157463183 678.0
377.3197547204658 768.0
377.5841400057256 796.0
377.84851742992794 788.0
378.11288699258984 781.0
378.37724869322795 766.0
378.64160253135935 785.0
378.90594850650075 794.0
379.1702866181692 774.0
379.4346168658814 944.0
379.69893924915425 694.0
379.9632537675047 768.0
380.2275604204495 778.0
380.49185920750574 782.0
380.75615012819 764.0
381.0204331820193 780.0
381.2847083685105 784.0
381.5489756871804 781.0
381.8132351375459 769.0
382.07748671912407 960.0
382.34173043143153 690.0
382.6059662739852 750.0
382.8701942463019 784.0
383.1344143478986 779.0
383.3986265782921 784.0
383.6628309369994 782.0
383.92702742353725 764.0
384.1912160374225 772.0
384.45539677817203 777.0
384.7195696453027 945.0
384.98373463833155 699.0
385.2478917567753 764.0
385.5120410001507 789.0
385.7761823679748 787.0
386.0403158597644 784.0
386.30444147503647 777.0
386.5685592133077 783.0
386.8326690740951 789.0
387.09677105691543 770.0
387.36086516128563 956.0
387.6249513867226 685.0
387.88902973274315 745.0
388.15310019886414 760.0
388.41716278460245 769.0
388.68121748947493 780.0
388.9452643129986 776.0
389.2093032546901 773.0
389.47333431406645 760.0
389.73735749064434 767.0
390.0013727839409 944.0
390.2653801934728 698.0
390.52937971875696 774.0
390.7933713593103 764.0
391.05735511464974 777.0
391.3213309842919 798.0
391.5852989677539 767.0
391.8492590645524 780.0
392.1132112742045 789.0
392.37715559622694 773.0
392.6410920301366 944.0
392.9050205754503 680.0
393.1689412316849 763.0
393.43285399835736 770.0
393.69675887498465 773.0
393.96065586108335 785.0
394.2245449561705 780.0
394.4884261597629 797.0
394.75229947137757 773.0
395.01616489053123 769.0
395.28002241674085 945.0
395.5438720495231 694.0
395.80771378839506 758.0
396.0715476328735 786.0
396.33537358247537 781.0
396.5991916367174 789.0
396.86300179511665 780.0
397.12680405718976 788.0
397.39059842245376 795.0
397.65438489042543 776.0
397.91816346062177 937.0
398.18193413255955 705.0
398.4456969057556 771.0
398.7094517797268 775.0
398.97319875399006 765.0
399.2369378280623 788.0
399.50066900146027 779.0
399.764392273701 771.0
400.02810764430114 766.0
400.2918151127777 765.0
400.55551467864757 954.0
400.81920634142756 685.0
401.08289010063453 755.0
401.34656595578537 787.0
401.6102339063969 767.0
401.8738939519861 779.0
402.1375460920697 797.0
402.4011903261647 775.0
402.6648266537879 782.0
402.92845507445617 758.0
403.1920755876863 955.0
403.4556881929953 690.0
403.71929288990003 761.0
403.98288967791734 783.0
404.246478556564 766.0
404.5100595253569 782.0
404.77363258381297 769.0
405.03719773144906 774.0
405.3007549677821 780.0
405.56430429232887 780.0
405.82784570460626 941.0
406.0913792041311 684.0
406.35490479042033 750.0
406.61842246299085 760.0
406.88193222135936 771.0
407.14543406504293 775.0
407.4089279935582 778.0
407.6724140064223 775.0
407.9358921031519 780.0
408.19936228326395 761.0
408.4628245462754 952.0
408.7262788917029 682.0
408.9897253190635 767.0
409.25316382787395 776.0
409.5165944176513 782.0
409.7800170879122 775.0
410.04343183817366 771.0
410.30683866795243 783.0
410.57023757676546 784.0
410.83362856412975 769.0
411.09701162956185 956.0
411.3603867725789 685.0
411.62375399269763 761.0
411.887113289435 768.0
412.1504646623078 782.0
412.4138081108329 769.0
412.6771436345273 787.0
412.94047123290767 777.0
413.20379090549096 791.0
413.46710265179405 759.0
413.7304064713339 948.0
413.9937023636272 686.0
414.25699032819097 749.0
414.52027036454194 775.0
414.78354247219704 774.0
415.0468066506732 769.0
415.31006289948726 764.0
415.5733112181561 791.0
415.83655160619645 770.0
416.0997840631253 754.0
416.3630085884595 947.0
416.62622518171594 678.0
416.8894338424115 752.0
417.152634570063 780.0
417.4158273641873 762.0
417.67901222430123 763.0
417.9421891499217 775.0
418.2053581405658 776.0
418.46851919575005 773.0
418.7316723149915 771.0
418.99481749780693 930.0
419.2579547437133 700.0
419.5210840522274 771.0
419.78420542286625 790.0
420.04731885514644 781.0
420.31042434858506 769.0
420.573521902699 764.0
420.83661151700494 773.0
421.0996931910199 770.0
421.3627669242608 757.0
421.6258327162443 949.0
421.88889056648736 688.0
422.1519404745069 755.0
422.41498243981977 772.0
422.6780164619429 790.0
422.9410425403929 778.0
423.2040606746869 785.0
423.46707086434174 777.0
423.7300731088742 770.0
423.9930674078012 748.0
424.25605376063965 938.0
424.5190321669063 682.0
424.782002626118 748.0
425.0449651377918 764.0
425.30791970144446 785.0
425.57086631659286 785.0
425.83380498275386 772.0
426.0967356994443 783.0
426.3596584661811 772.0
426.6225732824811 757.0
426.88548014786113 935.0
427.14837906183817 690.0
427.411270023929 756.0
427.6741530336505 774.0
427.9370280905195 783.0
428.199895194053 762.0
428.46275434376776 790.0
428.72560553918066 797.0
428.98844877980855 774.0
429.2512840651683 782.0
429.51411139477693 952.0
429.77693076815115 693.0
430.03974218480784 762.0
430.3025456442639 775.0
430.5653411460361 782.0
430.82812868964146 770.0
431.09090827459687 780.0
431.353679900419 771.0
431.61644356662487 777.0
431.87919927273134 747.0
432.1419470182551 941.0
432.40468680271334 671.0
432.66741862562276 758.0
432.93014248650013 773.0
433.1928583848624 767.0
433.45556632022647 781.0
433.7182662921092 791.0
433.9809583000275 794.0
434.24364234349815 782.0
434.506318422038 770.0
434.768986535164 943.0
435.031646682393 688.0
435.2942988632418 756.0
435.55694307722734 778.0
435.81957932386655 767.0
436.08220760267614 783.0
436.34482791317305 781.0
436.6074402548742 773.0
436.8700446272964 769.0
437.1326410299566 776.0
437.3952294623715 953.0
437.65780992405803 685.0
437.9203824145332 756.0
438.1829469333138 770.0
438.4455034799166 761.0
438.7080520538586 784.0
438.9705926546565 773.0
439.23312528182737 772.0
439.49564993488787 772.0
439.7581666133551 767.0
440.0206753167459 959.0
440.28317604457686 689.0
440.5456687963651 747.0
440.8081535716274 776.0
441.07063036988075 780.0
441.3330991906418 768.0
441.5955600334276 779.0
441.858012897755 798.0
442.12045778314075 781.0
442.3828946891018 769.0
442.6453236151551 947.0
442.9077445608174 692.0
443.17015752560553 762.0
443.4325625090365 777.0
443.69495951062703 774.0
443.95734852989415 781.0
444.21972956635454 793.0
444.4821026195253 760.0
444.74446768892307 770.0
445.00682477406485 754.0
445.2691738744674 940.0
445.5315149896478 693.0
445.79384811912274 762.0
446.05617326240906 774.0
446.31849041902376 788.0
446.58079958848356 777.0
446.8431007703055 782.0
447.10539396400634 778.0
447.367679169103 766.0
447.6299563851123 767.0
447.892225611551 932.0
448.15448684793625 683.0
448.4167400937847 766.0
448.67898534861325 771.0
448.9412226119389 780.0
449.2034518832783 764.0
449.46567316214856 771.0
449.72788644806633 785.0
449.99009174054856 781.0
450.2522890391122 773.0
450.514478343274 947.0
450.77665965255085 688.0
451.0388329664597 762.0
451.30099828451733 765.0
451.5631556062406 781.0
451.82530493114655 780.0
452.08744625875175 766.0
452.3495795885734 764.0
452.6117049201281 774.0
452.87382225293277 764.0
453.13593158650446 946.0
453.3980329203598 680.0
453.6601262540158 744.0
453.9222115869893 770.0
454.1842889187971 760.0
454.4463582489562 763.0
454.70841957698343 780.0
454.97047290239556 784.0
455.23251822470957 764.0
455.49455554344223 766.0
455.75658485811044 948.0
456.0186061682312 689.0
456.2806194733211 760.0
456.5426247728973 790.0
456.8046220664765 782.0
457.0666113535756 773.0
457.32859263371154 778.0
457.5905659064011 777.0
457.8525311711611 783.0
458.1144884275086 775.0
458.37643767496024 948.0
458.6383789130331 684.0
458.9003121412439 764.0
459.1622373591095 768.0
459.4241545661469 782.0
459.68606376187284 766.0
459.9479649458043 787.0
460.2098581174581 768.0
460.471743276351 779.0
460.733620422 760.0
460.9954895539219 947.0
461.2573506716337 676.0
461.51920377465206 766.0
461.78104886249406 764.0
462.0428859346764 770.0
462.304714990716 785.0
462.5665360301298 784.0
462.82834905243453 773.0
463.09015405714723 787.0
463.35195104378465 773.0
463.6137400118636 942.0
463.8755209609011 694.0
464.13729389041396 768.0
464.399058799919 778.0
464.6608156889332 765.0
464.92256455697327 766.0
465.18430540355615 772.0
465.4460382281988 759.0
465.707763030418 761.0
465.96947980973056 764.0
466.23118856565344 943.0
466.49288929770347 679.0
466.75458200539765 762.0
467.0162666882526 784.0
467.27794334578533 780.0
467.5396119775127 779.0
467.8012725829516 772.0
468.0629251616188 781.0
468.3245697130314 770.0
468.586206236706 772.0
468.8478347321596 944.0
469.109455198909 710.0
469.3710676364711 768.0
469.6326720443629 770.0
469.89426842210105 778.0
470.1558567692025 795.0
470.4174370851842 766.0
470.6790093695629 779.0
470.94057362185555 777.0
471.20212984157905 770.0
471.4636780282501 960.0
471.72521818138574 702.0
471.9867503005027 744.0
472.248274385118 771.0
472.5097904347484 777.0
472.7712984489108 796.0
473.03279842712203 776.0
473.29429036889906 769.0
473.55577427375863 769.0
473.8172501412177 782.0
474.07871797079315 948.0
474.34017776200176 693.0
474.6016295143605 761.0
474.8630732273861 771.0
475.1245089005955 788.0
475.3859365335057 786.0
475.64735612563334 776.0
475.9087676764954 774.0
476.1701711856088 782.0
476.4315666524903 782.0
476.6929540766569 965.0
476.95433345762535 679.0
477.2157047949125 746.0
477.47706808803537 779.0
477.7384233365106 793.0
477.9997705398553 777.0
478.26110969758616 774.0
478.52244080922014 762.0
478.78376387427414 784.0
479.04507889226494 754.0
479.3063858627094 951.0
479.5676847851245 684.0
479.828975659027 752.0
480.0902584839338 785.0
480.3515332593618 778.0
480.61279998482775 782.0
480.8740586598487 783.0
481.13530928394147 785.0
481.3965518566228 770.0
481.65778637740965 763.0
481.9190128458189 944.0
482.1802312613674 678.0
482.4414416235721 753.0
482.70264393194964 772.0
482.9638381860171 792.0
483.2250243852913 787.0
483.4862025292891 772.0
483.7473726175273 772.0
484.0085346495229 774.0
484.26968862479265 769.0
484.5308345428534 942.0
484.79197240322225 685.0
485.0531022054157 762.0
485.314223948951 784.0
485.57533763334476 786.0
485.8364432581139 785.0
486.0975408227754 780.0
486.35863032684597 776.0
486.61971176984247 778.0
486.880785151282 765.0
487.1418504706812 951.0
487.402907727557 690.0
487.66395692142635 765.0
487.92499805180597 772.0
488.18603111821284 788.0
488.44705612016384 783.0
488.7080730571757 774.0
488.9690819287655 768.0
489.2300827344499 774.0
489.49107547374587 778.0
489.75206014617027 960.0
490.01303675124 699.0
490.27400528847187 765.0
490.53496575738274 777.0
490.79591815748955 763.0
491.05686248830915 771.0
491.31779874935836 777.0
491.57872694015396 772.0
491.8396470602131 783.0
492.1005591090524 776.0
492.3614630861888 942.0
492.6223589911392 679.0
492.88324682342045 764.0
493.14412658254946 775.0
493.40499826804296 776.0
493.66586187941795 783.0
493.92671741619125 772.0
494.18756487787977 756.0
494.44840426400026 780.0
494.70923557406974 771.0
494.97005880760497 957.0
495.23087396412285 687.0
495.4916810431403 771.0
495.7524800441741 789.0
496.01327096674123 772.0
496.27405381035845 784.0
496.53482857454264 771.0
496.79559525881075 776.0
497.05635386267954 780.0
497.31710438566597 779.0
497.57784682728686 943.0
497.8385811870591 678.0
498.0993074644995 770.0
498.360025659125 789.0
498.6207357704524 784.0
498.88143779799873 789.0
499.14213174128065 776.0
499.40281759981514 784.0
499.6634953731191 788.0
499.92416506070924 766.0
500.1848266621026 951.0
500.445480176816 673.0
500.70612560436615 756.0
500.96676294427016 778.0
501.22739219604483 775.0
501.48801335920695 785.0
501.74862643327344 791.0
502.00923141776116 783.0
502.2698283121869 777.0
502.5304171160677 759.0
502.7909978289203 940.0
503.0515704502616 697.0
503.31213497960846 767.0
503.57269141647777 773.0
503.8332397603864 776.0
504.09378001085116 775.0
504.354312167389 780.0
504.6148362295168 776.0
504.8753521967513 782.0
505.1358600686094 780.0
505.3963598446082 952.0
505.6568515242642 676.0
505.9173351070945 765.0
506.17781059261597 773.0
506.4382779803454 776.0
506.69873726979966 771.0
506.95918846049574 776.0
507.2196315519502 786.0
507.4800665436803 794.0
507.74049343520267 797.0
508.00091222603425 947.0
508.261322915692 691.0
508.5217255036924 782.0
508.7821199895529 788.0
509.0425063727899 773.0
509.3028846529204 793.0
509.5632548294615 782.0
509.8236169019296 768.0
510.0839708698421 767.0
510.3443167327155 770.0
510.60465449006676 949.0
510.8649841414127 692.0
511.12530568627034 752.0
511.3856191241566 781.0
511.64592445458794 773.0
511.90622167708165 778.0
512.1665107911545 772.0
512.4267917963232 792.0
512.6870646921047 790.0
512.947329478016 770.0
513.2075861535739 944.0
513.467834718295 675.0
513.7280751716964 775.0
513.9883075132952 791.0
514.248531742608 782.0
514.5087478591515 767.0
514.7689558624429 787.0
515.0291557519989 779.0
515.2893475273365 783.0
515.5495311879723 761.0
515.8097067334235 941.0
516.0698741632067 699.0
516.3300334768389 760.0
516.5901846738369 787.0
516.8503277537177 779.0
517.1104627159981 782.0
517.3705895601947 773.0
517.630708285825 797.0
517.8908188924053 783.0
518.1509213794526 769.0
518.411015746484 948.0
518.6711019930159 689.0
518.9311801185657 771.0
519.19125012265 776.0
519.4513120047856 775.0
519.7113657644896 778.0
519.9714114012784 781.0
520.2314489146695 781.0
520.4914783041794 774.0
520.751499569325 775.0
521.0115127096234 960.0
521.271517724591 696.0
521.5315146137451 758.0
521.7915033766022 766.0
522.0514840126796 776.0
522.3114565214938 793.0
522.5714209025618 776.0
522.8313771554007 769.0
523.0913252795269 793.0
523.3512652744578 761.0
523.6111971397097 948.0
523.8711208747998 682.0
524.1310364792452 762.0
524.390943952562 790.0
524.6508432942679 770.0
524.9107345038794 772.0
525.1706175809132 769.0
525.4304925248866 768.0
525.690359335316 786.0
525.9502180117188 761.0
526.2100685536113 941.0
526.4699109605107 703.0
526.729745231934 781.0
526.9895713673975 778.0
527.2493893664187 781.0
527.5091992285141 774.0
527.7690009532007 770.0
528.0287945399953 783.0
528.2885799884149 784.0
528.5483572979764 752.0
528.8081264681963 954.0
529.0678874985917 695.0
529.3276403886796 775.0
529.5873851379768 775.0
529.8471217460001 786.0
530.1068502122662 799.0
530.3665705362923 783.0
530.6262827175951 793.0
530.8859867556915 790.0
531.1456826500984 774.0
531.4053704003326 959.0
531.6650500059111 680.0
531.9247214663504 763.0
532.1843847811678 783.0
532.4440399498801 778.0
532.7036869720038 775.0
532.9633258470562 762.0
533.222956574554 771.0
533.4825791540142 772.0
533.7421935849534 763.0
534.0017998668885 958.0
534.2613979993366 706.0
534.5209879818145 750.0
534.780569813839 763.0
535.0401434949268 768.0
535.2997090245951 773.0
535.5592664023607 788.0
535.8188156277402 778.0
536.0783567002508 776.0
536.3378896194092 770.0
536.5974143847321 946.0
536.8569309957369 696.0
537.1164394519398 759.0
537.3759397528582 780.0
537.6354318980087 775.0
537.8949158869082 769.0
538.1543917190737 785.0
538.4138593940218 783.0
538.6733189112697 773.0
538.932770270334 757.0
539.1922134707318 954.0
539.4516485119797 678.0
539.7110753935946 755.0
539.9704941150937 787.0
540.2299046759937 765.0
540.4893070758112 784.0
540.7487013140633 783.0
541.008087390267 790.0
541.2674653039389 780.0
541.526835054596 772.0
541.7861966417552 954.0
542.0455500649333 681.0
542.3048953236471 774.0
542.5642324174137 789.0
542.8235613457497 784.0
543.0828821081722 788.0
543.3421947041979 769.0
543.6014991333436 792.0
543.8607953951266 779.0
544.1200834890632 748.0
544.3793634146708 942.0
544.6386351714658 683.0
544.8978987589653 767.0
545.1571541766862 774.0
545.4164014241451 771.0
545.6756405008593 777.0
545.9348714063455 782.0
546.1940941401203 773.0
546.4533087017008 787.0
546.712515090604 758.0
546.9717133063466 940.0
547.2309033484453 692.0
547.4900852164174 768.0
547.7492589097793 784.0
548.0084244280482 772.0
548.2675817707409 777.0
548.526730937374 769.0
548.7858719274648 784.0
549.0450047405299 783.0
549.3041293760863 770.0
549.5632458336507 948.0
549.82235411274 672.0
550.0814542128714 763.0
550.3405461335612 787.0
550.5996298743269 772.0
550.8587054346848 774.0
551.117772814152 783.0
551.3768320122455 784.0
551.6358830284819 773.0
551.8949258623783 756.0
552.1539605134514 936.0
552.4129869812182 683.0
552.6720052651955 753.0
552.9310153649002 781.0
553.1900172798491 780.0
553.4490110095592 788.0
553.7079965535472 770.0
553.9669739113302 783.0
554.2259430824248 779.0
554.484904066348 778.0
554.7438568626167 958.0
555.0028014707476 710.0
555.261737890258 768.0
555.520666120664 772.0
555.7795861614834 773.0
556.0384980122324 780.0
556.2974016724281 773.0
556.5562971415874 776.0
556.8151844192269 782.0
557.0740635048638 775.0
557.3329343980148 956.0
557.5917970981968 676.0
557.8506516049267 761.0
558.1094979177213 762.0
558.3683360360976 783.0
558.6271659595724 790.0
558.8859876876625 793.0
559.1448012198848 788.0
559.4036065557561 788.0
559.6624036947936 762.0
559.9211926365136 947.0
560.1799733804337 699.0
560.43874592607 758.0
560.6975102729399 786.0
560.9562664205602 779.0
561.2150143684473 776.0
561.4737541161188 771.0
561.732485663091 778.0
561.9912090088809 775.0
562.2499241530056 773.0
562.5086310949818 953.0
562.7673298343262 684.0
563.026020370556 772.0
563.2847027031879 781.0
563.5433768317389 771.0
563.8020427557254 787.0
564.0607004746649 777.0
564.3193499880738 776.0
564.5779912954692 765.0
564.8366243963679 766.0
565.0952492902868 957.0
565.3538659767429 689.0
565.6124744552527 765.0
565.8710747253335 778.0
566.1296667865018 780.0
566.3882506382747 780.0
566.6468262801691 782.0
566.9053937117014 761.0
567.1639529323893 766.0
567.4225039417488 759.0
567.6810467392974 957.0
567.9395813245517 684.0
568.1981076970284 763.0
568.4566258562448 778.0
568.7151358017175 776.0
568.9736375329633 781.0
569.2321310494995 775.0
569.4906163508422 770.0
569.749093436509 768.0
570.0075623060163 771.0
570.2660229588813 946.0
570.5244753946206 678.0
570.7829196127512 760.0
571.0413556127901 781.0
571.2997833942537 774.0
571.5582029566596 781.0
571.8166142995238 772.0
572.075017422364 777.0
572.3334123246967 778.0
572.5917990060384 770.0
572.8501774659068 938.0
573.108547703818 692.0
573.3669097192892 770.0
573.6252635118373 782.0
573.8836090809789 786.0
574.1419464262314 785.0
574.400275547111 777.0
574.6585964431351 765.0
574.9169091138205 766.0
575.1752135586836 757.0
575.4335097772419 945.0
575.6917977690118 688.0
575.9500775335105 758.0
576.2083490702545 789.0
576.4666123787609 772.0
576.7248674585469 778.0
576.9831143091286 785.0
577.2413529300236 784.0
577.4995833207483 766.0
577.7578054808198 758.0
578.0160194097549 943.0
578.2742251070703 675.0
578.5324225722832 758.0
578.7906118049101 776.0
579.0487928044681 780.0
579.3069655704743 782.0
579.565130102445 771.0
579.8232863998975 770.0
580.0814344623485 775.0
580.339574289315 776.0
580.5977058803137 956.0
580.8558292348614 694.0
581.1139443524753 742.0
581.3720512326721 760.0
581.6301498749685 771.0
581.8882402788817 776.0
582.146322443928 774.0
582.4043963696251 784.0
582.6624620554893 774.0
582.9205195010375 774.0
583.1785687057866 961.0
583.4366096692537 686.0
583.6946423909554 761.0
583.9526668704085 771.0
584.2106831071303 779.0
584.4686911006373 777.0
584.7266908504463 779.0
584.9846823560746 774.0
585.2426656170385 832.0
585.5006406328554 805.0
585.7586074030418 962.0
586.0165659271148 693.0
586.2745162045912 751.0
586.5324582349878 767.0
586.7903920178214 778.0
587.0483175526091 788.0
587.3062348388676 781.0
587.5641438761138 775.0
587.8220446638645 786.0
588.0799372016369 762.0
588.3378214889474 949.0
588.5956975253132 680.0
588.8535653102509 749.0
589.1114248432776 777.0
589.3692761239103 784.0
589.6271191516653 772.0
589.88495392606 784.0
590.1427804466111 774.0
590.4005987128355 773.0
590.6584087242501 755.0
590.9162104803713 937.0
591.1740039807169 677.0
591.4317892248029 760.0
591.6895662121466 762.0
591.9473349422648 774.0
592.2050954146741 775.0
592.462847628892 783.0
592.7205915844347 777.0
592.9783272808194 772.0
593.236054717563 771.0
593.493773894182 939.0
593.7514848101939 692.0
594.009187465115 763.0
594.2668818584625 771.0
594.5245679897531 768.0
594.7822458585038 775.0
595.0399154642313 777.0
595.2975768064524 784.0
595.5552298846843 782.0
595.8128746984438 777.0
596.0705112472474 951.0
596.3281395306126 690.0
596.5857595480555 777.0
596.8433712990935 766.0
597.1009747832434 768.0
597.3585700000219 782.0
597.6161569489462 784.0
597.8737356295327 777.0
598.1313060412986 781.0
598.3888681837607 777.0
598.6464220564358 949.0
598.9039676588409 699.0
599.1615049904925 765.0
599.4190340509081 764.0
599.676554839604 776.0
599.9340673560972 766.0
600.1915715999048 775.0
600.4490675705435 790.0
600.7065552675302 777.0
600.9640346903817 765.0
601.221505838615 949.0
601.4789687117469 701.0
601.7364233092942 776.0
601.9938696307739 772.0
602.2513076757026 772.0
602.5087374435976 788.0
602.7661589339755 779.0
603.023572146353 776.0
603.2809770802475 788.0
603.5383737351752 764.0
603.7957621106534 960.0
604.053142206199 687.0
604.3105140213286 761.0
604.5678775555593 781.0
604.8252328084078 773.0
605.0825797793912 792.0
605.3399184680261 776.0
605.5972488738295 780.0
605.8545709963181 776.0
606.111884835009 786.0
606.3691903894193 954.0
606.6264876590651 689.0
606.883776643464 764.0
607.1410573421324 769.0
607.3983297545875 770.0
607.6555938803461 784.0
607.9128497189247 774.0
608.1700972698408 787.0
608.4273365326108 779.0
608.6845675067516 779.0
608.9417901917803 938.0
609.1990045872135 699.0
609.4562106925683 754.0
609.7134085073615 777.0
609.9705980311098 779.0
610.2277792633305 778.0
610.4849522035397 789.0
610.7421168512552 770.0
610.9992732059933 784.0
611.2564212672709 778.0
611.5135610346049 941.0
611.7706925075122 682.0
612.0278156855098 759.0
612.2849305681145 764.0
612.542037154843 761.0
612.7991354452124 777.0
613.0562254387393 768.0
613.3133071349409 788.0
613.5703805333337 762.0
613.8274456334349 758.0
614.0845024347612 938.0
614.3415509368294 695.0
614.5985911391567 762.0
614.8556230412595 777.0
615.1126466426551 772.0
615.36966194286 774.0
615.6266689413914 773.0
615.8836676377659 792.0
616.1406580315004 777.0
616.3976401221121 761.0
616.6546139091173 934.0
616.9115793920333 692.0
617.1685365703769 760.0
617.4254854436648 779.0
617.6824260114142 781.0
617.9393582731417 774.0
618.196282228364 790.0
618.4531978765983 782.0
618.7101052173614 772.0
618.9670042501702 769.0
619.2238949745413 959.0
619.4807773899919 690.0
619.7376514960388 761.0
619.9945172921986 774.0
620.2513747779885 766.0
620.508223952925 778.0
620.7650648165256 788.0
621.0218973683066 788.0
621.2787216077849 782.0
621.5355375344776 772.0
621.7923451479013 933.0
622.0491444475734 689.0
622.3059354330103 766.0
622.5627181037288 769.0
622.8194924592461 783.0
623.0762584990788 785.0
623.333016222744 777.0
623.5897656297584 780.0
623.8465067196389 773.0
624.1032394919024 771.0
624.3599639460657 940.0
624.6166800816459 697.0
624.8733878981594 769.0
625.1300873951237 770.0
625.3867785720552 779.0
625.6434614284708 790.0
625.9001359638876 773.0
626.1568021778221 790.0
626.4134600697917 778.0
626.6701096393127 776.0
626.9267508859024 947.0
627.1833838090776 691.0
627.4400084083547 758.0
627.6966246832512 772.0
627.9532326332837 767.0
628.2098322579691 779.0
628.4664235568243 778.0
628.723006529366 762.0
628.9795811751112 788.0
629.2361474935768 763.0
629.4927054842794 952.0
629.7492551467363 699.0
630.0057964804641 755.0
630.2623294849799 769.0
630.5188541598001 778.0
630.775370504442 774.0
631.0318785184223 782.0
631.2883782012578 783.0
631.5448695524658 778.0
631.8013525715625 763.0
632.0578272580652 949.0
632.3142936114906 685.0
632.5707516313557 764.0
632.8272013171775 773.0
633.0836426684723 784.0
633.3400756847575 787.0
633.5965003655499 779.0
633.8529167103661 791.0
634.1093247187234 792.0
634.3657243901381 759.0
634.6221157241276 953.0
634.8784987202085 678.0
635.1348733778977 759.0
635.3912396967121 785.0
635.6475976761684 773.0
635.9039473157839 769.0
636.1602886150749 786.0
636.4166215735588 785.0
636.6729461907521 783.0
636.9292624661718 772.0
637.1855703993349 953.0
637.4418699897578 681.0
637.6981612369581 769.0
637.9544441404521 779.0
638.2107186997567 793.0
638.4669849143892 784.0
638.7232427838659 775.0
638.979492307704 785.0
639.2357334854204 782.0
639.4919663165317 785.0
639.7481908005552 958.0
640.0044069370073 761.0
640.2606147254052 1111.0
640.5168141652655 1033.0
640.7730052561054 923.0
641.0291879974413 805.0
641.2853623887906 789.0
641.5415284296699 780.0
641.797686119596 778.0
642.0538354580859 770.0
642.3099764446565 944.0
642.5661090788245 704.0
642.8222333601069 758.0
643.0783492880205 786.0
643.3344568620822 754.0
643.5905560818089 773.0
643.8466469467173 766.0
644.1027294563247 792.0
644.3588036101473 793.0
644.6148694077026 764.0
644.8709268485071 942.0
645.1269759320778 695.0
645.3830166579316 764.0
645.6390490255851 782.0
645.8950730345556 782.0
646.1510886843597 789.0
646.4070959745143 776.0
646.6630949045363 785.0
646.9190854739425 780.0
647.17506768225 781.0
647.4310415289752 952.0
647.6870070136354 704.0
647.9429641357473 768.0
648.1989128948277 771.0
648.4548532903938 776.0
648.7107853219619 782.0
648.9667089890495 778.0
649.222624291173 790.0
649.4785312278494 778.0
649.7344297985958 776.0
649.9903200029287 950.0
650.2462018403652 706.0
650.502075310422 772.0
650.7579404126162 798.0
651.0137971464646 785.0
651.2696455114838 780.0
651.525485507191 776.0
651.7813171331029 775.0
652.0371403887364 758.0
652.2929552736086 756.0
652.5487617872358 956.0
652.8045599291355 693.0
653.0603496988242 769.0
653.3161310958188 789.0
653.5719041196362 775.0
653.8276687697933 785.0
654.0834250458071 775.0
654.3391729471941 788.0
654.5949124734717 788.0
654.8506436241562 777.0
655.1063663987647 950.0
655.3620807968144 681.0
655.6177868178215 757.0
655.8734844613035 790.0
656.129173726777 770.0
656.3848546137588 779.0
656.6405271217659 790.0
656.8961912503149 779.0
657.1518469989231 795.0
657.4074943671071 783.0
657.6631333543837 946.0
657.9187639602701 688.0
658.1743861842826 747.0
658.4300000259387 787.0
658.6856054847549 792.0
658.9412025602483 768.0
659.1967912519353 788.0
659.4523715593333 778.0
659.707943481959 774.0
659.9635070193291 774.0
660.2190621709606 952.0
660.4746089363705 703.0
660.7301473150753 760.0
660.9856773065924 782.0
661.2411989104381 784.0
661.4967121261298 789.0
661.7522169531838 785.0
662.0077133911174 793.0
662.2632014394475 776.0
662.5186810976904 755.0
662.7741523653638 951.0
663.029615241984 686.0
663.2850697270679 767.0
663.5405158201327 769.0
663.7959535206948 784.0
664.0513828282715 782.0
664.3068037423793 773.0
664.5622162625355 778.0
664.8176203882564 777.0
665.0730161190594 769.0
665.3284034544613 953.0
665.5837823939785 675.0
665.8391529371283 756.0
666.0945150834276 774.0
666.349868832393 773.0
666.6052141835415 769.0
666.8605511363899 775.0
667.1158796904554 777.0
667.3711998452544 791.0
667.626511600304 775.0
667.8818149551211 963.0
668.1371099092223 688.0
668.3923964621249 771.0
668.6476746133454 776.0
668.9029443624008 793.0
669.1582057088083 773.0
669.4134586520839 777.0
669.6687031917455 773.0
669.9239393273093 787.0
670.1791670582923 769.0
670.4343863842114 945.0
670.6895973045835 710.0
670.9447998189256 771.0
671.1999939267544 776.0
671.4551796275866 782.0
671.7103569209394 763.0
671.9655258063294 775.0
672.220686283274 785.0
672.475838351289 761.0
672.7309820098925 784.0
672.9861172586005 944.0
673.2412440969302 690.0
673.4963625243987 766.0
673.7514725405223 779.0
674.0065741448183 767.0
674.2616673368035 781.0
674.5167521159946 792.0
674.7718284819086 799.0
675.0268964340622 787.0
675.2819559719727 776.0
675.5370070951565 953.0
675.7920498031307 688.0
676.0470840954122 746.0
676.3021099715176 792.0
676.5571274309642 784.0
676.8121364732684 788.0
677.0671370979474 771.0
677.3221293045178 759.0
677.5771130924968 779.0
677.8320884614011 784.0
678.0870554107474 957.0
678.3420139400529 693.0
678.5969640488343 761.0
678.8519057366083 764.0
679.1068390028922 776.0
679.3617638472023 769.0
679.616680269056 785.0
679.8715882679699 778.0
680.1264878434607 788.0
680.3813789950458 778.0
680.6362617222414 962.0
680.8911360245651 698.0
681.146001901533 769.0
681.4008593526627 785.0
681.6557083774705 784.0
681.9105489754734 787.0
682.1653811461886 784.0
682.4202048891326 781.0
682.6750202038223 784.0
682.9298270897748 779.0
683.1846255465068 944.0
683.4394155735351 682.0
683.6941971703767 765.0
683.9489703365485 791.0
684.2037350715673 780.0
684.4584913749499 776.0
684.7132392462133 777.0
684.9679786848742 766.0
685.2227096904496 774.0
685.4774322624564 757.0
685.7321464004115 962.0
685.9868521038316 707.0
686.2415493722334 759.0
686.4962382051343 772.0
686.7509186020508 773.0
687.0055905624997 768.0
687.2602540859983 791.0
687.514909172063 785.0
687.7695558202109 784.0
688.0241940299587 789.0
688.2788238008236 951.0
688.5334451323221 685.0
688.7880580239712 756.0
689.042662475288 776.0
689.2972584857889 782.0
689.5518460549912 770.0
689.8064251824115 781.0
690.0609958675668 766.0
690.3155581099742 777.0
690.5701119091498 773.0
690.8246572646113 945.0
691.0791941758752 682.0
691.3337226424583 763.0
691.5882426638777 783.0
691.84275423965 784.0
692.0972573692924 769.0
692.3517520523214 781.0
692.6062382882542 764.0
692.8607160766074 775.0
693.1151854168979 768.0
693.3696463086428 947.0
693.6240987513587 691.0
693.8785427445628 757.0
694.1329782877717 764.0
694.3874053805022 772.0
694.6418240222713 780.0
694.8962342125958 786.0
695.1506359509929 780.0
695.405029236979 776.0
695.6594140700711 762.0
695.9137904497863 939.0
696.168158375641 686.0
696.4225178471527 768.0
696.676868863838 790.0
696.9312114252134 774.0
697.1855455307963 794.0
697.4398711801031 789.0
697.6941883726512 779.0
697.9484971079568 778.0
698.2027973855375 757.0
698.4570892049098 937.0
698.7113725655903 694.0
698.9656474670965 762.0
699.2199139089445 783.0
699.4741718906519 766.0
699.7284214117353 778.0
699.9826624717113 776.0
700.2368950700971 779.0
700.4911192064093 759.0
700.7453348801653 768.0
700.9995420908814 960.0
701.2537408380745 693.0
701.5079311212619 758.0
701.7621129399598 783.0
702.016286293686 773.0
702.2704511819566 766.0
702.5246076042886 782.0
702.778755560199 797.0
703.0328950492045 778.0
703.2870260708224 762.0
703.5411486245691 938.0
703.7952627099618 690.0
704.0493683265172 753.0
704.3034654737519 779.0
704.5575541511835 781.0
704.8116343583279 776.0
705.0657060947029 773.0
705.3197693598249 792.0
705.5738241532106 787.0
705.8278704743772 759.0
706.0819083228414 939.0
706.3359376981203 698.0
706.5899585997306 773.0
706.8439710271889 789.0
707.0979749800126 779.0
707.3519704577179 756.0
707.6059574598225 766.0
707.8599359858429 781.0
708.1139060352955 766.0
708.3678676076978 766.0
708.6218207025663 930.0
708.8757653194182 695.0
709.12970145777 754.0
709.3836291171389 763.0
709.6375482970416 784.0
709.8914589969946 780.0
710.1453612165157 781.0
710.3992549551208 766.0
710.6531402123275 785.0
710.9070169876522 778.0
711.1608852806118 953.0
711.4147450907236 694.0
711.6685964175037 763.0
711.9224392604699 778.0
712.1762736191384 775.0
712.4300994930262 756.0
712.6839168816504 788.0
712.9377257845274 772.0
713.1915262011746 792.0
713.4453181311087 766.0
713.6991015738463 952.0
713.9528765289045 692.0
714.2066429958 771.0
714.4604009740502 767.0
714.7141504631712 776.0
714.9678914626805 775.0
715.2216239720948 775.0
715.4753479909306 781.0
715.7290635187052 802.0
715.982770554935 771.0
716.2364690991376 950.0
716.4901591508293 703.0
716.743840709527 777.0
716.9975137747479 794.0
717.2511783460084 773.0
717.5048344228259 782.0
717.7584820047169 775.0
718.0121210911982 778.0
718.2657516817872 783.0
718.519373776 774.0
718.772987373354 960.0
719.026592473366 693.0
719.2801890755527 760.0
719.5337771794311 776.0
719.7873567845179 777.0
720.0409278903304 776.0
720.294490496385 777.0
720.5480446021987 776.0
720.8015902072887 792.0
721.0551273111711 765.0
721.3086559133636 956.0
721.5621760133826 705.0
721.815687610745 771.0
722.0691907049679 794.0
722.3226852955679 770.0
722.5761713820622 771.0
722.8296489639672 795.0
723.0831180408002 798.0
723.3365786120778 768.0
723.5900306773169 758.0
723.8434742360346 957.0
724.0969092877473 689.0
724.3503358319725 766.0
724.6037538682267 793.0
724.8571633960265 793.0
725.1105644148894 770.0
725.3639569243315 778.0
725.6173409238706 753.0
725.8707164130229 760.0
726.1240833913054 761.0
726.3774418582351 961.0
726.6307918133285 688.0
726.8841332561029 764.0
727.137466186075 780.0
727.3907906027619 772.0
727.6441065056802 780.0
727.8974138943464 786.0
728.1507127682783 790.0
728.4040031269918 786.0
728.6572849700045 754.0
728.9105582968331 951.0
729.1638231069941 689.0
729.4170794000048 763.0
729.6703271753817 785.0
729.923566432642 792.0
730.1767971713025 778.0
730.4300193908798 781.0
730.6832330908911 801.0
730.936438270853 795.0
731.1896349302828 783.0
731.442823068697 950.0
731.6960026856123 698.0
731.949173780546 758.0
732.2023363530145 758.0
732.4554904025351 770.0
732.7086359286245 779.0
732.9617729307997 767.0
733.2149014085775 772.0
733.4680213614745 762.0
733.7211327890079 772.0
733.9742356906943 942.0
734.2273300660511 688.0
734.4804159145946 765.0
734.7334932358416 772.0
734.9865620293094 768.0
735.2396222945147 764.0
735.4926740309744 773.0
735.7457172382054 781.0
735.9987519157243 794.0
736.2517780630484 777.0
736.504795679694 940.0
736.7578047651785 692.0
737.0108053190187 772.0
737.2637973407312 794.0
737.516780829833 788.0
737.769755785841 776.0
738.0227222082721 772.0
738.2756800966428 777.0
738.5286294504706 774.0
738.781570269272 775.0
739.0345025525638 940.0
739.2874262998632 692.0
739.5403415106866 784.0
739.7932481845512 781.0
740.046146320974 787.0
740.2990359194714 782.0
740.5519169795606 789.0
740.8047895007583 781.0
741.0576534825816 772.0
741.3105089245472 762.0
741.563355826172 966.0
741.8161941869729 688.0
742.0690240064664 762.0
742.3218452841702 785.0
742.5746580196005 790.0
742.8274622122741 762.0
743.0802578617083 792.0
743.3330449674197 776.0
743.5858235289254 784.0
743.8385935457418 776.0
744.0913550173865 953.0
744.3441079433758 689.0
744.5968523232264 774.0
744.8495881564559 771.0
745.1023154425804 785.0
745.3550341811174 777.0
745.6077443715835 793.0
745.8604460134952 787.0
746.1131391063701 796.0
746.3658236497243 774.0
746.6184996430754 940.0
746.87116708594 693.0
747.1238259778346 769.0
747.3764763182764 786.0
747.6291181067822 780.0
747.8817513428692 783.0
748.1343760260539 784.0
748.3869921558529 796.0
748.6395997317837 793.0
748.8921987533628 774.0
749.1447892201071 952.0
749.3973711315336 691.0
749.6499444871589 758.0
749.9025092865003 789.0
750.1550655290741 783.0
750.4076132143978 780.0
750.6601523419877 771.0
750.912682911361 791.0
751.1652049220347 781.0
751.4177183735251 784.0
751.6702232653497 947.0
751.9227195970248 696.0
752.1752073680677 766.0
752.4276865779954 801.0
752.680157226324 795.0
752.9326193125712 780.0
753.1850728362533 778.0
753.4375177968876 775.0
753.6899541939908 774.0
753.9423820270795 777.0
754.194801295671 936.0
754.4472119992819 710.0
754.6996141374291 769.0
754.9520077096296 783.0
755.2043927154 779.0
755.4567691542577 783.0
755.7091370257187 784.0
755.9614963293008 779.0
756.2138470645202 769.0
756.4661892308942 784.0
756.7185228279395 960.0
756.9708478551728 684.0
757.2231643121112 769.0
757.4754721982714 787.0
757.7277715131704 769.0
757.9800622563251 789.0
758.2323444272521 778.0
758.4846180254688 788.0
758.7368830504913 771.0
758.9891395018373 769.0
759.2413873790232 943.0
759.4936266815657 695.0
759.7458574089821 768.0
759.9980795607888 786.0
760.2502931365033 782.0
760.502498135642 772.0
760.7546945577217 788.0
761.0068824022595 771.0
761.2590616687722 782.0
761.5112323567769 760.0
761.7633944657899 938.0
762.0155479953288 685.0
762.26769294491 782.0
762.5198293140501 785.0
762.7719571022666 788.0
763.024076309076 771.0
763.2761869339953 783.0
763.5282889765415 781.0
763.780382436231 778.0
764.032467312581 774.0
764.2845436051083 962.0
764.53661131333 679.0
764.7886704367629 756.0
765.0407209749233 765.0
765.2927629273288 775.0
765.5447962934958 766.0
765.7968210729414 782.0
766.0488372651824 777.0
766.3008448697357 775.0
766.5528438861181 768.0
766.8048343138464 942.0
767.0568161524378 687.0
767.3087894014087 774.0
767.5607540602764 796.0
767.8127101285577 787.0
768.0646576057691 779.0
768.3165964914278 781.0
768.5685267850505 782.0
768.8204484861544 781.0
769.0723615942561 766.0
769.3242661088722 938.0
769.5761620295201 680.0
769.8280493557162 776.0
770.0799280869778 785.0
770.3317982228216 784.0
770.5836597627642 776.0
770.835512706323 774.0
771.0873570530143 781.0
771.3391928023555 782.0
771.591019953863 779.0
771.8428385070538 938.0
772.094648461445 701.0
772.3464498165532 763.0
772.5982425718955 768.0
772.8500267269885 758.0
773.1018022813494 786.0
773.3535692344948 771.0
773.6053275859415 781.0
773.8570773352067 773.0
774.108818481807 773.0
774.3605510252594 951.0
774.6122749650807 681.0
774.8639903007878 778.0
775.1156970318975 781.0
775.3673951579267 777.0
775.6190846783925 785.0
775.8707655928115 776.0
776.1224379007004 774.0
776.3741016015766 784.0
776.6257566949563 781.0
776.8774031803571 964.0
777.1290410572955 701.0
777.3806703252881 750.0
777.6322909838522 786.0
777.8839030325043 784.0
778.1355064707618 779.0
778.3871012981411 781.0
778.6386875141592 769.0
778.890265118333 768.0
779.1418341101793 774.0
779.3933944892151 938.0
779.6449462549571 692.0
779.8964894069222 758.0
780.1480239446275 794.0
780.3995498675895 775.0
780.6510671753255 790.0
780.9025758673517 770.0
781.1540759431858 780.0
781.4055674023442 791.0
781.6570502443437 770.0
781.9085244687013 934.0
782.159990074934 685.0
782.4114470625585 757.0
782.6628954310918 771.0
782.9143351800503 794.0
783.1657663089516 779.0
783.4171888173119 778.0
783.6686027046486 773.0
783.9200079704783 776.0
784.1714046143178 772.0
784.4227926356843 948.0
784.6741720340941 682.0
784.9255428090647 761.0
785.1769049601126 763.0
785.4282584867548 773.0
785.6796033885082 785.0
785.9309396648893 789.0
786.1822673154155 782.0
786.4335863396033 774.0
786.6848967369698 772.0
786.9361985070317 950.0
787.1874916493058 713.0
787.4387761633094 779.0
787.6900520485588 770.0
787.9413193045713 782.0
788.1925779308636 776.0
788.4438279269523 773.0
788.6950692923548 774.0
788.9463020265875 781.0
789.1975261291677 778.0
789.448741599612 950.0
789.6999484374371 706.0
789.9511466421604 763.0
790.2023362132982 773.0
790.4535171503677 788.0
790.7046894528855 771.0
790.9558531203689 760.0
791.2070081523347 757.0
791.458154548299 781.0
791.7092923077797 778.0
791.9604214302931 944.0
792.2115419153562 699.0
792.462653762486 748.0
792.7137569711989 784.0
792.9648515410123 780.0
793.2159374714428 770.0
793.4670147620074 772.0
793.718083412223 784.0
793.9691434216061 774.0
794.220194789674 779.0
794.4712375159432 932.0
794.722271599931 696.0
794.9732970411541 753.0
795.2243138391292 770.0
795.4753219933733 778.0
795.7263215034031 790.0
795.9773123687357 781.0
796.2282945888878 776.0
796.4792681633767 779.0
796.7302330917187 779.0
796.9811893734307 965.0
797.23213700803 706.0
797.483075995033 770.0
797.7340063339569 793.0
797.9849280243186 777.0
798.2358410656345 776.0
798.4867454574222 790.0
798.7376411991978 766.0
798.9885282904788 792.0
799.2394067307818 772.0
799.4902765196234 946.0
799.741137656521 702.0
799.9919901409909 770.0
800.2428339725506 784.0
800.4936691507165 791.0
800.7444956750055 794.0
800.9953135449347 782.0
801.2461227600207 760.0
801.4969233197808 777.0
801.7477152237312 788.0
801.9984984713894 955.0
802.2492730622722 688.0
802.5000389958959 753.0
802.7507962717781 775.0
803.0015448894349 778.0
803.252284848384 789.0
803.5030161481417 791.0
803.7537387882248 772.0
804.0044527681507 748.0
804.2551580874358 766.0
804.5058547455972 938.0
804.7565427421519 680.0
805.0072220766161 770.0
805.2578927485075 782.0
805.5085547573423 773.0
805.7592081026379 775.0
806.009852783911 774.0
806.2604888006782 770.0
806.5111161524568 761.0
806.7617348387631 775.0
807.0123448591147 950.0
807.2629462130279 694.0
807.5135389000196 771.0
807.7641229196071 781.0
808.0146982713067 776.0
808.2652649546358 760.0
808.5158229691108 774.0
808.7663723142489 788.0
809.016912989567 774.0
809.2674449945815 750.0
809.5179683288098 930.0
809.7684829917686 674.0
810.0189889829746 759.0
810.269486301945 772.0
810.5199749481961 769.0
810.7704549212456 780.0
811.0209262206095 770.0
811.2713888458052 780.0
811.5218427963496 777.0
811.7722880717591 788.0
812.022724671551 941.0
812.2731525952421 691.0
812.5235718423493 770.0
812.7739824123893 771.0
813.0243843048788 789.0
813.2747775193352 782.0
813.5251620552749 772.0
813.7755379122152 777.0
814.0259050896724 789.0
814.276263587164 757.0
814.5266134042064 946.0
814.7769545403165 694.0
815.0272869950115 757.0
815.2776107678079 770.0
815.5279258582229 781.0
815.7782322657732 769.0
816.0285299899754 770.0
816.2788190303468 779.0
816.529099386404 778.0
816.7793710576641 768.0
817.0296340436439 947.0
817.2798883438601 694.0
817.5301339578298 773.0
817.7803708850694 773.0
818.0305991250964 778.0
818.2808186774273 777.0
818.531029541579 770.0
818.7812317170685 774.0
819.0314252034124 768.0
819.281610000128 777.0
819.5317861067317 956.0
819.7819535227408 693.0
820.0321122476719 762.0
820.2822622810417 778.0
820.5324036223675 783.0
820.7825362711658 768.0
821.0326602269538 769.0
821.2827754892483 774.0
821.5328820575656 785.0
821.7829799314234 762.0
822.033069110338 944.0
822.2831495938267 694.0
822.5332213814061 773.0
822.7832844725929 774.0
823.0333388669044 779.0
823.283384563857 772.0
823.533421562968 782.0
823.7834498637541 785.0
824.033469465732 784.0
824.2834803684189 766.0
824.5334825713311 935.0
824.7834760739862 682.0
825.0334608759005 750.0
825.2834369765912 749.0
825.5334043755751 780.0
825.7833630723688 794.0
826.0333130664897 767.0
826.2832543574541 774.0
826.5331869447793 777.0
826.783110827982 766.0
827.0330260065789 940.0
827.2829324800872 692.0
827.5328302480233 759.0
827.7827193099047 781.0
828.032599665248 785.0
828.2824713135695 785.0
828.532334254387 770.0
828.7821884872168 775.0
829.0320340115759 781.0
829.2818708269813 777.0
829.5316989329494 949.0
829.7815183289979 683.0
830.0313290146428 759.0
830.2811309894015 758.0
830.5309242527906 767.0
830.7807088043272 761.0
831.0304846435281 784.0
831.2802517699099 785.0
831.5300101829899 773.0
831.7797598822846 779.0
832.0295008673112 941.0
832.2792331375864 691.0
832.5289566926268 761.0
832.7786715319497 768.0
833.0283776550717 771.0
833.27807506151 776.0
833.5277637507811 784.0
833.7774437224018 788.0
834.0271149758895 761.0
834.2767775107606 753.0
834.526431326532 935.0
834.7760764227208 682.0
835.0257127988438 761.0
835.2753404544177 778.0
835.5249593889594 779.0
835.774569601986 778.0
836.0241710930143 763.0
836.2737638615607 779.0
836.5233479071428 768.0
836.7729232292768 776.0
837.0224898274802 953.0
837.2720477012693 704.0
837.5215968501614 769.0
837.7711372736733 774.0
838.0206689713215 782.0
838.2701919426232 788.0
838.5197061870952 772.0
838.7692117042545 773.0
839.0187084936177 770.0
839.2681965547017 762.0
839.5176758870236 942.0
839.7671464901001 711.0
840.0166083634483 762.0
840.2660615065847 778.0
840.5155059190262 778.0
840.7649416002901 775.0
841.0143685498927 775.0
841.2637867673512 779.0
841.5131962521828 781.0
841.7625970039035 769.0
842.0119890220308 932.0
842.2613723060813 689.0
842.5107468555723 760.0
842.76011267002 771.0
843.0094697489418 768.0
843.2588180918546 772.0
843.5081576982747 772.0
843.7574885677194 772.0
844.0068106997054 781.0
844.25612409375 760.0
844.5054287493696 945.0
844.754724666081 704.0
845.0040118434015 771.0
845.2532902808475 783.0
845.5025599779364 779.0
845.7518209341847 785.0
846.0010731491091 778.0
846.2503166222269 776.0
846.4995513530547 775.0
846.7487773411094 774.0
846.9979945859081 927.0
847.2472030869674 675.0
847.4964028438043 745.0
847.7455938559353 784.0
847.994776122878 783.0
848.2439496441485 784.0
848.4931144192642 782.0
848.7422704477419 788.0
848.9914177290981 787.0
849.2405562628502 774.0
849.4896860485144 956.0
849.7388070856083 687.0
849.9879193736485 763.0
850.2370229121515 785.0
850.4861177006346 781.0
850.7352037386146 771.0
850.9842810256082 769.0
851.2333495611326 778.0
851.482409344704 770.0
851.7314603758401 758.0
851.9805026540571 950.0
852.2295361788724 672.0
852.4785609498026 749.0
852.7275769663643 773.0
852.9765842280748 756.0
853.2255827344507 769.0
853.4745724850093 786.0
853.7235534792667 789.0
853.9725257167406 778.0
854.2214891969475 760.0
854.4704439194039 946.0
854.7193898836274 688.0
854.9683270891342 770.0
855.2172555354416 770.0
855.4661752220665 793.0
855.7150861485252 774.0
855.9639883143353 790.0
856.212881719013 766.0
856.4617663620759 770.0
856.7106422430403 749.0
856.9595093614231 930.0
857.2083677167415 681.0
857.4572173085119 762.0
857.7060581362517 786.0
857.9548901994776 769.0
858.2037134977061 771.0
858.4525280304546 771.0
858.7013337972394 776.0
858.950130797578 785.0
859.1989190309868 755.0
859.4476984969828 962.0
859.696469195083 697.0
859.9452311248039 762.0
860.1939842856627 777.0
860.4427286771763 765.0
860.6914642988615 764.0
860.9401911502351 774.0
861.1889092308139 778.0
861.437618540115 767.0
861.686319077655 768.0
861.935010842951 944.0
862.1836938355198 690.0
862.432368054878 762.0
862.6810335005429 766.0
862.9296901720311 779.0
863.1783380688596 791.0
863.4269771905452 764.0
863.6756075366046 777.0
863.9242291065551 762.0
864.1728418999131 750.0
864.4214459161959 936.0
864.6700411549201 692.0
864.9186276156024 752.0
865.1672052977602 778.0
865.4157742009098 775.0
865.6643343245685 769.0
865.9128856682528 773.0
866.1614282314799 774.0
866.4099620137665 772.0
866.6584870146295 767.0
866.9070032335858 954.0
867.155510670152 706.0
867.4040093238455 761.0
867.6524991941827 772.0
867.9009802806806 776.0
868.1494525828563 778.0
868.3979161002262 769.0
868.6463708323078 782.0
868.8948167786174 794.0
869.1432539386718 763.0
869.3916823119887 946.0
869.6401018980839 672.0
869.8885126964751 769.0
870.1369147066789 784.0
870.3853079282118 789.0
870.6336923605911 780.0
870.8820680033335 779.0
871.1304348559562 764.0
871.3787929179755 771.0
871.6271421889087 762.0
871.8754826682726 932.0
872.1238143555837 680.0
872.3721372503595 759.0
872.6204513521162 772.0
872.8687566603713 773.0
873.1170531746413 772.0
873.365340894443 769.0
873.6136198192935 776.0
873.8618899487094 778.0
874.110151282208 769.0
874.3584038193057 931.0
874.6066475595196 680.0
874.8548825023668 757.0
875.1031086473636 779.0
875.3513259940273 749.0
875.5995345418747 750.0
875.8477342904224 763.0
876.0959252391877 782.0
876.3441073876871 770.0
876.5922807354377 772.0
876.8404452819562 942.0
877.0886010267599 692.0
877.3367479693651 785.0
877.5848861092887 793.0
877.8330154460481 780.0
878.0811359791594 768.0
878.3292477081402 780.0
878.5773506325071 780.0
878.8254447517768 772.0
879.0735300654665 742.0
879.3216065730924 952.0
879.5696742741723 693.0
879.8177331682225 756.0
880.0657832547598 781.0
880.3138245333014 779.0
880.5618570033639 782.0
880.8098806644645 782.0
881.0578955161196 770.0
881.3059015578464 766.0
881.5538987891618 768.0
881.8018872095822 927.0
882.0498668186252 686.0
882.297837615807 745.0
882.5457996006451 772.0
882.7937527726558 788.0
883.041697131356 773.0
883.2896326762632 775.0
883.5375594068934 771.0
883.7854773227642 776.0
884.0333864233922 768.0
884.2812867082938 943.0
884.5291781769868 701.0
884.7770608289871 756.0
885.0249346638125 784.0
885.2727996809792 782.0
885.5206558800041 773.0
885.7685032604046 773.0
886.0163418216969 773.0
886.2641715633982 777.0
886.5119924850256 755.0
886.7598045860955 931.0
887.007607866125 685.0
887.2554023246308 755.0
887.5031879611303 767.0
887.7509647751398 772.0
887.9987327661763 765.0
888.2464919337567 766.0
888.4942422773979 777.0
888.7419837966169 780.0
888.9897164909302 764.0
889.2374403598551 944.0
889.4851554029083 696.0
889.7328616196063 757.0
889.9805590094667 777.0
890.2282475720056 773.0
890.4759273067405 776.0
890.7235982131879 778.0
890.9712602908646 775.0
891.218913539288 779.0
891.4665579579743 774.0
891.7141935464408 952.0
891.9618203042044 679.0
892.2094382307815 752.0
892.4570473256895 766.0
892.7046475884449 777.0
892.9522390185649 781.0
893.1998216155661 782.0
893.4473953789653 774.0
893.6949603082797 768.0
893.9425164030258 760.0
894.1900636627211 946.0
894.4376020868815 690.0
894.6851316750246 753.0
894.9326524266672 777.0
895.1801643413257 771.0
895.4276674185177 744.0
895.6751616577593 783.0
895.922647058568 779.0
896.1701236204603 771.0
896.4175913429531 770.0
896.6650502255636 938.0
896.912500267808 688.0
897.159941469204 769.0
897.4073738292678 782.0
897.6547973475165 775.0
897.9022120234671 770.0
898.1496178566362 782.0
898.3970148465409 769.0
898.644402992698 764.0
898.8917822946241 768.0
899.1391527518367 941.0
899.386514363852 693.0
899.6338671301874 760.0
899.8812110503592 766.0
900.1285461238849 769.0
900.375872350281 781.0
900.6231897290643 791.0
900.8704982597519 789.0
901.1177979418604 790.0
901.3650887749071 775.0
901.6123707584086 947.0
901.8596438918815 687.0
902.106908174843 750.0
902.35416360681 769.0
902.6014101872993 784.0
902.8486479158278 773.0
903.095876791912 772.0
903.3430968150694 771.0
903.5903079848164 768.0
903.83751030067 754.0
904.0847037621473 946.0
904.3318883687646 700.0
904.5790641200394 773.0
904.826231015488 777.0
905.0733890546279 772.0
905.3205382369753 776.0
905.5676785620476 759.0
905.8148100293615 768.0
906.0619326384336 764.0
906.3090463887813 757.0
906.5561512799208 942.0
906.8032473113697 683.0
907.0503344826443 761.0
907.2974127932616 770.0
907.5444822427387 778.0
907.7915428305921 760.0
908.038594556339 787.0
908.2856374194963 785.0
908.5326714195803 775.0
908.7796965561088 770.0
909.0267128285976 938.0
909.2737202365645 707.0
909.520718779526 762.0
909.7677084569985 786.0
910.0146892684998 774.0
910.261661213546 769.0
910.5086242916544 772.0
910.7555785023416 774.0
911.0025238451248 767.0
911.2494603195206 779.0
911.4963879250456 934.0
911.7433066612174 680.0
911.9902165275522 758.0
912.2371175235672 780.0
912.4840096487795 774.0
912.7308929027052 781.0
912.9777672848619 765.0
913.2246327947661 780.0
913.4714894319347 774.0
913.7183371958849 768.0
913.965176086133 937.0
914.2120061021965 676.0
914.4588272435916 768.0
914.7056395098358 769.0
914.9524429004457 773.0
915.1992374149379 785.0
915.4460230528298 775.0
915.6927998136375 773.0
915.9395676968788 768.0
916.1863267020701 760.0
916.4330768287281 953.0
916.67981807637 694.0
916.9265504445123 756.0
917.1732739326723 777.0
917.4199885403666 773.0
917.6666942671121 774.0
917.9133911124259 773.0
918.1600790758242 778.0
918.4067581568248 756.0
918.6534283549438 778.0
918.9000896696987 931.0
919.1467421006058 688.0
919.3933856471822 763.0
919.6400203089449 790.0
919.8866460854103 785.0
920.1332629760961 782.0
920.3798709805186 778.0
920.6264700981943 791.0
920.8730603286409 761.0
921.1196416713748 769.0
921.3662141259131 938.0
921.6127776917724 693.0
921.8593323684695 762.0
922.1058781555217 785.0
922.3524150524454 771.0
922.598943058758 778.0
922.8454621739758 781.0
923.0919723976159 787.0
923.3384737291954 769.0
923.5849661682307 765.0
923.8314497142393 934.0
924.0779243667373 678.0
924.3243901252423 747.0
924.5708469892709 768.0
924.8172949583395 777.0
925.0637340319656 775.0
925.3101642096658 779.0
925.5565854909571 773.0
925.8029978753563 781.0
926.04940136238 773.0
926.2957959515456 951.0
926.5421816423694 690.0
926.7885584343687 762.0
927.0349263270604 774.0
927.281285319961 777.0
927.5276354125876 764.0
927.7739766044568 788.0
928.020308895086 780.0
928.2666322839915 779.0
928.5129467706906 764.0
928.7592523547 942.0
929.0055490355364 699.0
929.2518368127171 775.0
929.4981156857584 781.0
929.7443856541778 766.0
929.9906467174917 777.0
930.2368988752169 769.0
930.4831421268707 764.0
930.7293764719695 771.0
930.9756019100306 771.0
931.2218184405708 931.0
931.4680260631065 693.0
931.7142247771553 760.0
931.9604145822334 790.0
932.2065954778582 779.0
932.4527674635461 764.0
932.6989305388141 779.0
932.9450847031794 765.0
933.1912299561584 764.0
933.4373662972685 752.0
933.6834937260257 930.0
933.929612241948 701.0
934.1757218445516 755.0
934.4218225333533 780.0
934.6679143078701 792.0
934.913997167619 772.0
935.1600711121167 763.0
935.4061361408803 788.0
935.6521922534262 772.0
935.8982394492718 762.0
936.1442777279336 941.0
936.3903070889288 690.0
936.636327531774 761.0
936.882339055986 775.0
937.128341661082 774.0
937.3743353465785 779.0
937.6203201119927 795.0
937.8662959568414 777.0
938.1122628806411 769.0
938.3582208829092 770.0
938.6041699631621 946.0
938.8501101209171 689.0
939.0960413556905 765.0
939.341963667 776.0
939.5878770543618 773.0
939.8337815172929 769.0
940.0796770553103 771.0
940.3255636679306 766.0
940.5714413546712 786.0
940.8173101150486 763.0
941.0631699485793 944.0
941.309020854781 684.0
941.5548628331699 761.0
941.8006958832632 769.0
942.0465200045778 781.0
942.2923351966301 779.0
942.5381414589376 774.0
942.7839387910167 780.0
943.0297271923846 765.0
943.275506662558 766.0
943.5212772010536 957.0
943.7670388073888 709.0
944.0127914810797 760.0
944.2585352216438 765.0
944.504270028598 777.0
944.7499959014584 786.0
944.9957128397427 789.0
945.2414208429674 771.0
945.4871199106495 788.0
945.7328100423057 764.0
945.978491237453 944.0
946.2241634956084 704.0
946.4698268162882 756.0
946.71548119901 783.0
946.9611266432901 780.0
947.2067631486459 777.0
947.4523907145939 782.0
947.6980093406509 779.0
947.943619026334 774.0
948.1892197711599 766.0
948.4348115746456 940.0
948.680394436308 695.0
948.9259683556636 759.0
949.17153333223 770.0
949.4170893655231 765.0
949.6626364550607 769.0
949.9081746003591 780.0
950.1537038009352 776.0
950.3992240563063 786.0
950.6447353659886 776.0
950.8902377294995 937.0
951.1357311463555 696.0
951.381215616074 756.0
951.6266911381715 789.0
951.8721577121647 783.0
952.1176153375708 782.0
952.3630640139064 768.0
952.6085037406887 770.0
952.8539345174344 768.0
953.09935634366 761.0
953.3447692188829 929.0
953.5901731426196 695.0
953.8355681143876 761.0
954.080954133703 778.0
954.326331200083 788.0
954.5716993130445 777.0
954.8170584721041 770.0
955.0624086767792 775.0
955.3077499265863 779.0
955.5530822210421 775.0
955.798405559664 946.0
956.0437199419682 705.0
956.2890253674723 745.0
956.5343218356925 775.0
956.7796093461461 781.0
957.02488789835 779.0
957.2701574918206 775.0
957.5154181260752 779.0
957.7606698006304 773.0
958.0059125150034 757.0
958.2511462687107 938.0
958.4963710612694 691.0
958.7415868921963 772.0
958.9867937610082 765.0
959.2319916672224 770.0
959.4771806103552 773.0
959.7223605899235 785.0
959.9675316054446 790.0
960.2126936564348 766.0
960.4578467424116 752.0
960.7029908628915 942.0
960.9481260173911 673.0
961.193252205428 766.0
961.4383694265184 791.0
961.6834776801796 764.0
961.9285769659282 764.0
962.1736672832812 780.0
962.4187486317555 774.0
962.6638210108677 785.0
962.908884420135 763.0
963.153938859074 944.0
963.3989843272019 682.0
963.6440208240352 766.0
963.889048349091 761.0
964.1340669018862 776.0
964.3790764819373 781.0
964.6240770887617 774.0
964.8690687218761 786.0
965.114051380797 778.0
965.3590250650417 773.0
965.6039897741268 769.0
965.8489455075695 775.0
966.0938922648864 764.0
966.3388300455941 777.0
966.5837588492103 777.0
966.8286786752509 779.0
967.0735895232334 774.0
967.3184913926743 775.0
967.5633842830911 768.0
967.808268194 764.0
968.0531431249179 784.0
968.2980090753622 771.0
968.5428660448491 778.0
968.7877140328961 766.0
969.0325530390197 761.0
969.2773830627367 777.0
969.5222041035643 764.0
969.7670161610189 765.0
970.0118192346179 793.0
970.2566133238779 782.0
970.5013984283155 790.0
970.746174547448 780.0
970.990941680792 762.0
971.2356998278649 758.0
971.480448988183 776.0
971.725189161263 775.0
971.9699203466223 776.0
972.2146425437775 768.0
972.4593557522456 769.0
972.7040599715434 775.0
972.9487552011876 779.0
973.1934414406954 776.0
973.4381186895833 772.0
973.6827869473685 772.0
973.9274462135677 792.0
974.1720964876979 766.0
974.4167377692759 781.0
974.6613700578182 769.0
974.9059933528424 773.0
975.1506076538647 785.0
975.3952129604023 786.0
975.6398092719721 770.0
975.8843965880908 782.0
976.1289749082755 773.0
976.3735442320426 758.0
976.6181045589096 765.0
976.862655888393 762.0
977.1071982200094 785.0
977.3517315532764 776.0
977.5962558877101 788.0
977.840771222828 779.0
978.0852775581467 783.0
978.3297748931827 766.0
978.5742632274536 761.0
978.8187425604756 783.0
979.063212891766 765.0
979.3076742208415 795.0
979.5521265472191 794.0
979.7965698704156 790.0
980.0410041899477 777.0
980.2854295053326 772.0
980.5298458160865 779.0
980.7742531217272 774.0
981.0186514217711 776.0
981.2630407157347 774.0
981.5074210031356 779.0
981.7517922834901 780.0
981.9961545563154 773.0
982.2405078211283 783.0
982.4848520774455 768.0
982.729187324784 776.0
982.9735135626606 752.0
983.2178307905924 789.0
983.4621390080961 785.0
983.7064382146882 781.0
983.9507284098863 770.0
984.1950095932067 776.0
984.4392817641666 788.0
984.6835449222825 771.0
984.9277990670716 778.0
985.1720441980509 777.0
985.4162803147366 779.0
985.6605074166464 775.0
985.9047255032964 780.0
986.1489345742042 782.0
986.3931346288863 779.0
986.6373256668593 769.0
986.8815076876406 790.0
987.1256806907464 770.0
987.3698446756944 787.0
987.613999642001 773.0
987.8581455891829 775.0
988.1022825167574 766.0
988.3464104242408 778.0
988.5905293111508 773.0
988.8346391770036 783.0
989.0787400213161 781.0
989.3228318436055 776.0
989.5669146433884 770.0
989.8109884201817 789.0
990.0550531735024 784.0
990.2991089028674 781.0
990.5431556077934 774.0
990.7871932877973 793.0
991.031221942396 778.0
991.2752415711062 769.0
991.5192521734452 789.0
991.7632537489297 778.0
992.0072462970761 791.0
992.251229817402 766.0
992.4952043094236 765.0
992.7391697726582 780.0
992.9831262066227 784.0
993.2270736108336 794.0
993.4710119848082 787.0
993.7149413280629 773.0
993.958861640115 769.0
994.2027729204812 777.0
994.4466751686781 765.0
994.6905683842231 783.0
994.9344525666326 781.0
995.1783277154237 775.0
995.4221938301132 773.0
995.6660509102181 777.0
995.9098989552552 778.0
996.1537379647411 766.0
996.3975679381932 774.0
996.6413888751279 793.0
996.8852007750622 784.0
997.1290036375133 783.0
997.3727974619973 790.0
997.6165822480319 784.0
997.8603579951333 781.0
998.104124702819 765.0
998.3478823706055 772.0
998.5916309980095 777.0
998.8353705845483 769.0
999.0791011297383 773.0
999.3228226330968 775.0
999.5665350941406 770.0
999.8102385123861 772.0
1000.0539328873509 776.0
1000.2976182185512 777.0
1000.5412945055043 786.0
1000.7849617477269 774.0
1001.0286199447357 780.0
1001.2722690960481 771.0
1001.5159092011804 785.0
1001.75954025965 763.0
1002.003162270973 769.0
1002.246775234667 777.0
1002.4903791502487 773.0
1002.7339740172346 777.0
1002.9775598351421 779.0
1003.2211366034876 785.0
1003.4647043217884 774.0
1003.7082629895611 788.0
1003.9518126063224 793.0
1004.1953531715895 789.0
1004.4388846848791 781.0
1004.6824071457083 771.0
1004.9259205535938 785.0
1005.1694249080521 786.0
1005.4129202086007 785.0
1005.6564064547559 783.0
1005.8998836460353 782.0
1006.1433517819551 770.0
1006.3868108620323 778.0
1006.6302608857841 792.0
1006.8737018527269 769.0
1007.1171337623779 770.0
1007.3605566142537 770.0
1007.6039704078715 777.0
1007.8473751427481 779.0
1008.0907708184001 781.0
1008.3341574343445 776.0
1008.5775349900982 776.0
1008.8209034851784 779.0
1009.0642629191013 774.0
1009.3076132913841 772.0
1009.5509546015439 781.0
1009.7942868490973 782.0
1010.0376100335611 784.0
1010.2809241544525 782.0
1010.5242292112879 770.0
1010.7675252035845 784.0
1011.010812130859 783.0
1011.2540899926286 779.0
1011.4973587884098 767.0
1011.7406185177194 781.0
1011.9838691800747 774.0
1012.2271107749921 768.0
1012.470343301989 784.0
1012.7135667605817 772.0
1012.9567811502875 764.0
1013.1999864706231 763.0
1013.4431827211052 769.0
1013.686369901251 780.0
1013.929548010577 782.0
1014.1727170486006 779.0
1014.4158770148383 770.0
1014.6590279088067 774.0
1014.9021697300233 781.0
1015.1453024780044 773.0
1015.3884261522674 772.0
1015.6315407523286 766.0
1015.8746462777051 762.0
1016.1177427279141 782.0
1016.3608301024719 775.0
1016.603908400896 786.0
1016.8469776227028 777.0
1017.0900377674091 775.0
1017.3330888345322 765.0
1017.5761308235883 779.0
1017.8191637340951 783.0
1018.0621875655689 768.0
1018.3052023175269 778.0
1018.5482079894858 787.0
1018.7912045809622 784.0
1019.0341920914735 778.0
1019.2771705205361 796.0
1019.5201398676672 773.0
1019.7631001323837 780.0
1020.006051314202 766.0
1020.2489934126395 769.0
1020.4919264272125 774.0
1020.7348503574386 763.0
1020.9777652028342 779.0
1021.2206709629161 778.0
1021.4635676372014 777.0
1021.7064552252067 784.0
1021.9493337264495 778.0
1022.1922031404459 765.0
1022.4350634667132 778.0
1022.6779147047681 777.0
1022.9207568541273 786.0
1023.1635899143083 784.0
1023.4064138848273 790.0
1023.6492287652015 774.0
1023.8920345549478 769.0
1024.134831253583 785.0
1024.377618860624 777.0
1024.6203973755871 786.0
1024.8631667979898 784.0
1025.1059271273493 776.0
1025.3486783631818 793.0
1025.5914205050044 776.0
1025.8341535523336 779.0
1026.076877504687 779.0
1026.3195923615808 779.0
1026.5622981225324 774.0
1026.8049947870584 772.0
1027.0476823546753 779.0
1027.2903608249007 781.0
1027.5330301972513 770.0
1027.7756904712435 768.0
1028.0183416463947 791.0
1028.260983722221 774.0
1028.5036166982402 774.0
1028.7462405739689 779.0
1028.9888553489234 777.0
1029.2314610226213 772.0
1029.474057594579 781.0
1029.7166450643138 793.0
1029.9592234313418 780.0
1030.2017926951808 756.0
1030.4443528553472 756.0
1030.6869039113576 769.0
1030.9294458627296 779.0
1031.1719787089794 763.0
1031.414502449624 773.0
1031.6570170841808 766.0
1031.8995226121658 771.0
1032.1420190330966 787.0
1032.3845063464896 773.0
1032.6269845518618 775.0
1032.8694536487305 775.0
1033.111913636612 768.0
1033.3543645150232 766.0
1033.596806283481 768.0
1033.8392389415026 777.0
1034.081662488605 789.0
1034.324076924304 767.0
1034.566482248118 776.0
1034.8088784595625 768.0
1035.0512655581551 779.0
1035.2936435434124 780.0
1035.5360124148515 791.0
1035.778372171989 781.0
1036.020722814342 766.0
1036.2630643414275 784.0
1036.5053967527615 778.0
1036.7477200478622 789.0
1036.9900342262456 779.0
1037.2323392874284 776.0
1037.4746352309282 783.0
1037.7169220562612 770.0
1037.9591997629448 754.0
1038.2014683504956 784.0
1038.4437278184303 770.0
1038.685978166266 784.0
1038.9282193935196 782.0
1039.170451499708 764.0
1039.4126744843477 779.0
1039.6548883469559 789.0
1039.8970930870496 761.0
1040.1392887041452 763.0
1040.3814751977598 785.0
1040.6236525674105 773.0
1040.8658208126137 768.0
1041.107979932887 772.0
1041.3501299277466 773.0
1041.5922707967095 770.0
1041.8344025392926 765.0
1042.0765251550129 777.0
1042.3186386433872 770.0
1042.5607430039322 778.0
1042.802838236165 775.0
1043.0449243396022 780.0
1043.2870013137613 779.0
1043.5290691581586 767.0
1043.7711278723107 769.0
1044.013177455735 769.0
1044.2552179079482 776.0
1044.4972492284676 771.0
1044.7392714168093 772.0
1044.9812844724902 782.0
1045.223288395028 756.0
1045.4652831839387 776.0
1045.70726883874 780.0
1045.949245358948 774.0
1046.1912127440798 782.0
1046.4331709936528 780.0
1046.675120107183 772.0
1046.9170600841878 780.0
1047.1589909241836 782.0
1047.400912626688 778.0
1047.6428251912175 784.0
1047.8847286172886 785.0
1048.1266229044188 771.0
1048.3685080521243 768.0
1048.6103840599228 782.0
1048.8522509273307 763.0
1049.0941086538646 759.0
1049.3359572390418 772.0
1049.577796682379 766.0
1049.819626983393 759.0
1050.061448141601 766.0
1050.3032601565194 775.0
1050.5450630276655 772.0
1050.7868567545556 784.0
1051.0286413367073 784.0
1051.270416773637 775.0
1051.5121830648616 755.0
1051.7539402098982 781.0
1051.9956882082631 774.0
1052.237427059474 765.0
1052.479156763047 772.0
1052.7208773184996 785.0
1052.9625887253483 769.0
1053.2042909831098 786.0
1053.4459840913016 774.0
1053.6876680494397 767.0
1053.929342857042 777.0
1054.1710085136244 784.0
1054.4126650187043 776.0
1054.6543123717986 769.0
1054.8959505724238 770.0
1055.1375796200969 772.0
1055.3791995143351 780.0
1055.620810254655 776.0
1055.8624118405735 772.0
1056.1040042716074 775.0
1056.3455875472737 781.0
1056.5871616670893 782.0
1056.8287266305706 779.0
1057.070282437235 791.0
1057.3118290865991 775.0
1057.5533665781802 773.0
1057.7948949114943 773.0
1058.0364140860593 773.0
1058.2779241013916 777.0
1058.5194249570077 788.0
1058.760916652425 768.0
1059.0023991871599 761.0
1059.24387256073 771.0
1059.4853367726514 785.0
1059.7267918224413 776.0
1059.968237709617 776.0
1060.2096744336943 782.0
1060.451101994191 791.0
1060.6925203906237 771.0
1060.933929622509 774.0
1061.1753296893642 772.0
1061.4167205907056 770.0
1061.6581023260508 778.0
1061.8994748949162 769.0
1062.1408382968189 772.0
1062.3821925312755 789.0
1062.6235375978026 767.0
1062.8648734959181 785.0
1063.1062002251376 779.0
1063.3475177849793 770.0
1063.588826174959 764.0
1063.830125394594 776.0
1064.0714154434013 782.0
1064.312696320897 789.0
1064.553968026599 774.0
1064.7952305600238 777.0
1065.036483920688 762.0
1065.2777281081087 769.0
1065.5189631218025 776.0
1065.7601889612868 778.0
1066.001405626078 773.0
1066.2426131156928 773.0
1066.4838114296492 788.0
1066.7250005674625 786.0
1066.9661805286507 775.0
1067.2073513127305 764.0
1067.4485129192178 773.0
1067.689665347631 769.0
1067.9308085974856 771.0
1068.1719426682996 774.0
1068.413067559589 793.0
1068.654183270871 775.0
1068.8952898016628 770.0
1069.1363871514804 781.0
1069.3774753198418 777.0
1069.618554306263 775.0
1069.8596241102612 782.0
1070.100684731353 783.0
1070.3417361690556 777.0
1070.582778422886 765.0
1070.8238114923604 764.0
1071.0648353769964 775.0
1071.3058500763104 781.0
1071.5468555898192 759.0
1071.7878519170404 777.0
1072.02883905749 769.0
1072.2698170106853 771.0
1072.5107857761434 770.0
1072.75174535338 790.0
1072.9926957419138 781.0
1073.23363694126 785.0
1073.4745689509368 761.0
1073.7154917704597 777.0
1073.9564053993467 773.0
1074.1973098371145 763.0
1074.4382050832794 778.0
1074.6790911373587 770.0
1074.9199679988692 770.0
1075.1608356673278 752.0
1075.4016941422512 773.0
1075.6425434231562 775.0
1075.8833835095604 773.0
1076.1242144009796 780.0
1076.3650360969316 774.0
1076.6058485969324 778.0
1076.8466519004996 771.0
1077.0874460071498 776.0
1077.3282309163997 761.0
1077.5690066277664 762.0
1077.8097731407665 773.0
1078.0505304549172 769.0
1078.2912785697354 771.0
1078.5320174847377 769.0
1078.772747199441 790.0
1079.0134677133622 768.0
1079.2541790260184 774.0
1079.4948811369263 770.0
1079.7355740456023 783.0
1079.9762577515642 780.0
1080.2169322543277 768.0
1080.4575975534112 770.0
1080.6982536483301 764.0
1080.9389005386022 780.0
1081.179538223744 774.0
1081.4201667032721 781.0
1081.6607859767041 772.0
1081.9013960435564 779.0
1082.1419969033457 785.0
1082.382588555589 773.0
1082.6231709998035 764.0
1082.863744235506 794.0
1083.104308262213 779.0
1083.3448630794412 768.0
1083.5854086867082 770.0
1083.8259450835303 772.0
1084.0664722694248 776.0
1084.306990243908 786.0
1084.5474990064974 774.0
1084.7879985567097 784.0
1085.0284888940612 779.0
1085.2689700180695 770.0
1085.509441928251 773.0
1085.749904624123 772.0
1085.990358105202 779.0
1086.2308023710048 769.0
1086.4712374210485 780.0
1086.71166325485 775.0
1086.9520798719261 768.0
1087.1924872717937 774.0
1087.4328854539694 772.0
1087.6732744179706 764.0
1087.9136541633134 777.0
1088.1540246895156 784.0
1088.3943859960934 782.0
1088.6347380825637 783.0
1088.8750809484436 778.0
1089.1154145932499 774.0
1089.3557390164995 777.0
1089.5960542177095 762.0
1089.836360196396 790.0
1090.0766569520767 782.0
1090.3169444842679 780.0
1090.557222792487 768.0
1090.7974918762502 774.0
1091.037751735075 783.0
1091.2780023684782 768.0
1091.518243775976 769.0
1091.7584759570861 769.0
1091.9986989113247 768.0
1092.2389126382093 780.0
1092.4791171372563 770.0
1092.7193124079827 773.0
1092.9594984499054 764.0
1093.1996752625412 783.0
1093.4398428454072 777.0
1093.68000119802 761.0
1093.9201503198965 778.0
1094.1602902105537 774.0
1094.4004208695083 780.0
1094.6405422962773 774.0
1094.8806544903778 789.0
1095.120757451326 778.0
1095.3608511786392 768.0
1095.6009356718341 761.0
1095.8410109304282 777.0
1096.0810769539376 781.0
1096.3211337418795 785.0
1096.5611812937707 778.0
1096.8012196091279 771.0
1097.0412486874682 781.0
1097.2812685283084 769.0
1097.5212791311658 772.0
1097.7612804955563 782.0
1098.0012726209975 780.0
1098.2412555070064 784.0
1098.4812291530989 777.0
1098.721193558793 772.0
1098.961148723605 781.0
1099.2010946470518 778.0
1099.4410313286503 774.0
1099.6809587679172 776.0
1099.92087696437 768.0
1100.1607859175251 775.0
1100.400685626899 773.0
1100.640576092009 773.0
1100.880457312372 773.0
1101.1203292875052 783.0
1101.3601920169247 770.0
1101.6000455001479 782.0
1101.8398897366915 775.0
1102.079724726072 756.0
1102.3195504678072 775.0
1102.559366961413 762.0
1102.7991742064069 769.0
1103.0389722023056 783.0
1103.2787609486254 763.0
1103.5185404448844 762.0
1103.7583106905984 781.0
1103.9980716852845 768.0
1104.23782342846 790.0
1104.4775659196412 792.0
1104.7172991583454 774.0
1104.9570231440887 770.0
1105.1967378763893 781.0
1105.436443354763 759.0
1105.6761395787273 760.0
1105.9158265477986 781.0
1106.1555042614937 763.0
1106.3951727193298 773.0
1106.6348319208234 785.0
1106.8744818654923 754.0
1107.1141225528525 774.0
1107.3537539824208 774.0
1107.5933761537144 761.0
1107.8329890662503 769.0
1108.072592719545 769.0
1108.3121871131157 788.0
1108.551772246479 764.0
1108.7913481191517 768.0
1109.030914730651 776.0
1109.2704720804938 771.0
1109.5100201681967 775.0
1109.7495589932764 771.0
1109.9890885552504 779.0
1110.2286088536348 786.0
1110.4681198879473 783.0
1110.707621657704 751.0
1110.9471141624224 760.0
1111.1865974016187 793.0
1111.4260713748101 784.0
1111.665536081514 766.0
1111.9049915212463 772.0
1112.1444376935244 768.0
1112.3838745978653 768.0
1112.6233022337854 790.0
1112.8627206008023 777.0
1113.102129698432 772.0
1113.3415295261918 771.0
1113.5809200835986 764.0
1113.820301370169 770.0
1114.0596733854206 782.0
1114.2990361288694 777.0
1114.5383896000326 783.0
1114.7777337984273 776.0
1115.0170687235698 772.0
1115.2563943749778 777.0
1115.4957107521673 769.0
1115.7350178546556 776.0
1115.9743156819598 782.0
1116.213604233596 788.0
1116.452883509082 780.0
1116.692153507934 764.0
1116.9314142296694 777.0
1117.1706656738045 773.0
1117.4099078398563 775.0
1117.6491407273422 782.0
1117.8883643357783 772.0
1118.1275786646822 782.0
1118.36678371357 762.0
1118.6059794819594 777.0
1118.8451659693665 781.0
1119.0843431753085 781.0
1119.3235110993026 779.0
1119.5626697408647 772.0
1119.8018190995128 772.0
1120.0409591747637 769.0
1120.2800899661331 774.0
1120.519211473139 758.0
1120.7583236952978 769.0
1120.9974266321262 773.0
1121.236520283142 772.0
1121.4756046478608 783.0
1121.7146797258001 768.0
1121.9537455164768 769.0
1122.192802019408 772.0
1122.4318492341101 768.0
1122.6708871601 769.0
1122.909915796895 779.0
1123.1489351440111 769.0
1123.3879452009662 772.0
1123.6269459672762 785.0
1123.865937442459 769.0
1124.1049196260308 779.0
1124.3438925175087 771.0
