shot=152_gas=Ne_hight=40_RF=151.3W_massflow=8000_coils=0.0A_HR4000 spectrum
Wavelength [nm] // Intensity [u.a.] 
194.93414 752.0
195.2037815346219 750.0
195.47341553816543 763.0
195.74304201014752 745.0
196.012660950085 784.0
196.28227235749478 761.0
196.55187623189366 766.0
196.82147257279857 763.0
197.09106137972637 777.0
197.36064265219392 762.0
197.63021638971804 751.0
197.89978259181567 923.0
198.16934125800364 661.0
198.43889238779886 764.0
198.7084359807181 781.0
198.97797203627835 760.0
199.2475005539964 751.0
199.51702153338914 769.0
199.78653497397343 774.0
200.05604087526618 772.0
200.3255392367842 764.0
200.59503005804436 949.0
200.8645133385636 674.0
201.1339890778587 748.0
201.4034572754466 772.0
201.67291793084408 765.0
201.94237104356813 779.0
202.21181661313554 765.0
202.48125463906314 780.0
202.7506851208679 764.0
203.02010805806663 759.0
203.28952345017618 940.0
203.55893129671344 667.0
203.8283315971953 743.0
204.0977243511386 759.0
204.3671095580602 756.0
204.636487217477 777.0
204.90585732890585 764.0
205.17521989186366 768.0
205.44457490586717 775.0
205.7139223704334 756.0
205.98326228507918 928.0
206.2525946493213 677.0
206.5219194626767 755.0
206.79123672466224 782.0
207.06054643479476 769.0
207.32984859259116 768.0
207.59914319756828 774.0
207.86843024924303 765.0
208.13770974713225 774.0
208.40698169075276 756.0
208.6762460796215 945.0
208.94550291325532 673.0
209.2147521911711 744.0
209.48399391288567 765.0
209.75322807791594 769.0
210.02245468577874 768.0
210.29167373599094 769.0
210.56088522806942 766.0
210.83008916153108 753.0
211.09928553589276 728.0
211.3684743506713 936.0
211.63765560538363 680.0
211.9068292995466 736.0
212.175995432677 759.0
212.44515400429182 777.0
212.71430501390782 779.0
212.98344846104192 766.0
213.25258434521103 759.0
213.52171266593191 774.0
213.79083342272153 747.0
214.05994661509675 938.0
214.3290522425744 678.0
214.5981503046713 751.0
214.8672408009044 755.0
215.13632373079054 758.0
215.4053990938466 766.0
215.6744668895894 768.0
215.94352711753592 769.0
216.21257977720293 775.0
216.48162486810728 759.0
216.7506623897659 937.0
217.01969234169565 668.0
217.2887147234134 746.0
217.55772953443596 774.0
217.82673677428028 765.0
218.0957364424632 769.0
218.36472853850154 765.0
218.6337130619122 759.0
218.9026900122121 760.0
219.17165938891804 739.0
219.4406211915469 929.0
219.70957541961562 666.0
219.97852207264097 748.0
220.24746115013983 758.0
220.5163926516291 753.0
220.78531657662566 768.0
221.05423292464639 772.0
221.32314169520808 776.0
221.59204288782766 757.0
221.860936502022 773.0
222.12982253730797 942.0
222.39870099320237 678.0
222.66757186922214 747.0
222.93643516488416 764.0
223.20529087970525 766.0
223.47413901320226 773.0
223.74297956489212 770.0
224.01181253429166 769.0
224.28063792091777 782.0
224.5494557242873 757.0
224.8182659439171 937.0
225.08706857932413 676.0
225.35586363002508 757.0
225.62465109553705 766.0
225.89343097537673 767.0
226.16220326906105 772.0
226.43096797610687 780.0
226.69972509603105 774.0
226.9684746283505 777.0
227.237216572582 756.0
227.50595092824256 939.0
227.7746776948489 681.0
228.04339687191796 761.0
228.31210845896663 780.0
228.5808124555117 758.0
228.84950886107015 752.0
229.11819767515877 790.0
229.38687889729442 764.0
229.65555252699397 773.0
229.92421856377433 760.0
230.1928770071524 934.0
230.46152785664492 677.0
230.73017111176884 764.0
230.99880677204106 772.0
231.26743483697837 771.0
231.53605530609772 771.0
231.8046681789159 767.0
232.07327345494983 774.0
232.34187113371638 769.0
232.61046121473237 756.0
232.87904369751473 948.0
233.14761858158028 678.0
233.41618586644586 748.0
233.68474555162845 765.0
233.95329763664483 782.0
234.2218421210119 770.0
234.49037900424648 764.0
234.7589082858655 783.0
235.02742996538583 745.0
235.29594404232427 753.0
235.56445051619772 953.0
235.8329493865231 692.0
236.10144065281722 759.0
236.36992431459691 785.0
236.63840037137916 757.0
236.9068688226808 756.0
237.1753296680186 774.0
237.44378290690955 766.0
237.7122285388704 757.0
237.9806665634181 749.0
238.24909698006957 940.0
238.51751978834153 684.0
238.78593498775095 748.0
239.0543425778147 779.0
239.32274255804958 759.0
239.59113492797255 765.0
239.8595196871004 773.0
240.12789683495004 771.0
240.3962663710383 776.0
240.66462829488208 772.0
240.93298260599826 942.0
241.2013293039037 672.0
241.46966838811522 738.0
241.73799985814978 766.0
242.00632371352418 774.0
242.27463995375527 771.0
242.54294857835998 771.0
242.81124958685515 766.0
243.07954297875764 772.0
243.34782875358434 769.0
243.61610691085207 932.0
243.88437745007772 678.0
244.15264037077822 746.0
244.42089567247035 765.0
244.68914335467105 774.0
244.95738341689716 753.0
245.2256158586655 747.0
245.493840679493 760.0
245.76205787889654 761.0
246.03026745639292 750.0
246.29846941149904 940.0
246.5666637437318 686.0
246.834850452608 782.0
247.1030295376446 759.0
247.37120099835838 766.0
247.63936483426627 773.0
247.9075210448851 752.0
248.17566962973177 780.0
248.4438105883231 776.0
248.71194392017603 750.0
248.98006962480733 938.0
249.248187701734 670.0
249.51629815047275 757.0
249.78440097054056 760.0
250.05249616145431 766.0
250.32058372273076 770.0
250.5886636538869 776.0
250.85673595443953 780.0
251.12480062390551 767.0
251.39285766180177 758.0
251.6609070676451 953.0
251.92894884095242 681.0
252.19698298124058 745.0
252.46500948802645 758.0
252.73302836082692 772.0
253.00103959915882 766.0
253.26904320253902 772.0
253.53703917048443 768.0
253.80502750251188 766.0
254.07300819813827 759.0
254.34098125688044 928.0
254.60894667825525 674.0
254.87690446177962 739.0
255.14485460697037 764.0
255.41279711334434 761.0
255.6807319804185 777.0
255.94865920770962 753.0
256.2165787947346 776.0
256.48449074101035 766.0
256.75239504605366 759.0
257.02029170938147 952.0
257.28818073051065 684.0
257.556062108958 751.0
257.8239358442404 768.0
258.0918019358748 763.0
258.35966038337796 778.0
258.6275111862668 760.0
258.8953543440582 760.0
259.163189856269 771.0
259.4310177224162 761.0
259.6988379420164 941.0
259.9666505145867 671.0
260.23445543964385 741.0
260.50225271670473 761.0
260.77004234528624 772.0
261.03782432490533 783.0
261.3055986550787 766.0
261.5733653353234 767.0
261.8411243651561 767.0
262.1088757440937 748.0
262.37661947165327 936.0
262.6443555473515 687.0
262.9120839707053 758.0
263.1798047412315 777.0
263.44751785844704 769.0
263.7152233218687 766.0
263.98292113101354 762.0
264.2506112853982 754.0
264.51829378453965 765.0
264.7859686279547 753.0
265.05363581516025 935.0
265.32129534567326 666.0
265.5889472190105 748.0
265.8565914346889 774.0
266.1242279922252 787.0
266.39185689113634 775.0
266.65947813093925 760.0
266.9270917111508 763.0
267.19469763128774 770.0
267.46229589086704 755.0
267.72988648940554 937.0
267.9974694264201 658.0
268.2650447014276 767.0
268.53261231394487 776.0
268.80017226348883 782.0
269.0677245495763 764.0
269.3352691717242 761.0
269.60280612944933 768.0
269.8703354222686 775.0
270.13785704969894 750.0
270.40537101125716 951.0
270.67287730646007 680.0
270.9403759348246 739.0
271.2078668958677 772.0
271.47535018910605 772.0
271.7428258140567 779.0
272.01029377023633 754.0
272.2777540571619 758.0
272.5452066743504 776.0
272.81265162131854 756.0
273.08008889758327 949.0
273.34751850266144 677.0
273.6149404360698 743.0
273.8823546973254 754.0
274.1497612859451 774.0
274.4171602014456 768.0
274.6845514433439 777.0
274.95193501115676 773.0
275.2193109044012 759.0
275.486679122594 752.0
275.7540396652521 941.0
276.02139253189216 690.0
276.2887377220313 759.0
276.55607523518626 773.0
276.82340507087395 768.0
277.09072722861123 766.0
277.3580417079149 773.0
277.62534850830195 758.0
277.8926476292892 761.0
278.1599390703934 747.0
278.4272228311316 936.0
278.69449891102056 675.0
278.96176730957717 753.0
279.22902802631836 774.0
279.4962810607609 775.0
279.76352641242164 784.0
280.0307640808177 783.0
280.29799406546556 774.0
280.5652163658824 741.0
280.8324309815849 745.0
281.09963791209003 926.0
281.3668371569146 687.0
281.6340287155756 748.0
281.9012125875897 778.0
282.168388772474 744.0
282.4355572697452 778.0
282.7027180789201 760.0
282.9698711995158 762.0
283.23701663104896 755.0
283.50415437303667 755.0
283.77128442499554 930.0
284.0384067864426 660.0
284.3055214568946 742.0
284.57262843586864 772.0
284.8397277228814 762.0
285.1068193174497 758.0
285.37390321909055 770.0
285.6409794273207 770.0
285.9080479416572 752.0
286.1751087616167 755.0
286.4421618867162 938.0
286.7092073164725 681.0
286.9762450504025 769.0
287.24327508802315 782.0
287.5102974288511 774.0
287.77731207240345 775.0
288.04431901819703 762.0
288.3113182657485 745.0
288.578309814575 772.0
288.84529366419326 758.0
289.1122698141201 946.0
289.37923826387254 654.0
289.6461990129674 746.0
289.91315206092133 778.0
290.18009740725154 763.0
290.44703505147464 761.0
290.7139649931077 757.0
290.98088723166734 776.0
291.24780176667065 757.0
291.5147085976344 756.0
291.78160772407557 929.0
292.04849914551085 672.0
292.3153828614572 745.0
292.58225887143146 755.0
292.8491271749505 761.0
293.1159877715313 752.0
293.3828406606906 765.0
293.6496858419453 775.0
293.9165233148123 760.0
294.1833530788084 772.0
294.4501751334505 945.0
294.71698947825547 665.0
294.9837961127402 746.0
295.2505950364216 752.0
295.5173862488164 752.0
295.78416974944156 764.0
296.050945537814 772.0
296.31771361345045 762.0
296.584473975868 775.0
296.8512266245832 765.0
297.11797155911313 943.0
297.38470877897464 661.0
297.6514382836846 755.0
297.9181600727598 770.0
298.18487414571723 768.0
298.4515805020736 756.0
298.71827914134593 765.0
298.9849700630511 769.0
299.2516532667058 768.0
299.518328751827 762.0
299.78499651793163 920.0
300.0516565645365 668.0
300.3183088911584 738.0
300.58495349731436 776.0
300.8515903825211 772.0
301.1182195462956 774.0
301.3848409881546 773.0
301.65145470761513 759.0
301.91806070419403 762.0
302.184658977408 755.0
302.4512495267741 934.0
302.7178323518091 671.0
302.9844074520298 746.0
303.2509748269532 782.0
303.5175344760962 760.0
303.78408639897555 771.0
304.0506305951082 772.0
304.31716706401096 760.0
304.58369580520065 778.0
304.8502168181943 751.0
305.1167301025086 929.0
305.3832356576606 665.0
305.649733483167 756.0
305.9162235785447 765.0
306.1827059433106 763.0
306.4491805769817 772.0
306.7156474790747 766.0
306.98210664910647 761.0
307.2485580865939 765.0
307.5150017910539 754.0
307.7814377620034 954.0
308.0478659989591 665.0
308.31428650143795 756.0
308.58069926895683 762.0
308.8471043010326 767.0
309.1135015971821 762.0
309.37989115692227 766.0
309.6462729797699 764.0
309.91264706524197 754.0
310.1790134128551 752.0
310.4453720221265 935.0
310.71172289257277 681.0
310.97806602371094 763.0
311.2444014150577 786.0
311.5107290661301 780.0
311.777048976445 761.0
312.04336114551904 773.0
312.30966557286945 760.0
312.5759622580128 760.0
312.8422512004661 772.0
313.1085323997461 942.0
313.3748058553698 676.0
313.641071566854 748.0
313.90732953371554 766.0
314.17357975547145 774.0
314.4398222316384 769.0
314.70605696173334 770.0
314.9722839452731 759.0
315.23850318177466 786.0
315.50471467075477 772.0
315.7709184117303 923.0
316.0371144042182 667.0
316.3033026477353 740.0
316.56948314179846 753.0
316.8356558859246 757.0
317.1018208796305 762.0
317.36797812243304 759.0
317.6341276138491 766.0
317.90026935339563 764.0
318.1664033405894 750.0
318.4325295749473 940.0
318.6986480559862 685.0
318.96475878322303 743.0
319.2308617561746 758.0
319.4969569743577 756.0
319.76304443728935 743.0
320.0291241444864 775.0
320.2951960954656 769.0
320.5612602897438 774.0
320.82731672683815 750.0
321.0933654062652 928.0
321.359406327542 682.0
321.6254394901853 753.0
321.891464893712 761.0
322.157482537639 762.0
322.4234924214832 765.0
322.68949454476143 763.0
322.95548890699064 762.0
323.2214755076875 776.0
323.487454346369 744.0
323.753425422552 944.0
324.01938873575347 671.0
324.2853442854901 746.0
324.55129207127885 766.0
324.8172320926366 760.0
325.08316434908016 762.0
325.34908884012646 774.0
325.61500556529234 766.0
325.8809145240947 756.0
326.14681571605024 767.0
326.4127091406761 925.0
326.6785947974889 681.0
326.9444726860058 746.0
327.2103428057433 776.0
327.47620515621855 768.0
327.74205973694836 765.0
328.00790654744947 755.0
328.2737455872389 768.0
328.5395768558335 762.0
328.80540035275004 742.0
329.0712160775054 942.0
329.33702402961654 669.0
329.6028242086002 743.0
329.86861661397353 781.0
330.13440124525306 764.0
330.4001781019559 767.0
330.66594718359863 763.0
330.9317084896984 764.0
331.19746201977205 763.0
331.46320777333636 759.0
331.7289457499082 931.0
331.9946759490044 686.0
332.2603983701419 755.0
332.5261130128375 775.0
332.79181987660826 756.0
333.05751896097087 761.0
333.3232102654422 762.0
333.58889378953916 758.0
333.85456953277856 758.0
334.1202374946774 760.0
334.38589767475247 931.0
334.6515500725206 669.0
334.9171946874987 768.0
335.18283151920355 773.0
335.4484605671522 751.0
335.7140818308614 771.0
335.97969530984807 754.0
336.245301003629 766.0
336.51089891172114 738.0
336.77648903364127 761.0
337.04207136890636 933.0
337.30764591703326 664.0
337.5732126775387 740.0
337.83877164993976 754.0
338.10432283375314 769.0
338.36986622849577 765.0
338.63540183368457 761.0
338.9009296488363 768.0
339.16644967346787 765.0
339.4319619070962 760.0
339.6974663492381 940.0
339.9629629994105 659.0
340.22845185713027 748.0
340.4939329219141 758.0
340.75940619327906 759.0
341.02487167074196 760.0
341.2903293538197 768.0
341.555779242029 780.0
341.821221334887 774.0
342.0866556319103 760.0
342.3520821326158 939.0
342.6175008365205 681.0
342.8829117431413 746.0
343.1483148519949 764.0
343.41371016259825 770.0
343.6790976744682 778.0
343.9444773871216 768.0
344.20984930007546 779.0
344.4752134128465 777.0
344.74056972495157 763.0
345.0059182359076 948.0
345.27125894523147 672.0
345.53659185244 765.0
345.80191695705014 765.0
346.0672342585787 767.0
346.3325437565426 765.0
346.5978454504585 777.0
346.8631393398436 768.0
347.1284254242145 765.0
347.3937037030882 765.0
347.6589741759816 925.0
347.92423684241146 662.0
348.1894917018946 766.0
348.4547387539481 775.0
348.71997799808867 772.0
348.9852094338332 779.0
349.2504330606986 768.0
349.51564887820166 765.0
349.7808568858593 760.0
350.0460570831885 765.0
350.31124946970584 947.0
350.57643404492853 673.0
350.84161080837316 749.0
351.1067797595568 766.0
351.3719408979961 762.0
351.63709422320824 758.0
351.90223973470984 780.0
352.16737743201776 759.0
352.43250731464894 765.0
352.69762938212034 758.0
352.9627436339487 954.0
353.2278500696509 673.0
353.49294868874387 760.0
353.7580394907444 761.0
354.02312247516943 782.0
354.28819764153576 760.0
354.55326498936034 760.0
354.81832451816 762.0
355.08337622745165 760.0
355.348420116752 756.0
355.613456185578 940.0
355.8784844334467 682.0
356.1435048598747 756.0
356.4085174643791 788.0
356.6735222464765 773.0
356.938519205684 761.0
357.2035083415184 762.0
357.46848965349653 774.0
357.73346314113536 756.0
357.9984288039516 766.0
358.2633866414622 930.0
358.528336653184 668.0
358.793278838634 743.0
359.05821319732894 759.0
359.3231397287857 764.0
359.5880584325211 771.0
359.8529693080521 764.0
360.1178723548955 774.0
360.3827675725683 765.0
360.64765496058726 766.0
360.9125345184692 939.0
361.1774062457311 674.0
361.44227014188965 756.0
361.707126206462 767.0
361.9719744389649 764.0
362.2368148389151 763.0
362.5016474058295 774.0
362.766472139225 770.0
363.0312890386186 768.0
363.296098103527 751.0
363.5608993334672 933.0
363.82569272795587 693.0
364.09047828651006 741.0
364.35525600864656 762.0
364.6200258938823 774.0
364.8847879417341 774.0
365.1495421517188 769.0
365.41428852335326 775.0
365.67902705615444 785.0
365.9437577496392 766.0
366.2084806033243 938.0
366.4731956167267 666.0
366.7379027893632 769.0
367.0026021207507 762.0
367.2672936104061 767.0
367.5319772578463 759.0
367.79665306258806 747.0
368.06132102414836 777.0
368.32598114204393 761.0
368.59063341579173 764.0
368.85527784490864 943.0
369.1199144289115 688.0
369.3845431673172 762.0
369.6491640596426 778.0
369.91377710540445 765.0
370.1783823041198 750.0
370.44297965530546 773.0
370.70756915847835 765.0
370.97215081315517 772.0
371.2367246188529 757.0
371.5012905750884 933.0
371.7658486813786 674.0
372.0303989372402 763.0
372.29494134219027 764.0
372.5594758957455 763.0
372.82400259742286 780.0
373.08852144673915 771.0
373.3530324432114 773.0
373.6175355863563 762.0
373.8820308756908 756.0
374.1465183107317 947.0
374.410997890996 688.0
374.6754696160004 744.0
374.93993348526186 770.0
375.2043894982973 756.0
375.4688376546235 767.0
375.7332779537573 762.0
375.9977103952157 754.0
376.26213497851546 760.0
376.52655170317354 775.0
376.7909605687067 951.0
377.05536157463183 678.0
377.3197547204658 748.0
377.5841400057256 774.0
377.84851742992794 770.0
378.11288699258984 767.0
378.37724869322795 775.0
378.64160253135935 750.0
378.90594850650075 762.0
379.1702866181692 749.0
379.4346168658814 927.0
379.69893924915425 686.0
379.9632537675047 754.0
380.2275604204495 756.0
380.49185920750574 755.0
380.75615012819 762.0
381.0204331820193 768.0
381.2847083685105 746.0
381.5489756871804 772.0
381.8132351375459 763.0
382.07748671912407 942.0
382.34173043143153 674.0
382.6059662739852 766.0
382.8701942463019 771.0
383.1344143478986 754.0
383.3986265782921 768.0
383.6628309369994 771.0
383.92702742353725 761.0
384.1912160374225 773.0
384.45539677817203 769.0
384.7195696453027 948.0
384.98373463833155 672.0
385.2478917567753 752.0
385.5120410001507 764.0
385.7761823679748 763.0
386.0403158597644 754.0
386.30444147503647 758.0
386.5685592133077 773.0
386.8326690740951 770.0
387.09677105691543 762.0
387.36086516128563 941.0
387.6249513867226 677.0
387.88902973274315 766.0
388.15310019886414 775.0
388.41716278460245 771.0
388.68121748947493 760.0
388.9452643129986 753.0
389.2093032546901 781.0
389.47333431406645 766.0
389.73735749064434 770.0
390.0013727839409 940.0
390.2653801934728 676.0
390.52937971875696 768.0
390.7933713593103 780.0
391.05735511464974 767.0
391.3213309842919 760.0
391.5852989677539 767.0
391.8492590645524 761.0
392.1132112742045 770.0
392.37715559622694 760.0
392.6410920301366 957.0
392.9050205754503 677.0
393.1689412316849 750.0
393.43285399835736 762.0
393.69675887498465 773.0
393.96065586108335 767.0
394.2245449561705 778.0
394.4884261597629 764.0
394.75229947137757 766.0
395.01616489053123 758.0
395.28002241674085 946.0
395.5438720495231 678.0
395.80771378839506 747.0
396.0715476328735 773.0
396.33537358247537 786.0
396.5991916367174 781.0
396.86300179511665 763.0
397.12680405718976 766.0
397.39059842245376 772.0
397.65438489042543 765.0
397.91816346062177 939.0
398.18193413255955 686.0
398.4456969057556 756.0
398.7094517797268 781.0
398.97319875399006 782.0
399.2369378280623 754.0
399.50066900146027 773.0
399.764392273701 773.0
400.02810764430114 780.0
400.2918151127777 755.0
400.55551467864757 939.0
400.81920634142756 676.0
401.08289010063453 748.0
401.34656595578537 767.0
401.6102339063969 774.0
401.8738939519861 779.0
402.1375460920697 779.0
402.4011903261647 770.0
402.6648266537879 762.0
402.92845507445617 765.0
403.1920755876863 951.0
403.4556881929953 668.0
403.71929288990003 760.0
403.98288967791734 768.0
404.246478556564 782.0
404.5100595253569 775.0
404.77363258381297 762.0
405.03719773144906 764.0
405.3007549677821 769.0
405.56430429232887 756.0
405.82784570460626 937.0
406.0913792041311 671.0
406.35490479042033 741.0
406.61842246299085 773.0
406.88193222135936 779.0
407.14543406504293 759.0
407.4089279935582 758.0
407.6724140064223 773.0
407.9358921031519 760.0
408.19936228326395 746.0
408.4628245462754 947.0
408.7262788917029 688.0
408.9897253190635 751.0
409.25316382787395 770.0
409.5165944176513 750.0
409.7800170879122 772.0
410.04343183817366 778.0
410.30683866795243 751.0
410.57023757676546 757.0
410.83362856412975 754.0
411.09701162956185 947.0
411.3603867725789 661.0
411.62375399269763 749.0
411.887113289435 775.0
412.1504646623078 749.0
412.4138081108329 751.0
412.6771436345273 757.0
412.94047123290767 770.0
413.20379090549096 769.0
413.46710265179405 752.0
413.7304064713339 938.0
413.9937023636272 667.0
414.25699032819097 748.0
414.52027036454194 778.0
414.78354247219704 771.0
415.0468066506732 771.0
415.31006289948726 779.0
415.5733112181561 756.0
415.83655160619645 762.0
416.0997840631253 762.0
416.3630085884595 928.0
416.62622518171594 679.0
416.8894338424115 741.0
417.152634570063 763.0
417.4158273641873 771.0
417.67901222430123 773.0
417.9421891499217 777.0
418.2053581405658 761.0
418.46851919575005 782.0
418.7316723149915 760.0
418.99481749780693 931.0
419.2579547437133 680.0
419.5210840522274 761.0
419.78420542286625 772.0
420.04731885514644 769.0
420.31042434858506 772.0
420.573521902699 763.0
420.83661151700494 762.0
421.0996931910199 757.0
421.3627669242608 763.0
421.6258327162443 933.0
421.88889056648736 669.0
422.1519404745069 742.0
422.41498243981977 756.0
422.6780164619429 758.0
422.9410425403929 770.0
423.2040606746869 776.0
423.46707086434174 768.0
423.7300731088742 784.0
423.9930674078012 762.0
424.25605376063965 951.0
424.5190321669063 672.0
424.782002626118 756.0
425.0449651377918 768.0
425.30791970144446 757.0
425.57086631659286 756.0
425.83380498275386 760.0
426.0967356994443 768.0
426.3596584661811 764.0
426.6225732824811 764.0
426.88548014786113 949.0
427.14837906183817 672.0
427.411270023929 763.0
427.6741530336505 760.0
427.9370280905195 775.0
428.199895194053 759.0
428.46275434376776 757.0
428.72560553918066 776.0
428.98844877980855 756.0
429.2512840651683 750.0
429.51411139477693 939.0
429.77693076815115 688.0
430.03974218480784 757.0
430.3025456442639 767.0
430.5653411460361 756.0
430.82812868964146 772.0
431.09090827459687 757.0
431.353679900419 758.0
431.61644356662487 754.0
431.87919927273134 753.0
432.1419470182551 931.0
432.40468680271334 674.0
432.66741862562276 753.0
432.93014248650013 760.0
433.1928583848624 772.0
433.45556632022647 778.0
433.7182662921092 761.0
433.9809583000275 754.0
434.24364234349815 768.0
434.506318422038 750.0
434.768986535164 939.0
435.031646682393 676.0
435.2942988632418 748.0
435.55694307722734 774.0
435.81957932386655 746.0
436.08220760267614 755.0
436.34482791317305 784.0
436.6074402548742 752.0
436.8700446272964 755.0
437.1326410299566 764.0
437.3952294623715 945.0
437.65780992405803 674.0
437.9203824145332 752.0
438.1829469333138 754.0
438.4455034799166 763.0
438.7080520538586 772.0
438.9705926546565 767.0
439.23312528182737 768.0
439.49564993488787 766.0
439.7581666133551 754.0
440.0206753167459 937.0
440.28317604457686 684.0
440.5456687963651 768.0
440.8081535716274 780.0
441.07063036988075 767.0
441.3330991906418 765.0
441.5955600334276 771.0
441.858012897755 768.0
442.12045778314075 754.0
442.3828946891018 765.0
442.6453236151551 957.0
442.9077445608174 683.0
443.17015752560553 742.0
443.4325625090365 759.0
443.69495951062703 770.0
443.95734852989415 764.0
444.21972956635454 768.0
444.4821026195253 774.0
444.74446768892307 768.0
445.00682477406485 754.0
445.2691738744674 937.0
445.5315149896478 686.0
445.79384811912274 735.0
446.05617326240906 769.0
446.31849041902376 767.0
446.58079958848356 747.0
446.8431007703055 772.0
447.10539396400634 763.0
447.367679169103 763.0
447.6299563851123 759.0
447.892225611551 936.0
448.15448684793625 656.0
448.4167400937847 751.0
448.67898534861325 772.0
448.9412226119389 771.0
449.2034518832783 759.0
449.46567316214856 762.0
449.72788644806633 766.0
449.99009174054856 745.0
450.2522890391122 752.0
450.514478343274 933.0
450.77665965255085 674.0
451.0388329664597 753.0
451.30099828451733 766.0
451.5631556062406 765.0
451.82530493114655 747.0
452.08744625875175 765.0
452.3495795885734 777.0
452.6117049201281 774.0
452.87382225293277 741.0
453.13593158650446 937.0
453.3980329203598 685.0
453.6601262540158 765.0
453.9222115869893 761.0
454.1842889187971 759.0
454.4463582489562 763.0
454.70841957698343 769.0
454.97047290239556 764.0
455.23251822470957 768.0
455.49455554344223 760.0
455.75658485811044 939.0
456.0186061682312 683.0
456.2806194733211 757.0
456.5426247728973 765.0
456.8046220664765 772.0
457.0666113535756 775.0
457.32859263371154 778.0
457.5905659064011 769.0
457.8525311711611 764.0
458.1144884275086 759.0
458.37643767496024 937.0
458.6383789130331 669.0
458.9003121412439 745.0
459.1622373591095 770.0
459.4241545661469 769.0
459.68606376187284 765.0
459.9479649458043 759.0
460.2098581174581 760.0
460.471743276351 766.0
460.733620422 766.0
460.9954895539219 933.0
461.2573506716337 688.0
461.51920377465206 742.0
461.78104886249406 761.0
462.0428859346764 756.0
462.304714990716 766.0
462.5665360301298 765.0
462.82834905243453 773.0
463.09015405714723 764.0
463.35195104378465 746.0
463.6137400118636 950.0
463.8755209609011 678.0
464.13729389041396 769.0
464.399058799919 760.0
464.6608156889332 762.0
464.92256455697327 757.0
465.18430540355615 763.0
465.4460382281988 758.0
465.707763030418 757.0
465.96947980973056 752.0
466.23118856565344 927.0
466.49288929770347 679.0
466.75458200539765 738.0
467.0162666882526 757.0
467.27794334578533 776.0
467.5396119775127 773.0
467.8012725829516 757.0
468.0629251616188 769.0
468.3245697130314 764.0
468.586206236706 729.0
468.8478347321596 922.0
469.109455198909 670.0
469.3710676364711 748.0
469.6326720443629 755.0
469.89426842210105 760.0
470.1558567692025 766.0
470.4174370851842 771.0
470.6790093695629 778.0
470.94057362185555 773.0
471.20212984157905 748.0
471.4636780282501 948.0
471.72521818138574 688.0
471.9867503005027 756.0
472.248274385118 779.0
472.5097904347484 769.0
472.7712984489108 775.0
473.03279842712203 752.0
473.29429036889906 779.0
473.55577427375863 755.0
473.8172501412177 745.0
474.07871797079315 923.0
474.34017776200176 659.0
474.6016295143605 742.0
474.8630732273861 754.0
475.1245089005955 760.0
475.3859365335057 746.0
475.64735612563334 761.0
475.9087676764954 762.0
476.1701711856088 768.0
476.4315666524903 751.0
476.6929540766569 936.0
476.95433345762535 666.0
477.2157047949125 742.0
477.47706808803537 777.0
477.7384233365106 771.0
477.9997705398553 762.0
478.26110969758616 772.0
478.52244080922014 761.0
478.78376387427414 765.0
479.04507889226494 759.0
479.3063858627094 925.0
479.5676847851245 673.0
479.828975659027 762.0
480.0902584839338 772.0
480.3515332593618 778.0
480.61279998482775 772.0
480.8740586598487 760.0
481.13530928394147 769.0
481.3965518566228 766.0
481.65778637740965 753.0
481.9190128458189 949.0
482.1802312613674 680.0
482.4414416235721 754.0
482.70264393194964 768.0
482.9638381860171 757.0
483.2250243852913 773.0
483.4862025292891 769.0
483.7473726175273 773.0
484.0085346495229 761.0
484.26968862479265 764.0
484.5308345428534 937.0
484.79197240322225 690.0
485.0531022054157 758.0
485.314223948951 761.0
485.57533763334476 751.0
485.8364432581139 774.0
486.0975408227754 762.0
486.35863032684597 769.0
486.61971176984247 763.0
486.880785151282 762.0
487.1418504706812 935.0
487.402907727557 668.0
487.66395692142635 755.0
487.92499805180597 777.0
488.18603111821284 764.0
488.44705612016384 765.0
488.7080730571757 780.0
488.9690819287655 764.0
489.2300827344499 774.0
489.49107547374587 757.0
489.75206014617027 938.0
490.01303675124 669.0
490.27400528847187 759.0
490.53496575738274 772.0
490.79591815748955 781.0
491.05686248830915 769.0
491.31779874935836 768.0
491.57872694015396 762.0
491.8396470602131 769.0
492.1005591090524 756.0
492.3614630861888 942.0
492.6223589911392 666.0
492.88324682342045 753.0
493.14412658254946 751.0
493.40499826804296 758.0
493.66586187941795 768.0
493.92671741619125 766.0
494.18756487787977 770.0
494.44840426400026 763.0
494.70923557406974 774.0
494.97005880760497 937.0
495.23087396412285 673.0
495.4916810431403 743.0
495.7524800441741 754.0
496.01327096674123 771.0
496.27405381035845 762.0
496.53482857454264 768.0
496.79559525881075 757.0
497.05635386267954 754.0
497.31710438566597 756.0
497.57784682728686 954.0
497.8385811870591 680.0
498.0993074644995 749.0
498.360025659125 764.0
498.6207357704524 765.0
498.88143779799873 780.0
499.14213174128065 757.0
499.40281759981514 760.0
499.6634953731191 773.0
499.92416506070924 750.0
500.1848266621026 938.0
500.445480176816 680.0
500.70612560436615 749.0
500.96676294427016 767.0
501.22739219604483 778.0
501.48801335920695 761.0
501.74862643327344 764.0
502.00923141776116 764.0
502.2698283121869 763.0
502.5304171160677 760.0
502.7909978289203 934.0
503.0515704502616 672.0
503.31213497960846 737.0
503.57269141647777 751.0
503.8332397603864 749.0
504.09378001085116 769.0
504.354312167389 757.0
504.6148362295168 769.0
504.8753521967513 770.0
505.1358600686094 752.0
505.3963598446082 950.0
505.6568515242642 684.0
505.9173351070945 746.0
506.17781059261597 753.0
506.4382779803454 763.0
506.69873726979966 769.0
506.95918846049574 773.0
507.2196315519502 761.0
507.4800665436803 770.0
507.74049343520267 740.0
508.00091222603425 936.0
508.261322915692 669.0
508.5217255036924 747.0
508.7821199895529 769.0
509.0425063727899 770.0
509.3028846529204 777.0
509.5632548294615 777.0
509.8236169019296 768.0
510.0839708698421 769.0
510.3443167327155 749.0
510.60465449006676 927.0
510.8649841414127 659.0
511.12530568627034 742.0
511.3856191241566 774.0
511.64592445458794 781.0
511.90622167708165 787.0
512.1665107911545 775.0
512.4267917963232 761.0
512.6870646921047 766.0
512.947329478016 760.0
513.2075861535739 949.0
513.467834718295 664.0
513.7280751716964 744.0
513.9883075132952 775.0
514.248531742608 759.0
514.5087478591515 778.0
514.7689558624429 754.0
515.0291557519989 759.0
515.2893475273365 760.0
515.5495311879723 751.0
515.8097067334235 948.0
516.0698741632067 676.0
516.3300334768389 764.0
516.5901846738369 764.0
516.8503277537177 762.0
517.1104627159981 776.0
517.3705895601947 768.0
517.630708285825 753.0
517.8908188924053 769.0
518.1509213794526 754.0
518.411015746484 948.0
518.6711019930159 680.0
518.9311801185657 751.0
519.19125012265 772.0
519.4513120047856 773.0
519.7113657644896 781.0
519.9714114012784 778.0
520.2314489146695 768.0
520.4914783041794 759.0
520.751499569325 763.0
521.0115127096234 951.0
521.271517724591 687.0
521.5315146137451 753.0
521.7915033766022 751.0
522.0514840126796 763.0
522.3114565214938 758.0
522.5714209025618 780.0
522.8313771554007 771.0
523.0913252795269 759.0
523.3512652744578 768.0
523.6111971397097 938.0
523.8711208747998 682.0
524.1310364792452 732.0
524.390943952562 770.0
524.6508432942679 775.0
524.9107345038794 780.0
525.1706175809132 769.0
525.4304925248866 765.0
525.690359335316 774.0
525.9502180117188 755.0
526.2100685536113 944.0
526.4699109605107 664.0
526.729745231934 749.0
526.9895713673975 757.0
527.2493893664187 756.0
527.5091992285141 769.0
527.7690009532007 762.0
528.0287945399953 758.0
528.2885799884149 762.0
528.5483572979764 762.0
528.8081264681963 922.0
529.0678874985917 676.0
529.3276403886796 757.0
529.5873851379768 767.0
529.8471217460001 773.0
530.1068502122662 764.0
530.3665705362923 756.0
530.6262827175951 771.0
530.8859867556915 755.0
531.1456826500984 753.0
531.4053704003326 938.0
531.6650500059111 680.0
531.9247214663504 763.0
532.1843847811678 772.0
532.4440399498801 769.0
532.7036869720038 769.0
532.9633258470562 763.0
533.222956574554 776.0
533.4825791540142 768.0
533.7421935849534 758.0
534.0017998668885 937.0
534.2613979993366 664.0
534.5209879818145 740.0
534.780569813839 754.0
535.0401434949268 781.0
535.2997090245951 775.0
535.5592664023607 768.0
535.8188156277402 778.0
536.0783567002508 766.0
536.3378896194092 745.0
536.5974143847321 935.0
536.8569309957369 677.0
537.1164394519398 755.0
537.3759397528582 775.0
537.6354318980087 775.0
537.8949158869082 761.0
538.1543917190737 765.0
538.4138593940218 766.0
538.6733189112697 756.0
538.932770270334 750.0
539.1922134707318 936.0
539.4516485119797 676.0
539.7110753935946 744.0
539.9704941150937 766.0
540.2299046759937 773.0
540.4893070758112 762.0
540.7487013140633 757.0
541.008087390267 747.0
541.2674653039389 765.0
541.526835054596 772.0
541.7861966417552 936.0
542.0455500649333 677.0
542.3048953236471 763.0
542.5642324174137 773.0
542.8235613457497 764.0
543.0828821081722 760.0
543.3421947041979 757.0
543.6014991333436 770.0
543.8607953951266 753.0
544.1200834890632 745.0
544.3793634146708 946.0
544.6386351714658 685.0
544.8978987589653 751.0
545.1571541766862 761.0
545.4164014241451 760.0
545.6756405008593 774.0
545.9348714063455 782.0
546.1940941401203 763.0
546.4533087017008 750.0
546.712515090604 764.0
546.9717133063466 951.0
547.2309033484453 676.0
547.4900852164174 747.0
547.7492589097793 767.0
548.0084244280482 765.0
548.2675817707409 780.0
548.526730937374 781.0
548.7858719274648 766.0
549.0450047405299 756.0
549.3041293760863 735.0
549.5632458336507 939.0
549.82235411274 667.0
550.0814542128714 754.0
550.3405461335612 761.0
550.5996298743269 761.0
550.8587054346848 769.0
551.117772814152 757.0
551.3768320122455 759.0
551.6358830284819 763.0
551.8949258623783 760.0
552.1539605134514 946.0
552.4129869812182 670.0
552.6720052651955 747.0
552.9310153649002 777.0
553.1900172798491 766.0
553.4490110095592 777.0
553.7079965535472 764.0
553.9669739113302 770.0
554.2259430824248 754.0
554.484904066348 763.0
554.7438568626167 951.0
555.0028014707476 686.0
555.261737890258 747.0
555.520666120664 759.0
555.7795861614834 764.0
556.0384980122324 782.0
556.2974016724281 770.0
556.5562971415874 763.0
556.8151844192269 752.0
557.0740635048638 750.0
557.3329343980148 944.0
557.5917970981968 663.0
557.8506516049267 757.0
558.1094979177213 768.0
558.3683360360976 770.0
558.6271659595724 770.0
558.8859876876625 761.0
559.1448012198848 773.0
559.4036065557561 758.0
559.6624036947936 753.0
559.9211926365136 951.0
560.1799733804337 704.0
560.43874592607 758.0
560.6975102729399 768.0
560.9562664205602 772.0
561.2150143684473 778.0
561.4737541161188 774.0
561.732485663091 770.0
561.9912090088809 771.0
562.2499241530056 765.0
562.5086310949818 936.0
562.7673298343262 673.0
563.026020370556 740.0
563.2847027031879 764.0
563.5433768317389 759.0
563.8020427557254 766.0
564.0607004746649 773.0
564.3193499880738 777.0
564.5779912954692 766.0
564.8366243963679 765.0
565.0952492902868 927.0
565.3538659767429 669.0
565.6124744552527 748.0
565.8710747253335 762.0
566.1296667865018 773.0
566.3882506382747 768.0
566.6468262801691 756.0
566.9053937117014 765.0
567.1639529323893 768.0
567.4225039417488 765.0
567.6810467392974 930.0
567.9395813245517 672.0
568.1981076970284 743.0
568.4566258562448 771.0
568.7151358017175 770.0
568.9736375329633 762.0
569.2321310494995 762.0
569.4906163508422 764.0
569.749093436509 777.0
570.0075623060163 759.0
570.2660229588813 948.0
570.5244753946206 669.0
570.7829196127512 738.0
571.0413556127901 766.0
571.2997833942537 752.0
571.5582029566596 771.0
571.8166142995238 751.0
572.075017422364 785.0
572.3334123246967 764.0
572.5917990060384 763.0
572.8501774659068 951.0
573.108547703818 668.0
573.3669097192892 745.0
573.6252635118373 764.0
573.8836090809789 771.0
574.1419464262314 766.0
574.400275547111 757.0
574.6585964431351 763.0
574.9169091138205 767.0
575.1752135586836 763.0
575.4335097772419 946.0
575.6917977690118 681.0
575.9500775335105 771.0
576.2083490702545 769.0
576.4666123787609 764.0
576.7248674585469 763.0
576.9831143091286 762.0
577.2413529300236 777.0
577.4995833207483 782.0
577.7578054808198 758.0
578.0160194097549 944.0
578.2742251070703 666.0
578.5324225722832 746.0
578.7906118049101 744.0
579.0487928044681 765.0
579.3069655704743 760.0
579.565130102445 756.0
579.8232863998975 759.0
580.0814344623485 754.0
580.339574289315 752.0
580.5977058803137 944.0
580.8558292348614 680.0
581.1139443524753 745.0
581.3720512326721 772.0
581.6301498749685 766.0
581.8882402788817 773.0
582.146322443928 771.0
582.4043963696251 762.0
582.6624620554893 776.0
582.9205195010375 766.0
583.1785687057866 940.0
583.4366096692537 677.0
583.6946423909554 763.0
583.9526668704085 758.0
584.2106831071303 764.0
584.4686911006373 779.0
584.7266908504463 774.0
584.9846823560746 774.0
585.2426656170385 778.0
585.5006406328554 751.0
585.7586074030418 932.0
586.0165659271148 669.0
586.2745162045912 744.0
586.5324582349878 766.0
586.7903920178214 764.0
587.0483175526091 765.0
587.3062348388676 765.0
587.5641438761138 760.0
587.8220446638645 763.0
588.0799372016369 751.0
588.3378214889474 930.0
588.5956975253132 691.0
588.8535653102509 757.0
589.1114248432776 769.0
589.3692761239103 760.0
589.6271191516653 772.0
589.88495392606 765.0
590.1427804466111 773.0
590.4005987128355 759.0
590.6584087242501 753.0
590.9162104803713 937.0
591.1740039807169 672.0
591.4317892248029 740.0
591.6895662121466 767.0
591.9473349422648 781.0
592.2050954146741 767.0
592.462847628892 760.0
592.7205915844347 757.0
592.9783272808194 774.0
593.236054717563 736.0
593.493773894182 940.0
593.7514848101939 679.0
594.009187465115 746.0
594.2668818584625 768.0
594.5245679897531 764.0
594.7822458585038 768.0
595.0399154642313 760.0
595.2975768064524 773.0
595.5552298846843 766.0
595.8128746984438 757.0
596.0705112472474 944.0
596.3281395306126 678.0
596.5857595480555 749.0
596.8433712990935 772.0
597.1009747832434 776.0
597.3585700000219 756.0
597.6161569489462 763.0
597.8737356295327 770.0
598.1313060412986 768.0
598.3888681837607 756.0
598.6464220564358 950.0
598.9039676588409 685.0
599.1615049904925 761.0
599.4190340509081 767.0
599.676554839604 778.0
599.9340673560972 759.0
600.1915715999048 765.0
600.4490675705435 766.0
600.7065552675302 755.0
600.9640346903817 749.0
601.221505838615 953.0
601.4789687117469 669.0
601.7364233092942 755.0
601.9938696307739 751.0
602.2513076757026 759.0
602.5087374435976 776.0
602.7661589339755 764.0
603.023572146353 764.0
603.2809770802475 775.0
603.5383737351752 754.0
603.7957621106534 935.0
604.053142206199 678.0
604.3105140213286 746.0
604.5678775555593 763.0
604.8252328084078 757.0
605.0825797793912 760.0
605.3399184680261 759.0
605.5972488738295 776.0
605.8545709963181 775.0
606.111884835009 757.0
606.3691903894193 941.0
606.6264876590651 673.0
606.883776643464 754.0
607.1410573421324 769.0
607.3983297545875 763.0
607.6555938803461 765.0
607.9128497189247 778.0
608.1700972698408 762.0
608.4273365326108 769.0
608.6845675067516 765.0
608.9417901917803 940.0
609.1990045872135 676.0
609.4562106925683 760.0
609.7134085073615 758.0
609.9705980311098 773.0
610.2277792633305 764.0
610.4849522035397 754.0
610.7421168512552 774.0
610.9992732059933 763.0
611.2564212672709 753.0
611.5135610346049 934.0
611.7706925075122 682.0
612.0278156855098 759.0
612.2849305681145 764.0
612.542037154843 759.0
612.7991354452124 773.0
613.0562254387393 768.0
613.3133071349409 758.0
613.5703805333337 757.0
613.8274456334349 747.0
614.0845024347612 929.0
614.3415509368294 666.0
614.5985911391567 754.0
614.8556230412595 771.0
615.1126466426551 760.0
615.36966194286 766.0
615.6266689413914 761.0
615.8836676377659 739.0
616.1406580315004 761.0
616.3976401221121 765.0
616.6546139091173 937.0
616.9115793920333 674.0
617.1685365703769 746.0
617.4254854436648 766.0
617.6824260114142 762.0
617.9393582731417 755.0
618.196282228364 771.0
618.4531978765983 763.0
618.7101052173614 779.0
618.9670042501702 757.0
619.2238949745413 944.0
619.4807773899919 681.0
619.7376514960388 753.0
619.9945172921986 784.0
620.2513747779885 776.0
620.508223952925 778.0
620.7650648165256 761.0
621.0218973683066 766.0
621.2787216077849 775.0
621.5355375344776 764.0
621.7923451479013 961.0
622.0491444475734 689.0
622.3059354330103 748.0
622.5627181037288 764.0
622.8194924592461 771.0
623.0762584990788 760.0
623.333016222744 762.0
623.5897656297584 773.0
623.8465067196389 771.0
624.1032394919024 760.0
624.3599639460657 941.0
624.6166800816459 670.0
624.8733878981594 742.0
625.1300873951237 754.0
625.3867785720552 754.0
625.6434614284708 766.0
625.9001359638876 772.0
626.1568021778221 770.0
626.4134600697917 764.0
626.6701096393127 767.0
626.9267508859024 954.0
627.1833838090776 678.0
627.4400084083547 741.0
627.6966246832512 759.0
627.9532326332837 783.0
628.2098322579691 763.0
628.4664235568243 773.0
628.723006529366 778.0
628.9795811751112 768.0
629.2361474935768 759.0
629.4927054842794 932.0
629.7492551467363 688.0
630.0057964804641 757.0
630.2623294849799 778.0
630.5188541598001 746.0
630.775370504442 769.0
631.0318785184223 764.0
631.2883782012578 767.0
631.5448695524658 758.0
631.8013525715625 765.0
632.0578272580652 955.0
632.3142936114906 687.0
632.5707516313557 760.0
632.8272013171775 758.0
633.0836426684723 771.0
633.3400756847575 769.0
633.5965003655499 765.0
633.8529167103661 768.0
634.1093247187234 772.0
634.3657243901381 765.0
634.6221157241276 949.0
634.8784987202085 691.0
635.1348733778977 743.0
635.3912396967121 785.0
635.6475976761684 758.0
635.9039473157839 765.0
636.1602886150749 762.0
636.4166215735588 761.0
636.6729461907521 765.0
636.9292624661718 758.0
637.1855703993349 923.0
637.4418699897578 661.0
637.6981612369581 746.0
637.9544441404521 754.0
638.2107186997567 773.0
638.4669849143892 771.0
638.7232427838659 766.0
638.979492307704 768.0
639.2357334854204 776.0
639.4919663165317 758.0
639.7481908005552 945.0
640.0044069370073 688.0
640.2606147254052 759.0
640.5168141652655 786.0
640.7730052561054 759.0
641.0291879974413 765.0
641.2853623887906 759.0
641.5415284296699 756.0
641.797686119596 759.0
642.0538354580859 755.0
642.3099764446565 930.0
642.5661090788245 697.0
642.8222333601069 752.0
643.0783492880205 777.0
643.3344568620822 760.0
643.5905560818089 765.0
643.8466469467173 764.0
644.1027294563247 753.0
644.3588036101473 758.0
644.6148694077026 754.0
644.8709268485071 945.0
645.1269759320778 677.0
645.3830166579316 746.0
645.6390490255851 776.0
645.8950730345556 783.0
646.1510886843597 778.0
646.4070959745143 757.0
646.6630949045363 775.0
646.9190854739425 772.0
647.17506768225 771.0
647.4310415289752 954.0
647.6870070136354 672.0
647.9429641357473 758.0
648.1989128948277 760.0
648.4548532903938 776.0
648.7107853219619 763.0
648.9667089890495 759.0
649.222624291173 763.0
649.4785312278494 776.0
649.7344297985958 766.0
649.9903200029287 935.0
650.2462018403652 678.0
650.502075310422 752.0
650.7579404126162 773.0
651.0137971464646 764.0
651.2696455114838 769.0
651.525485507191 758.0
651.7813171331029 754.0
652.0371403887364 771.0
652.2929552736086 762.0
652.5487617872358 936.0
652.8045599291355 678.0
653.0603496988242 730.0
653.3161310958188 757.0
653.5719041196362 753.0
653.8276687697933 756.0
654.0834250458071 762.0
654.3391729471941 777.0
654.5949124734717 751.0
654.8506436241562 753.0
655.1063663987647 934.0
655.3620807968144 683.0
655.6177868178215 748.0
655.8734844613035 762.0
656.129173726777 748.0
656.3848546137588 766.0
656.6405271217659 769.0
656.8961912503149 758.0
657.1518469989231 768.0
657.4074943671071 758.0
657.6631333543837 934.0
657.9187639602701 665.0
658.1743861842826 760.0
658.4300000259387 777.0
658.6856054847549 778.0
658.9412025602483 774.0
659.1967912519353 786.0
659.4523715593333 763.0
659.707943481959 763.0
659.9635070193291 754.0
660.2190621709606 935.0
660.4746089363705 686.0
660.7301473150753 752.0
660.9856773065924 768.0
661.2411989104381 765.0
661.4967121261298 768.0
661.7522169531838 767.0
662.0077133911174 769.0
662.2632014394475 762.0
662.5186810976904 760.0
662.7741523653638 931.0
663.029615241984 684.0
663.2850697270679 759.0
663.5405158201327 761.0
663.7959535206948 759.0
664.0513828282715 762.0
664.3068037423793 762.0
664.5622162625355 780.0
664.8176203882564 773.0
665.0730161190594 752.0
665.3284034544613 945.0
665.5837823939785 688.0
665.8391529371283 748.0
666.0945150834276 774.0
666.349868832393 759.0
666.6052141835415 766.0
666.8605511363899 765.0
667.1158796904554 761.0
667.3711998452544 773.0
667.626511600304 764.0
667.8818149551211 928.0
668.1371099092223 682.0
668.3923964621249 753.0
668.6476746133454 760.0
668.9029443624008 755.0
669.1582057088083 769.0
669.4134586520839 754.0
669.6687031917455 770.0
669.9239393273093 769.0
670.1791670582923 753.0
670.4343863842114 945.0
670.6895973045835 676.0
670.9447998189256 752.0
671.1999939267544 760.0
671.4551796275866 775.0
671.7103569209394 773.0
671.9655258063294 766.0
672.220686283274 770.0
672.475838351289 766.0
672.7309820098925 742.0
672.9861172586005 953.0
673.2412440969302 674.0
673.4963625243987 746.0
673.7514725405223 768.0
674.0065741448183 768.0
674.2616673368035 764.0
674.5167521159946 778.0
674.7718284819086 761.0
675.0268964340622 769.0
675.2819559719727 773.0
675.5370070951565 941.0
675.7920498031307 688.0
676.0470840954122 760.0
676.3021099715176 781.0
676.5571274309642 754.0
676.8121364732684 769.0
677.0671370979474 762.0
677.3221293045178 763.0
677.5771130924968 761.0
677.8320884614011 761.0
678.0870554107474 938.0
678.3420139400529 674.0
678.5969640488343 752.0
678.8519057366083 761.0
679.1068390028922 762.0
679.3617638472023 765.0
679.616680269056 772.0
679.8715882679699 778.0
680.1264878434607 766.0
680.3813789950458 754.0
680.6362617222414 944.0
680.8911360245651 687.0
681.146001901533 758.0
681.4008593526627 762.0
681.6557083774705 770.0
681.9105489754734 775.0
682.1653811461886 777.0
682.4202048891326 781.0
682.6750202038223 773.0
682.9298270897748 762.0
683.1846255465068 939.0
683.4394155735351 660.0
683.6941971703767 754.0
683.9489703365485 773.0
684.2037350715673 769.0
684.4584913749499 770.0
684.7132392462133 769.0
684.9679786848742 759.0
685.2227096904496 755.0
685.4774322624564 746.0
685.7321464004115 935.0
685.9868521038316 688.0
686.2415493722334 746.0
686.4962382051343 749.0
686.7509186020508 778.0
687.0055905624997 781.0
687.2602540859983 778.0
687.514909172063 785.0
687.7695558202109 773.0
688.0241940299587 754.0
688.2788238008236 948.0
688.5334451323221 678.0
688.7880580239712 750.0
689.042662475288 777.0
689.2972584857889 773.0
689.5518460549912 791.0
689.8064251824115 777.0
690.0609958675668 764.0
690.3155581099742 766.0
690.5701119091498 771.0
690.8246572646113 949.0
691.0791941758752 689.0
691.3337226424583 741.0
691.5882426638777 756.0
691.84275423965 764.0
692.0972573692924 776.0
692.3517520523214 760.0
692.6062382882542 769.0
692.8607160766074 768.0
693.1151854168979 756.0
693.3696463086428 941.0
693.6240987513587 684.0
693.8785427445628 772.0
694.1329782877717 770.0
694.3874053805022 751.0
694.6418240222713 762.0
694.8962342125958 769.0
695.1506359509929 769.0
695.405029236979 764.0
695.6594140700711 754.0
695.9137904497863 936.0
696.168158375641 681.0
696.4225178471527 757.0
696.676868863838 764.0
696.9312114252134 751.0
697.1855455307963 774.0
697.4398711801031 769.0
697.6941883726512 772.0
697.9484971079568 778.0
698.2027973855375 750.0
698.4570892049098 940.0
698.7113725655903 680.0
698.9656474670965 749.0
699.2199139089445 754.0
699.4741718906519 775.0
699.7284214117353 776.0
699.9826624717113 770.0
700.2368950700971 763.0
700.4911192064093 772.0
700.7453348801653 763.0
700.9995420908814 948.0
701.2537408380745 693.0
701.5079311212619 766.0
701.7621129399598 772.0
702.016286293686 765.0
702.2704511819566 778.0
702.5246076042886 758.0
702.778755560199 777.0
703.0328950492045 774.0
703.2870260708224 770.0
703.5411486245691 949.0
703.7952627099618 683.0
704.0493683265172 747.0
704.3034654737519 770.0
704.5575541511835 764.0
704.8116343583279 782.0
705.0657060947029 774.0
705.3197693598249 778.0
705.5738241532106 752.0
705.8278704743772 760.0
706.0819083228414 941.0
706.3359376981203 661.0
706.5899585997306 739.0
706.8439710271889 770.0
707.0979749800126 779.0
707.3519704577179 774.0
707.6059574598225 782.0
707.8599359858429 780.0
708.1139060352955 771.0
708.3678676076978 777.0
708.6218207025663 947.0
708.8757653194182 688.0
709.12970145777 750.0
709.3836291171389 766.0
709.6375482970416 772.0
709.8914589969946 758.0
710.1453612165157 783.0
710.3992549551208 764.0
710.6531402123275 777.0
710.9070169876522 763.0
711.1608852806118 938.0
711.4147450907236 689.0
711.6685964175037 774.0
711.9224392604699 763.0
712.1762736191384 756.0
712.4300994930262 768.0
712.6839168816504 774.0
712.9377257845274 785.0
713.1915262011746 771.0
713.4453181311087 759.0
713.6991015738463 935.0
713.9528765289045 684.0
714.2066429958 766.0
714.4604009740502 764.0
714.7141504631712 763.0
714.9678914626805 761.0
715.2216239720948 764.0
715.4753479909306 762.0
715.7290635187052 770.0
715.982770554935 750.0
716.2364690991376 935.0
716.4901591508293 687.0
716.743840709527 757.0
716.9975137747479 764.0
717.2511783460084 774.0
717.5048344228259 768.0
717.7584820047169 760.0
718.0121210911982 760.0
718.2657516817872 763.0
718.519373776 748.0
718.772987373354 946.0
719.026592473366 689.0
719.2801890755527 762.0
719.5337771794311 760.0
719.7873567845179 760.0
720.0409278903304 764.0
720.294490496385 768.0
720.5480446021987 772.0
720.8015902072887 782.0
721.0551273111711 756.0
721.3086559133636 923.0
721.5621760133826 672.0
721.815687610745 752.0
722.0691907049679 763.0
722.3226852955679 779.0
722.5761713820622 777.0
722.8296489639672 758.0
723.0831180408002 773.0
723.3365786120778 775.0
723.5900306773169 749.0
723.8434742360346 941.0
724.0969092877473 682.0
724.3503358319725 760.0
724.6037538682267 780.0
724.8571633960265 770.0
725.1105644148894 762.0
725.3639569243315 779.0
725.6173409238706 774.0
725.8707164130229 784.0
726.1240833913054 762.0
726.3774418582351 938.0
726.6307918133285 670.0
726.8841332561029 750.0
727.137466186075 773.0
727.3907906027619 776.0
727.6441065056802 760.0
727.8974138943464 755.0
728.1507127682783 768.0
728.4040031269918 770.0
728.6572849700045 756.0
728.9105582968331 933.0
729.1638231069941 674.0
729.4170794000048 765.0
729.6703271753817 772.0
729.923566432642 780.0
730.1767971713025 778.0
730.4300193908798 766.0
730.6832330908911 768.0
730.936438270853 760.0
731.1896349302828 756.0
731.442823068697 931.0
731.6960026856123 676.0
731.949173780546 764.0
732.2023363530145 763.0
732.4554904025351 763.0
732.7086359286245 767.0
732.9617729307997 774.0
733.2149014085775 773.0
733.4680213614745 773.0
733.7211327890079 757.0
733.9742356906943 932.0
734.2273300660511 686.0
734.4804159145946 745.0
734.7334932358416 765.0
734.9865620293094 771.0
735.2396222945147 778.0
735.4926740309744 770.0
735.7457172382054 765.0
735.9987519157243 774.0
736.2517780630484 751.0
736.504795679694 936.0
736.7578047651785 673.0
737.0108053190187 757.0
737.2637973407312 762.0
737.516780829833 770.0
737.769755785841 761.0
738.0227222082721 763.0
738.2756800966428 757.0
738.5286294504706 772.0
738.781570269272 759.0
739.0345025525638 945.0
739.2874262998632 691.0
739.5403415106866 744.0
739.7932481845512 763.0
740.046146320974 764.0
740.2990359194714 758.0
740.5519169795606 770.0
740.8047895007583 769.0
741.0576534825816 771.0
741.3105089245472 753.0
741.563355826172 927.0
741.8161941869729 679.0
742.0690240064664 772.0
742.3218452841702 765.0
742.5746580196005 775.0
742.8274622122741 773.0
743.0802578617083 766.0
743.3330449674197 775.0
743.5858235289254 790.0
743.8385935457418 780.0
744.0913550173865 946.0
744.3441079433758 688.0
744.5968523232264 750.0
744.8495881564559 770.0
745.1023154425804 772.0
745.3550341811174 766.0
745.6077443715835 768.0
745.8604460134952 775.0
746.1131391063701 780.0
746.3658236497243 763.0
746.6184996430754 952.0
746.87116708594 685.0
747.1238259778346 750.0
747.3764763182764 775.0
747.6291181067822 767.0
747.8817513428692 776.0
748.1343760260539 772.0
748.3869921558529 789.0
748.6395997317837 773.0
748.8921987533628 765.0
749.1447892201071 944.0
749.3973711315336 682.0
749.6499444871589 762.0
749.9025092865003 767.0
750.1550655290741 771.0
750.4076132143978 773.0
750.6601523419877 782.0
750.912682911361 794.0
751.1652049220347 772.0
751.4177183735251 763.0
751.6702232653497 942.0
751.9227195970248 664.0
752.1752073680677 753.0
752.4276865779954 770.0
752.680157226324 757.0
752.9326193125712 770.0
753.1850728362533 775.0
753.4375177968876 766.0
753.6899541939908 768.0
753.9423820270795 778.0
754.194801295671 952.0
754.4472119992819 684.0
754.6996141374291 751.0
754.9520077096296 781.0
755.2043927154 783.0
755.4567691542577 764.0
755.7091370257187 763.0
755.9614963293008 754.0
756.2138470645202 772.0
756.4661892308942 770.0
756.7185228279395 951.0
756.9708478551728 681.0
757.2231643121112 751.0
757.4754721982714 764.0
757.7277715131704 775.0
757.9800622563251 775.0
758.2323444272521 772.0
758.4846180254688 780.0
758.7368830504913 768.0
758.9891395018373 762.0
759.2413873790232 928.0
759.4936266815657 681.0
759.7458574089821 749.0
759.9980795607888 772.0
760.2502931365033 764.0
760.502498135642 775.0
760.7546945577217 760.0
761.0068824022595 775.0
761.2590616687722 776.0
761.5112323567769 775.0
761.7633944657899 941.0
762.0155479953288 682.0
762.26769294491 754.0
762.5198293140501 777.0
762.7719571022666 775.0
763.024076309076 757.0
763.2761869339953 772.0
763.5282889765415 785.0
763.780382436231 769.0
764.032467312581 763.0
764.2845436051083 932.0
764.53661131333 671.0
764.7886704367629 764.0
765.0407209749233 771.0
765.2927629273288 761.0
765.5447962934958 750.0
765.7968210729414 764.0
766.0488372651824 781.0
766.3008448697357 782.0
766.5528438861181 765.0
766.8048343138464 939.0
767.0568161524378 675.0
767.3087894014087 746.0
767.5607540602764 775.0
767.8127101285577 778.0
768.0646576057691 762.0
768.3165964914278 759.0
768.5685267850505 778.0
768.8204484861544 784.0
769.0723615942561 763.0
769.3242661088722 924.0
769.5761620295201 681.0
769.8280493557162 770.0
770.0799280869778 782.0
770.3317982228216 762.0
770.5836597627642 774.0
770.835512706323 769.0
771.0873570530143 774.0
771.3391928023555 768.0
771.591019953863 753.0
771.8428385070538 934.0
772.094648461445 682.0
772.3464498165532 752.0
772.5982425718955 779.0
772.8500267269885 765.0
773.1018022813494 762.0
773.3535692344948 787.0
773.6053275859415 771.0
773.8570773352067 769.0
774.108818481807 761.0
774.3605510252594 940.0
774.6122749650807 672.0
774.8639903007878 762.0
775.1156970318975 768.0
775.3673951579267 758.0
775.6190846783925 772.0
775.8707655928115 781.0
776.1224379007004 766.0
776.3741016015766 770.0
776.6257566949563 757.0
776.8774031803571 936.0
777.1290410572955 687.0
777.3806703252881 755.0
777.6322909838522 774.0
777.8839030325043 769.0
778.1355064707618 772.0
778.3871012981411 749.0
778.6386875141592 763.0
778.890265118333 767.0
779.1418341101793 766.0
779.3933944892151 933.0
779.6449462549571 668.0
779.8964894069222 752.0
780.1480239446275 779.0
780.3995498675895 758.0
780.6510671753255 768.0
780.9025758673517 773.0
781.1540759431858 792.0
781.4055674023442 768.0
781.6570502443437 757.0
781.9085244687013 944.0
782.159990074934 680.0
782.4114470625585 758.0
782.6628954310918 772.0
782.9143351800503 762.0
783.1657663089516 768.0
783.4171888173119 769.0
783.6686027046486 786.0
783.9200079704783 767.0
784.1714046143178 761.0
784.4227926356843 941.0
784.6741720340941 697.0
784.9255428090647 733.0
785.1769049601126 761.0
785.4282584867548 771.0
785.6796033885082 768.0
785.9309396648893 769.0
786.1822673154155 768.0
786.4335863396033 768.0
786.6848967369698 763.0
786.9361985070317 948.0
787.1874916493058 681.0
787.4387761633094 757.0
787.6900520485588 776.0
787.9413193045713 773.0
788.1925779308636 768.0
788.4438279269523 769.0
788.6950692923548 762.0
788.9463020265875 759.0
789.1975261291677 768.0
789.448741599612 932.0
789.6999484374371 684.0
789.9511466421604 753.0
790.2023362132982 765.0
790.4535171503677 782.0
790.7046894528855 775.0
790.9558531203689 772.0
791.2070081523347 761.0
791.458154548299 768.0
791.7092923077797 753.0
791.9604214302931 937.0
792.2115419153562 676.0
792.462653762486 748.0
792.7137569711989 770.0
792.9648515410123 773.0
793.2159374714428 767.0
793.4670147620074 779.0
793.718083412223 770.0
793.9691434216061 769.0
794.220194789674 749.0
794.4712375159432 937.0
794.722271599931 683.0
794.9732970411541 750.0
795.2243138391292 759.0
795.4753219933733 763.0
795.7263215034031 766.0
795.9773123687357 771.0
796.2282945888878 765.0
796.4792681633767 769.0
796.7302330917187 765.0
796.9811893734307 927.0
797.23213700803 674.0
797.483075995033 754.0
797.7340063339569 744.0
797.9849280243186 763.0
798.2358410656345 765.0
798.4867454574222 769.0
798.7376411991978 772.0
798.9885282904788 768.0
799.2394067307818 755.0
799.4902765196234 940.0
799.741137656521 682.0
799.9919901409909 759.0
800.2428339725506 763.0
800.4936691507165 761.0
800.7444956750055 768.0
800.9953135449347 763.0
801.2461227600207 764.0
801.4969233197808 768.0
801.7477152237312 752.0
801.9984984713894 939.0
802.2492730622722 678.0
802.5000389958959 763.0
802.7507962717781 769.0
803.0015448894349 773.0
803.252284848384 771.0
803.5030161481417 761.0
803.7537387882248 774.0
804.0044527681507 774.0
804.2551580874358 762.0
804.5058547455972 940.0
804.7565427421519 685.0
805.0072220766161 754.0
805.2578927485075 776.0
805.5085547573423 771.0
805.7592081026379 762.0
806.009852783911 774.0
806.2604888006782 765.0
806.5111161524568 758.0
806.7617348387631 757.0
807.0123448591147 932.0
807.2629462130279 675.0
807.5135389000196 752.0
807.7641229196071 766.0
808.0146982713067 770.0
808.2652649546358 783.0
808.5158229691108 767.0
808.7663723142489 758.0
809.016912989567 765.0
809.2674449945815 759.0
809.5179683288098 949.0
809.7684829917686 671.0
810.0189889829746 755.0
810.269486301945 761.0
810.5199749481961 759.0
810.7704549212456 763.0
811.0209262206095 777.0
811.2713888458052 764.0
811.5218427963496 761.0
811.7722880717591 759.0
812.022724671551 936.0
812.2731525952421 690.0
812.5235718423493 756.0
812.7739824123893 760.0
813.0243843048788 781.0
813.2747775193352 774.0
813.5251620552749 765.0
813.7755379122152 769.0
814.0259050896724 764.0
814.276263587164 747.0
814.5266134042064 933.0
814.7769545403165 695.0
815.0272869950115 761.0
815.2776107678079 761.0
815.5279258582229 764.0
815.7782322657732 766.0
816.0285299899754 762.0
816.2788190303468 765.0
816.529099386404 761.0
816.7793710576641 761.0
817.0296340436439 946.0
817.2798883438601 694.0
817.5301339578298 747.0
817.7803708850694 767.0
818.0305991250964 765.0
818.2808186774273 761.0
818.531029541579 757.0
818.7812317170685 773.0
819.0314252034124 771.0
819.281610000128 760.0
819.5317861067317 934.0
819.7819535227408 674.0
820.0321122476719 741.0
820.2822622810417 761.0
820.5324036223675 751.0
820.7825362711658 759.0
821.0326602269538 769.0
821.2827754892483 774.0
821.5328820575656 768.0
821.7829799314234 753.0
822.033069110338 948.0
822.2831495938267 685.0
822.5332213814061 755.0
822.7832844725929 758.0
823.0333388669044 769.0
823.283384563857 764.0
823.533421562968 762.0
823.7834498637541 772.0
824.033469465732 771.0
824.2834803684189 763.0
824.5334825713311 944.0
824.7834760739862 681.0
825.0334608759005 759.0
825.2834369765912 778.0
825.5334043755751 776.0
825.7833630723688 789.0
826.0333130664897 765.0
826.2832543574541 759.0
826.5331869447793 756.0
826.783110827982 750.0
827.0330260065789 944.0
827.2829324800872 690.0
827.5328302480233 748.0
827.7827193099047 749.0
828.032599665248 754.0
828.2824713135695 773.0
828.532334254387 757.0
828.7821884872168 776.0
829.0320340115759 768.0
829.2818708269813 749.0
829.5316989329494 938.0
829.7815183289979 693.0
830.0313290146428 742.0
830.2811309894015 761.0
830.5309242527906 759.0
830.7807088043272 754.0
831.0304846435281 773.0
831.2802517699099 761.0
831.5300101829899 776.0
831.7797598822846 760.0
832.0295008673112 931.0
832.2792331375864 682.0
832.5289566926268 743.0
832.7786715319497 768.0
833.0283776550717 770.0
833.27807506151 766.0
833.5277637507811 765.0
833.7774437224018 772.0
834.0271149758895 775.0
834.2767775107606 753.0
834.526431326532 942.0
834.7760764227208 678.0
835.0257127988438 736.0
835.2753404544177 769.0
835.5249593889594 761.0
835.774569601986 768.0
836.0241710930143 758.0
836.2737638615607 767.0
836.5233479071428 764.0
836.7729232292768 761.0
837.0224898274802 925.0
837.2720477012693 680.0
837.5215968501614 766.0
837.7711372736733 774.0
838.0206689713215 764.0
838.2701919426232 769.0
838.5197061870952 755.0
838.7692117042545 758.0
839.0187084936177 755.0
839.2681965547017 757.0
839.5176758870236 928.0
839.7671464901001 672.0
840.0166083634483 754.0
840.2660615065847 749.0
840.5155059190262 754.0
840.7649416002901 753.0
841.0143685498927 771.0
841.2637867673512 765.0
841.5131962521828 761.0
841.7625970039035 742.0
842.0119890220308 925.0
842.2613723060813 683.0
842.5107468555723 768.0
842.76011267002 770.0
843.0094697489418 759.0
843.2588180918546 769.0
843.5081576982747 758.0
843.7574885677194 769.0
844.0068106997054 772.0
844.25612409375 749.0
844.5054287493696 932.0
844.754724666081 687.0
845.0040118434015 752.0
845.2532902808475 762.0
845.5025599779364 764.0
845.7518209341847 762.0
846.0010731491091 759.0
846.2503166222269 753.0
846.4995513530547 751.0
846.7487773411094 757.0
846.9979945859081 931.0
847.2472030869674 686.0
847.4964028438043 751.0
847.7455938559353 761.0
847.994776122878 754.0
848.2439496441485 749.0
848.4931144192642 764.0
848.7422704477419 758.0
848.9914177290981 764.0
849.2405562628502 751.0
849.4896860485144 934.0
849.7388070856083 681.0
849.9879193736485 760.0
850.2370229121515 757.0
850.4861177006346 760.0
850.7352037386146 766.0
850.9842810256082 758.0
851.2333495611326 752.0
851.482409344704 763.0
851.7314603758401 753.0
851.9805026540571 945.0
852.2295361788724 670.0
852.4785609498026 750.0
852.7275769663643 773.0
852.9765842280748 764.0
853.2255827344507 763.0
853.4745724850093 770.0
853.7235534792667 769.0
853.9725257167406 753.0
854.2214891969475 753.0
854.4704439194039 933.0
854.7193898836274 671.0
854.9683270891342 753.0
855.2172555354416 753.0
855.4661752220665 776.0
855.7150861485252 776.0
855.9639883143353 764.0
856.212881719013 762.0
856.4617663620759 758.0
856.7106422430403 758.0
856.9595093614231 927.0
857.2083677167415 674.0
857.4572173085119 740.0
857.7060581362517 762.0
857.9548901994776 773.0
858.2037134977061 763.0
858.4525280304546 765.0
858.7013337972394 766.0
858.950130797578 771.0
859.1989190309868 764.0
859.4476984969828 944.0
859.696469195083 670.0
859.9452311248039 745.0
860.1939842856627 761.0
860.4427286771763 762.0
860.6914642988615 760.0
860.9401911502351 754.0
861.1889092308139 754.0
861.437618540115 761.0
861.686319077655 752.0
861.935010842951 940.0
862.1836938355198 685.0
862.432368054878 746.0
862.6810335005429 761.0
862.9296901720311 756.0
863.1783380688596 760.0
863.4269771905452 762.0
863.6756075366046 765.0
863.9242291065551 759.0
864.1728418999131 746.0
864.4214459161959 934.0
864.6700411549201 665.0
864.9186276156024 740.0
865.1672052977602 760.0
865.4157742009098 776.0
865.6643343245685 772.0
865.9128856682528 769.0
866.1614282314799 780.0
866.4099620137665 766.0
866.6584870146295 746.0
866.9070032335858 936.0
867.155510670152 680.0
867.4040093238455 739.0
867.6524991941827 766.0
867.9009802806806 766.0
868.1494525828563 774.0
868.3979161002262 764.0
868.6463708323078 757.0
868.8948167786174 759.0
869.1432539386718 755.0
869.3916823119887 935.0
869.6401018980839 694.0
869.8885126964751 760.0
870.1369147066789 762.0
870.3853079282118 769.0
870.6336923605911 757.0
870.8820680033335 763.0
871.1304348559562 756.0
871.3787929179755 755.0
871.6271421889087 752.0
871.8754826682726 926.0
872.1238143555837 676.0
872.3721372503595 738.0
872.6204513521162 756.0
872.8687566603713 764.0
873.1170531746413 757.0
873.365340894443 763.0
873.6136198192935 763.0
873.8618899487094 764.0
874.110151282208 744.0
874.3584038193057 924.0
874.6066475595196 672.0
874.8548825023668 735.0
875.1031086473636 765.0
875.3513259940273 763.0
875.5995345418747 748.0
875.8477342904224 782.0
876.0959252391877 773.0
876.3441073876871 762.0
876.5922807354377 760.0
876.8404452819562 918.0
877.0886010267599 684.0
877.3367479693651 746.0
877.5848861092887 760.0
877.8330154460481 758.0
878.0811359791594 758.0
878.3292477081402 772.0
878.5773506325071 759.0
878.8254447517768 764.0
879.0735300654665 755.0
879.3216065730924 921.0
879.5696742741723 664.0
879.8177331682225 760.0
880.0657832547598 772.0
880.3138245333014 766.0
880.5618570033639 752.0
880.8098806644645 756.0
881.0578955161196 765.0
881.3059015578464 757.0
881.5538987891618 750.0
881.8018872095822 932.0
882.0498668186252 675.0
882.297837615807 737.0
882.5457996006451 760.0
882.7937527726558 760.0
883.041697131356 774.0
883.2896326762632 771.0
883.5375594068934 757.0
883.7854773227642 758.0
884.0333864233922 759.0
884.2812867082938 932.0
884.5291781769868 682.0
884.7770608289871 755.0
885.0249346638125 760.0
885.2727996809792 762.0
885.5206558800041 774.0
885.7685032604046 757.0
886.0163418216969 765.0
886.2641715633982 756.0
886.5119924850256 757.0
886.7598045860955 927.0
887.007607866125 684.0
887.2554023246308 739.0
887.5031879611303 762.0
887.7509647751398 767.0
887.9987327661763 757.0
888.2464919337567 773.0
888.4942422773979 760.0
888.7419837966169 756.0
888.9897164909302 739.0
889.2374403598551 939.0
889.4851554029083 681.0
889.7328616196063 747.0
889.9805590094667 776.0
890.2282475720056 755.0
890.4759273067405 765.0
890.7235982131879 770.0
890.9712602908646 777.0
891.218913539288 748.0
891.4665579579743 742.0
891.7141935464408 945.0
891.9618203042044 671.0
892.2094382307815 750.0
892.4570473256895 768.0
892.7046475884449 761.0
892.9522390185649 763.0
893.1998216155661 777.0
893.4473953789653 761.0
893.6949603082797 766.0
893.9425164030258 759.0
894.1900636627211 942.0
894.4376020868815 676.0
894.6851316750246 743.0
894.9326524266672 770.0
895.1801643413257 765.0
895.4276674185177 761.0
895.6751616577593 765.0
895.922647058568 770.0
896.1701236204603 764.0
896.4175913429531 757.0
896.6650502255636 941.0
896.912500267808 684.0
897.159941469204 760.0
897.4073738292678 772.0
897.6547973475165 763.0
897.9022120234671 756.0
898.1496178566362 753.0
898.3970148465409 765.0
898.644402992698 764.0
898.8917822946241 768.0
899.1391527518367 924.0
899.386514363852 681.0
899.6338671301874 733.0
899.8812110503592 775.0
900.1285461238849 764.0
900.375872350281 764.0
900.6231897290643 777.0
900.8704982597519 758.0
901.1177979418604 770.0
901.3650887749071 757.0
901.6123707584086 933.0
901.8596438918815 684.0
902.106908174843 750.0
902.35416360681 763.0
902.6014101872993 777.0
902.8486479158278 767.0
903.095876791912 758.0
903.3430968150694 774.0
903.5903079848164 777.0
903.83751030067 763.0
904.0847037621473 923.0
904.3318883687646 668.0
904.5790641200394 752.0
904.826231015488 769.0
905.0733890546279 772.0
905.3205382369753 766.0
905.5676785620476 767.0
905.8148100293615 775.0
906.0619326384336 771.0
906.3090463887813 755.0
906.5561512799208 914.0
906.8032473113697 673.0
907.0503344826443 747.0
907.2974127932616 762.0
907.5444822427387 766.0
907.7915428305921 769.0
908.038594556339 765.0
908.2856374194963 772.0
908.5326714195803 769.0
908.7796965561088 760.0
909.0267128285976 933.0
909.2737202365645 672.0
909.520718779526 740.0
909.7677084569985 769.0
910.0146892684998 774.0
910.261661213546 750.0
910.5086242916544 770.0
910.7555785023416 754.0
911.0025238451248 775.0
911.2494603195206 743.0
911.4963879250456 933.0
911.7433066612174 686.0
911.9902165275522 737.0
912.2371175235672 766.0
912.4840096487795 770.0
912.7308929027052 773.0
912.9777672848619 767.0
913.2246327947661 770.0
913.4714894319347 760.0
913.7183371958849 756.0
913.965176086133 939.0
914.2120061021965 676.0
914.4588272435916 756.0
914.7056395098358 765.0
914.9524429004457 758.0
915.1992374149379 760.0
915.4460230528298 770.0
915.6927998136375 767.0
915.9395676968788 769.0
916.1863267020701 752.0
916.4330768287281 933.0
916.67981807637 683.0
916.9265504445123 737.0
917.1732739326723 752.0
917.4199885403666 774.0
917.6666942671121 766.0
917.9133911124259 757.0
918.1600790758242 773.0
918.4067581568248 750.0
918.6534283549438 740.0
918.9000896696987 926.0
919.1467421006058 689.0
919.3933856471822 754.0
919.6400203089449 758.0
919.8866460854103 772.0
920.1332629760961 758.0
920.3798709805186 773.0
920.6264700981943 784.0
920.8730603286409 760.0
921.1196416713748 753.0
921.3662141259131 929.0
921.6127776917724 686.0
921.8593323684695 740.0
922.1058781555217 775.0
922.3524150524454 768.0
922.598943058758 770.0
922.8454621739758 775.0
923.0919723976159 765.0
923.3384737291954 790.0
923.5849661682307 766.0
923.8314497142393 928.0
924.0779243667373 669.0
924.3243901252423 750.0
924.5708469892709 773.0
924.8172949583395 763.0
925.0637340319656 768.0
925.3101642096658 753.0
925.5565854909571 768.0
925.8029978753563 778.0
926.04940136238 748.0
926.2957959515456 931.0
926.5421816423694 682.0
926.7885584343687 739.0
927.0349263270604 758.0
927.281285319961 762.0
927.5276354125876 753.0
927.7739766044568 758.0
928.020308895086 771.0
928.2666322839915 768.0
928.5129467706906 764.0
928.7592523547 924.0
929.0055490355364 666.0
929.2518368127171 764.0
929.4981156857584 761.0
929.7443856541778 759.0
929.9906467174917 769.0
930.2368988752169 765.0
930.4831421268707 777.0
930.7293764719695 770.0
930.9756019100306 758.0
931.2218184405708 948.0
931.4680260631065 672.0
931.7142247771553 756.0
931.9604145822334 772.0
932.2065954778582 757.0
932.4527674635461 761.0
932.6989305388141 754.0
932.9450847031794 757.0
933.1912299561584 749.0
933.4373662972685 755.0
933.6834937260257 932.0
933.929612241948 682.0
934.1757218445516 738.0
934.4218225333533 760.0
934.6679143078701 773.0
934.913997167619 773.0
935.1600711121167 774.0
935.4061361408803 786.0
935.6521922534262 778.0
935.8982394492718 742.0
936.1442777279336 928.0
936.3903070889288 683.0
936.636327531774 754.0
936.882339055986 768.0
937.128341661082 772.0
937.3743353465785 769.0
937.6203201119927 776.0
937.8662959568414 760.0
938.1122628806411 778.0
938.3582208829092 765.0
938.6041699631621 932.0
938.8501101209171 672.0
939.0960413556905 754.0
939.341963667 765.0
939.5878770543618 756.0
939.8337815172929 763.0
940.0796770553103 762.0
940.3255636679306 768.0
940.5714413546712 776.0
940.8173101150486 760.0
941.0631699485793 939.0
941.309020854781 695.0
941.5548628331699 757.0
941.8006958832632 762.0
942.0465200045778 772.0
942.2923351966301 768.0
942.5381414589376 756.0
942.7839387910167 773.0
943.0297271923846 770.0
943.275506662558 768.0
943.5212772010536 929.0
943.7670388073888 678.0
944.0127914810797 745.0
944.2585352216438 754.0
944.504270028598 760.0
944.7499959014584 750.0
944.9957128397427 753.0
945.2414208429674 767.0
945.4871199106495 763.0
945.7328100423057 765.0
945.978491237453 934.0
946.2241634956084 689.0
946.4698268162882 751.0
946.71548119901 757.0
946.9611266432901 764.0
947.2067631486459 768.0
947.4523907145939 771.0
947.6980093406509 773.0
947.943619026334 755.0
948.1892197711599 749.0
948.4348115746456 941.0
948.680394436308 690.0
948.9259683556636 747.0
949.17153333223 764.0
949.4170893655231 769.0
949.6626364550607 764.0
949.9081746003591 767.0
950.1537038009352 783.0
950.3992240563063 776.0
950.6447353659886 753.0
950.8902377294995 933.0
951.1357311463555 681.0
951.381215616074 750.0
951.6266911381715 769.0
951.8721577121647 768.0
952.1176153375708 769.0
952.3630640139064 770.0
952.6085037406887 776.0
952.8539345174344 777.0
953.09935634366 764.0
953.3447692188829 936.0
953.5901731426196 692.0
953.8355681143876 754.0
954.080954133703 766.0
954.326331200083 767.0
954.5716993130445 775.0
954.8170584721041 767.0
955.0624086767792 768.0
955.3077499265863 770.0
955.5530822210421 770.0
955.798405559664 941.0
956.0437199419682 692.0
956.2890253674723 747.0
956.5343218356925 768.0
956.7796093461461 755.0
957.02488789835 771.0
957.2701574918206 770.0
957.5154181260752 771.0
957.7606698006304 765.0
958.0059125150034 750.0
958.2511462687107 923.0
958.4963710612694 670.0
958.7415868921963 742.0
958.9867937610082 768.0
959.2319916672224 768.0
959.4771806103552 775.0
959.7223605899235 758.0
959.9675316054446 770.0
960.2126936564348 769.0
960.4578467424116 761.0
960.7029908628915 932.0
960.9481260173911 689.0
961.193252205428 756.0
961.4383694265184 776.0
961.6834776801796 760.0
961.9285769659282 750.0
962.1736672832812 767.0
962.4187486317555 761.0
962.6638210108677 760.0
962.908884420135 746.0
963.153938859074 927.0
963.3989843272019 675.0
963.6440208240352 741.0
963.889048349091 762.0
964.1340669018862 772.0
964.3790764819373 764.0
964.6240770887617 761.0
964.8690687218761 782.0
965.114051380797 762.0
965.3590250650417 769.0
965.6039897741268 764.0
965.8489455075695 773.0
966.0938922648864 767.0
966.3388300455941 766.0
966.5837588492103 765.0
966.8286786752509 770.0
967.0735895232334 766.0
967.3184913926743 773.0
967.5633842830911 754.0
967.808268194 768.0
968.0531431249179 758.0
968.2980090753622 757.0
968.5428660448491 756.0
968.7877140328961 774.0
969.0325530390197 768.0
969.2773830627367 776.0
969.5222041035643 764.0
969.7670161610189 770.0
970.0118192346179 770.0
970.2566133238779 769.0
970.5013984283155 775.0
970.746174547448 773.0
970.990941680792 778.0
971.2356998278649 769.0
971.480448988183 762.0
971.725189161263 764.0
971.9699203466223 769.0
972.2146425437775 774.0
972.4593557522456 768.0
972.7040599715434 769.0
972.9487552011876 764.0
973.1934414406954 768.0
973.4381186895833 767.0
973.6827869473685 762.0
973.9274462135677 776.0
974.1720964876979 754.0
974.4167377692759 770.0
974.6613700578182 793.0
974.9059933528424 769.0
975.1506076538647 772.0
975.3952129604023 779.0
975.6398092719721 762.0
975.8843965880908 756.0
976.1289749082755 769.0
976.3735442320426 763.0
976.6181045589096 760.0
976.862655888393 760.0
977.1071982200094 781.0
977.3517315532764 756.0
977.5962558877101 770.0
977.840771222828 773.0
978.0852775581467 761.0
978.3297748931827 773.0
978.5742632274536 769.0
978.8187425604756 774.0
979.063212891766 764.0
979.3076742208415 764.0
979.5521265472191 765.0
979.7965698704156 770.0
980.0410041899477 756.0
980.2854295053326 774.0
980.5298458160865 776.0
980.7742531217272 768.0
981.0186514217711 765.0
981.2630407157347 774.0
981.5074210031356 775.0
981.7517922834901 771.0
981.9961545563154 766.0
982.2405078211283 756.0
982.4848520774455 747.0
982.729187324784 772.0
982.9735135626606 769.0
983.2178307905924 771.0
983.4621390080961 757.0
983.7064382146882 761.0
983.9507284098863 771.0
984.1950095932067 769.0
984.4392817641666 771.0
984.6835449222825 765.0
984.9277990670716 784.0
985.1720441980509 774.0
985.4162803147366 773.0
985.6605074166464 778.0
985.9047255032964 768.0
986.1489345742042 761.0
986.3931346288863 760.0
986.6373256668593 763.0
986.8815076876406 768.0
987.1256806907464 765.0
987.3698446756944 761.0
987.613999642001 777.0
987.8581455891829 761.0
988.1022825167574 768.0
988.3464104242408 771.0
988.5905293111508 760.0
988.8346391770036 769.0
989.0787400213161 762.0
989.3228318436055 763.0
989.5669146433884 762.0
989.8109884201817 772.0
990.0550531735024 768.0
990.2991089028674 760.0
990.5431556077934 759.0
990.7871932877973 768.0
991.031221942396 773.0
991.2752415711062 770.0
991.5192521734452 763.0
991.7632537489297 756.0
992.0072462970761 750.0
992.251229817402 763.0
992.4952043094236 765.0
992.7391697726582 777.0
992.9831262066227 772.0
993.2270736108336 768.0
993.4710119848082 787.0
993.7149413280629 778.0
993.958861640115 758.0
994.2027729204812 765.0
994.4466751686781 761.0
994.6905683842231 782.0
994.9344525666326 776.0
995.1783277154237 765.0
995.4221938301132 767.0
995.6660509102181 770.0
995.9098989552552 756.0
996.1537379647411 763.0
996.3975679381932 761.0
996.6413888751279 773.0
996.8852007750622 762.0
997.1290036375133 762.0
997.3727974619973 777.0
997.6165822480319 782.0
997.8603579951333 770.0
998.104124702819 769.0
998.3478823706055 776.0
998.5916309980095 762.0
998.8353705845483 768.0
999.0791011297383 771.0
999.3228226330968 771.0
999.5665350941406 765.0
999.8102385123861 765.0
1000.0539328873509 767.0
1000.2976182185512 777.0
1000.5412945055043 778.0
1000.7849617477269 774.0
1001.0286199447357 754.0
1001.2722690960481 758.0
1001.5159092011804 764.0
1001.75954025965 776.0
1002.003162270973 769.0
1002.246775234667 773.0
1002.4903791502487 772.0
1002.7339740172346 753.0
1002.9775598351421 755.0
1003.2211366034876 771.0
1003.4647043217884 762.0
1003.7082629895611 769.0
1003.9518126063224 763.0
1004.1953531715895 761.0
1004.4388846848791 774.0
1004.6824071457083 778.0
1004.9259205535938 763.0
1005.1694249080521 782.0
1005.4129202086007 779.0
1005.6564064547559 780.0
1005.8998836460353 763.0
1006.1433517819551 768.0
1006.3868108620323 764.0
1006.6302608857841 773.0
1006.8737018527269 784.0
1007.1171337623779 786.0
1007.3605566142537 763.0
1007.6039704078715 775.0
1007.8473751427481 780.0
1008.0907708184001 756.0
1008.3341574343445 782.0
1008.5775349900982 772.0
1008.8209034851784 759.0
1009.0642629191013 779.0
1009.3076132913841 774.0
1009.5509546015439 764.0
1009.7942868490973 770.0
1010.0376100335611 765.0
1010.2809241544525 766.0
1010.5242292112879 779.0
1010.7675252035845 773.0
1011.010812130859 764.0
1011.2540899926286 770.0
1011.4973587884098 761.0
1011.7406185177194 772.0
1011.9838691800747 754.0
1012.2271107749921 784.0
1012.470343301989 770.0
1012.7135667605817 770.0
1012.9567811502875 752.0
1013.1999864706231 762.0
1013.4431827211052 777.0
1013.686369901251 773.0
1013.929548010577 775.0
1014.1727170486006 766.0
1014.4158770148383 772.0
1014.6590279088067 772.0
1014.9021697300233 760.0
1015.1453024780044 760.0
1015.3884261522674 777.0
1015.6315407523286 771.0
1015.8746462777051 748.0
1016.1177427279141 768.0
1016.3608301024719 749.0
1016.603908400896 758.0
1016.8469776227028 765.0
1017.0900377674091 774.0
1017.3330888345322 791.0
1017.5761308235883 762.0
1017.8191637340951 776.0
1018.0621875655689 766.0
1018.3052023175269 761.0
1018.5482079894858 758.0
1018.7912045809622 777.0
1019.0341920914735 766.0
1019.2771705205361 771.0
1019.5201398676672 762.0
1019.7631001323837 768.0
1020.006051314202 766.0
1020.2489934126395 756.0
1020.4919264272125 760.0
1020.7348503574386 766.0
1020.9777652028342 768.0
1021.2206709629161 776.0
1021.4635676372014 752.0
1021.7064552252067 757.0
1021.9493337264495 766.0
1022.1922031404459 771.0
1022.4350634667132 773.0
1022.6779147047681 761.0
1022.9207568541273 748.0
1023.1635899143083 769.0
1023.4064138848273 770.0
1023.6492287652015 789.0
1023.8920345549478 774.0
1024.134831253583 777.0
1024.377618860624 771.0
1024.6203973755871 779.0
1024.8631667979898 778.0
1025.1059271273493 775.0
1025.3486783631818 773.0
1025.5914205050044 766.0
1025.8341535523336 746.0
1026.076877504687 754.0
1026.3195923615808 771.0
1026.5622981225324 780.0
1026.8049947870584 775.0
1027.0476823546753 759.0
1027.2903608249007 750.0
1027.5330301972513 754.0
1027.7756904712435 762.0
1028.0183416463947 752.0
1028.260983722221 776.0
1028.5036166982402 754.0
1028.7462405739689 766.0
1028.9888553489234 758.0
1029.2314610226213 757.0
1029.474057594579 768.0
1029.7166450643138 760.0
1029.9592234313418 761.0
1030.2017926951808 790.0
1030.4443528553472 765.0
1030.6869039113576 775.0
1030.9294458627296 777.0
1031.1719787089794 746.0
1031.414502449624 764.0
1031.6570170841808 764.0
1031.8995226121658 783.0
1032.1420190330966 762.0
1032.3845063464896 770.0
1032.6269845518618 768.0
1032.8694536487305 763.0
1033.111913636612 755.0
1033.3543645150232 768.0
1033.596806283481 769.0
1033.8392389415026 777.0
1034.081662488605 770.0
1034.324076924304 767.0
1034.566482248118 761.0
1034.8088784595625 764.0
1035.0512655581551 759.0
1035.2936435434124 762.0
1035.5360124148515 772.0
1035.778372171989 761.0
1036.020722814342 764.0
1036.2630643414275 785.0
1036.5053967527615 770.0
1036.7477200478622 774.0
1036.9900342262456 761.0
1037.2323392874284 775.0
1037.4746352309282 755.0
1037.7169220562612 755.0
1037.9591997629448 762.0
1038.2014683504956 774.0
1038.4437278184303 766.0
1038.685978166266 763.0
1038.9282193935196 751.0
1039.170451499708 758.0
1039.4126744843477 760.0
1039.6548883469559 771.0
1039.8970930870496 774.0
1040.1392887041452 765.0
1040.3814751977598 765.0
1040.6236525674105 772.0
1040.8658208126137 761.0
1041.107979932887 764.0
1041.3501299277466 761.0
1041.5922707967095 769.0
1041.8344025392926 784.0
1042.0765251550129 764.0
1042.3186386433872 755.0
1042.5607430039322 758.0
1042.802838236165 767.0
1043.0449243396022 773.0
1043.2870013137613 773.0
1043.5290691581586 764.0
1043.7711278723107 776.0
1044.013177455735 762.0
1044.2552179079482 763.0
1044.4972492284676 762.0
1044.7392714168093 762.0
1044.9812844724902 766.0
1045.223288395028 761.0
1045.4652831839387 764.0
1045.70726883874 774.0
1045.949245358948 739.0
1046.1912127440798 758.0
1046.4331709936528 756.0
1046.675120107183 759.0
1046.9170600841878 763.0
1047.1589909241836 772.0
1047.400912626688 758.0
1047.6428251912175 762.0
1047.8847286172886 773.0
1048.1266229044188 771.0
1048.3685080521243 765.0
1048.6103840599228 774.0
1048.8522509273307 766.0
1049.0941086538646 759.0
1049.3359572390418 765.0
1049.577796682379 768.0
1049.819626983393 772.0
1050.061448141601 746.0
1050.3032601565194 751.0
1050.5450630276655 757.0
1050.7868567545556 764.0
1051.0286413367073 765.0
1051.270416773637 761.0
1051.5121830648616 763.0
1051.7539402098982 766.0
1051.9956882082631 778.0
1052.237427059474 772.0
1052.479156763047 760.0
1052.7208773184996 766.0
1052.9625887253483 756.0
1053.2042909831098 767.0
1053.4459840913016 760.0
1053.6876680494397 765.0
1053.929342857042 773.0
1054.1710085136244 760.0
1054.4126650187043 766.0
1054.6543123717986 770.0
1054.8959505724238 765.0
1055.1375796200969 764.0
1055.3791995143351 773.0
1055.620810254655 768.0
1055.8624118405735 764.0
1056.1040042716074 760.0
1056.3455875472737 774.0
1056.5871616670893 758.0
1056.8287266305706 767.0
1057.070282437235 778.0
1057.3118290865991 763.0
1057.5533665781802 749.0
1057.7948949114943 756.0
1058.0364140860593 770.0
1058.2779241013916 768.0
1058.5194249570077 770.0
1058.760916652425 768.0
1059.0023991871599 769.0
1059.24387256073 762.0
1059.4853367726514 782.0
1059.7267918224413 761.0
1059.968237709617 761.0
1060.2096744336943 768.0
1060.451101994191 754.0
1060.6925203906237 774.0
1060.933929622509 768.0
1061.1753296893642 755.0
1061.4167205907056 763.0
1061.6581023260508 774.0
1061.8994748949162 740.0
1062.1408382968189 774.0
1062.3821925312755 771.0
1062.6235375978026 761.0
1062.8648734959181 770.0
1063.1062002251376 774.0
1063.3475177849793 782.0
1063.588826174959 761.0
1063.830125394594 758.0
1064.0714154434013 762.0
1064.312696320897 767.0
1064.553968026599 778.0
1064.7952305600238 775.0
1065.036483920688 759.0
1065.2777281081087 758.0
1065.5189631218025 766.0
1065.7601889612868 774.0
1066.001405626078 763.0
1066.2426131156928 778.0
1066.4838114296492 751.0
1066.7250005674625 778.0
1066.9661805286507 770.0
1067.2073513127305 745.0
1067.4485129192178 771.0
1067.689665347631 784.0
1067.9308085974856 756.0
1068.1719426682996 760.0
1068.413067559589 766.0
1068.654183270871 763.0
1068.8952898016628 769.0
1069.1363871514804 774.0
1069.3774753198418 754.0
1069.618554306263 775.0
1069.8596241102612 764.0
1070.100684731353 768.0
1070.3417361690556 760.0
1070.582778422886 755.0
1070.8238114923604 762.0
1071.0648353769964 764.0
1071.3058500763104 776.0
1071.5468555898192 769.0
1071.7878519170404 759.0
1072.02883905749 763.0
1072.2698170106853 768.0
1072.5107857761434 759.0
1072.75174535338 762.0
1072.9926957419138 758.0
1073.23363694126 760.0
1073.4745689509368 755.0
1073.7154917704597 758.0
1073.9564053993467 758.0
1074.1973098371145 757.0
1074.4382050832794 766.0
1074.6790911373587 767.0
1074.9199679988692 757.0
1075.1608356673278 764.0
1075.4016941422512 762.0
1075.6425434231562 759.0
1075.8833835095604 763.0
1076.1242144009796 779.0
1076.3650360969316 761.0
1076.6058485969324 761.0
1076.8466519004996 748.0
1077.0874460071498 748.0
1077.3282309163997 762.0
1077.5690066277664 763.0
1077.8097731407665 780.0
1078.0505304549172 764.0
1078.2912785697354 763.0
1078.5320174847377 766.0
1078.772747199441 769.0
1079.0134677133622 764.0
1079.2541790260184 748.0
1079.4948811369263 755.0
1079.7355740456023 769.0
1079.9762577515642 762.0
1080.2169322543277 770.0
1080.4575975534112 762.0
1080.6982536483301 771.0
1080.9389005386022 755.0
1081.179538223744 770.0
1081.4201667032721 762.0
1081.6607859767041 774.0
1081.9013960435564 776.0
1082.1419969033457 756.0
1082.382588555589 755.0
1082.6231709998035 767.0
1082.863744235506 778.0
1083.104308262213 766.0
1083.3448630794412 776.0
1083.5854086867082 758.0
1083.8259450835303 766.0
1084.0664722694248 765.0
1084.306990243908 774.0
1084.5474990064974 773.0
1084.7879985567097 764.0
1085.0284888940612 771.0
1085.2689700180695 760.0
1085.509441928251 777.0
1085.749904624123 775.0
1085.990358105202 759.0
1086.2308023710048 770.0
1086.4712374210485 757.0
1086.71166325485 757.0
1086.9520798719261 775.0
1087.1924872717937 766.0
1087.4328854539694 753.0
1087.6732744179706 768.0
1087.9136541633134 758.0
1088.1540246895156 773.0
1088.3943859960934 757.0
1088.6347380825637 753.0
1088.8750809484436 753.0
1089.1154145932499 764.0
1089.3557390164995 770.0
1089.5960542177095 758.0
1089.836360196396 756.0
1090.0766569520767 764.0
1090.3169444842679 765.0
1090.557222792487 760.0
1090.7974918762502 763.0
1091.037751735075 768.0
1091.2780023684782 755.0
1091.518243775976 762.0
1091.7584759570861 754.0
1091.9986989113247 773.0
1092.2389126382093 768.0
1092.4791171372563 776.0
1092.7193124079827 761.0
1092.9594984499054 750.0
1093.1996752625412 761.0
1093.4398428454072 744.0
1093.68000119802 757.0
1093.9201503198965 770.0
1094.1602902105537 768.0
1094.4004208695083 747.0
1094.6405422962773 755.0
1094.8806544903778 763.0
1095.120757451326 756.0
1095.3608511786392 761.0
1095.6009356718341 764.0
1095.8410109304282 763.0
1096.0810769539376 777.0
1096.3211337418795 752.0
1096.5611812937707 752.0
1096.8012196091279 760.0
1097.0412486874682 769.0
1097.2812685283084 773.0
1097.5212791311658 767.0
1097.7612804955563 760.0
1098.0012726209975 779.0
1098.2412555070064 773.0
1098.4812291530989 785.0
1098.721193558793 773.0
1098.961148723605 758.0
1099.2010946470518 771.0
1099.4410313286503 762.0
1099.6809587679172 761.0
1099.92087696437 744.0
1100.1607859175251 776.0
1100.400685626899 758.0
1100.640576092009 764.0
1100.880457312372 754.0
1101.1203292875052 778.0
1101.3601920169247 781.0
1101.6000455001479 768.0
1101.8398897366915 757.0
1102.079724726072 757.0
1102.3195504678072 769.0
1102.559366961413 762.0
1102.7991742064069 765.0
1103.0389722023056 746.0
1103.2787609486254 755.0
1103.5185404448844 764.0
1103.7583106905984 747.0
1103.9980716852845 770.0
1104.23782342846 761.0
1104.4775659196412 754.0
1104.7172991583454 746.0
1104.9570231440887 757.0
1105.1967378763893 777.0
1105.436443354763 761.0
1105.6761395787273 761.0
1105.9158265477986 774.0
1106.1555042614937 770.0
1106.3951727193298 752.0
1106.6348319208234 761.0
1106.8744818654923 786.0
1107.1141225528525 753.0
1107.3537539824208 776.0
1107.5933761537144 763.0
1107.8329890662503 756.0
1108.072592719545 764.0
1108.3121871131157 759.0
1108.551772246479 755.0
1108.7913481191517 752.0
1109.030914730651 761.0
1109.2704720804938 743.0
1109.5100201681967 764.0
1109.7495589932764 756.0
1109.9890885552504 767.0
1110.2286088536348 763.0
1110.4681198879473 769.0
1110.707621657704 766.0
1110.9471141624224 752.0
1111.1865974016187 767.0
1111.4260713748101 770.0
1111.665536081514 770.0
1111.9049915212463 780.0
1112.1444376935244 760.0
1112.3838745978653 767.0
1112.6233022337854 768.0
1112.8627206008023 755.0
1113.102129698432 752.0
1113.3415295261918 766.0
1113.5809200835986 782.0
1113.820301370169 774.0
1114.0596733854206 772.0
1114.2990361288694 761.0
1114.5383896000326 760.0
1114.7777337984273 762.0
1115.0170687235698 766.0
1115.2563943749778 774.0
1115.4957107521673 765.0
1115.7350178546556 768.0
1115.9743156819598 761.0
1116.213604233596 744.0
1116.452883509082 750.0
1116.692153507934 764.0
1116.9314142296694 769.0
1117.1706656738045 755.0
1117.4099078398563 765.0
1117.6491407273422 740.0
1117.8883643357783 753.0
1118.1275786646822 759.0
1118.36678371357 776.0
1118.6059794819594 770.0
1118.8451659693665 773.0
1119.0843431753085 762.0
1119.3235110993026 751.0
1119.5626697408647 761.0
1119.8018190995128 763.0
1120.0409591747637 762.0
1120.2800899661331 760.0
1120.519211473139 760.0
1120.7583236952978 764.0
1120.9974266321262 763.0
1121.236520283142 752.0
1121.4756046478608 768.0
1121.7146797258001 765.0
1121.9537455164768 767.0
1122.192802019408 752.0
1122.4318492341101 756.0
1122.6708871601 776.0
1122.909915796895 772.0
1123.1489351440111 761.0
1123.3879452009662 768.0
1123.6269459672762 760.0
1123.865937442459 773.0
1124.1049196260308 768.0
1124.3438925175087 762.0
