shot=153_gas=Ne_hight=30_RF=151.3W_massflow=8000_coils=0.0A_HR4000 spectrum
Wavelength [nm] // Intensity [u.a.] 
194.93414 768.0
195.2037815346219 729.0
195.47341553816543 764.0
195.74304201014752 760.0
196.012660950085 763.0
196.28227235749478 756.0
196.55187623189366 768.0
196.82147257279857 769.0
197.09106137972637 745.0
197.36064265219392 745.0
197.63021638971804 761.0
197.89978259181567 954.0
198.16934125800364 673.0
198.43889238779886 753.0
198.7084359807181 765.0
198.97797203627835 771.0
199.2475005539964 766.0
199.51702153338914 756.0
199.78653497397343 749.0
200.05604087526618 774.0
200.3255392367842 758.0
200.59503005804436 950.0
200.8645133385636 666.0
201.1339890778587 754.0
201.4034572754466 782.0
201.67291793084408 783.0
201.94237104356813 771.0
202.21181661313554 771.0
202.48125463906314 752.0
202.7506851208679 775.0
203.02010805806663 758.0
203.28952345017618 939.0
203.55893129671344 686.0
203.8283315971953 753.0
204.0977243511386 769.0
204.3671095580602 776.0
204.636487217477 774.0
204.90585732890585 772.0
205.17521989186366 776.0
205.44457490586717 778.0
205.7139223704334 761.0
205.98326228507918 944.0
206.2525946493213 672.0
206.5219194626767 740.0
206.79123672466224 783.0
207.06054643479476 769.0
207.32984859259116 777.0
207.59914319756828 777.0
207.86843024924303 777.0
208.13770974713225 773.0
208.40698169075276 757.0
208.6762460796215 938.0
208.94550291325532 684.0
209.2147521911711 752.0
209.48399391288567 753.0
209.75322807791594 757.0
210.02245468577874 769.0
210.29167373599094 778.0
210.56088522806942 761.0
210.83008916153108 772.0
211.09928553589276 756.0
211.3684743506713 936.0
211.63765560538363 682.0
211.9068292995466 751.0
212.175995432677 775.0
212.44515400429182 775.0
212.71430501390782 768.0
212.98344846104192 762.0
213.25258434521103 750.0
213.52171266593191 768.0
213.79083342272153 751.0
214.05994661509675 934.0
214.3290522425744 674.0
214.5981503046713 756.0
214.8672408009044 779.0
215.13632373079054 763.0
215.4053990938466 761.0
215.6744668895894 768.0
215.94352711753592 760.0
216.21257977720293 771.0
216.48162486810728 763.0
216.7506623897659 936.0
217.01969234169565 660.0
217.2887147234134 758.0
217.55772953443596 756.0
217.82673677428028 745.0
218.0957364424632 764.0
218.36472853850154 751.0
218.6337130619122 760.0
218.9026900122121 754.0
219.17165938891804 762.0
219.4406211915469 938.0
219.70957541961562 685.0
219.97852207264097 743.0
220.24746115013983 761.0
220.5163926516291 761.0
220.78531657662566 760.0
221.05423292464639 761.0
221.32314169520808 773.0
221.59204288782766 755.0
221.860936502022 757.0
222.12982253730797 940.0
222.39870099320237 688.0
222.66757186922214 753.0
222.93643516488416 769.0
223.20529087970525 742.0
223.47413901320226 757.0
223.74297956489212 747.0
224.01181253429166 746.0
224.28063792091777 780.0
224.5494557242873 758.0
224.8182659439171 939.0
225.08706857932413 675.0
225.35586363002508 765.0
225.62465109553705 769.0
225.89343097537673 759.0
226.16220326906105 761.0
226.43096797610687 754.0
226.69972509603105 755.0
226.9684746283505 761.0
227.237216572582 757.0
227.50595092824256 941.0
227.7746776948489 676.0
228.04339687191796 754.0
228.31210845896663 766.0
228.5808124555117 774.0
228.84950886107015 759.0
229.11819767515877 769.0
229.38687889729442 771.0
229.65555252699397 763.0
229.92421856377433 740.0
230.1928770071524 938.0
230.46152785664492 667.0
230.73017111176884 757.0
230.99880677204106 780.0
231.26743483697837 780.0
231.53605530609772 776.0
231.8046681789159 758.0
232.07327345494983 756.0
232.34187113371638 746.0
232.61046121473237 736.0
232.87904369751473 932.0
233.14761858158028 680.0
233.41618586644586 757.0
233.68474555162845 771.0
233.95329763664483 770.0
234.2218421210119 754.0
234.49037900424648 770.0
234.7589082858655 769.0
235.02742996538583 773.0
235.29594404232427 765.0
235.56445051619772 945.0
235.8329493865231 677.0
236.10144065281722 754.0
236.36992431459691 769.0
236.63840037137916 756.0
236.9068688226808 782.0
237.1753296680186 778.0
237.44378290690955 769.0
237.7122285388704 768.0
237.9806665634181 756.0
238.24909698006957 937.0
238.51751978834153 682.0
238.78593498775095 760.0
239.0543425778147 773.0
239.32274255804958 770.0
239.59113492797255 764.0
239.8595196871004 761.0
240.12789683495004 776.0
240.3962663710383 784.0
240.66462829488208 755.0
240.93298260599826 943.0
241.2013293039037 662.0
241.46966838811522 758.0
241.73799985814978 760.0
242.00632371352418 776.0
242.27463995375527 764.0
242.54294857835998 764.0
242.81124958685515 753.0
243.07954297875764 763.0
243.34782875358434 755.0
243.61610691085207 938.0
243.88437745007772 655.0
244.15264037077822 732.0
244.42089567247035 768.0
244.68914335467105 781.0
244.95738341689716 767.0
245.2256158586655 769.0
245.493840679493 780.0
245.76205787889654 758.0
246.03026745639292 751.0
246.29846941149904 937.0
246.5666637437318 682.0
246.834850452608 752.0
247.1030295376446 769.0
247.37120099835838 756.0
247.63936483426627 779.0
247.9075210448851 766.0
248.17566962973177 766.0
248.4438105883231 766.0
248.71194392017603 759.0
248.98006962480733 940.0
249.248187701734 673.0
249.51629815047275 758.0
249.78440097054056 776.0
250.05249616145431 764.0
250.32058372273076 777.0
250.5886636538869 772.0
250.85673595443953 773.0
251.12480062390551 771.0
251.39285766180177 755.0
251.6609070676451 941.0
251.92894884095242 687.0
252.19698298124058 744.0
252.46500948802645 750.0
252.73302836082692 776.0
253.00103959915882 773.0
253.26904320253902 756.0
253.53703917048443 778.0
253.80502750251188 763.0
254.07300819813827 755.0
254.34098125688044 944.0
254.60894667825525 665.0
254.87690446177962 747.0
255.14485460697037 781.0
255.41279711334434 757.0
255.6807319804185 768.0
255.94865920770962 751.0
256.2165787947346 779.0
256.48449074101035 794.0
256.75239504605366 756.0
257.02029170938147 930.0
257.28818073051065 688.0
257.556062108958 758.0
257.8239358442404 765.0
258.0918019358748 766.0
258.35966038337796 764.0
258.6275111862668 770.0
258.8953543440582 756.0
259.163189856269 771.0
259.4310177224162 752.0
259.6988379420164 946.0
259.9666505145867 674.0
260.23445543964385 752.0
260.50225271670473 771.0
260.77004234528624 763.0
261.03782432490533 774.0
261.3055986550787 761.0
261.5733653353234 777.0
261.8411243651561 762.0
262.1088757440937 753.0
262.37661947165327 932.0
262.6443555473515 672.0
262.9120839707053 737.0
263.1798047412315 765.0
263.44751785844704 772.0
263.7152233218687 765.0
263.98292113101354 769.0
264.2506112853982 768.0
264.51829378453965 760.0
264.7859686279547 746.0
265.05363581516025 953.0
265.32129534567326 682.0
265.5889472190105 757.0
265.8565914346889 779.0
266.1242279922252 769.0
266.39185689113634 769.0
266.65947813093925 770.0
266.9270917111508 776.0
267.19469763128774 742.0
267.46229589086704 743.0
267.72988648940554 934.0
267.9974694264201 674.0
268.2650447014276 742.0
268.53261231394487 780.0
268.80017226348883 760.0
269.0677245495763 779.0
269.3352691717242 778.0
269.60280612944933 760.0
269.8703354222686 758.0
270.13785704969894 739.0
270.40537101125716 930.0
270.67287730646007 677.0
270.9403759348246 749.0
271.2078668958677 766.0
271.47535018910605 772.0
271.7428258140567 765.0
272.01029377023633 759.0
272.2777540571619 766.0
272.5452066743504 754.0
272.81265162131854 762.0
273.08008889758327 944.0
273.34751850266144 666.0
273.6149404360698 752.0
273.8823546973254 761.0
274.1497612859451 759.0
274.4171602014456 754.0
274.6845514433439 766.0
274.95193501115676 766.0
275.2193109044012 751.0
275.486679122594 762.0
275.7540396652521 936.0
276.02139253189216 666.0
276.2887377220313 741.0
276.55607523518626 763.0
276.82340507087395 763.0
277.09072722861123 758.0
277.3580417079149 766.0
277.62534850830195 761.0
277.8926476292892 774.0
278.1599390703934 756.0
278.4272228311316 937.0
278.69449891102056 676.0
278.96176730957717 753.0
279.22902802631836 769.0
279.4962810607609 769.0
279.76352641242164 762.0
280.0307640808177 772.0
280.29799406546556 761.0
280.5652163658824 771.0
280.8324309815849 764.0
281.09963791209003 950.0
281.3668371569146 682.0
281.6340287155756 757.0
281.9012125875897 762.0
282.168388772474 763.0
282.4355572697452 764.0
282.7027180789201 764.0
282.9698711995158 770.0
283.23701663104896 761.0
283.50415437303667 763.0
283.77128442499554 954.0
284.0384067864426 666.0
284.3055214568946 736.0
284.57262843586864 773.0
284.8397277228814 762.0
285.1068193174497 749.0
285.37390321909055 771.0
285.6409794273207 766.0
285.9080479416572 763.0
286.1751087616167 751.0
286.4421618867162 950.0
286.7092073164725 682.0
286.9762450504025 750.0
287.24327508802315 771.0
287.5102974288511 766.0
287.77731207240345 763.0
288.04431901819703 769.0
288.3113182657485 768.0
288.578309814575 777.0
288.84529366419326 765.0
289.1122698141201 942.0
289.37923826387254 678.0
289.6461990129674 750.0
289.91315206092133 776.0
290.18009740725154 764.0
290.44703505147464 757.0
290.7139649931077 774.0
290.98088723166734 775.0
291.24780176667065 783.0
291.5147085976344 774.0
291.78160772407557 949.0
292.04849914551085 678.0
292.3153828614572 743.0
292.58225887143146 777.0
292.8491271749505 773.0
293.1159877715313 768.0
293.3828406606906 760.0
293.6496858419453 774.0
293.9165233148123 753.0
294.1833530788084 758.0
294.4501751334505 939.0
294.71698947825547 682.0
294.9837961127402 754.0
295.2505950364216 765.0
295.5173862488164 753.0
295.78416974944156 755.0
296.050945537814 766.0
296.31771361345045 765.0
296.584473975868 778.0
296.8512266245832 752.0
297.11797155911313 934.0
297.38470877897464 682.0
297.6514382836846 746.0
297.9181600727598 763.0
298.18487414571723 759.0
298.4515805020736 780.0
298.71827914134593 762.0
298.9849700630511 769.0
299.2516532667058 763.0
299.518328751827 756.0
299.78499651793163 920.0
300.0516565645365 668.0
300.3183088911584 754.0
300.58495349731436 758.0
300.8515903825211 764.0
301.1182195462956 775.0
301.3848409881546 772.0
301.65145470761513 777.0
301.91806070419403 760.0
302.184658977408 760.0
302.4512495267741 946.0
302.7178323518091 674.0
302.9844074520298 754.0
303.2509748269532 767.0
303.5175344760962 769.0
303.78408639897555 764.0
304.0506305951082 759.0
304.31716706401096 774.0
304.58369580520065 780.0
304.8502168181943 764.0
305.1167301025086 937.0
305.3832356576606 678.0
305.649733483167 740.0
305.9162235785447 771.0
306.1827059433106 787.0
306.4491805769817 766.0
306.7156474790747 761.0
306.98210664910647 782.0
307.2485580865939 770.0
307.5150017910539 752.0
307.7814377620034 930.0
308.0478659989591 673.0
308.31428650143795 749.0
308.58069926895683 753.0
308.8471043010326 762.0
309.1135015971821 773.0
309.37989115692227 764.0
309.6462729797699 767.0
309.91264706524197 753.0
310.1790134128551 760.0
310.4453720221265 920.0
310.71172289257277 663.0
310.97806602371094 749.0
311.2444014150577 756.0
311.5107290661301 758.0
311.777048976445 755.0
312.04336114551904 760.0
312.30966557286945 776.0
312.5759622580128 773.0
312.8422512004661 759.0
313.1085323997461 913.0
313.3748058553698 666.0
313.641071566854 735.0
313.90732953371554 761.0
314.17357975547145 769.0
314.4398222316384 763.0
314.70605696173334 764.0
314.9722839452731 759.0
315.23850318177466 759.0
315.50471467075477 745.0
315.7709184117303 932.0
316.0371144042182 686.0
316.3033026477353 759.0
316.56948314179846 792.0
316.8356558859246 771.0
317.1018208796305 767.0
317.36797812243304 774.0
317.6341276138491 772.0
317.90026935339563 752.0
318.1664033405894 754.0
318.4325295749473 930.0
318.6986480559862 680.0
318.96475878322303 756.0
319.2308617561746 776.0
319.4969569743577 763.0
319.76304443728935 769.0
320.0291241444864 761.0
320.2951960954656 760.0
320.5612602897438 753.0
320.82731672683815 762.0
321.0933654062652 944.0
321.359406327542 678.0
321.6254394901853 740.0
321.891464893712 771.0
322.157482537639 765.0
322.4234924214832 768.0
322.68949454476143 768.0
322.95548890699064 773.0
323.2214755076875 766.0
323.487454346369 750.0
323.753425422552 948.0
324.01938873575347 658.0
324.2853442854901 747.0
324.55129207127885 770.0
324.8172320926366 759.0
325.08316434908016 770.0
325.34908884012646 779.0
325.61500556529234 761.0
325.8809145240947 760.0
326.14681571605024 748.0
326.4127091406761 937.0
326.6785947974889 671.0
326.9444726860058 746.0
327.2103428057433 769.0
327.47620515621855 775.0
327.74205973694836 770.0
328.00790654744947 771.0
328.2737455872389 779.0
328.5395768558335 778.0
328.80540035275004 752.0
329.0712160775054 949.0
329.33702402961654 681.0
329.6028242086002 744.0
329.86861661397353 775.0
330.13440124525306 759.0
330.4001781019559 758.0
330.66594718359863 765.0
330.9317084896984 766.0
331.19746201977205 773.0
331.46320777333636 752.0
331.7289457499082 939.0
331.9946759490044 691.0
332.2603983701419 758.0
332.5261130128375 776.0
332.79181987660826 758.0
333.05751896097087 772.0
333.3232102654422 770.0
333.58889378953916 762.0
333.85456953277856 765.0
334.1202374946774 758.0
334.38589767475247 946.0
334.6515500725206 666.0
334.9171946874987 739.0
335.18283151920355 770.0
335.4484605671522 765.0
335.7140818308614 770.0
335.97969530984807 780.0
336.245301003629 766.0
336.51089891172114 762.0
336.77648903364127 759.0
337.04207136890636 930.0
337.30764591703326 684.0
337.5732126775387 738.0
337.83877164993976 771.0
338.10432283375314 761.0
338.36986622849577 778.0
338.63540183368457 775.0
338.9009296488363 778.0
339.16644967346787 759.0
339.4319619070962 744.0
339.6974663492381 929.0
339.9629629994105 684.0
340.22845185713027 761.0
340.4939329219141 766.0
340.75940619327906 749.0
341.02487167074196 774.0
341.2903293538197 762.0
341.555779242029 764.0
341.821221334887 747.0
342.0866556319103 760.0
342.3520821326158 940.0
342.6175008365205 677.0
342.8829117431413 752.0
343.1483148519949 760.0
343.41371016259825 754.0
343.6790976744682 766.0
343.9444773871216 768.0
344.20984930007546 762.0
344.4752134128465 769.0
344.74056972495157 758.0
345.0059182359076 927.0
345.27125894523147 670.0
345.53659185244 744.0
345.80191695705014 771.0
346.0672342585787 777.0
346.3325437565426 762.0
346.5978454504585 780.0
346.8631393398436 767.0
347.1284254242145 769.0
347.3937037030882 765.0
347.6589741759816 932.0
347.92423684241146 675.0
348.1894917018946 762.0
348.4547387539481 775.0
348.71997799808867 755.0
348.9852094338332 769.0
349.2504330606986 764.0
349.51564887820166 764.0
349.7808568858593 760.0
350.0460570831885 754.0
350.31124946970584 952.0
350.57643404492853 685.0
350.84161080837316 761.0
351.1067797595568 778.0
351.3719408979961 770.0
351.63709422320824 767.0
351.90223973470984 770.0
352.16737743201776 774.0
352.43250731464894 754.0
352.69762938212034 747.0
352.9627436339487 940.0
353.2278500696509 671.0
353.49294868874387 749.0
353.7580394907444 782.0
354.02312247516943 772.0
354.28819764153576 788.0
354.55326498936034 766.0
354.81832451816 768.0
355.08337622745165 756.0
355.348420116752 746.0
355.613456185578 935.0
355.8784844334467 677.0
356.1435048598747 745.0
356.4085174643791 777.0
356.6735222464765 781.0
356.938519205684 767.0
357.2035083415184 769.0
357.46848965349653 773.0
357.73346314113536 770.0
357.9984288039516 760.0
358.2633866414622 948.0
358.528336653184 679.0
358.793278838634 756.0
359.05821319732894 783.0
359.3231397287857 764.0
359.5880584325211 774.0
359.8529693080521 747.0
360.1178723548955 764.0
360.3827675725683 770.0
360.64765496058726 755.0
360.9125345184692 948.0
361.1774062457311 669.0
361.44227014188965 752.0
361.707126206462 757.0
361.9719744389649 753.0
362.2368148389151 774.0
362.5016474058295 761.0
362.766472139225 762.0
363.0312890386186 760.0
363.296098103527 745.0
363.5608993334672 944.0
363.82569272795587 659.0
364.09047828651006 747.0
364.35525600864656 762.0
364.6200258938823 755.0
364.8847879417341 770.0
365.1495421517188 783.0
365.41428852335326 768.0
365.67902705615444 761.0
365.9437577496392 765.0
366.2084806033243 940.0
366.4731956167267 670.0
366.7379027893632 753.0
367.0026021207507 772.0
367.2672936104061 776.0
367.5319772578463 768.0
367.79665306258806 761.0
368.06132102414836 769.0
368.32598114204393 759.0
368.59063341579173 750.0
368.85527784490864 936.0
369.1199144289115 676.0
369.3845431673172 738.0
369.6491640596426 769.0
369.91377710540445 758.0
370.1783823041198 765.0
370.44297965530546 770.0
370.70756915847835 772.0
370.97215081315517 767.0
371.2367246188529 752.0
371.5012905750884 927.0
371.7658486813786 683.0
372.0303989372402 772.0
372.29494134219027 784.0
372.5594758957455 759.0
372.82400259742286 762.0
373.08852144673915 765.0
373.3530324432114 766.0
373.6175355863563 779.0
373.8820308756908 760.0
374.1465183107317 937.0
374.410997890996 679.0
374.6754696160004 756.0
374.93993348526186 776.0
375.2043894982973 776.0
375.4688376546235 769.0
375.7332779537573 777.0
375.9977103952157 774.0
376.26213497851546 765.0
376.52655170317354 759.0
376.7909605687067 941.0
377.05536157463183 666.0
377.3197547204658 762.0
377.5841400057256 781.0
377.84851742992794 762.0
378.11288699258984 757.0
378.37724869322795 758.0
378.64160253135935 762.0
378.90594850650075 766.0
379.1702866181692 756.0
379.4346168658814 941.0
379.69893924915425 656.0
379.9632537675047 756.0
380.2275604204495 783.0
380.49185920750574 775.0
380.75615012819 756.0
381.0204331820193 766.0
381.2847083685105 762.0
381.5489756871804 769.0
381.8132351375459 766.0
382.07748671912407 954.0
382.34173043143153 674.0
382.6059662739852 754.0
382.8701942463019 772.0
383.1344143478986 772.0
383.3986265782921 773.0
383.6628309369994 780.0
383.92702742353725 765.0
384.1912160374225 764.0
384.45539677817203 760.0
384.7195696453027 927.0
384.98373463833155 674.0
385.2478917567753 749.0
385.5120410001507 768.0
385.7761823679748 767.0
386.0403158597644 760.0
386.30444147503647 768.0
386.5685592133077 772.0
386.8326690740951 756.0
387.09677105691543 746.0
387.36086516128563 944.0
387.6249513867226 686.0
387.88902973274315 748.0
388.15310019886414 785.0
388.41716278460245 767.0
388.68121748947493 767.0
388.9452643129986 765.0
389.2093032546901 772.0
389.47333431406645 777.0
389.73735749064434 755.0
390.0013727839409 934.0
390.2653801934728 675.0
390.52937971875696 750.0
390.7933713593103 768.0
391.05735511464974 777.0
391.3213309842919 771.0
391.5852989677539 765.0
391.8492590645524 756.0
392.1132112742045 752.0
392.37715559622694 760.0
392.6410920301366 953.0
392.9050205754503 670.0
393.1689412316849 739.0
393.43285399835736 764.0
393.69675887498465 748.0
393.96065586108335 765.0
394.2245449561705 776.0
394.4884261597629 772.0
394.75229947137757 769.0
395.01616489053123 767.0
395.28002241674085 963.0
395.5438720495231 680.0
395.80771378839506 743.0
396.0715476328735 776.0
396.33537358247537 774.0
396.5991916367174 754.0
396.86300179511665 771.0
397.12680405718976 776.0
397.39059842245376 773.0
397.65438489042543 760.0
397.91816346062177 940.0
398.18193413255955 673.0
398.4456969057556 746.0
398.7094517797268 753.0
398.97319875399006 772.0
399.2369378280623 761.0
399.50066900146027 779.0
399.764392273701 764.0
400.02810764430114 762.0
400.2918151127777 761.0
400.55551467864757 944.0
400.81920634142756 667.0
401.08289010063453 747.0
401.34656595578537 759.0
401.6102339063969 767.0
401.8738939519861 758.0
402.1375460920697 769.0
402.4011903261647 770.0
402.6648266537879 754.0
402.92845507445617 749.0
403.1920755876863 951.0
403.4556881929953 675.0
403.71929288990003 736.0
403.98288967791734 765.0
404.246478556564 770.0
404.5100595253569 767.0
404.77363258381297 773.0
405.03719773144906 789.0
405.3007549677821 772.0
405.56430429232887 757.0
405.82784570460626 939.0
406.0913792041311 693.0
406.35490479042033 763.0
406.61842246299085 757.0
406.88193222135936 755.0
407.14543406504293 769.0
407.4089279935582 760.0
407.6724140064223 771.0
407.9358921031519 775.0
408.19936228326395 757.0
408.4628245462754 929.0
408.7262788917029 662.0
408.9897253190635 744.0
409.25316382787395 764.0
409.5165944176513 767.0
409.7800170879122 775.0
410.04343183817366 765.0
410.30683866795243 768.0
410.57023757676546 768.0
410.83362856412975 748.0
411.09701162956185 948.0
411.3603867725789 672.0
411.62375399269763 755.0
411.887113289435 755.0
412.1504646623078 761.0
412.4138081108329 769.0
412.6771436345273 746.0
412.94047123290767 768.0
413.20379090549096 760.0
413.46710265179405 762.0
413.7304064713339 932.0
413.9937023636272 675.0
414.25699032819097 770.0
414.52027036454194 760.0
414.78354247219704 765.0
415.0468066506732 771.0
415.31006289948726 770.0
415.5733112181561 772.0
415.83655160619645 764.0
416.0997840631253 755.0
416.3630085884595 933.0
416.62622518171594 680.0
416.8894338424115 743.0
417.152634570063 778.0
417.4158273641873 773.0
417.67901222430123 772.0
417.9421891499217 769.0
418.2053581405658 762.0
418.46851919575005 761.0
418.7316723149915 754.0
418.99481749780693 956.0
419.2579547437133 675.0
419.5210840522274 742.0
419.78420542286625 773.0
420.04731885514644 778.0
420.31042434858506 769.0
420.573521902699 763.0
420.83661151700494 773.0
421.0996931910199 771.0
421.3627669242608 757.0
421.6258327162443 931.0
421.88889056648736 674.0
422.1519404745069 766.0
422.41498243981977 765.0
422.6780164619429 754.0
422.9410425403929 759.0
423.2040606746869 771.0
423.46707086434174 776.0
423.7300731088742 771.0
423.9930674078012 759.0
424.25605376063965 951.0
424.5190321669063 650.0
424.782002626118 752.0
425.0449651377918 752.0
425.30791970144446 755.0
425.57086631659286 748.0
425.83380498275386 778.0
426.0967356994443 768.0
426.3596584661811 766.0
426.6225732824811 764.0
426.88548014786113 942.0
427.14837906183817 688.0
427.411270023929 756.0
427.6741530336505 762.0
427.9370280905195 764.0
428.199895194053 761.0
428.46275434376776 742.0
428.72560553918066 769.0
428.98844877980855 757.0
429.2512840651683 759.0
429.51411139477693 933.0
429.77693076815115 672.0
430.03974218480784 756.0
430.3025456442639 774.0
430.5653411460361 758.0
430.82812868964146 782.0
431.09090827459687 771.0
431.353679900419 771.0
431.61644356662487 765.0
431.87919927273134 758.0
432.1419470182551 933.0
432.40468680271334 656.0
432.66741862562276 751.0
432.93014248650013 768.0
433.1928583848624 765.0
433.45556632022647 760.0
433.7182662921092 751.0
433.9809583000275 754.0
434.24364234349815 781.0
434.506318422038 764.0
434.768986535164 945.0
435.031646682393 681.0
435.2942988632418 739.0
435.55694307722734 747.0
435.81957932386655 764.0
436.08220760267614 755.0
436.34482791317305 761.0
436.6074402548742 784.0
436.8700446272964 760.0
437.1326410299566 757.0
437.3952294623715 940.0
437.65780992405803 681.0
437.9203824145332 731.0
438.1829469333138 760.0
438.4455034799166 771.0
438.7080520538586 767.0
438.9705926546565 770.0
439.23312528182737 759.0
439.49564993488787 768.0
439.7581666133551 747.0
440.0206753167459 940.0
440.28317604457686 670.0
440.5456687963651 754.0
440.8081535716274 756.0
441.07063036988075 766.0
441.3330991906418 771.0
441.5955600334276 774.0
441.858012897755 764.0
442.12045778314075 768.0
442.3828946891018 763.0
442.6453236151551 938.0
442.9077445608174 690.0
443.17015752560553 752.0
443.4325625090365 760.0
443.69495951062703 764.0
443.95734852989415 757.0
444.21972956635454 775.0
444.4821026195253 760.0
444.74446768892307 769.0
445.00682477406485 755.0
445.2691738744674 957.0
445.5315149896478 666.0
445.79384811912274 751.0
446.05617326240906 752.0
446.31849041902376 757.0
446.58079958848356 752.0
446.8431007703055 772.0
447.10539396400634 770.0
447.367679169103 759.0
447.6299563851123 754.0
447.892225611551 941.0
448.15448684793625 686.0
448.4167400937847 747.0
448.67898534861325 772.0
448.9412226119389 764.0
449.2034518832783 757.0
449.46567316214856 770.0
449.72788644806633 760.0
449.99009174054856 767.0
450.2522890391122 754.0
450.514478343274 937.0
450.77665965255085 680.0
451.0388329664597 755.0
451.30099828451733 773.0
451.5631556062406 785.0
451.82530493114655 787.0
452.08744625875175 758.0
452.3495795885734 768.0
452.6117049201281 785.0
452.87382225293277 761.0
453.13593158650446 944.0
453.3980329203598 669.0
453.6601262540158 732.0
453.9222115869893 761.0
454.1842889187971 770.0
454.4463582489562 766.0
454.70841957698343 780.0
454.97047290239556 765.0
455.23251822470957 756.0
455.49455554344223 746.0
455.75658485811044 955.0
456.0186061682312 673.0
456.2806194733211 767.0
456.5426247728973 773.0
456.8046220664765 771.0
457.0666113535756 758.0
457.32859263371154 753.0
457.5905659064011 763.0
457.8525311711611 772.0
458.1144884275086 757.0
458.37643767496024 941.0
458.6383789130331 680.0
458.9003121412439 760.0
459.1622373591095 754.0
459.4241545661469 767.0
459.68606376187284 769.0
459.9479649458043 756.0
460.2098581174581 773.0
460.471743276351 771.0
460.733620422 748.0
460.9954895539219 926.0
461.2573506716337 688.0
461.51920377465206 760.0
461.78104886249406 771.0
462.0428859346764 773.0
462.304714990716 763.0
462.5665360301298 769.0
462.82834905243453 770.0
463.09015405714723 752.0
463.35195104378465 767.0
463.6137400118636 941.0
463.8755209609011 675.0
464.13729389041396 756.0
464.399058799919 753.0
464.6608156889332 754.0
464.92256455697327 762.0
465.18430540355615 768.0
465.4460382281988 774.0
465.707763030418 771.0
465.96947980973056 765.0
466.23118856565344 950.0
466.49288929770347 691.0
466.75458200539765 753.0
467.0162666882526 766.0
467.27794334578533 764.0
467.5396119775127 762.0
467.8012725829516 764.0
468.0629251616188 782.0
468.3245697130314 762.0
468.586206236706 748.0
468.8478347321596 944.0
469.109455198909 675.0
469.3710676364711 763.0
469.6326720443629 765.0
469.89426842210105 750.0
470.1558567692025 763.0
470.4174370851842 772.0
470.6790093695629 762.0
470.94057362185555 780.0
471.20212984157905 766.0
471.4636780282501 921.0
471.72521818138574 680.0
471.9867503005027 759.0
472.248274385118 775.0
472.5097904347484 771.0
472.7712984489108 769.0
473.03279842712203 767.0
473.29429036889906 754.0
473.55577427375863 752.0
473.8172501412177 754.0
474.07871797079315 932.0
474.34017776200176 674.0
474.6016295143605 762.0
474.8630732273861 766.0
475.1245089005955 758.0
475.3859365335057 774.0
475.64735612563334 752.0
475.9087676764954 748.0
476.1701711856088 762.0
476.4315666524903 742.0
476.6929540766569 942.0
476.95433345762535 673.0
477.2157047949125 749.0
477.47706808803537 756.0
477.7384233365106 771.0
477.9997705398553 769.0
478.26110969758616 775.0
478.52244080922014 770.0
478.78376387427414 770.0
479.04507889226494 754.0
479.3063858627094 925.0
479.5676847851245 686.0
479.828975659027 758.0
480.0902584839338 780.0
480.3515332593618 757.0
480.61279998482775 759.0
480.8740586598487 769.0
481.13530928394147 765.0
481.3965518566228 766.0
481.65778637740965 752.0
481.9190128458189 949.0
482.1802312613674 673.0
482.4414416235721 745.0
482.70264393194964 767.0
482.9638381860171 763.0
483.2250243852913 767.0
483.4862025292891 768.0
483.7473726175273 770.0
484.0085346495229 756.0
484.26968862479265 752.0
484.5308345428534 947.0
484.79197240322225 646.0
485.0531022054157 741.0
485.314223948951 757.0
485.57533763334476 762.0
485.8364432581139 768.0
486.0975408227754 777.0
486.35863032684597 777.0
486.61971176984247 775.0
486.880785151282 764.0
487.1418504706812 949.0
487.402907727557 690.0
487.66395692142635 756.0
487.92499805180597 758.0
488.18603111821284 769.0
488.44705612016384 772.0
488.7080730571757 745.0
488.9690819287655 758.0
489.2300827344499 761.0
489.49107547374587 743.0
489.75206014617027 954.0
490.01303675124 682.0
490.27400528847187 760.0
490.53496575738274 784.0
490.79591815748955 768.0
491.05686248830915 756.0
491.31779874935836 753.0
491.57872694015396 762.0
491.8396470602131 772.0
492.1005591090524 751.0
492.3614630861888 933.0
492.6223589911392 678.0
492.88324682342045 746.0
493.14412658254946 771.0
493.40499826804296 774.0
493.66586187941795 776.0
493.92671741619125 765.0
494.18756487787977 769.0
494.44840426400026 778.0
494.70923557406974 753.0
494.97005880760497 941.0
495.23087396412285 667.0
495.4916810431403 759.0
495.7524800441741 760.0
496.01327096674123 752.0
496.27405381035845 772.0
496.53482857454264 766.0
496.79559525881075 771.0
497.05635386267954 769.0
497.31710438566597 761.0
497.57784682728686 944.0
497.8385811870591 680.0
498.0993074644995 748.0
498.360025659125 770.0
498.6207357704524 768.0
498.88143779799873 770.0
499.14213174128065 769.0
499.40281759981514 770.0
499.6634953731191 771.0
499.92416506070924 762.0
500.1848266621026 940.0
500.445480176816 681.0
500.70612560436615 730.0
500.96676294427016 760.0
501.22739219604483 771.0
501.48801335920695 773.0
501.74862643327344 780.0
502.00923141776116 764.0
502.2698283121869 760.0
502.5304171160677 748.0
502.7909978289203 938.0
503.0515704502616 666.0
503.31213497960846 750.0
503.57269141647777 763.0
503.8332397603864 773.0
504.09378001085116 777.0
504.354312167389 760.0
504.6148362295168 775.0
504.8753521967513 771.0
505.1358600686094 760.0
505.3963598446082 938.0
505.6568515242642 676.0
505.9173351070945 756.0
506.17781059261597 765.0
506.4382779803454 757.0
506.69873726979966 761.0
506.95918846049574 765.0
507.2196315519502 780.0
507.4800665436803 767.0
507.74049343520267 756.0
508.00091222603425 961.0
508.261322915692 670.0
508.5217255036924 748.0
508.7821199895529 771.0
509.0425063727899 775.0
509.3028846529204 770.0
509.5632548294615 754.0
509.8236169019296 763.0
510.0839708698421 774.0
510.3443167327155 759.0
510.60465449006676 927.0
510.8649841414127 673.0
511.12530568627034 746.0
511.3856191241566 747.0
511.64592445458794 756.0
511.90622167708165 773.0
512.1665107911545 768.0
512.4267917963232 783.0
512.6870646921047 774.0
512.947329478016 767.0
513.2075861535739 936.0
513.467834718295 681.0
513.7280751716964 748.0
513.9883075132952 769.0
514.248531742608 759.0
514.5087478591515 754.0
514.7689558624429 764.0
515.0291557519989 759.0
515.2893475273365 762.0
515.5495311879723 756.0
515.8097067334235 935.0
516.0698741632067 679.0
516.3300334768389 744.0
516.5901846738369 767.0
516.8503277537177 765.0
517.1104627159981 771.0
517.3705895601947 774.0
517.630708285825 770.0
517.8908188924053 768.0
518.1509213794526 763.0
518.411015746484 956.0
518.6711019930159 679.0
518.9311801185657 756.0
519.19125012265 769.0
519.4513120047856 769.0
519.7113657644896 761.0
519.9714114012784 769.0
520.2314489146695 772.0
520.4914783041794 762.0
520.751499569325 740.0
521.0115127096234 947.0
521.271517724591 679.0
521.5315146137451 755.0
521.7915033766022 755.0
522.0514840126796 764.0
522.3114565214938 772.0
522.5714209025618 748.0
522.8313771554007 771.0
523.0913252795269 765.0
523.3512652744578 773.0
523.6111971397097 951.0
523.8711208747998 686.0
524.1310364792452 756.0
524.390943952562 760.0
524.6508432942679 747.0
524.9107345038794 773.0
525.1706175809132 755.0
525.4304925248866 778.0
525.690359335316 772.0
525.9502180117188 762.0
526.2100685536113 933.0
526.4699109605107 678.0
526.729745231934 754.0
526.9895713673975 771.0
527.2493893664187 772.0
527.5091992285141 754.0
527.7690009532007 776.0
528.0287945399953 768.0
528.2885799884149 785.0
528.5483572979764 768.0
528.8081264681963 943.0
529.0678874985917 670.0
529.3276403886796 748.0
529.5873851379768 751.0
529.8471217460001 762.0
530.1068502122662 762.0
530.3665705362923 759.0
530.6262827175951 758.0
530.8859867556915 766.0
531.1456826500984 755.0
531.4053704003326 951.0
531.6650500059111 677.0
531.9247214663504 749.0
532.1843847811678 756.0
532.4440399498801 756.0
532.7036869720038 773.0
532.9633258470562 766.0
533.222956574554 769.0
533.4825791540142 773.0
533.7421935849534 762.0
534.0017998668885 938.0
534.2613979993366 678.0
534.5209879818145 755.0
534.780569813839 784.0
535.0401434949268 758.0
535.2997090245951 773.0
535.5592664023607 760.0
535.8188156277402 763.0
536.0783567002508 773.0
536.3378896194092 770.0
536.5974143847321 950.0
536.8569309957369 669.0
537.1164394519398 747.0
537.3759397528582 775.0
537.6354318980087 776.0
537.8949158869082 763.0
538.1543917190737 777.0
538.4138593940218 769.0
538.6733189112697 771.0
538.932770270334 766.0
539.1922134707318 945.0
539.4516485119797 690.0
539.7110753935946 756.0
539.9704941150937 758.0
540.2299046759937 749.0
540.4893070758112 762.0
540.7487013140633 762.0
541.008087390267 765.0
541.2674653039389 775.0
541.526835054596 766.0
541.7861966417552 944.0
542.0455500649333 679.0
542.3048953236471 768.0
542.5642324174137 775.0
542.8235613457497 754.0
543.0828821081722 753.0
543.3421947041979 746.0
543.6014991333436 772.0
543.8607953951266 752.0
544.1200834890632 760.0
544.3793634146708 941.0
544.6386351714658 669.0
544.8978987589653 757.0
545.1571541766862 762.0
545.4164014241451 773.0
545.6756405008593 761.0
545.9348714063455 776.0
546.1940941401203 762.0
546.4533087017008 764.0
546.712515090604 758.0
546.9717133063466 948.0
547.2309033484453 666.0
547.4900852164174 743.0
547.7492589097793 765.0
548.0084244280482 775.0
548.2675817707409 777.0
548.526730937374 770.0
548.7858719274648 768.0
549.0450047405299 766.0
549.3041293760863 772.0
549.5632458336507 950.0
549.82235411274 688.0
550.0814542128714 761.0
550.3405461335612 771.0
550.5996298743269 775.0
550.8587054346848 777.0
551.117772814152 763.0
551.3768320122455 759.0
551.6358830284819 777.0
551.8949258623783 753.0
552.1539605134514 934.0
552.4129869812182 675.0
552.6720052651955 756.0
552.9310153649002 755.0
553.1900172798491 771.0
553.4490110095592 777.0
553.7079965535472 762.0
553.9669739113302 781.0
554.2259430824248 777.0
554.484904066348 763.0
554.7438568626167 934.0
555.0028014707476 676.0
555.261737890258 754.0
555.520666120664 771.0
555.7795861614834 781.0
556.0384980122324 765.0
556.2974016724281 768.0
556.5562971415874 756.0
556.8151844192269 757.0
557.0740635048638 761.0
557.3329343980148 949.0
557.5917970981968 683.0
557.8506516049267 748.0
558.1094979177213 766.0
558.3683360360976 757.0
558.6271659595724 760.0
558.8859876876625 759.0
559.1448012198848 762.0
559.4036065557561 769.0
559.6624036947936 754.0
559.9211926365136 925.0
560.1799733804337 684.0
560.43874592607 745.0
560.6975102729399 763.0
560.9562664205602 765.0
561.2150143684473 766.0
561.4737541161188 758.0
561.732485663091 768.0
561.9912090088809 748.0
562.2499241530056 763.0
562.5086310949818 944.0
562.7673298343262 667.0
563.026020370556 751.0
563.2847027031879 762.0
563.5433768317389 765.0
563.8020427557254 770.0
564.0607004746649 767.0
564.3193499880738 767.0
564.5779912954692 762.0
564.8366243963679 764.0
565.0952492902868 946.0
565.3538659767429 689.0
565.6124744552527 749.0
565.8710747253335 753.0
566.1296667865018 764.0
566.3882506382747 760.0
566.6468262801691 772.0
566.9053937117014 774.0
567.1639529323893 746.0
567.4225039417488 758.0
567.6810467392974 950.0
567.9395813245517 672.0
568.1981076970284 756.0
568.4566258562448 763.0
568.7151358017175 765.0
568.9736375329633 775.0
569.2321310494995 762.0
569.4906163508422 766.0
569.749093436509 764.0
570.0075623060163 752.0
570.2660229588813 941.0
570.5244753946206 685.0
570.7829196127512 754.0
571.0413556127901 765.0
571.2997833942537 765.0
571.5582029566596 755.0
571.8166142995238 774.0
572.075017422364 758.0
572.3334123246967 751.0
572.5917990060384 752.0
572.8501774659068 933.0
573.108547703818 687.0
573.3669097192892 746.0
573.6252635118373 768.0
573.8836090809789 769.0
574.1419464262314 763.0
574.400275547111 774.0
574.6585964431351 771.0
574.9169091138205 769.0
575.1752135586836 759.0
575.4335097772419 934.0
575.6917977690118 674.0
575.9500775335105 761.0
576.2083490702545 771.0
576.4666123787609 773.0
576.7248674585469 759.0
576.9831143091286 760.0
577.2413529300236 772.0
577.4995833207483 776.0
577.7578054808198 747.0
578.0160194097549 945.0
578.2742251070703 695.0
578.5324225722832 739.0
578.7906118049101 752.0
579.0487928044681 761.0
579.3069655704743 768.0
579.565130102445 767.0
579.8232863998975 764.0
580.0814344623485 780.0
580.339574289315 755.0
580.5977058803137 929.0
580.8558292348614 696.0
581.1139443524753 756.0
581.3720512326721 766.0
581.6301498749685 763.0
581.8882402788817 764.0
582.146322443928 779.0
582.4043963696251 760.0
582.6624620554893 770.0
582.9205195010375 761.0
583.1785687057866 951.0
583.4366096692537 679.0
583.6946423909554 766.0
583.9526668704085 782.0
584.2106831071303 757.0
584.4686911006373 766.0
584.7266908504463 775.0
584.9846823560746 766.0
585.2426656170385 761.0
585.5006406328554 756.0
585.7586074030418 937.0
586.0165659271148 670.0
586.2745162045912 758.0
586.5324582349878 775.0
586.7903920178214 776.0
587.0483175526091 762.0
587.3062348388676 762.0
587.5641438761138 763.0
587.8220446638645 752.0
588.0799372016369 760.0
588.3378214889474 925.0
588.5956975253132 680.0
588.8535653102509 753.0
589.1114248432776 774.0
589.3692761239103 776.0
589.6271191516653 769.0
589.88495392606 768.0
590.1427804466111 772.0
590.4005987128355 760.0
590.6584087242501 760.0
590.9162104803713 946.0
591.1740039807169 681.0
591.4317892248029 747.0
591.6895662121466 755.0
591.9473349422648 768.0
592.2050954146741 763.0
592.462847628892 779.0
592.7205915844347 748.0
592.9783272808194 756.0
593.236054717563 762.0
593.493773894182 929.0
593.7514848101939 652.0
594.009187465115 742.0
594.2668818584625 780.0
594.5245679897531 742.0
594.7822458585038 780.0
595.0399154642313 764.0
595.2975768064524 761.0
595.5552298846843 762.0
595.8128746984438 759.0
596.0705112472474 942.0
596.3281395306126 676.0
596.5857595480555 761.0
596.8433712990935 774.0
597.1009747832434 754.0
597.3585700000219 768.0
597.6161569489462 776.0
597.8737356295327 770.0
598.1313060412986 763.0
598.3888681837607 760.0
598.6464220564358 948.0
598.9039676588409 683.0
599.1615049904925 740.0
599.4190340509081 758.0
599.676554839604 775.0
599.9340673560972 773.0
600.1915715999048 757.0
600.4490675705435 761.0
600.7065552675302 767.0
600.9640346903817 761.0
601.221505838615 941.0
601.4789687117469 689.0
601.7364233092942 740.0
601.9938696307739 778.0
602.2513076757026 771.0
602.5087374435976 778.0
602.7661589339755 770.0
603.023572146353 762.0
603.2809770802475 756.0
603.5383737351752 763.0
603.7957621106534 951.0
604.053142206199 706.0
604.3105140213286 746.0
604.5678775555593 757.0
604.8252328084078 778.0
605.0825797793912 773.0
605.3399184680261 761.0
605.5972488738295 744.0
605.8545709963181 757.0
606.111884835009 762.0
606.3691903894193 934.0
606.6264876590651 677.0
606.883776643464 735.0
607.1410573421324 766.0
607.3983297545875 758.0
607.6555938803461 755.0
607.9128497189247 766.0
608.1700972698408 760.0
608.4273365326108 780.0
608.6845675067516 762.0
608.9417901917803 933.0
609.1990045872135 676.0
609.4562106925683 749.0
609.7134085073615 762.0
609.9705980311098 765.0
610.2277792633305 764.0
610.4849522035397 769.0
610.7421168512552 760.0
610.9992732059933 781.0
611.2564212672709 756.0
611.5135610346049 939.0
611.7706925075122 679.0
612.0278156855098 754.0
612.2849305681145 754.0
612.542037154843 773.0
612.7991354452124 756.0
613.0562254387393 758.0
613.3133071349409 751.0
613.5703805333337 777.0
613.8274456334349 754.0
614.0845024347612 932.0
614.3415509368294 694.0
614.5985911391567 743.0
614.8556230412595 772.0
615.1126466426551 761.0
615.36966194286 749.0
615.6266689413914 763.0
615.8836676377659 784.0
616.1406580315004 765.0
616.3976401221121 760.0
616.6546139091173 938.0
616.9115793920333 671.0
617.1685365703769 738.0
617.4254854436648 760.0
617.6824260114142 746.0
617.9393582731417 771.0
618.196282228364 770.0
618.4531978765983 758.0
618.7101052173614 779.0
618.9670042501702 768.0
619.2238949745413 940.0
619.4807773899919 665.0
619.7376514960388 750.0
619.9945172921986 770.0
620.2513747779885 766.0
620.508223952925 758.0
620.7650648165256 777.0
621.0218973683066 760.0
621.2787216077849 752.0
621.5355375344776 755.0
621.7923451479013 929.0
622.0491444475734 658.0
622.3059354330103 746.0
622.5627181037288 763.0
622.8194924592461 742.0
623.0762584990788 764.0
623.333016222744 762.0
623.5897656297584 777.0
623.8465067196389 769.0
624.1032394919024 754.0
624.3599639460657 948.0
624.6166800816459 675.0
624.8733878981594 766.0
625.1300873951237 772.0
625.3867785720552 761.0
625.6434614284708 772.0
625.9001359638876 774.0
626.1568021778221 784.0
626.4134600697917 776.0
626.6701096393127 757.0
626.9267508859024 939.0
627.1833838090776 685.0
627.4400084083547 777.0
627.6966246832512 771.0
627.9532326332837 768.0
628.2098322579691 753.0
628.4664235568243 754.0
628.723006529366 757.0
628.9795811751112 762.0
629.2361474935768 760.0
629.4927054842794 971.0
629.7492551467363 675.0
630.0057964804641 754.0
630.2623294849799 777.0
630.5188541598001 786.0
630.775370504442 771.0
631.0318785184223 775.0
631.2883782012578 761.0
631.5448695524658 769.0
631.8013525715625 759.0
632.0578272580652 935.0
632.3142936114906 679.0
632.5707516313557 754.0
632.8272013171775 753.0
633.0836426684723 764.0
633.3400756847575 761.0
633.5965003655499 761.0
633.8529167103661 773.0
634.1093247187234 763.0
634.3657243901381 764.0
634.6221157241276 925.0
634.8784987202085 681.0
635.1348733778977 755.0
635.3912396967121 778.0
635.6475976761684 763.0
635.9039473157839 754.0
636.1602886150749 755.0
636.4166215735588 754.0
636.6729461907521 764.0
636.9292624661718 743.0
637.1855703993349 950.0
637.4418699897578 681.0
637.6981612369581 753.0
637.9544441404521 762.0
638.2107186997567 764.0
638.4669849143892 766.0
638.7232427838659 774.0
638.979492307704 777.0
639.2357334854204 774.0
639.4919663165317 773.0
639.7481908005552 932.0
640.0044069370073 678.0
640.2606147254052 753.0
640.5168141652655 756.0
640.7730052561054 777.0
641.0291879974413 759.0
641.2853623887906 765.0
641.5415284296699 768.0
641.797686119596 770.0
642.0538354580859 750.0
642.3099764446565 931.0
642.5661090788245 676.0
642.8222333601069 750.0
643.0783492880205 779.0
643.3344568620822 765.0
643.5905560818089 768.0
643.8466469467173 759.0
644.1027294563247 775.0
644.3588036101473 756.0
644.6148694077026 760.0
644.8709268485071 952.0
645.1269759320778 677.0
645.3830166579316 746.0
645.6390490255851 772.0
645.8950730345556 764.0
646.1510886843597 760.0
646.4070959745143 765.0
646.6630949045363 779.0
646.9190854739425 741.0
647.17506768225 746.0
647.4310415289752 939.0
647.6870070136354 681.0
647.9429641357473 762.0
648.1989128948277 758.0
648.4548532903938 762.0
648.7107853219619 769.0
648.9667089890495 774.0
649.222624291173 783.0
649.4785312278494 780.0
649.7344297985958 758.0
649.9903200029287 926.0
650.2462018403652 674.0
650.502075310422 743.0
650.7579404126162 769.0
651.0137971464646 764.0
651.2696455114838 764.0
651.525485507191 770.0
651.7813171331029 750.0
652.0371403887364 769.0
652.2929552736086 760.0
652.5487617872358 942.0
652.8045599291355 674.0
653.0603496988242 744.0
653.3161310958188 778.0
653.5719041196362 777.0
653.8276687697933 760.0
654.0834250458071 768.0
654.3391729471941 771.0
654.5949124734717 772.0
654.8506436241562 741.0
655.1063663987647 948.0
655.3620807968144 689.0
655.6177868178215 750.0
655.8734844613035 764.0
656.129173726777 765.0
656.3848546137588 774.0
656.6405271217659 780.0
656.8961912503149 773.0
657.1518469989231 774.0
657.4074943671071 766.0
657.6631333543837 941.0
657.9187639602701 674.0
658.1743861842826 755.0
658.4300000259387 760.0
658.6856054847549 758.0
658.9412025602483 762.0
659.1967912519353 781.0
659.4523715593333 768.0
659.707943481959 772.0
659.9635070193291 750.0
660.2190621709606 943.0
660.4746089363705 690.0
660.7301473150753 764.0
660.9856773065924 763.0
661.2411989104381 762.0
661.4967121261298 771.0
661.7522169531838 781.0
662.0077133911174 780.0
662.2632014394475 758.0
662.5186810976904 756.0
662.7741523653638 939.0
663.029615241984 678.0
663.2850697270679 750.0
663.5405158201327 768.0
663.7959535206948 763.0
664.0513828282715 761.0
664.3068037423793 766.0
664.5622162625355 767.0
664.8176203882564 755.0
665.0730161190594 753.0
665.3284034544613 923.0
665.5837823939785 677.0
665.8391529371283 756.0
666.0945150834276 760.0
666.349868832393 780.0
666.6052141835415 771.0
666.8605511363899 773.0
667.1158796904554 762.0
667.3711998452544 758.0
667.626511600304 762.0
667.8818149551211 930.0
668.1371099092223 676.0
668.3923964621249 752.0
668.6476746133454 758.0
668.9029443624008 781.0
669.1582057088083 779.0
669.4134586520839 767.0
669.6687031917455 763.0
669.9239393273093 775.0
670.1791670582923 759.0
670.4343863842114 952.0
670.6895973045835 688.0
670.9447998189256 751.0
671.1999939267544 774.0
671.4551796275866 763.0
671.7103569209394 773.0
671.9655258063294 778.0
672.220686283274 774.0
672.475838351289 772.0
672.7309820098925 760.0
672.9861172586005 915.0
673.2412440969302 667.0
673.4963625243987 753.0
673.7514725405223 766.0
674.0065741448183 764.0
674.2616673368035 753.0
674.5167521159946 754.0
674.7718284819086 760.0
675.0268964340622 778.0
675.2819559719727 761.0
675.5370070951565 944.0
675.7920498031307 685.0
676.0470840954122 759.0
676.3021099715176 781.0
676.5571274309642 771.0
676.8121364732684 769.0
677.0671370979474 770.0
677.3221293045178 773.0
677.5771130924968 763.0
677.8320884614011 760.0
678.0870554107474 944.0
678.3420139400529 674.0
678.5969640488343 745.0
678.8519057366083 768.0
679.1068390028922 766.0
679.3617638472023 765.0
679.616680269056 770.0
679.8715882679699 766.0
680.1264878434607 769.0
680.3813789950458 763.0
680.6362617222414 939.0
680.8911360245651 679.0
681.146001901533 763.0
681.4008593526627 768.0
681.6557083774705 756.0
681.9105489754734 776.0
682.1653811461886 769.0
682.4202048891326 770.0
682.6750202038223 774.0
682.9298270897748 755.0
683.1846255465068 927.0
683.4394155735351 689.0
683.6941971703767 738.0
683.9489703365485 765.0
684.2037350715673 779.0
684.4584913749499 780.0
684.7132392462133 769.0
684.9679786848742 778.0
685.2227096904496 771.0
685.4774322624564 757.0
685.7321464004115 938.0
685.9868521038316 679.0
686.2415493722334 751.0
686.4962382051343 754.0
686.7509186020508 762.0
687.0055905624997 757.0
687.2602540859983 766.0
687.514909172063 771.0
687.7695558202109 780.0
688.0241940299587 755.0
688.2788238008236 936.0
688.5334451323221 687.0
688.7880580239712 752.0
689.042662475288 762.0
689.2972584857889 771.0
689.5518460549912 765.0
689.8064251824115 768.0
690.0609958675668 755.0
690.3155581099742 763.0
690.5701119091498 760.0
690.8246572646113 950.0
691.0791941758752 692.0
691.3337226424583 746.0
691.5882426638777 769.0
691.84275423965 762.0
692.0972573692924 761.0
692.3517520523214 775.0
692.6062382882542 772.0
692.8607160766074 772.0
693.1151854168979 758.0
693.3696463086428 948.0
693.6240987513587 690.0
693.8785427445628 753.0
694.1329782877717 752.0
694.3874053805022 760.0
694.6418240222713 770.0
694.8962342125958 762.0
695.1506359509929 776.0
695.405029236979 769.0
695.6594140700711 759.0
695.9137904497863 932.0
696.168158375641 672.0
696.4225178471527 755.0
696.676868863838 751.0
696.9312114252134 760.0
697.1855455307963 775.0
697.4398711801031 766.0
697.6941883726512 778.0
697.9484971079568 776.0
698.2027973855375 754.0
698.4570892049098 940.0
698.7113725655903 667.0
698.9656474670965 756.0
699.2199139089445 783.0
699.4741718906519 775.0
699.7284214117353 770.0
699.9826624717113 768.0
700.2368950700971 765.0
700.4911192064093 767.0
700.7453348801653 756.0
700.9995420908814 933.0
701.2537408380745 666.0
701.5079311212619 759.0
701.7621129399598 756.0
702.016286293686 761.0
702.2704511819566 768.0
702.5246076042886 769.0
702.778755560199 766.0
703.0328950492045 773.0
703.2870260708224 766.0
703.5411486245691 941.0
703.7952627099618 670.0
704.0493683265172 765.0
704.3034654737519 766.0
704.5575541511835 773.0
704.8116343583279 772.0
705.0657060947029 759.0
705.3197693598249 772.0
705.5738241532106 754.0
705.8278704743772 755.0
706.0819083228414 935.0
706.3359376981203 674.0
706.5899585997306 753.0
706.8439710271889 766.0
707.0979749800126 766.0
707.3519704577179 765.0
707.6059574598225 772.0
707.8599359858429 767.0
708.1139060352955 769.0
708.3678676076978 759.0
708.6218207025663 949.0
708.8757653194182 692.0
709.12970145777 762.0
709.3836291171389 765.0
709.6375482970416 760.0
709.8914589969946 767.0
710.1453612165157 762.0
710.3992549551208 779.0
710.6531402123275 772.0
710.9070169876522 766.0
711.1608852806118 935.0
711.4147450907236 674.0
711.6685964175037 753.0
711.9224392604699 765.0
712.1762736191384 778.0
712.4300994930262 766.0
712.6839168816504 772.0
712.9377257845274 772.0
713.1915262011746 749.0
713.4453181311087 735.0
713.6991015738463 924.0
713.9528765289045 668.0
714.2066429958 745.0
714.4604009740502 755.0
714.7141504631712 773.0
714.9678914626805 768.0
715.2216239720948 758.0
715.4753479909306 776.0
715.7290635187052 778.0
715.982770554935 767.0
716.2364690991376 952.0
716.4901591508293 674.0
716.743840709527 748.0
716.9975137747479 775.0
717.2511783460084 772.0
717.5048344228259 761.0
717.7584820047169 776.0
718.0121210911982 773.0
718.2657516817872 767.0
718.519373776 749.0
718.772987373354 946.0
719.026592473366 684.0
719.2801890755527 748.0
719.5337771794311 766.0
719.7873567845179 766.0
720.0409278903304 777.0
720.294490496385 770.0
720.5480446021987 770.0
720.8015902072887 785.0
721.0551273111711 766.0
721.3086559133636 938.0
721.5621760133826 695.0
721.815687610745 756.0
722.0691907049679 765.0
722.3226852955679 770.0
722.5761713820622 768.0
722.8296489639672 758.0
723.0831180408002 790.0
723.3365786120778 765.0
723.5900306773169 751.0
723.8434742360346 955.0
724.0969092877473 681.0
724.3503358319725 754.0
724.6037538682267 770.0
724.8571633960265 763.0
725.1105644148894 768.0
725.3639569243315 757.0
725.6173409238706 756.0
725.8707164130229 753.0
726.1240833913054 762.0
726.3774418582351 944.0
726.6307918133285 663.0
726.8841332561029 744.0
727.137466186075 769.0
727.3907906027619 768.0
727.6441065056802 774.0
727.8974138943464 774.0
728.1507127682783 769.0
728.4040031269918 773.0
728.6572849700045 771.0
728.9105582968331 937.0
729.1638231069941 684.0
729.4170794000048 752.0
729.6703271753817 778.0
729.923566432642 786.0
730.1767971713025 766.0
730.4300193908798 781.0
730.6832330908911 781.0
730.936438270853 768.0
731.1896349302828 777.0
731.442823068697 926.0
731.6960026856123 677.0
731.949173780546 756.0
732.2023363530145 760.0
732.4554904025351 774.0
732.7086359286245 769.0
732.9617729307997 780.0
733.2149014085775 763.0
733.4680213614745 759.0
733.7211327890079 762.0
733.9742356906943 944.0
734.2273300660511 672.0
734.4804159145946 754.0
734.7334932358416 763.0
734.9865620293094 760.0
735.2396222945147 779.0
735.4926740309744 779.0
735.7457172382054 771.0
735.9987519157243 770.0
736.2517780630484 754.0
736.504795679694 944.0
736.7578047651785 687.0
737.0108053190187 757.0
737.2637973407312 769.0
737.516780829833 770.0
737.769755785841 779.0
738.0227222082721 774.0
738.2756800966428 773.0
738.5286294504706 772.0
738.781570269272 766.0
739.0345025525638 944.0
739.2874262998632 694.0
739.5403415106866 761.0
739.7932481845512 763.0
740.046146320974 756.0
740.2990359194714 773.0
740.5519169795606 769.0
740.8047895007583 760.0
741.0576534825816 758.0
741.3105089245472 760.0
741.563355826172 934.0
741.8161941869729 678.0
742.0690240064664 758.0
742.3218452841702 776.0
742.5746580196005 761.0
742.8274622122741 770.0
743.0802578617083 772.0
743.3330449674197 781.0
743.5858235289254 748.0
743.8385935457418 756.0
744.0913550173865 934.0
744.3441079433758 679.0
744.5968523232264 739.0
744.8495881564559 781.0
745.1023154425804 777.0
745.3550341811174 769.0
745.6077443715835 772.0
745.8604460134952 764.0
746.1131391063701 776.0
746.3658236497243 760.0
746.6184996430754 930.0
746.87116708594 677.0
747.1238259778346 752.0
747.3764763182764 751.0
747.6291181067822 769.0
747.8817513428692 774.0
748.1343760260539 760.0
748.3869921558529 763.0
748.6395997317837 766.0
748.8921987533628 764.0
749.1447892201071 920.0
749.3973711315336 686.0
749.6499444871589 756.0
749.9025092865003 758.0
750.1550655290741 769.0
750.4076132143978 772.0
750.6601523419877 760.0
750.912682911361 750.0
751.1652049220347 779.0
751.4177183735251 751.0
751.6702232653497 941.0
751.9227195970248 671.0
752.1752073680677 743.0
752.4276865779954 771.0
752.680157226324 771.0
752.9326193125712 773.0
753.1850728362533 755.0
753.4375177968876 760.0
753.6899541939908 765.0
753.9423820270795 760.0
754.194801295671 942.0
754.4472119992819 681.0
754.6996141374291 742.0
754.9520077096296 765.0
755.2043927154 765.0
755.4567691542577 777.0
755.7091370257187 779.0
755.9614963293008 770.0
756.2138470645202 776.0
756.4661892308942 760.0
756.7185228279395 938.0
756.9708478551728 688.0
757.2231643121112 753.0
757.4754721982714 772.0
757.7277715131704 758.0
757.9800622563251 765.0
758.2323444272521 762.0
758.4846180254688 778.0
758.7368830504913 756.0
758.9891395018373 765.0
759.2413873790232 931.0
759.4936266815657 690.0
759.7458574089821 752.0
759.9980795607888 764.0
760.2502931365033 767.0
760.502498135642 759.0
760.7546945577217 763.0
761.0068824022595 763.0
761.2590616687722 763.0
761.5112323567769 764.0
761.7633944657899 939.0
762.0155479953288 680.0
762.26769294491 752.0
762.5198293140501 766.0
762.7719571022666 765.0
763.024076309076 771.0
763.2761869339953 765.0
763.5282889765415 779.0
763.780382436231 766.0
764.032467312581 746.0
764.2845436051083 932.0
764.53661131333 674.0
764.7886704367629 754.0
765.0407209749233 786.0
765.2927629273288 761.0
765.5447962934958 769.0
765.7968210729414 761.0
766.0488372651824 770.0
766.3008448697357 778.0
766.5528438861181 740.0
766.8048343138464 929.0
767.0568161524378 691.0
767.3087894014087 750.0
767.5607540602764 755.0
767.8127101285577 763.0
768.0646576057691 763.0
768.3165964914278 762.0
768.5685267850505 769.0
768.8204484861544 768.0
769.0723615942561 759.0
769.3242661088722 939.0
769.5761620295201 675.0
769.8280493557162 751.0
770.0799280869778 756.0
770.3317982228216 763.0
770.5836597627642 772.0
770.835512706323 772.0
771.0873570530143 771.0
771.3391928023555 776.0
771.591019953863 757.0
771.8428385070538 944.0
772.094648461445 685.0
772.3464498165532 769.0
772.5982425718955 782.0
772.8500267269885 770.0
773.1018022813494 778.0
773.3535692344948 760.0
773.6053275859415 758.0
773.8570773352067 779.0
774.108818481807 768.0
774.3605510252594 953.0
774.6122749650807 682.0
774.8639903007878 762.0
775.1156970318975 766.0
775.3673951579267 766.0
775.6190846783925 771.0
775.8707655928115 764.0
776.1224379007004 769.0
776.3741016015766 771.0
776.6257566949563 761.0
776.8774031803571 932.0
777.1290410572955 696.0
777.3806703252881 747.0
777.6322909838522 778.0
777.8839030325043 770.0
778.1355064707618 764.0
778.3871012981411 758.0
778.6386875141592 778.0
778.890265118333 783.0
779.1418341101793 769.0
779.3933944892151 938.0
779.6449462549571 687.0
779.8964894069222 757.0
780.1480239446275 782.0
780.3995498675895 774.0
780.6510671753255 760.0
780.9025758673517 755.0
781.1540759431858 779.0
781.4055674023442 774.0
781.6570502443437 756.0
781.9085244687013 926.0
782.159990074934 670.0
782.4114470625585 749.0
782.6628954310918 772.0
782.9143351800503 784.0
783.1657663089516 770.0
783.4171888173119 768.0
783.6686027046486 763.0
783.9200079704783 768.0
784.1714046143178 764.0
784.4227926356843 935.0
784.6741720340941 680.0
784.9255428090647 749.0
785.1769049601126 762.0
785.4282584867548 761.0
785.6796033885082 761.0
785.9309396648893 776.0
786.1822673154155 768.0
786.4335863396033 753.0
786.6848967369698 773.0
786.9361985070317 940.0
787.1874916493058 683.0
787.4387761633094 748.0
787.6900520485588 777.0
787.9413193045713 761.0
788.1925779308636 756.0
788.4438279269523 766.0
788.6950692923548 771.0
788.9463020265875 749.0
789.1975261291677 757.0
789.448741599612 936.0
789.6999484374371 682.0
789.9511466421604 756.0
790.2023362132982 765.0
790.4535171503677 756.0
790.7046894528855 764.0
790.9558531203689 767.0
791.2070081523347 758.0
791.458154548299 766.0
791.7092923077797 756.0
791.9604214302931 922.0
792.2115419153562 674.0
792.462653762486 748.0
792.7137569711989 757.0
792.9648515410123 774.0
793.2159374714428 761.0
793.4670147620074 766.0
793.718083412223 776.0
793.9691434216061 767.0
794.220194789674 759.0
794.4712375159432 938.0
794.722271599931 685.0
794.9732970411541 747.0
795.2243138391292 758.0
795.4753219933733 760.0
795.7263215034031 759.0
795.9773123687357 753.0
796.2282945888878 758.0
796.4792681633767 754.0
796.7302330917187 749.0
796.9811893734307 932.0
797.23213700803 688.0
797.483075995033 745.0
797.7340063339569 751.0
797.9849280243186 762.0
798.2358410656345 765.0
798.4867454574222 754.0
798.7376411991978 767.0
798.9885282904788 755.0
799.2394067307818 750.0
799.4902765196234 951.0
799.741137656521 690.0
799.9919901409909 754.0
800.2428339725506 772.0
800.4936691507165 762.0
800.7444956750055 768.0
800.9953135449347 773.0
801.2461227600207 785.0
801.4969233197808 778.0
801.7477152237312 766.0
801.9984984713894 941.0
802.2492730622722 677.0
802.5000389958959 738.0
802.7507962717781 759.0
803.0015448894349 760.0
803.252284848384 757.0
803.5030161481417 769.0
803.7537387882248 770.0
804.0044527681507 781.0
804.2551580874358 756.0
804.5058547455972 944.0
804.7565427421519 686.0
805.0072220766161 768.0
805.2578927485075 774.0
805.5085547573423 770.0
805.7592081026379 772.0
806.009852783911 770.0
806.2604888006782 765.0
806.5111161524568 782.0
806.7617348387631 753.0
807.0123448591147 931.0
807.2629462130279 677.0
807.5135389000196 756.0
807.7641229196071 766.0
808.0146982713067 768.0
808.2652649546358 768.0
808.5158229691108 766.0
808.7663723142489 761.0
809.016912989567 754.0
809.2674449945815 751.0
809.5179683288098 937.0
809.7684829917686 676.0
810.0189889829746 734.0
810.269486301945 765.0
810.5199749481961 766.0
810.7704549212456 769.0
811.0209262206095 766.0
811.2713888458052 767.0
811.5218427963496 764.0
811.7722880717591 768.0
812.022724671551 941.0
812.2731525952421 690.0
812.5235718423493 739.0
812.7739824123893 778.0
813.0243843048788 773.0
813.2747775193352 777.0
813.5251620552749 765.0
813.7755379122152 772.0
814.0259050896724 772.0
814.276263587164 742.0
814.5266134042064 927.0
814.7769545403165 684.0
815.0272869950115 752.0
815.2776107678079 777.0
815.5279258582229 773.0
815.7782322657732 771.0
816.0285299899754 763.0
816.2788190303468 780.0
816.529099386404 761.0
816.7793710576641 757.0
817.0296340436439 937.0
817.2798883438601 674.0
817.5301339578298 744.0
817.7803708850694 771.0
818.0305991250964 768.0
818.2808186774273 769.0
818.531029541579 758.0
818.7812317170685 761.0
819.0314252034124 774.0
819.281610000128 750.0
819.5317861067317 935.0
819.7819535227408 681.0
820.0321122476719 736.0
820.2822622810417 752.0
820.5324036223675 767.0
820.7825362711658 763.0
821.0326602269538 761.0
821.2827754892483 763.0
821.5328820575656 756.0
821.7829799314234 759.0
822.033069110338 938.0
822.2831495938267 697.0
822.5332213814061 746.0
822.7832844725929 751.0
823.0333388669044 778.0
823.283384563857 756.0
823.533421562968 767.0
823.7834498637541 758.0
824.033469465732 768.0
824.2834803684189 749.0
824.5334825713311 948.0
824.7834760739862 683.0
825.0334608759005 763.0
825.2834369765912 766.0
825.5334043755751 773.0
825.7833630723688 771.0
826.0333130664897 765.0
826.2832543574541 761.0
826.5331869447793 772.0
826.783110827982 751.0
827.0330260065789 930.0
827.2829324800872 682.0
827.5328302480233 755.0
827.7827193099047 747.0
828.032599665248 766.0
828.2824713135695 757.0
828.532334254387 770.0
828.7821884872168 748.0
829.0320340115759 765.0
829.2818708269813 773.0
829.5316989329494 930.0
829.7815183289979 689.0
830.0313290146428 750.0
830.2811309894015 773.0
830.5309242527906 769.0
830.7807088043272 773.0
831.0304846435281 752.0
831.2802517699099 761.0
831.5300101829899 749.0
831.7797598822846 758.0
832.0295008673112 930.0
832.2792331375864 681.0
832.5289566926268 757.0
832.7786715319497 764.0
833.0283776550717 764.0
833.27807506151 766.0
833.5277637507811 774.0
833.7774437224018 784.0
834.0271149758895 762.0
834.2767775107606 759.0
834.526431326532 925.0
834.7760764227208 676.0
835.0257127988438 743.0
835.2753404544177 777.0
835.5249593889594 764.0
835.774569601986 770.0
836.0241710930143 754.0
836.2737638615607 762.0
836.5233479071428 777.0
836.7729232292768 749.0
837.0224898274802 937.0
837.2720477012693 677.0
837.5215968501614 738.0
837.7711372736733 760.0
838.0206689713215 761.0
838.2701919426232 756.0
838.5197061870952 754.0
838.7692117042545 780.0
839.0187084936177 770.0
839.2681965547017 766.0
839.5176758870236 922.0
839.7671464901001 689.0
840.0166083634483 755.0
840.2660615065847 760.0
840.5155059190262 763.0
840.7649416002901 753.0
841.0143685498927 758.0
841.2637867673512 765.0
841.5131962521828 770.0
841.7625970039035 752.0
842.0119890220308 923.0
842.2613723060813 672.0
842.5107468555723 749.0
842.76011267002 773.0
843.0094697489418 749.0
843.2588180918546 753.0
843.5081576982747 768.0
843.7574885677194 765.0
844.0068106997054 777.0
844.25612409375 752.0
844.5054287493696 936.0
844.754724666081 664.0
845.0040118434015 737.0
845.2532902808475 755.0
845.5025599779364 768.0
845.7518209341847 770.0
846.0010731491091 765.0
846.2503166222269 766.0
846.4995513530547 761.0
846.7487773411094 749.0
846.9979945859081 937.0
847.2472030869674 665.0
847.4964028438043 745.0
847.7455938559353 758.0
847.994776122878 748.0
848.2439496441485 774.0
848.4931144192642 757.0
848.7422704477419 764.0
848.9914177290981 755.0
849.2405562628502 753.0
849.4896860485144 934.0
849.7388070856083 669.0
849.9879193736485 750.0
850.2370229121515 764.0
850.4861177006346 769.0
850.7352037386146 742.0
850.9842810256082 762.0
851.2333495611326 772.0
851.482409344704 766.0
851.7314603758401 741.0
851.9805026540571 935.0
852.2295361788724 682.0
852.4785609498026 749.0
852.7275769663643 748.0
852.9765842280748 773.0
853.2255827344507 760.0
853.4745724850093 758.0
853.7235534792667 768.0
853.9725257167406 756.0
854.2214891969475 758.0
854.4704439194039 932.0
854.7193898836274 669.0
854.9683270891342 752.0
855.2172555354416 769.0
855.4661752220665 758.0
855.7150861485252 752.0
855.9639883143353 766.0
856.212881719013 769.0
856.4617663620759 758.0
856.7106422430403 750.0
856.9595093614231 921.0
857.2083677167415 679.0
857.4572173085119 765.0
857.7060581362517 767.0
857.9548901994776 753.0
858.2037134977061 770.0
858.4525280304546 768.0
858.7013337972394 764.0
858.950130797578 762.0
859.1989190309868 762.0
859.4476984969828 937.0
859.696469195083 682.0
859.9452311248039 752.0
860.1939842856627 756.0
860.4427286771763 756.0
860.6914642988615 764.0
860.9401911502351 757.0
861.1889092308139 763.0
861.437618540115 773.0
861.686319077655 760.0
861.935010842951 926.0
862.1836938355198 679.0
862.432368054878 747.0
862.6810335005429 774.0
862.9296901720311 764.0
863.1783380688596 767.0
863.4269771905452 765.0
863.6756075366046 760.0
863.9242291065551 768.0
864.1728418999131 749.0
864.4214459161959 922.0
864.6700411549201 677.0
864.9186276156024 757.0
865.1672052977602 757.0
865.4157742009098 774.0
865.6643343245685 757.0
865.9128856682528 747.0
866.1614282314799 760.0
866.4099620137665 760.0
866.6584870146295 744.0
866.9070032335858 928.0
867.155510670152 677.0
867.4040093238455 744.0
867.6524991941827 754.0
867.9009802806806 754.0
868.1494525828563 765.0
868.3979161002262 779.0
868.6463708323078 768.0
868.8948167786174 773.0
869.1432539386718 753.0
869.3916823119887 935.0
869.6401018980839 686.0
869.8885126964751 760.0
870.1369147066789 764.0
870.3853079282118 763.0
870.6336923605911 759.0
870.8820680033335 756.0
871.1304348559562 767.0
871.3787929179755 762.0
871.6271421889087 765.0
871.8754826682726 941.0
872.1238143555837 684.0
872.3721372503595 773.0
872.6204513521162 785.0
872.8687566603713 753.0
873.1170531746413 758.0
873.365340894443 754.0
873.6136198192935 753.0
873.8618899487094 752.0
874.110151282208 756.0
874.3584038193057 935.0
874.6066475595196 674.0
874.8548825023668 739.0
875.1031086473636 762.0
875.3513259940273 765.0
875.5995345418747 771.0
875.8477342904224 769.0
876.0959252391877 763.0
876.3441073876871 744.0
876.5922807354377 755.0
876.8404452819562 926.0
877.0886010267599 681.0
877.3367479693651 740.0
877.5848861092887 764.0
877.8330154460481 744.0
878.0811359791594 762.0
878.3292477081402 765.0
878.5773506325071 775.0
878.8254447517768 765.0
879.0735300654665 744.0
879.3216065730924 935.0
879.5696742741723 679.0
879.8177331682225 756.0
880.0657832547598 771.0
880.3138245333014 760.0
880.5618570033639 763.0
880.8098806644645 750.0
881.0578955161196 749.0
881.3059015578464 771.0
881.5538987891618 769.0
881.8018872095822 934.0
882.0498668186252 689.0
882.297837615807 746.0
882.5457996006451 758.0
882.7937527726558 756.0
883.041697131356 766.0
883.2896326762632 784.0
883.5375594068934 765.0
883.7854773227642 764.0
884.0333864233922 758.0
884.2812867082938 933.0
884.5291781769868 666.0
884.7770608289871 746.0
885.0249346638125 768.0
885.2727996809792 756.0
885.5206558800041 755.0
885.7685032604046 764.0
886.0163418216969 762.0
886.2641715633982 761.0
886.5119924850256 756.0
886.7598045860955 938.0
887.007607866125 672.0
887.2554023246308 742.0
887.5031879611303 765.0
887.7509647751398 784.0
887.9987327661763 761.0
888.2464919337567 760.0
888.4942422773979 762.0
888.7419837966169 768.0
888.9897164909302 751.0
889.2374403598551 934.0
889.4851554029083 681.0
889.7328616196063 736.0
889.9805590094667 769.0
890.2282475720056 749.0
890.4759273067405 765.0
890.7235982131879 760.0
890.9712602908646 769.0
891.218913539288 766.0
891.4665579579743 745.0
891.7141935464408 939.0
891.9618203042044 686.0
892.2094382307815 746.0
892.4570473256895 768.0
892.7046475884449 757.0
892.9522390185649 757.0
893.1998216155661 762.0
893.4473953789653 751.0
893.6949603082797 764.0
893.9425164030258 758.0
894.1900636627211 934.0
894.4376020868815 676.0
894.6851316750246 737.0
894.9326524266672 771.0
895.1801643413257 764.0
895.4276674185177 758.0
895.6751616577593 776.0
895.922647058568 773.0
896.1701236204603 771.0
896.4175913429531 750.0
896.6650502255636 942.0
896.912500267808 675.0
897.159941469204 741.0
897.4073738292678 771.0
897.6547973475165 772.0
897.9022120234671 766.0
898.1496178566362 776.0
898.3970148465409 768.0
898.644402992698 764.0
898.8917822946241 742.0
899.1391527518367 915.0
899.386514363852 695.0
899.6338671301874 757.0
899.8812110503592 771.0
900.1285461238849 755.0
900.375872350281 754.0
900.6231897290643 764.0
900.8704982597519 770.0
901.1177979418604 757.0
901.3650887749071 750.0
901.6123707584086 919.0
901.8596438918815 681.0
902.106908174843 750.0
902.35416360681 765.0
902.6014101872993 760.0
902.8486479158278 778.0
903.095876791912 752.0
903.3430968150694 747.0
903.5903079848164 754.0
903.83751030067 752.0
904.0847037621473 941.0
904.3318883687646 699.0
904.5790641200394 744.0
904.826231015488 766.0
905.0733890546279 759.0
905.3205382369753 758.0
905.5676785620476 760.0
905.8148100293615 760.0
906.0619326384336 752.0
906.3090463887813 757.0
906.5561512799208 938.0
906.8032473113697 673.0
907.0503344826443 759.0
907.2974127932616 765.0
907.5444822427387 772.0
907.7915428305921 771.0
908.038594556339 769.0
908.2856374194963 758.0
908.5326714195803 770.0
908.7796965561088 752.0
909.0267128285976 932.0
909.2737202365645 682.0
909.520718779526 748.0
909.7677084569985 743.0
910.0146892684998 747.0
910.261661213546 757.0
910.5086242916544 769.0
910.7555785023416 759.0
911.0025238451248 750.0
911.2494603195206 751.0
911.4963879250456 918.0
911.7433066612174 691.0
911.9902165275522 753.0
912.2371175235672 773.0
912.4840096487795 762.0
912.7308929027052 771.0
912.9777672848619 758.0
913.2246327947661 761.0
913.4714894319347 774.0
913.7183371958849 739.0
913.965176086133 944.0
914.2120061021965 680.0
914.4588272435916 750.0
914.7056395098358 761.0
914.9524429004457 751.0
915.1992374149379 758.0
915.4460230528298 755.0
915.6927998136375 759.0
915.9395676968788 764.0
916.1863267020701 752.0
916.4330768287281 941.0
916.67981807637 676.0
916.9265504445123 746.0
917.1732739326723 761.0
917.4199885403666 757.0
917.6666942671121 756.0
917.9133911124259 756.0
918.1600790758242 770.0
918.4067581568248 772.0
918.6534283549438 765.0
918.9000896696987 937.0
919.1467421006058 681.0
919.3933856471822 750.0
919.6400203089449 758.0
919.8866460854103 769.0
920.1332629760961 761.0
920.3798709805186 760.0
920.6264700981943 757.0
920.8730603286409 766.0
921.1196416713748 766.0
921.3662141259131 922.0
921.6127776917724 682.0
921.8593323684695 749.0
922.1058781555217 763.0
922.3524150524454 759.0
922.598943058758 768.0
922.8454621739758 772.0
923.0919723976159 767.0
923.3384737291954 744.0
923.5849661682307 747.0
923.8314497142393 937.0
924.0779243667373 670.0
924.3243901252423 762.0
924.5708469892709 750.0
924.8172949583395 775.0
925.0637340319656 774.0
925.3101642096658 751.0
925.5565854909571 753.0
925.8029978753563 753.0
926.04940136238 752.0
926.2957959515456 920.0
926.5421816423694 674.0
926.7885584343687 756.0
927.0349263270604 768.0
927.281285319961 771.0
927.5276354125876 754.0
927.7739766044568 779.0
928.020308895086 770.0
928.2666322839915 769.0
928.5129467706906 758.0
928.7592523547 905.0
929.0055490355364 674.0
929.2518368127171 746.0
929.4981156857584 745.0
929.7443856541778 766.0
929.9906467174917 764.0
930.2368988752169 773.0
930.4831421268707 764.0
930.7293764719695 766.0
930.9756019100306 752.0
931.2218184405708 939.0
931.4680260631065 668.0
931.7142247771553 763.0
931.9604145822334 755.0
932.2065954778582 762.0
932.4527674635461 768.0
932.6989305388141 759.0
932.9450847031794 762.0
933.1912299561584 773.0
933.4373662972685 747.0
933.6834937260257 927.0
933.929612241948 680.0
934.1757218445516 752.0
934.4218225333533 762.0
934.6679143078701 756.0
934.913997167619 763.0
935.1600711121167 760.0
935.4061361408803 761.0
935.6521922534262 769.0
935.8982394492718 773.0
936.1442777279336 934.0
936.3903070889288 674.0
936.636327531774 752.0
936.882339055986 770.0
937.128341661082 752.0
937.3743353465785 762.0
937.6203201119927 757.0
937.8662959568414 764.0
938.1122628806411 763.0
938.3582208829092 754.0
938.6041699631621 929.0
938.8501101209171 671.0
939.0960413556905 730.0
939.341963667 760.0
939.5878770543618 768.0
939.8337815172929 767.0
940.0796770553103 769.0
940.3255636679306 772.0
940.5714413546712 760.0
940.8173101150486 753.0
941.0631699485793 950.0
941.309020854781 669.0
941.5548628331699 737.0
941.8006958832632 777.0
942.0465200045778 767.0
942.2923351966301 772.0
942.5381414589376 760.0
942.7839387910167 773.0
943.0297271923846 760.0
943.275506662558 763.0
943.5212772010536 932.0
943.7670388073888 668.0
944.0127914810797 764.0
944.2585352216438 758.0
944.504270028598 752.0
944.7499959014584 769.0
944.9957128397427 761.0
945.2414208429674 761.0
945.4871199106495 776.0
945.7328100423057 756.0
945.978491237453 942.0
946.2241634956084 674.0
946.4698268162882 746.0
946.71548119901 750.0
946.9611266432901 763.0
947.2067631486459 758.0
947.4523907145939 770.0
947.6980093406509 766.0
947.943619026334 765.0
948.1892197711599 762.0
948.4348115746456 931.0
948.680394436308 676.0
948.9259683556636 756.0
949.17153333223 768.0
949.4170893655231 761.0
949.6626364550607 758.0
949.9081746003591 776.0
950.1537038009352 764.0
950.3992240563063 755.0
950.6447353659886 767.0
950.8902377294995 939.0
951.1357311463555 680.0
951.381215616074 758.0
951.6266911381715 776.0
951.8721577121647 774.0
952.1176153375708 771.0
952.3630640139064 769.0
952.6085037406887 755.0
952.8539345174344 770.0
953.09935634366 749.0
953.3447692188829 939.0
953.5901731426196 672.0
953.8355681143876 749.0
954.080954133703 760.0
954.326331200083 768.0
954.5716993130445 774.0
954.8170584721041 766.0
955.0624086767792 753.0
955.3077499265863 776.0
955.5530822210421 755.0
955.798405559664 915.0
956.0437199419682 689.0
956.2890253674723 754.0
956.5343218356925 768.0
956.7796093461461 767.0
957.02488789835 755.0
957.2701574918206 773.0
957.5154181260752 768.0
957.7606698006304 765.0
958.0059125150034 763.0
958.2511462687107 937.0
958.4963710612694 670.0
958.7415868921963 751.0
958.9867937610082 753.0
959.2319916672224 763.0
959.4771806103552 758.0
959.7223605899235 763.0
959.9675316054446 770.0
960.2126936564348 767.0
960.4578467424116 765.0
960.7029908628915 921.0
960.9481260173911 668.0
961.193252205428 746.0
961.4383694265184 774.0
961.6834776801796 777.0
961.9285769659282 761.0
962.1736672832812 764.0
962.4187486317555 760.0
962.6638210108677 759.0
962.908884420135 740.0
963.153938859074 931.0
963.3989843272019 670.0
963.6440208240352 743.0
963.889048349091 764.0
964.1340669018862 769.0
964.3790764819373 762.0
964.6240770887617 768.0
964.8690687218761 756.0
965.114051380797 769.0
965.3590250650417 757.0
965.6039897741268 779.0
965.8489455075695 767.0
966.0938922648864 782.0
966.3388300455941 762.0
966.5837588492103 770.0
966.8286786752509 758.0
967.0735895232334 773.0
967.3184913926743 759.0
967.5633842830911 765.0
967.808268194 774.0
968.0531431249179 770.0
968.2980090753622 772.0
968.5428660448491 756.0
968.7877140328961 776.0
969.0325530390197 770.0
969.2773830627367 761.0
969.5222041035643 765.0
969.7670161610189 765.0
970.0118192346179 761.0
970.2566133238779 759.0
970.5013984283155 756.0
970.746174547448 768.0
970.990941680792 765.0
971.2356998278649 764.0
971.480448988183 772.0
971.725189161263 756.0
971.9699203466223 763.0
972.2146425437775 771.0
972.4593557522456 768.0
972.7040599715434 762.0
972.9487552011876 770.0
973.1934414406954 780.0
973.4381186895833 769.0
973.6827869473685 758.0
973.9274462135677 768.0
974.1720964876979 778.0
974.4167377692759 770.0
974.6613700578182 763.0
974.9059933528424 767.0
975.1506076538647 769.0
975.3952129604023 774.0
975.6398092719721 774.0
975.8843965880908 769.0
976.1289749082755 765.0
976.3735442320426 762.0
976.6181045589096 760.0
976.862655888393 758.0
977.1071982200094 758.0
977.3517315532764 774.0
977.5962558877101 764.0
977.840771222828 775.0
978.0852775581467 775.0
978.3297748931827 772.0
978.5742632274536 756.0
978.8187425604756 783.0
979.063212891766 776.0
979.3076742208415 781.0
979.5521265472191 773.0
979.7965698704156 772.0
980.0410041899477 762.0
980.2854295053326 763.0
980.5298458160865 760.0
980.7742531217272 773.0
981.0186514217711 768.0
981.2630407157347 762.0
981.5074210031356 774.0
981.7517922834901 770.0
981.9961545563154 758.0
982.2405078211283 762.0
982.4848520774455 768.0
982.729187324784 757.0
982.9735135626606 760.0
983.2178307905924 767.0
983.4621390080961 776.0
983.7064382146882 766.0
983.9507284098863 759.0
984.1950095932067 769.0
984.4392817641666 777.0
984.6835449222825 763.0
984.9277990670716 776.0
985.1720441980509 765.0
985.4162803147366 769.0
985.6605074166464 765.0
985.9047255032964 766.0
986.1489345742042 776.0
986.3931346288863 765.0
986.6373256668593 778.0
986.8815076876406 778.0
987.1256806907464 764.0
987.3698446756944 761.0
987.613999642001 775.0
987.8581455891829 768.0
988.1022825167574 775.0
988.3464104242408 761.0
988.5905293111508 762.0
988.8346391770036 771.0
989.0787400213161 762.0
989.3228318436055 772.0
989.5669146433884 761.0
989.8109884201817 749.0
990.0550531735024 757.0
990.2991089028674 762.0
990.5431556077934 776.0
990.7871932877973 767.0
991.031221942396 768.0
991.2752415711062 754.0
991.5192521734452 758.0
991.7632537489297 765.0
992.0072462970761 767.0
992.251229817402 782.0
992.4952043094236 779.0
992.7391697726582 768.0
992.9831262066227 762.0
993.2270736108336 760.0
993.4710119848082 773.0
993.7149413280629 772.0
993.958861640115 765.0
994.2027729204812 780.0
994.4466751686781 779.0
994.6905683842231 775.0
994.9344525666326 760.0
995.1783277154237 762.0
995.4221938301132 757.0
995.6660509102181 758.0
995.9098989552552 756.0
996.1537379647411 762.0
996.3975679381932 762.0
996.6413888751279 769.0
996.8852007750622 769.0
997.1290036375133 756.0
997.3727974619973 772.0
997.6165822480319 777.0
997.8603579951333 762.0
998.104124702819 769.0
998.3478823706055 769.0
998.5916309980095 772.0
998.8353705845483 765.0
999.0791011297383 759.0
999.3228226330968 761.0
999.5665350941406 757.0
999.8102385123861 777.0
1000.0539328873509 776.0
1000.2976182185512 767.0
1000.5412945055043 756.0
1000.7849617477269 774.0
1001.0286199447357 764.0
1001.2722690960481 768.0
1001.5159092011804 768.0
1001.75954025965 764.0
1002.003162270973 768.0
1002.246775234667 773.0
1002.4903791502487 773.0
1002.7339740172346 758.0
1002.9775598351421 766.0
1003.2211366034876 764.0
1003.4647043217884 771.0
1003.7082629895611 757.0
1003.9518126063224 783.0
1004.1953531715895 768.0
1004.4388846848791 753.0
1004.6824071457083 761.0
1004.9259205535938 779.0
1005.1694249080521 768.0
1005.4129202086007 753.0
1005.6564064547559 769.0
1005.8998836460353 764.0
1006.1433517819551 766.0
1006.3868108620323 785.0
1006.6302608857841 763.0
1006.8737018527269 774.0
1007.1171337623779 766.0
1007.3605566142537 779.0
1007.6039704078715 768.0
1007.8473751427481 773.0
1008.0907708184001 771.0
1008.3341574343445 772.0
1008.5775349900982 759.0
1008.8209034851784 776.0
1009.0642629191013 772.0
1009.3076132913841 784.0
1009.5509546015439 769.0
1009.7942868490973 766.0
1010.0376100335611 770.0
1010.2809241544525 745.0
1010.5242292112879 757.0
1010.7675252035845 771.0
1011.010812130859 769.0
1011.2540899926286 772.0
1011.4973587884098 772.0
1011.7406185177194 790.0
1011.9838691800747 774.0
1012.2271107749921 781.0
1012.470343301989 761.0
1012.7135667605817 766.0
1012.9567811502875 765.0
1013.1999864706231 768.0
1013.4431827211052 777.0
1013.686369901251 771.0
1013.929548010577 750.0
1014.1727170486006 761.0
1014.4158770148383 777.0
1014.6590279088067 753.0
1014.9021697300233 762.0
1015.1453024780044 782.0
1015.3884261522674 761.0
1015.6315407523286 757.0
1015.8746462777051 756.0
1016.1177427279141 779.0
1016.3608301024719 768.0
1016.603908400896 771.0
1016.8469776227028 756.0
1017.0900377674091 768.0
1017.3330888345322 777.0
1017.5761308235883 779.0
1017.8191637340951 771.0
1018.0621875655689 773.0
1018.3052023175269 756.0
1018.5482079894858 768.0
1018.7912045809622 782.0
1019.0341920914735 764.0
1019.2771705205361 755.0
1019.5201398676672 768.0
1019.7631001323837 763.0
1020.006051314202 764.0
1020.2489934126395 765.0
1020.4919264272125 781.0
1020.7348503574386 773.0
1020.9777652028342 773.0
1021.2206709629161 776.0
1021.4635676372014 770.0
1021.7064552252067 766.0
1021.9493337264495 768.0
1022.1922031404459 760.0
1022.4350634667132 774.0
1022.6779147047681 765.0
1022.9207568541273 771.0
1023.1635899143083 763.0
1023.4064138848273 762.0
1023.6492287652015 771.0
1023.8920345549478 770.0
1024.134831253583 758.0
1024.377618860624 763.0
1024.6203973755871 774.0
1024.8631667979898 756.0
1025.1059271273493 756.0
1025.3486783631818 774.0
1025.5914205050044 782.0
1025.8341535523336 773.0
1026.076877504687 754.0
1026.3195923615808 760.0
1026.5622981225324 759.0
1026.8049947870584 767.0
1027.0476823546753 772.0
1027.2903608249007 772.0
1027.5330301972513 797.0
1027.7756904712435 755.0
1028.0183416463947 764.0
1028.260983722221 770.0
1028.5036166982402 757.0
1028.7462405739689 766.0
1028.9888553489234 771.0
1029.2314610226213 773.0
1029.474057594579 772.0
1029.7166450643138 766.0
1029.9592234313418 760.0
1030.2017926951808 749.0
1030.4443528553472 750.0
1030.6869039113576 769.0
1030.9294458627296 772.0
1031.1719787089794 763.0
1031.414502449624 775.0
1031.6570170841808 779.0
1031.8995226121658 760.0
1032.1420190330966 763.0
1032.3845063464896 778.0
1032.6269845518618 761.0
1032.8694536487305 762.0
1033.111913636612 781.0
1033.3543645150232 787.0
1033.596806283481 764.0
1033.8392389415026 751.0
1034.081662488605 761.0
1034.324076924304 782.0
1034.566482248118 769.0
1034.8088784595625 755.0
1035.0512655581551 773.0
1035.2936435434124 770.0
1035.5360124148515 779.0
1035.778372171989 751.0
1036.020722814342 773.0
1036.2630643414275 770.0
1036.5053967527615 753.0
1036.7477200478622 762.0
1036.9900342262456 770.0
1037.2323392874284 770.0
1037.4746352309282 762.0
1037.7169220562612 772.0
1037.9591997629448 759.0
1038.2014683504956 768.0
1038.4437278184303 757.0
1038.685978166266 763.0
1038.9282193935196 754.0
1039.170451499708 764.0
1039.4126744843477 762.0
1039.6548883469559 774.0
1039.8970930870496 781.0
1040.1392887041452 776.0
1040.3814751977598 793.0
1040.6236525674105 777.0
1040.8658208126137 761.0
1041.107979932887 763.0
1041.3501299277466 772.0
1041.5922707967095 778.0
1041.8344025392926 753.0
1042.0765251550129 763.0
1042.3186386433872 761.0
1042.5607430039322 771.0
1042.802838236165 776.0
1043.0449243396022 776.0
1043.2870013137613 773.0
1043.5290691581586 756.0
1043.7711278723107 758.0
1044.013177455735 771.0
1044.2552179079482 774.0
1044.4972492284676 770.0
1044.7392714168093 775.0
1044.9812844724902 760.0
1045.223288395028 776.0
1045.4652831839387 780.0
1045.70726883874 771.0
1045.949245358948 748.0
1046.1912127440798 753.0
1046.4331709936528 773.0
1046.675120107183 758.0
1046.9170600841878 761.0
1047.1589909241836 761.0
1047.400912626688 775.0
1047.6428251912175 760.0
1047.8847286172886 764.0
1048.1266229044188 757.0
1048.3685080521243 762.0
1048.6103840599228 761.0
1048.8522509273307 770.0
1049.0941086538646 760.0
1049.3359572390418 768.0
1049.577796682379 765.0
1049.819626983393 765.0
1050.061448141601 770.0
1050.3032601565194 776.0
1050.5450630276655 764.0
1050.7868567545556 763.0
1051.0286413367073 753.0
1051.270416773637 760.0
1051.5121830648616 761.0
1051.7539402098982 764.0
1051.9956882082631 761.0
1052.237427059474 761.0
1052.479156763047 765.0
1052.7208773184996 755.0
1052.9625887253483 767.0
1053.2042909831098 772.0
1053.4459840913016 769.0
1053.6876680494397 773.0
1053.929342857042 766.0
1054.1710085136244 756.0
1054.4126650187043 760.0
1054.6543123717986 770.0
1054.8959505724238 773.0
1055.1375796200969 761.0
1055.3791995143351 766.0
1055.620810254655 764.0
1055.8624118405735 769.0
1056.1040042716074 762.0
1056.3455875472737 763.0
1056.5871616670893 750.0
1056.8287266305706 771.0
1057.070282437235 760.0
1057.3118290865991 768.0
1057.5533665781802 767.0
1057.7948949114943 749.0
1058.0364140860593 758.0
1058.2779241013916 771.0
1058.5194249570077 770.0
1058.760916652425 773.0
1059.0023991871599 776.0
1059.24387256073 770.0
1059.4853367726514 762.0
1059.7267918224413 768.0
1059.968237709617 776.0
1060.2096744336943 772.0
1060.451101994191 779.0
1060.6925203906237 770.0
1060.933929622509 778.0
1061.1753296893642 767.0
1061.4167205907056 772.0
1061.6581023260508 758.0
1061.8994748949162 780.0
1062.1408382968189 773.0
1062.3821925312755 773.0
1062.6235375978026 776.0
1062.8648734959181 764.0
1063.1062002251376 762.0
1063.3475177849793 764.0
1063.588826174959 771.0
1063.830125394594 769.0
1064.0714154434013 775.0
1064.312696320897 760.0
1064.553968026599 762.0
1064.7952305600238 760.0
1065.036483920688 775.0
1065.2777281081087 768.0
1065.5189631218025 774.0
1065.7601889612868 755.0
1066.001405626078 769.0
1066.2426131156928 771.0
1066.4838114296492 769.0
1066.7250005674625 768.0
1066.9661805286507 778.0
1067.2073513127305 765.0
1067.4485129192178 756.0
1067.689665347631 759.0
1067.9308085974856 758.0
1068.1719426682996 778.0
1068.413067559589 774.0
1068.654183270871 777.0
1068.8952898016628 769.0
1069.1363871514804 767.0
1069.3774753198418 766.0
1069.618554306263 760.0
1069.8596241102612 760.0
1070.100684731353 763.0
1070.3417361690556 768.0
1070.582778422886 778.0
1070.8238114923604 754.0
1071.0648353769964 768.0
1071.3058500763104 741.0
1071.5468555898192 768.0
1071.7878519170404 771.0
1072.02883905749 768.0
1072.2698170106853 763.0
1072.5107857761434 787.0
1072.75174535338 771.0
1072.9926957419138 773.0
1073.23363694126 768.0
1073.4745689509368 768.0
1073.7154917704597 774.0
1073.9564053993467 769.0
1074.1973098371145 759.0
1074.4382050832794 774.0
1074.6790911373587 764.0
1074.9199679988692 757.0
1075.1608356673278 761.0
1075.4016941422512 763.0
1075.6425434231562 765.0
1075.8833835095604 761.0
1076.1242144009796 769.0
1076.3650360969316 753.0
1076.6058485969324 768.0
1076.8466519004996 775.0
1077.0874460071498 763.0
1077.3282309163997 763.0
1077.5690066277664 760.0
1077.8097731407665 744.0
1078.0505304549172 768.0
1078.2912785697354 765.0
1078.5320174847377 759.0
1078.772747199441 762.0
1079.0134677133622 778.0
1079.2541790260184 776.0
1079.4948811369263 775.0
1079.7355740456023 775.0
1079.9762577515642 768.0
1080.2169322543277 768.0
1080.4575975534112 784.0
1080.6982536483301 756.0
1080.9389005386022 764.0
1081.179538223744 754.0
1081.4201667032721 760.0
1081.6607859767041 763.0
1081.9013960435564 769.0
1082.1419969033457 754.0
1082.382588555589 763.0
1082.6231709998035 768.0
1082.863744235506 776.0
1083.104308262213 761.0
1083.3448630794412 772.0
1083.5854086867082 762.0
1083.8259450835303 764.0
1084.0664722694248 762.0
1084.306990243908 759.0
1084.5474990064974 766.0
1084.7879985567097 769.0
1085.0284888940612 775.0
1085.2689700180695 770.0
1085.509441928251 777.0
1085.749904624123 758.0
1085.990358105202 765.0
1086.2308023710048 761.0
1086.4712374210485 762.0
1086.71166325485 763.0
1086.9520798719261 764.0
1087.1924872717937 774.0
1087.4328854539694 770.0
1087.6732744179706 765.0
1087.9136541633134 753.0
1088.1540246895156 757.0
1088.3943859960934 769.0
1088.6347380825637 755.0
1088.8750809484436 768.0
1089.1154145932499 764.0
1089.3557390164995 762.0
1089.5960542177095 760.0
1089.836360196396 772.0
1090.0766569520767 767.0
1090.3169444842679 768.0
1090.557222792487 779.0
1090.7974918762502 773.0
1091.037751735075 777.0
1091.2780023684782 755.0
1091.518243775976 765.0
1091.7584759570861 757.0
1091.9986989113247 762.0
1092.2389126382093 753.0
1092.4791171372563 771.0
1092.7193124079827 750.0
1092.9594984499054 760.0
1093.1996752625412 780.0
1093.4398428454072 766.0
1093.68000119802 768.0
1093.9201503198965 764.0
1094.1602902105537 764.0
1094.4004208695083 763.0
1094.6405422962773 762.0
1094.8806544903778 762.0
1095.120757451326 774.0
1095.3608511786392 764.0
1095.6009356718341 752.0
1095.8410109304282 768.0
1096.0810769539376 743.0
1096.3211337418795 755.0
1096.5611812937707 749.0
1096.8012196091279 777.0
1097.0412486874682 765.0
1097.2812685283084 769.0
1097.5212791311658 760.0
1097.7612804955563 768.0
1098.0012726209975 758.0
1098.2412555070064 777.0
1098.4812291530989 765.0
1098.721193558793 761.0
1098.961148723605 764.0
1099.2010946470518 750.0
1099.4410313286503 760.0
1099.6809587679172 769.0
1099.92087696437 760.0
1100.1607859175251 768.0
1100.400685626899 764.0
1100.640576092009 772.0
1100.880457312372 747.0
1101.1203292875052 763.0
1101.3601920169247 754.0
1101.6000455001479 752.0
1101.8398897366915 770.0
1102.079724726072 764.0
1102.3195504678072 764.0
1102.559366961413 763.0
1102.7991742064069 756.0
1103.0389722023056 756.0
1103.2787609486254 763.0
1103.5185404448844 764.0
1103.7583106905984 746.0
1103.9980716852845 771.0
1104.23782342846 771.0
1104.4775659196412 767.0
1104.7172991583454 770.0
1104.9570231440887 758.0
1105.1967378763893 781.0
1105.436443354763 772.0
1105.6761395787273 774.0
1105.9158265477986 761.0
1106.1555042614937 771.0
1106.3951727193298 774.0
1106.6348319208234 766.0
1106.8744818654923 755.0
1107.1141225528525 773.0
1107.3537539824208 762.0
1107.5933761537144 758.0
1107.8329890662503 756.0
1108.072592719545 770.0
1108.3121871131157 772.0
1108.551772246479 749.0
1108.7913481191517 748.0
1109.030914730651 754.0
1109.2704720804938 766.0
1109.5100201681967 768.0
1109.7495589932764 769.0
1109.9890885552504 771.0
1110.2286088536348 763.0
1110.4681198879473 757.0
1110.707621657704 771.0
1110.9471141624224 773.0
1111.1865974016187 751.0
1111.4260713748101 766.0
1111.665536081514 766.0
1111.9049915212463 760.0
1112.1444376935244 771.0
1112.3838745978653 768.0
1112.6233022337854 766.0
1112.8627206008023 768.0
1113.102129698432 760.0
1113.3415295261918 758.0
1113.5809200835986 765.0
1113.820301370169 765.0
1114.0596733854206 780.0
1114.2990361288694 768.0
1114.5383896000326 769.0
1114.7777337984273 757.0
1115.0170687235698 759.0
1115.2563943749778 766.0
1115.4957107521673 770.0
1115.7350178546556 765.0
1115.9743156819598 777.0
1116.213604233596 754.0
1116.452883509082 781.0
1116.692153507934 781.0
1116.9314142296694 776.0
1117.1706656738045 762.0
1117.4099078398563 773.0
1117.6491407273422 766.0
1117.8883643357783 771.0
1118.1275786646822 765.0
1118.36678371357 756.0
1118.6059794819594 758.0
1118.8451659693665 760.0
1119.0843431753085 775.0
1119.3235110993026 778.0
1119.5626697408647 789.0
1119.8018190995128 752.0
1120.0409591747637 746.0
1120.2800899661331 758.0
1120.519211473139 768.0
1120.7583236952978 763.0
1120.9974266321262 755.0
1121.236520283142 763.0
1121.4756046478608 755.0
1121.7146797258001 760.0
1121.9537455164768 754.0
1122.192802019408 758.0
1122.4318492341101 763.0
1122.6708871601 762.0
1122.909915796895 775.0
1123.1489351440111 756.0
1123.3879452009662 770.0
1123.6269459672762 750.0
1123.865937442459 755.0
1124.1049196260308 772.0
1124.3438925175087 769.0
