shot=188_gas=Ne_hight=80_RF=150.2W_massflow=8000_coils=80.1A_HR4000 spectrum
Wavelength [nm] // Intensity [u.a.] 
194.93414 796.0
195.2037815346219 776.0
195.47341553816543 790.0
195.74304201014752 778.0
196.012660950085 793.0
196.28227235749478 786.0
196.55187623189366 787.0
196.82147257279857 788.0
197.09106137972637 784.0
197.36064265219392 798.0
197.63021638971804 771.0
197.89978259181567 948.0
198.16934125800364 724.0
198.43889238779886 776.0
198.7084359807181 795.0
198.97797203627835 808.0
199.2475005539964 804.0
199.51702153338914 815.0
199.78653497397343 805.0
200.05604087526618 807.0
200.3255392367842 785.0
200.59503005804436 959.0
200.8645133385636 690.0
201.1339890778587 774.0
201.4034572754466 795.0
201.67291793084408 796.0
201.94237104356813 787.0
202.21181661313554 801.0
202.48125463906314 807.0
202.7506851208679 805.0
203.02010805806663 788.0
203.28952345017618 968.0
203.55893129671344 726.0
203.8283315971953 772.0
204.0977243511386 799.0
204.3671095580602 803.0
204.636487217477 801.0
204.90585732890585 789.0
205.17521989186366 803.0
205.44457490586717 803.0
205.7139223704334 794.0
205.98326228507918 951.0
206.2525946493213 700.0
206.5219194626767 775.0
206.79123672466224 805.0
207.06054643479476 804.0
207.32984859259116 792.0
207.59914319756828 798.0
207.86843024924303 792.0
208.13770974713225 790.0
208.40698169075276 790.0
208.6762460796215 967.0
208.94550291325532 721.0
209.2147521911711 775.0
209.48399391288567 795.0
209.75322807791594 788.0
210.02245468577874 789.0
210.29167373599094 795.0
210.56088522806942 799.0
210.83008916153108 785.0
211.09928553589276 793.0
211.3684743506713 966.0
211.63765560538363 717.0
211.9068292995466 785.0
212.175995432677 788.0
212.44515400429182 790.0
212.71430501390782 790.0
212.98344846104192 798.0
213.25258434521103 799.0
213.52171266593191 794.0
213.79083342272153 775.0
214.05994661509675 972.0
214.3290522425744 706.0
214.5981503046713 788.0
214.8672408009044 805.0
215.13632373079054 793.0
215.4053990938466 784.0
215.6744668895894 789.0
215.94352711753592 791.0
216.21257977720293 787.0
216.48162486810728 786.0
216.7506623897659 969.0
217.01969234169565 716.0
217.2887147234134 765.0
217.55772953443596 792.0
217.82673677428028 788.0
218.0957364424632 802.0
218.36472853850154 801.0
218.6337130619122 795.0
218.9026900122121 793.0
219.17165938891804 789.0
219.4406211915469 976.0
219.70957541961562 712.0
219.97852207264097 783.0
220.24746115013983 793.0
220.5163926516291 798.0
220.78531657662566 788.0
221.05423292464639 807.0
221.32314169520808 794.0
221.59204288782766 798.0
221.860936502022 780.0
222.12982253730797 971.0
222.39870099320237 706.0
222.66757186922214 781.0
222.93643516488416 795.0
223.20529087970525 776.0
223.47413901320226 780.0
223.74297956489212 782.0
224.01181253429166 788.0
224.28063792091777 792.0
224.5494557242873 791.0
224.8182659439171 973.0
225.08706857932413 728.0
225.35586363002508 781.0
225.62465109553705 798.0
225.89343097537673 800.0
226.16220326906105 782.0
226.43096797610687 788.0
226.69972509603105 791.0
226.9684746283505 808.0
227.237216572582 789.0
227.50595092824256 960.0
227.7746776948489 719.0
228.04339687191796 783.0
228.31210845896663 788.0
228.5808124555117 793.0
228.84950886107015 800.0
229.11819767515877 804.0
229.38687889729442 814.0
229.65555252699397 795.0
229.92421856377433 788.0
230.1928770071524 966.0
230.46152785664492 711.0
230.73017111176884 779.0
230.99880677204106 770.0
231.26743483697837 794.0
231.53605530609772 789.0
231.8046681789159 785.0
232.07327345494983 797.0
232.34187113371638 781.0
232.61046121473237 786.0
232.87904369751473 954.0
233.14761858158028 714.0
233.41618586644586 785.0
233.68474555162845 802.0
233.95329763664483 788.0
234.2218421210119 794.0
234.49037900424648 811.0
234.7589082858655 798.0
235.02742996538583 813.0
235.29594404232427 772.0
235.56445051619772 964.0
235.8329493865231 699.0
236.10144065281722 774.0
236.36992431459691 806.0
236.63840037137916 795.0
236.9068688226808 808.0
237.1753296680186 792.0
237.44378290690955 812.0
237.7122285388704 802.0
237.9806665634181 784.0
238.24909698006957 981.0
238.51751978834153 706.0
238.78593498775095 793.0
239.0543425778147 796.0
239.32274255804958 803.0
239.59113492797255 808.0
239.8595196871004 798.0
240.12789683495004 789.0
240.3962663710383 800.0
240.66462829488208 789.0
240.93298260599826 954.0
241.2013293039037 702.0
241.46966838811522 770.0
241.73799985814978 782.0
242.00632371352418 793.0
242.27463995375527 806.0
242.54294857835998 809.0
242.81124958685515 802.0
243.07954297875764 803.0
243.34782875358434 793.0
243.61610691085207 956.0
243.88437745007772 702.0
244.15264037077822 773.0
244.42089567247035 797.0
244.68914335467105 796.0
244.95738341689716 790.0
245.2256158586655 782.0
245.493840679493 802.0
245.76205787889654 805.0
246.03026745639292 799.0
246.29846941149904 962.0
246.5666637437318 706.0
246.834850452608 776.0
247.1030295376446 805.0
247.37120099835838 804.0
247.63936483426627 799.0
247.9075210448851 794.0
248.17566962973177 793.0
248.4438105883231 787.0
248.71194392017603 780.0
248.98006962480733 976.0
249.248187701734 699.0
249.51629815047275 778.0
249.78440097054056 784.0
250.05249616145431 794.0
250.32058372273076 790.0
250.5886636538869 805.0
250.85673595443953 794.0
251.12480062390551 796.0
251.39285766180177 790.0
251.6609070676451 965.0
251.92894884095242 710.0
252.19698298124058 774.0
252.46500948802645 797.0
252.73302836082692 793.0
253.00103959915882 791.0
253.26904320253902 793.0
253.53703917048443 787.0
253.80502750251188 792.0
254.07300819813827 775.0
254.34098125688044 942.0
254.60894667825525 709.0
254.87690446177962 777.0
255.14485460697037 790.0
255.41279711334434 804.0
255.6807319804185 800.0
255.94865920770962 793.0
256.2165787947346 784.0
256.48449074101035 793.0
256.75239504605366 777.0
257.02029170938147 951.0
257.28818073051065 710.0
257.556062108958 770.0
257.8239358442404 805.0
258.0918019358748 789.0
258.35966038337796 802.0
258.6275111862668 781.0
258.8953543440582 797.0
259.163189856269 795.0
259.4310177224162 775.0
259.6988379420164 966.0
259.9666505145867 698.0
260.23445543964385 777.0
260.50225271670473 796.0
260.77004234528624 797.0
261.03782432490533 795.0
261.3055986550787 789.0
261.5733653353234 797.0
261.8411243651561 789.0
262.1088757440937 788.0
262.37661947165327 970.0
262.6443555473515 722.0
262.9120839707053 779.0
263.1798047412315 790.0
263.44751785844704 785.0
263.7152233218687 772.0
263.98292113101354 790.0
264.2506112853982 790.0
264.51829378453965 793.0
264.7859686279547 789.0
265.05363581516025 960.0
265.32129534567326 702.0
265.5889472190105 776.0
265.8565914346889 803.0
266.1242279922252 803.0
266.39185689113634 781.0
266.65947813093925 772.0
266.9270917111508 803.0
267.19469763128774 794.0
267.46229589086704 788.0
267.72988648940554 963.0
267.9974694264201 710.0
268.2650447014276 770.0
268.53261231394487 792.0
268.80017226348883 792.0
269.0677245495763 792.0
269.3352691717242 783.0
269.60280612944933 785.0
269.8703354222686 797.0
270.13785704969894 775.0
270.40537101125716 954.0
270.67287730646007 696.0
270.9403759348246 781.0
271.2078668958677 795.0
271.47535018910605 813.0
271.7428258140567 791.0
272.01029377023633 772.0
272.2777540571619 786.0
272.5452066743504 784.0
272.81265162131854 772.0
273.08008889758327 946.0
273.34751850266144 703.0
273.6149404360698 775.0
273.8823546973254 788.0
274.1497612859451 772.0
274.4171602014456 801.0
274.6845514433439 790.0
274.95193501115676 782.0
275.2193109044012 789.0
275.486679122594 787.0
275.7540396652521 958.0
276.02139253189216 703.0
276.2887377220313 790.0
276.55607523518626 799.0
276.82340507087395 805.0
277.09072722861123 783.0
277.3580417079149 792.0
277.62534850830195 805.0
277.8926476292892 801.0
278.1599390703934 781.0
278.4272228311316 954.0
278.69449891102056 696.0
278.96176730957717 771.0
279.22902802631836 790.0
279.4962810607609 785.0
279.76352641242164 792.0
280.0307640808177 791.0
280.29799406546556 782.0
280.5652163658824 797.0
280.8324309815849 797.0
281.09963791209003 968.0
281.3668371569146 711.0
281.6340287155756 769.0
281.9012125875897 794.0
282.168388772474 804.0
282.4355572697452 800.0
282.7027180789201 790.0
282.9698711995158 790.0
283.23701663104896 804.0
283.50415437303667 783.0
283.77128442499554 979.0
284.0384067864426 709.0
284.3055214568946 792.0
284.57262843586864 793.0
284.8397277228814 800.0
285.1068193174497 797.0
285.37390321909055 778.0
285.6409794273207 791.0
285.9080479416572 788.0
286.1751087616167 796.0
286.4421618867162 961.0
286.7092073164725 703.0
286.9762450504025 793.0
287.24327508802315 797.0
287.5102974288511 802.0
287.77731207240345 810.0
288.04431901819703 794.0
288.3113182657485 796.0
288.578309814575 802.0
288.84529366419326 772.0
289.1122698141201 973.0
289.37923826387254 703.0
289.6461990129674 792.0
289.91315206092133 783.0
290.18009740725154 785.0
290.44703505147464 791.0
290.7139649931077 784.0
290.98088723166734 788.0
291.24780176667065 798.0
291.5147085976344 787.0
291.78160772407557 973.0
292.04849914551085 708.0
292.3153828614572 777.0
292.58225887143146 794.0
292.8491271749505 789.0
293.1159877715313 799.0
293.3828406606906 800.0
293.6496858419453 800.0
293.9165233148123 782.0
294.1833530788084 786.0
294.4501751334505 966.0
294.71698947825547 711.0
294.9837961127402 770.0
295.2505950364216 785.0
295.5173862488164 809.0
295.78416974944156 798.0
296.050945537814 780.0
296.31771361345045 798.0
296.584473975868 798.0
296.8512266245832 781.0
297.11797155911313 964.0
297.38470877897464 692.0
297.6514382836846 779.0
297.9181600727598 802.0
298.18487414571723 802.0
298.4515805020736 788.0
298.71827914134593 791.0
298.9849700630511 797.0
299.2516532667058 785.0
299.518328751827 774.0
299.78499651793163 970.0
300.0516565645365 704.0
300.3183088911584 777.0
300.58495349731436 792.0
300.8515903825211 798.0
301.1182195462956 794.0
301.3848409881546 784.0
301.65145470761513 800.0
301.91806070419403 796.0
302.184658977408 762.0
302.4512495267741 962.0
302.7178323518091 698.0
302.9844074520298 784.0
303.2509748269532 796.0
303.5175344760962 785.0
303.78408639897555 785.0
304.0506305951082 774.0
304.31716706401096 795.0
304.58369580520065 787.0
304.8502168181943 787.0
305.1167301025086 970.0
305.3832356576606 719.0
305.649733483167 776.0
305.9162235785447 779.0
306.1827059433106 778.0
306.4491805769817 793.0
306.7156474790747 800.0
306.98210664910647 805.0
307.2485580865939 775.0
307.5150017910539 794.0
307.7814377620034 961.0
308.0478659989591 696.0
308.31428650143795 775.0
308.58069926895683 779.0
308.8471043010326 786.0
309.1135015971821 789.0
309.37989115692227 786.0
309.6462729797699 785.0
309.91264706524197 803.0
310.1790134128551 774.0
310.4453720221265 931.0
310.71172289257277 697.0
310.97806602371094 774.0
311.2444014150577 781.0
311.5107290661301 780.0
311.777048976445 793.0
312.04336114551904 803.0
312.30966557286945 811.0
312.5759622580128 795.0
312.8422512004661 787.0
313.1085323997461 952.0
313.3748058553698 697.0
313.641071566854 777.0
313.90732953371554 792.0
314.17357975547145 793.0
314.4398222316384 793.0
314.70605696173334 783.0
314.9722839452731 793.0
315.23850318177466 785.0
315.50471467075477 785.0
315.7709184117303 956.0
316.0371144042182 709.0
316.3033026477353 779.0
316.56948314179846 798.0
316.8356558859246 787.0
317.1018208796305 785.0
317.36797812243304 799.0
317.6341276138491 789.0
317.90026935339563 801.0
318.1664033405894 782.0
318.4325295749473 959.0
318.6986480559862 709.0
318.96475878322303 780.0
319.2308617561746 781.0
319.4969569743577 779.0
319.76304443728935 790.0
320.0291241444864 796.0
320.2951960954656 786.0
320.5612602897438 802.0
320.82731672683815 788.0
321.0933654062652 952.0
321.359406327542 712.0
321.6254394901853 782.0
321.891464893712 779.0
322.157482537639 782.0
322.4234924214832 791.0
322.68949454476143 790.0
322.95548890699064 784.0
323.2214755076875 779.0
323.487454346369 775.0
323.753425422552 955.0
324.01938873575347 711.0
324.2853442854901 780.0
324.55129207127885 791.0
324.8172320926366 789.0
325.08316434908016 785.0
325.34908884012646 791.0
325.61500556529234 793.0
325.8809145240947 779.0
326.14681571605024 773.0
326.4127091406761 966.0
326.6785947974889 700.0
326.9444726860058 762.0
327.2103428057433 789.0
327.47620515621855 791.0
327.74205973694836 797.0
328.00790654744947 790.0
328.2737455872389 787.0
328.5395768558335 797.0
328.80540035275004 770.0
329.0712160775054 960.0
329.33702402961654 701.0
329.6028242086002 768.0
329.86861661397353 802.0
330.13440124525306 807.0
330.4001781019559 780.0
330.66594718359863 806.0
330.9317084896984 779.0
331.19746201977205 788.0
331.46320777333636 790.0
331.7289457499082 955.0
331.9946759490044 702.0
332.2603983701419 778.0
332.5261130128375 775.0
332.79181987660826 800.0
333.05751896097087 797.0
333.3232102654422 794.0
333.58889378953916 803.0
333.85456953277856 807.0
334.1202374946774 785.0
334.38589767475247 962.0
334.6515500725206 694.0
334.9171946874987 766.0
335.18283151920355 784.0
335.4484605671522 804.0
335.7140818308614 795.0
335.97969530984807 806.0
336.245301003629 795.0
336.51089891172114 806.0
336.77648903364127 782.0
337.04207136890636 968.0
337.30764591703326 710.0
337.5732126775387 765.0
337.83877164993976 779.0
338.10432283375314 795.0
338.36986622849577 788.0
338.63540183368457 773.0
338.9009296488363 806.0
339.16644967346787 802.0
339.4319619070962 787.0
339.6974663492381 967.0
339.9629629994105 702.0
340.22845185713027 766.0
340.4939329219141 788.0
340.75940619327906 793.0
341.02487167074196 780.0
341.2903293538197 803.0
341.555779242029 791.0
341.821221334887 800.0
342.0866556319103 781.0
342.3520821326158 968.0
342.6175008365205 707.0
342.8829117431413 783.0
343.1483148519949 781.0
343.41371016259825 786.0
343.6790976744682 786.0
343.9444773871216 792.0
344.20984930007546 796.0
344.4752134128465 793.0
344.74056972495157 779.0
345.0059182359076 965.0
345.27125894523147 718.0
345.53659185244 775.0
345.80191695705014 787.0
346.0672342585787 782.0
346.3325437565426 782.0
346.5978454504585 788.0
346.8631393398436 794.0
347.1284254242145 802.0
347.3937037030882 780.0
347.6589741759816 963.0
347.92423684241146 698.0
348.1894917018946 759.0
348.4547387539481 797.0
348.71997799808867 798.0
348.9852094338332 792.0
349.2504330606986 782.0
349.51564887820166 793.0
349.7808568858593 799.0
350.0460570831885 798.0
350.31124946970584 966.0
350.57643404492853 696.0
350.84161080837316 783.0
351.1067797595568 790.0
351.3719408979961 782.0
351.63709422320824 798.0
351.90223973470984 799.0
352.16737743201776 802.0
352.43250731464894 780.0
352.69762938212034 772.0
352.9627436339487 969.0
353.2278500696509 711.0
353.49294868874387 781.0
353.7580394907444 794.0
354.02312247516943 791.0
354.28819764153576 785.0
354.55326498936034 804.0
354.81832451816 797.0
355.08337622745165 787.0
355.348420116752 771.0
355.613456185578 978.0
355.8784844334467 712.0
356.1435048598747 773.0
356.4085174643791 793.0
356.6735222464765 798.0
356.938519205684 804.0
357.2035083415184 798.0
357.46848965349653 774.0
357.73346314113536 785.0
357.9984288039516 782.0
358.2633866414622 958.0
358.528336653184 709.0
358.793278838634 792.0
359.05821319732894 788.0
359.3231397287857 796.0
359.5880584325211 795.0
359.8529693080521 800.0
360.1178723548955 806.0
360.3827675725683 775.0
360.64765496058726 774.0
360.9125345184692 938.0
361.1774062457311 701.0
361.44227014188965 779.0
361.707126206462 788.0
361.9719744389649 806.0
362.2368148389151 780.0
362.5016474058295 780.0
362.766472139225 797.0
363.0312890386186 786.0
363.296098103527 780.0
363.5608993334672 962.0
363.82569272795587 701.0
364.09047828651006 771.0
364.35525600864656 793.0
364.6200258938823 805.0
364.8847879417341 789.0
365.1495421517188 775.0
365.41428852335326 789.0
365.67902705615444 774.0
365.9437577496392 803.0
366.2084806033243 961.0
366.4731956167267 705.0
366.7379027893632 762.0
367.0026021207507 786.0
367.2672936104061 791.0
367.5319772578463 796.0
367.79665306258806 800.0
368.06132102414836 789.0
368.32598114204393 792.0
368.59063341579173 784.0
368.85527784490864 950.0
369.1199144289115 697.0
369.3845431673172 758.0
369.6491640596426 797.0
369.91377710540445 795.0
370.1783823041198 788.0
370.44297965530546 785.0
370.70756915847835 789.0
370.97215081315517 799.0
371.2367246188529 795.0
371.5012905750884 963.0
371.7658486813786 699.0
372.0303989372402 779.0
372.29494134219027 786.0
372.5594758957455 795.0
372.82400259742286 804.0
373.08852144673915 807.0
373.3530324432114 806.0
373.6175355863563 796.0
373.8820308756908 798.0
374.1465183107317 969.0
374.410997890996 719.0
374.6754696160004 779.0
374.93993348526186 800.0
375.2043894982973 795.0
375.4688376546235 765.0
375.7332779537573 793.0
375.9977103952157 789.0
376.26213497851546 796.0
376.52655170317354 782.0
376.7909605687067 950.0
377.05536157463183 716.0
377.3197547204658 764.0
377.5841400057256 774.0
377.84851742992794 805.0
378.11288699258984 784.0
378.37724869322795 804.0
378.64160253135935 798.0
378.90594850650075 801.0
379.1702866181692 785.0
379.4346168658814 973.0
379.69893924915425 709.0
379.9632537675047 775.0
380.2275604204495 791.0
380.49185920750574 793.0
380.75615012819 803.0
381.0204331820193 806.0
381.2847083685105 795.0
381.5489756871804 788.0
381.8132351375459 788.0
382.07748671912407 966.0
382.34173043143153 712.0
382.6059662739852 769.0
382.8701942463019 802.0
383.1344143478986 806.0
383.3986265782921 803.0
383.6628309369994 804.0
383.92702742353725 794.0
384.1912160374225 791.0
384.45539677817203 774.0
384.7195696453027 956.0
384.98373463833155 701.0
385.2478917567753 778.0
385.5120410001507 786.0
385.7761823679748 773.0
386.0403158597644 793.0
386.30444147503647 796.0
386.5685592133077 783.0
386.8326690740951 786.0
387.09677105691543 777.0
387.36086516128563 958.0
387.6249513867226 709.0
387.88902973274315 780.0
388.15310019886414 803.0
388.41716278460245 789.0
388.68121748947493 785.0
388.9452643129986 787.0
389.2093032546901 793.0
389.47333431406645 798.0
389.73735749064434 776.0
390.0013727839409 973.0
390.2653801934728 721.0
390.52937971875696 792.0
390.7933713593103 792.0
391.05735511464974 805.0
391.3213309842919 792.0
391.5852989677539 792.0
391.8492590645524 804.0
392.1132112742045 799.0
392.37715559622694 790.0
392.6410920301366 970.0
392.9050205754503 694.0
393.1689412316849 781.0
393.43285399835736 782.0
393.69675887498465 798.0
393.96065586108335 789.0
394.2245449561705 807.0
394.4884261597629 805.0
394.75229947137757 807.0
395.01616489053123 794.0
395.28002241674085 954.0
395.5438720495231 709.0
395.80771378839506 779.0
396.0715476328735 805.0
396.33537358247537 790.0
396.5991916367174 788.0
396.86300179511665 787.0
397.12680405718976 809.0
397.39059842245376 792.0
397.65438489042543 794.0
397.91816346062177 967.0
398.18193413255955 709.0
398.4456969057556 784.0
398.7094517797268 782.0
398.97319875399006 785.0
399.2369378280623 797.0
399.50066900146027 792.0
399.764392273701 774.0
400.02810764430114 779.0
400.2918151127777 787.0
400.55551467864757 968.0
400.81920634142756 718.0
401.08289010063453 771.0
401.34656595578537 794.0
401.6102339063969 785.0
401.8738939519861 786.0
402.1375460920697 786.0
402.4011903261647 796.0
402.6648266537879 786.0
402.92845507445617 770.0
403.1920755876863 961.0
403.4556881929953 705.0
403.71929288990003 788.0
403.98288967791734 799.0
404.246478556564 780.0
404.5100595253569 802.0
404.77363258381297 784.0
405.03719773144906 779.0
405.3007549677821 803.0
405.56430429232887 790.0
405.82784570460626 961.0
406.0913792041311 710.0
406.35490479042033 783.0
406.61842246299085 797.0
406.88193222135936 770.0
407.14543406504293 798.0
407.4089279935582 801.0
407.6724140064223 801.0
407.9358921031519 788.0
408.19936228326395 772.0
408.4628245462754 967.0
408.7262788917029 704.0
408.9897253190635 760.0
409.25316382787395 795.0
409.5165944176513 798.0
409.7800170879122 783.0
410.04343183817366 804.0
410.30683866795243 801.0
410.57023757676546 812.0
410.83362856412975 788.0
411.09701162956185 963.0
411.3603867725789 691.0
411.62375399269763 762.0
411.887113289435 792.0
412.1504646623078 798.0
412.4138081108329 792.0
412.6771436345273 797.0
412.94047123290767 801.0
413.20379090549096 810.0
413.46710265179405 790.0
413.7304064713339 955.0
413.9937023636272 693.0
414.25699032819097 769.0
414.52027036454194 789.0
414.78354247219704 807.0
415.0468066506732 789.0
415.31006289948726 790.0
415.5733112181561 803.0
415.83655160619645 794.0
416.0997840631253 784.0
416.3630085884595 959.0
416.62622518171594 702.0
416.8894338424115 787.0
417.152634570063 788.0
417.4158273641873 776.0
417.67901222430123 796.0
417.9421891499217 804.0
418.2053581405658 793.0
418.46851919575005 776.0
418.7316723149915 777.0
418.99481749780693 967.0
419.2579547437133 689.0
419.5210840522274 775.0
419.78420542286625 777.0
420.04731885514644 787.0
420.31042434858506 787.0
420.573521902699 782.0
420.83661151700494 806.0
421.0996931910199 791.0
421.3627669242608 791.0
421.6258327162443 954.0
421.88889056648736 698.0
422.1519404745069 770.0
422.41498243981977 772.0
422.6780164619429 797.0
422.9410425403929 800.0
423.2040606746869 803.0
423.46707086434174 785.0
423.7300731088742 790.0
423.9930674078012 790.0
424.25605376063965 948.0
424.5190321669063 696.0
424.782002626118 784.0
425.0449651377918 802.0
425.30791970144446 787.0
425.57086631659286 794.0
425.83380498275386 797.0
426.0967356994443 801.0
426.3596584661811 805.0
426.6225732824811 797.0
426.88548014786113 976.0
427.14837906183817 704.0
427.411270023929 780.0
427.6741530336505 794.0
427.9370280905195 808.0
428.199895194053 780.0
428.46275434376776 784.0
428.72560553918066 794.0
428.98844877980855 782.0
429.2512840651683 783.0
429.51411139477693 953.0
429.77693076815115 702.0
430.03974218480784 786.0
430.3025456442639 782.0
430.5653411460361 787.0
430.82812868964146 802.0
431.09090827459687 788.0
431.353679900419 794.0
431.61644356662487 787.0
431.87919927273134 786.0
432.1419470182551 954.0
432.40468680271334 683.0
432.66741862562276 787.0
432.93014248650013 796.0
433.1928583848624 789.0
433.45556632022647 789.0
433.7182662921092 797.0
433.9809583000275 802.0
434.24364234349815 789.0
434.506318422038 780.0
434.768986535164 962.0
435.031646682393 718.0
435.2942988632418 787.0
435.55694307722734 786.0
435.81957932386655 788.0
436.08220760267614 795.0
436.34482791317305 796.0
436.6074402548742 789.0
436.8700446272964 790.0
437.1326410299566 786.0
437.3952294623715 941.0
437.65780992405803 716.0
437.9203824145332 773.0
438.1829469333138 790.0
438.4455034799166 793.0
438.7080520538586 791.0
438.9705926546565 792.0
439.23312528182737 792.0
439.49564993488787 803.0
439.7581666133551 789.0
440.0206753167459 968.0
440.28317604457686 713.0
440.5456687963651 791.0
440.8081535716274 793.0
441.07063036988075 801.0
441.3330991906418 787.0
441.5955600334276 773.0
441.858012897755 796.0
442.12045778314075 806.0
442.3828946891018 787.0
442.6453236151551 969.0
442.9077445608174 704.0
443.17015752560553 774.0
443.4325625090365 788.0
443.69495951062703 788.0
443.95734852989415 802.0
444.21972956635454 806.0
444.4821026195253 802.0
444.74446768892307 800.0
445.00682477406485 777.0
445.2691738744674 965.0
445.5315149896478 713.0
445.79384811912274 782.0
446.05617326240906 809.0
446.31849041902376 787.0
446.58079958848356 787.0
446.8431007703055 798.0
447.10539396400634 792.0
447.367679169103 788.0
447.6299563851123 796.0
447.892225611551 982.0
448.15448684793625 699.0
448.4167400937847 778.0
448.67898534861325 802.0
448.9412226119389 805.0
449.2034518832783 789.0
449.46567316214856 791.0
449.72788644806633 788.0
449.99009174054856 783.0
450.2522890391122 792.0
450.514478343274 962.0
450.77665965255085 716.0
451.0388329664597 783.0
451.30099828451733 790.0
451.5631556062406 796.0
451.82530493114655 779.0
452.08744625875175 788.0
452.3495795885734 800.0
452.6117049201281 799.0
452.87382225293277 793.0
453.13593158650446 946.0
453.3980329203598 705.0
453.6601262540158 770.0
453.9222115869893 799.0
454.1842889187971 768.0
454.4463582489562 782.0
454.70841957698343 773.0
454.97047290239556 796.0
455.23251822470957 790.0
455.49455554344223 787.0
455.75658485811044 960.0
456.0186061682312 697.0
456.2806194733211 772.0
456.5426247728973 787.0
456.8046220664765 781.0
457.0666113535756 787.0
457.32859263371154 781.0
457.5905659064011 792.0
457.8525311711611 794.0
458.1144884275086 803.0
458.37643767496024 961.0
458.6383789130331 713.0
458.9003121412439 781.0
459.1622373591095 802.0
459.4241545661469 798.0
459.68606376187284 788.0
459.9479649458043 810.0
460.2098581174581 796.0
460.471743276351 790.0
460.733620422 777.0
460.9954895539219 961.0
461.2573506716337 705.0
461.51920377465206 780.0
461.78104886249406 800.0
462.0428859346764 767.0
462.304714990716 779.0
462.5665360301298 799.0
462.82834905243453 803.0
463.09015405714723 780.0
463.35195104378465 779.0
463.6137400118636 949.0
463.8755209609011 697.0
464.13729389041396 773.0
464.399058799919 787.0
464.6608156889332 806.0
464.92256455697327 796.0
465.18430540355615 794.0
465.4460382281988 791.0
465.707763030418 794.0
465.96947980973056 763.0
466.23118856565344 965.0
466.49288929770347 716.0
466.75458200539765 798.0
467.0162666882526 798.0
467.27794334578533 779.0
467.5396119775127 785.0
467.8012725829516 784.0
468.0629251616188 783.0
468.3245697130314 794.0
468.586206236706 781.0
468.8478347321596 962.0
469.109455198909 694.0
469.3710676364711 783.0
469.6326720443629 805.0
469.89426842210105 799.0
470.1558567692025 797.0
470.4174370851842 801.0
470.6790093695629 794.0
470.94057362185555 796.0
471.20212984157905 782.0
471.4636780282501 946.0
471.72521818138574 696.0
471.9867503005027 784.0
472.248274385118 805.0
472.5097904347484 796.0
472.7712984489108 784.0
473.03279842712203 782.0
473.29429036889906 797.0
473.55577427375863 806.0
473.8172501412177 790.0
474.07871797079315 956.0
474.34017776200176 706.0
474.6016295143605 770.0
474.8630732273861 785.0
475.1245089005955 790.0
475.3859365335057 780.0
475.64735612563334 777.0
475.9087676764954 781.0
476.1701711856088 798.0
476.4315666524903 768.0
476.6929540766569 945.0
476.95433345762535 704.0
477.2157047949125 774.0
477.47706808803537 790.0
477.7384233365106 783.0
477.9997705398553 780.0
478.26110969758616 773.0
478.52244080922014 802.0
478.78376387427414 790.0
479.04507889226494 781.0
479.3063858627094 945.0
479.5676847851245 704.0
479.828975659027 777.0
480.0902584839338 774.0
480.3515332593618 792.0
480.61279998482775 788.0
480.8740586598487 804.0
481.13530928394147 792.0
481.3965518566228 805.0
481.65778637740965 780.0
481.9190128458189 950.0
482.1802312613674 689.0
482.4414416235721 769.0
482.70264393194964 800.0
482.9638381860171 784.0
483.2250243852913 794.0
483.4862025292891 794.0
483.7473726175273 794.0
484.0085346495229 796.0
484.26968862479265 806.0
484.5308345428534 950.0
484.79197240322225 697.0
485.0531022054157 781.0
485.314223948951 796.0
485.57533763334476 792.0
485.8364432581139 792.0
486.0975408227754 793.0
486.35863032684597 793.0
486.61971176984247 794.0
486.880785151282 772.0
487.1418504706812 962.0
487.402907727557 704.0
487.66395692142635 778.0
487.92499805180597 778.0
488.18603111821284 802.0
488.44705612016384 804.0
488.7080730571757 807.0
488.9690819287655 788.0
489.2300827344499 778.0
489.49107547374587 777.0
489.75206014617027 960.0
490.01303675124 700.0
490.27400528847187 769.0
490.53496575738274 789.0
490.79591815748955 784.0
491.05686248830915 785.0
491.31779874935836 792.0
491.57872694015396 798.0
491.8396470602131 782.0
492.1005591090524 788.0
492.3614630861888 952.0
492.6223589911392 697.0
492.88324682342045 763.0
493.14412658254946 789.0
493.40499826804296 788.0
493.66586187941795 812.0
493.92671741619125 808.0
494.18756487787977 795.0
494.44840426400026 770.0
494.70923557406974 785.0
494.97005880760497 965.0
495.23087396412285 705.0
495.4916810431403 774.0
495.7524800441741 790.0
496.01327096674123 792.0
496.27405381035845 783.0
496.53482857454264 802.0
496.79559525881075 807.0
497.05635386267954 804.0
497.31710438566597 788.0
497.57784682728686 955.0
497.8385811870591 712.0
498.0993074644995 769.0
498.360025659125 790.0
498.6207357704524 803.0
498.88143779799873 799.0
499.14213174128065 790.0
499.40281759981514 789.0
499.6634953731191 778.0
499.92416506070924 799.0
500.1848266621026 975.0
500.445480176816 705.0
500.70612560436615 758.0
500.96676294427016 797.0
501.22739219604483 803.0
501.48801335920695 790.0
501.74862643327344 780.0
502.00923141776116 797.0
502.2698283121869 787.0
502.5304171160677 797.0
502.7909978289203 949.0
503.0515704502616 704.0
503.31213497960846 784.0
503.57269141647777 781.0
503.8332397603864 795.0
504.09378001085116 800.0
504.354312167389 789.0
504.6148362295168 788.0
504.8753521967513 793.0
505.1358600686094 789.0
505.3963598446082 986.0
505.6568515242642 708.0
505.9173351070945 778.0
506.17781059261597 791.0
506.4382779803454 779.0
506.69873726979966 786.0
506.95918846049574 792.0
507.2196315519502 773.0
507.4800665436803 778.0
507.74049343520267 800.0
508.00091222603425 956.0
508.261322915692 697.0
508.5217255036924 781.0
508.7821199895529 793.0
509.0425063727899 798.0
509.3028846529204 800.0
509.5632548294615 802.0
509.8236169019296 796.0
510.0839708698421 774.0
510.3443167327155 779.0
510.60465449006676 958.0
510.8649841414127 705.0
511.12530568627034 780.0
511.3856191241566 798.0
511.64592445458794 797.0
511.90622167708165 805.0
512.1665107911545 793.0
512.4267917963232 777.0
512.6870646921047 780.0
512.947329478016 787.0
513.2075861535739 965.0
513.467834718295 699.0
513.7280751716964 785.0
513.9883075132952 785.0
514.248531742608 802.0
514.5087478591515 797.0
514.7689558624429 800.0
515.0291557519989 798.0
515.2893475273365 775.0
515.5495311879723 778.0
515.8097067334235 951.0
516.0698741632067 701.0
516.3300334768389 776.0
516.5901846738369 778.0
516.8503277537177 793.0
517.1104627159981 796.0
517.3705895601947 779.0
517.630708285825 780.0
517.8908188924053 781.0
518.1509213794526 780.0
518.411015746484 967.0
518.6711019930159 713.0
518.9311801185657 784.0
519.19125012265 800.0
519.4513120047856 802.0
519.7113657644896 806.0
519.9714114012784 796.0
520.2314489146695 788.0
520.4914783041794 792.0
520.751499569325 785.0
521.0115127096234 945.0
521.271517724591 703.0
521.5315146137451 763.0
521.7915033766022 799.0
522.0514840126796 795.0
522.3114565214938 791.0
522.5714209025618 794.0
522.8313771554007 804.0
523.0913252795269 791.0
523.3512652744578 777.0
523.6111971397097 945.0
523.8711208747998 705.0
524.1310364792452 774.0
524.390943952562 791.0
524.6508432942679 808.0
524.9107345038794 800.0
525.1706175809132 801.0
525.4304925248866 805.0
525.690359335316 791.0
525.9502180117188 785.0
526.2100685536113 963.0
526.4699109605107 709.0
526.729745231934 785.0
526.9895713673975 793.0
527.2493893664187 791.0
527.5091992285141 805.0
527.7690009532007 801.0
528.0287945399953 792.0
528.2885799884149 799.0
528.5483572979764 799.0
528.8081264681963 958.0
529.0678874985917 709.0
529.3276403886796 780.0
529.5873851379768 801.0
529.8471217460001 806.0
530.1068502122662 792.0
530.3665705362923 791.0
530.6262827175951 802.0
530.8859867556915 787.0
531.1456826500984 782.0
531.4053704003326 961.0
531.6650500059111 704.0
531.9247214663504 772.0
532.1843847811678 804.0
532.4440399498801 793.0
532.7036869720038 789.0
532.9633258470562 801.0
533.222956574554 788.0
533.4825791540142 799.0
533.7421935849534 785.0
534.0017998668885 955.0
534.2613979993366 710.0
534.5209879818145 776.0
534.780569813839 789.0
535.0401434949268 784.0
535.2997090245951 799.0
535.5592664023607 801.0
535.8188156277402 791.0
536.0783567002508 813.0
536.3378896194092 784.0
536.5974143847321 978.0
536.8569309957369 724.0
537.1164394519398 772.0
537.3759397528582 788.0
537.6354318980087 785.0
537.8949158869082 790.0
538.1543917190737 795.0
538.4138593940218 799.0
538.6733189112697 802.0
538.932770270334 787.0
539.1922134707318 960.0
539.4516485119797 697.0
539.7110753935946 785.0
539.9704941150937 791.0
540.2299046759937 798.0
540.4893070758112 795.0
540.7487013140633 811.0
541.008087390267 787.0
541.2674653039389 793.0
541.526835054596 780.0
541.7861966417552 956.0
542.0455500649333 705.0
542.3048953236471 782.0
542.5642324174137 792.0
542.8235613457497 790.0
543.0828821081722 777.0
543.3421947041979 792.0
543.6014991333436 773.0
543.8607953951266 796.0
544.1200834890632 785.0
544.3793634146708 961.0
544.6386351714658 695.0
544.8978987589653 764.0
545.1571541766862 798.0
545.4164014241451 807.0
545.6756405008593 808.0
545.9348714063455 784.0
546.1940941401203 803.0
546.4533087017008 800.0
546.712515090604 786.0
546.9717133063466 946.0
547.2309033484453 700.0
547.4900852164174 780.0
547.7492589097793 780.0
548.0084244280482 796.0
548.2675817707409 781.0
548.526730937374 789.0
548.7858719274648 802.0
549.0450047405299 785.0
549.3041293760863 779.0
549.5632458336507 968.0
549.82235411274 710.0
550.0814542128714 776.0
550.3405461335612 792.0
550.5996298743269 805.0
550.8587054346848 785.0
551.117772814152 801.0
551.3768320122455 800.0
551.6358830284819 814.0
551.8949258623783 785.0
552.1539605134514 946.0
552.4129869812182 708.0
552.6720052651955 767.0
552.9310153649002 780.0
553.1900172798491 798.0
553.4490110095592 796.0
553.7079965535472 804.0
553.9669739113302 783.0
554.2259430824248 792.0
554.484904066348 789.0
554.7438568626167 968.0
555.0028014707476 700.0
555.261737890258 795.0
555.520666120664 810.0
555.7795861614834 790.0
556.0384980122324 790.0
556.2974016724281 796.0
556.5562971415874 786.0
556.8151844192269 777.0
557.0740635048638 780.0
557.3329343980148 965.0
557.5917970981968 701.0
557.8506516049267 788.0
558.1094979177213 804.0
558.3683360360976 798.0
558.6271659595724 796.0
558.8859876876625 801.0
559.1448012198848 796.0
559.4036065557561 804.0
559.6624036947936 785.0
559.9211926365136 964.0
560.1799733804337 710.0
560.43874592607 773.0
560.6975102729399 785.0
560.9562664205602 779.0
561.2150143684473 794.0
561.4737541161188 784.0
561.732485663091 783.0
561.9912090088809 796.0
562.2499241530056 790.0
562.5086310949818 962.0
562.7673298343262 716.0
563.026020370556 779.0
563.2847027031879 788.0
563.5433768317389 806.0
563.8020427557254 788.0
564.0607004746649 796.0
564.3193499880738 790.0
564.5779912954692 798.0
564.8366243963679 777.0
565.0952492902868 945.0
565.3538659767429 707.0
565.6124744552527 768.0
565.8710747253335 802.0
566.1296667865018 799.0
566.3882506382747 782.0
566.6468262801691 793.0
566.9053937117014 797.0
567.1639529323893 795.0
567.4225039417488 776.0
567.6810467392974 961.0
567.9395813245517 708.0
568.1981076970284 786.0
568.4566258562448 793.0
568.7151358017175 800.0
568.9736375329633 792.0
569.2321310494995 793.0
569.4906163508422 786.0
569.749093436509 798.0
570.0075623060163 788.0
570.2660229588813 961.0
570.5244753946206 717.0
570.7829196127512 789.0
571.0413556127901 789.0
571.2997833942537 804.0
571.5582029566596 780.0
571.8166142995238 792.0
572.075017422364 791.0
572.3334123246967 794.0
572.5917990060384 784.0
572.8501774659068 957.0
573.108547703818 703.0
573.3669097192892 781.0
573.6252635118373 801.0
573.8836090809789 796.0
574.1419464262314 802.0
574.400275547111 794.0
574.6585964431351 784.0
574.9169091138205 798.0
575.1752135586836 784.0
575.4335097772419 957.0
575.6917977690118 709.0
575.9500775335105 789.0
576.2083490702545 783.0
576.4666123787609 795.0
576.7248674585469 792.0
576.9831143091286 794.0
577.2413529300236 799.0
577.4995833207483 804.0
577.7578054808198 770.0
578.0160194097549 958.0
578.2742251070703 726.0
578.5324225722832 785.0
578.7906118049101 796.0
579.0487928044681 792.0
579.3069655704743 784.0
579.565130102445 786.0
579.8232863998975 792.0
580.0814344623485 790.0
580.339574289315 785.0
580.5977058803137 980.0
580.8558292348614 710.0
581.1139443524753 783.0
581.3720512326721 808.0
581.6301498749685 806.0
581.8882402788817 798.0
582.146322443928 804.0
582.4043963696251 794.0
582.6624620554893 810.0
582.9205195010375 778.0
583.1785687057866 958.0
583.4366096692537 710.0
583.6946423909554 772.0
583.9526668704085 793.0
584.2106831071303 785.0
584.4686911006373 795.0
584.7266908504463 793.0
584.9846823560746 795.0
585.2426656170385 794.0
585.5006406328554 786.0
585.7586074030418 967.0
586.0165659271148 700.0
586.2745162045912 772.0
586.5324582349878 785.0
586.7903920178214 808.0
587.0483175526091 787.0
587.3062348388676 794.0
587.5641438761138 805.0
587.8220446638645 800.0
588.0799372016369 789.0
588.3378214889474 945.0
588.5956975253132 698.0
588.8535653102509 782.0
589.1114248432776 792.0
589.3692761239103 783.0
589.6271191516653 798.0
589.88495392606 778.0
590.1427804466111 803.0
590.4005987128355 798.0
590.6584087242501 793.0
590.9162104803713 967.0
591.1740039807169 689.0
591.4317892248029 785.0
591.6895662121466 797.0
591.9473349422648 792.0
592.2050954146741 786.0
592.462847628892 780.0
592.7205915844347 786.0
592.9783272808194 774.0
593.236054717563 778.0
593.493773894182 964.0
593.7514848101939 706.0
594.009187465115 778.0
594.2668818584625 804.0
594.5245679897531 795.0
594.7822458585038 792.0
595.0399154642313 805.0
595.2975768064524 795.0
595.5552298846843 786.0
595.8128746984438 789.0
596.0705112472474 966.0
596.3281395306126 712.0
596.5857595480555 777.0
596.8433712990935 784.0
597.1009747832434 801.0
597.3585700000219 795.0
597.6161569489462 790.0
597.8737356295327 807.0
598.1313060412986 788.0
598.3888681837607 796.0
598.6464220564358 971.0
598.9039676588409 719.0
599.1615049904925 769.0
599.4190340509081 786.0
599.676554839604 795.0
599.9340673560972 797.0
600.1915715999048 784.0
600.4490675705435 796.0
600.7065552675302 782.0
600.9640346903817 785.0
601.221505838615 948.0
601.4789687117469 705.0
601.7364233092942 782.0
601.9938696307739 797.0
602.2513076757026 795.0
602.5087374435976 786.0
602.7661589339755 805.0
603.023572146353 798.0
603.2809770802475 794.0
603.5383737351752 785.0
603.7957621106534 975.0
604.053142206199 709.0
604.3105140213286 773.0
604.5678775555593 792.0
604.8252328084078 799.0
605.0825797793912 793.0
605.3399184680261 786.0
605.5972488738295 780.0
605.8545709963181 794.0
606.111884835009 786.0
606.3691903894193 949.0
606.6264876590651 705.0
606.883776643464 782.0
607.1410573421324 796.0
607.3983297545875 794.0
607.6555938803461 780.0
607.9128497189247 780.0
608.1700972698408 793.0
608.4273365326108 778.0
608.6845675067516 787.0
608.9417901917803 963.0
609.1990045872135 713.0
609.4562106925683 784.0
609.7134085073615 788.0
609.9705980311098 792.0
610.2277792633305 799.0
610.4849522035397 798.0
610.7421168512552 793.0
610.9992732059933 787.0
611.2564212672709 779.0
611.5135610346049 947.0
611.7706925075122 709.0
612.0278156855098 763.0
612.2849305681145 788.0
612.542037154843 781.0
612.7991354452124 796.0
613.0562254387393 796.0
613.3133071349409 798.0
613.5703805333337 795.0
613.8274456334349 786.0
614.0845024347612 956.0
614.3415509368294 705.0
614.5985911391567 776.0
614.8556230412595 800.0
615.1126466426551 800.0
615.36966194286 805.0
615.6266689413914 798.0
615.8836676377659 797.0
616.1406580315004 786.0
616.3976401221121 790.0
616.6546139091173 972.0
616.9115793920333 717.0
617.1685365703769 784.0
617.4254854436648 790.0
617.6824260114142 795.0
617.9393582731417 808.0
618.196282228364 791.0
618.4531978765983 809.0
618.7101052173614 798.0
618.9670042501702 784.0
619.2238949745413 953.0
619.4807773899919 719.0
619.7376514960388 781.0
619.9945172921986 799.0
620.2513747779885 805.0
620.508223952925 788.0
620.7650648165256 793.0
621.0218973683066 777.0
621.2787216077849 794.0
621.5355375344776 778.0
621.7923451479013 956.0
622.0491444475734 710.0
622.3059354330103 777.0
622.5627181037288 790.0
622.8194924592461 805.0
623.0762584990788 807.0
623.333016222744 790.0
623.5897656297584 799.0
623.8465067196389 787.0
624.1032394919024 775.0
624.3599639460657 966.0
624.6166800816459 712.0
624.8733878981594 783.0
625.1300873951237 793.0
625.3867785720552 812.0
625.6434614284708 784.0
625.9001359638876 790.0
626.1568021778221 802.0
626.4134600697917 805.0
626.6701096393127 785.0
626.9267508859024 962.0
627.1833838090776 717.0
627.4400084083547 771.0
627.6966246832512 795.0
627.9532326332837 788.0
628.2098322579691 796.0
628.4664235568243 797.0
628.723006529366 797.0
628.9795811751112 804.0
629.2361474935768 778.0
629.4927054842794 940.0
629.7492551467363 706.0
630.0057964804641 773.0
630.2623294849799 786.0
630.5188541598001 795.0
630.775370504442 783.0
631.0318785184223 775.0
631.2883782012578 801.0
631.5448695524658 800.0
631.8013525715625 774.0
632.0578272580652 964.0
632.3142936114906 699.0
632.5707516313557 788.0
632.8272013171775 782.0
633.0836426684723 788.0
633.3400756847575 795.0
633.5965003655499 784.0
633.8529167103661 793.0
634.1093247187234 793.0
634.3657243901381 778.0
634.6221157241276 962.0
634.8784987202085 710.0
635.1348733778977 784.0
635.3912396967121 793.0
635.6475976761684 799.0
635.9039473157839 793.0
636.1602886150749 776.0
636.4166215735588 794.0
636.6729461907521 788.0
636.9292624661718 792.0
637.1855703993349 963.0
637.4418699897578 709.0
637.6981612369581 788.0
637.9544441404521 797.0
638.2107186997567 778.0
638.4669849143892 788.0
638.7232427838659 779.0
638.979492307704 794.0
639.2357334854204 794.0
639.4919663165317 789.0
639.7481908005552 971.0
640.0044069370073 720.0
640.2606147254052 801.0
640.5168141652655 802.0
640.7730052561054 808.0
641.0291879974413 796.0
641.2853623887906 794.0
641.5415284296699 787.0
641.797686119596 798.0
642.0538354580859 793.0
642.3099764446565 961.0
642.5661090788245 718.0
642.8222333601069 780.0
643.0783492880205 789.0
643.3344568620822 790.0
643.5905560818089 792.0
643.8466469467173 782.0
644.1027294563247 799.0
644.3588036101473 798.0
644.6148694077026 786.0
644.8709268485071 965.0
645.1269759320778 704.0
645.3830166579316 776.0
645.6390490255851 794.0
645.8950730345556 802.0
646.1510886843597 797.0
646.4070959745143 796.0
646.6630949045363 794.0
646.9190854739425 774.0
647.17506768225 798.0
647.4310415289752 952.0
647.6870070136354 709.0
647.9429641357473 781.0
648.1989128948277 782.0
648.4548532903938 787.0
648.7107853219619 786.0
648.9667089890495 795.0
649.222624291173 785.0
649.4785312278494 791.0
649.7344297985958 779.0
649.9903200029287 959.0
650.2462018403652 693.0
650.502075310422 776.0
650.7579404126162 782.0
651.0137971464646 798.0
651.2696455114838 783.0
651.525485507191 798.0
651.7813171331029 801.0
652.0371403887364 805.0
652.2929552736086 786.0
652.5487617872358 961.0
652.8045599291355 700.0
653.0603496988242 780.0
653.3161310958188 792.0
653.5719041196362 807.0
653.8276687697933 802.0
654.0834250458071 781.0
654.3391729471941 802.0
654.5949124734717 788.0
654.8506436241562 779.0
655.1063663987647 945.0
655.3620807968144 707.0
655.6177868178215 781.0
655.8734844613035 789.0
656.129173726777 784.0
656.3848546137588 789.0
656.6405271217659 800.0
656.8961912503149 790.0
657.1518469989231 800.0
657.4074943671071 797.0
657.6631333543837 974.0
657.9187639602701 718.0
658.1743861842826 777.0
658.4300000259387 813.0
658.6856054847549 780.0
658.9412025602483 804.0
659.1967912519353 802.0
659.4523715593333 796.0
659.707943481959 799.0
659.9635070193291 776.0
660.2190621709606 956.0
660.4746089363705 706.0
660.7301473150753 778.0
660.9856773065924 795.0
661.2411989104381 795.0
661.4967121261298 803.0
661.7522169531838 780.0
662.0077133911174 796.0
662.2632014394475 803.0
662.5186810976904 782.0
662.7741523653638 939.0
663.029615241984 708.0
663.2850697270679 758.0
663.5405158201327 777.0
663.7959535206948 795.0
664.0513828282715 787.0
664.3068037423793 805.0
664.5622162625355 804.0
664.8176203882564 801.0
665.0730161190594 789.0
665.3284034544613 949.0
665.5837823939785 705.0
665.8391529371283 783.0
666.0945150834276 794.0
666.349868832393 782.0
666.6052141835415 805.0
666.8605511363899 790.0
667.1158796904554 806.0
667.3711998452544 793.0
667.626511600304 772.0
667.8818149551211 960.0
668.1371099092223 702.0
668.3923964621249 768.0
668.6476746133454 785.0
668.9029443624008 802.0
669.1582057088083 790.0
669.4134586520839 802.0
669.6687031917455 810.0
669.9239393273093 784.0
670.1791670582923 788.0
670.4343863842114 941.0
670.6895973045835 709.0
670.9447998189256 771.0
671.1999939267544 799.0
671.4551796275866 792.0
671.7103569209394 777.0
671.9655258063294 800.0
672.220686283274 781.0
672.475838351289 787.0
672.7309820098925 785.0
672.9861172586005 951.0
673.2412440969302 722.0
673.4963625243987 781.0
673.7514725405223 792.0
674.0065741448183 793.0
674.2616673368035 792.0
674.5167521159946 794.0
674.7718284819086 784.0
675.0268964340622 781.0
675.2819559719727 791.0
675.5370070951565 959.0
675.7920498031307 719.0
676.0470840954122 788.0
676.3021099715176 776.0
676.5571274309642 801.0
676.8121364732684 790.0
677.0671370979474 792.0
677.3221293045178 793.0
677.5771130924968 808.0
677.8320884614011 791.0
678.0870554107474 948.0
678.3420139400529 710.0
678.5969640488343 786.0
678.8519057366083 801.0
679.1068390028922 805.0
679.3617638472023 804.0
679.616680269056 799.0
679.8715882679699 808.0
680.1264878434607 786.0
680.3813789950458 787.0
680.6362617222414 958.0
680.8911360245651 704.0
681.146001901533 791.0
681.4008593526627 798.0
681.6557083774705 784.0
681.9105489754734 786.0
682.1653811461886 790.0
682.4202048891326 801.0
682.6750202038223 799.0
682.9298270897748 793.0
683.1846255465068 974.0
683.4394155735351 702.0
683.6941971703767 769.0
683.9489703365485 798.0
684.2037350715673 801.0
684.4584913749499 786.0
684.7132392462133 807.0
684.9679786848742 800.0
685.2227096904496 793.0
685.4774322624564 784.0
685.7321464004115 972.0
685.9868521038316 711.0
686.2415493722334 786.0
686.4962382051343 799.0
686.7509186020508 789.0
687.0055905624997 781.0
687.2602540859983 802.0
687.514909172063 793.0
687.7695558202109 785.0
688.0241940299587 778.0
688.2788238008236 969.0
688.5334451323221 722.0
688.7880580239712 784.0
689.042662475288 797.0
689.2972584857889 803.0
689.5518460549912 803.0
689.8064251824115 785.0
690.0609958675668 798.0
690.3155581099742 792.0
690.5701119091498 787.0
690.8246572646113 977.0
691.0791941758752 714.0
691.3337226424583 785.0
691.5882426638777 791.0
691.84275423965 802.0
692.0972573692924 791.0
692.3517520523214 804.0
692.6062382882542 787.0
692.8607160766074 781.0
693.1151854168979 794.0
693.3696463086428 968.0
693.6240987513587 715.0
693.8785427445628 791.0
694.1329782877717 772.0
694.3874053805022 795.0
694.6418240222713 797.0
694.8962342125958 803.0
695.1506359509929 796.0
695.405029236979 782.0
695.6594140700711 772.0
695.9137904497863 961.0
696.168158375641 721.0
696.4225178471527 789.0
696.676868863838 801.0
696.9312114252134 800.0
697.1855455307963 798.0
697.4398711801031 809.0
697.6941883726512 787.0
697.9484971079568 786.0
698.2027973855375 790.0
698.4570892049098 972.0
698.7113725655903 712.0
698.9656474670965 772.0
699.2199139089445 786.0
699.4741718906519 786.0
699.7284214117353 806.0
699.9826624717113 814.0
700.2368950700971 795.0
700.4911192064093 790.0
700.7453348801653 782.0
700.9995420908814 968.0
701.2537408380745 713.0
701.5079311212619 795.0
701.7621129399598 796.0
702.016286293686 803.0
702.2704511819566 795.0
702.5246076042886 787.0
702.778755560199 793.0
703.0328950492045 799.0
703.2870260708224 797.0
703.5411486245691 960.0
703.7952627099618 705.0
704.0493683265172 764.0
704.3034654737519 793.0
704.5575541511835 786.0
704.8116343583279 794.0
705.0657060947029 786.0
705.3197693598249 783.0
705.5738241532106 786.0
705.8278704743772 784.0
706.0819083228414 951.0
706.3359376981203 720.0
706.5899585997306 782.0
706.8439710271889 806.0
707.0979749800126 798.0
707.3519704577179 804.0
707.6059574598225 792.0
707.8599359858429 787.0
708.1139060352955 790.0
708.3678676076978 769.0
708.6218207025663 945.0
708.8757653194182 712.0
709.12970145777 774.0
709.3836291171389 803.0
709.6375482970416 798.0
709.8914589969946 794.0
710.1453612165157 792.0
710.3992549551208 796.0
710.6531402123275 785.0
710.9070169876522 769.0
711.1608852806118 952.0
711.4147450907236 706.0
711.6685964175037 791.0
711.9224392604699 794.0
712.1762736191384 771.0
712.4300994930262 798.0
712.6839168816504 796.0
712.9377257845274 783.0
713.1915262011746 791.0
713.4453181311087 793.0
713.6991015738463 950.0
713.9528765289045 711.0
714.2066429958 765.0
714.4604009740502 784.0
714.7141504631712 797.0
714.9678914626805 795.0
715.2216239720948 794.0
715.4753479909306 799.0
715.7290635187052 786.0
715.982770554935 782.0
716.2364690991376 962.0
716.4901591508293 695.0
716.743840709527 783.0
716.9975137747479 798.0
717.2511783460084 802.0
717.5048344228259 802.0
717.7584820047169 792.0
718.0121210911982 788.0
718.2657516817872 790.0
718.519373776 794.0
718.772987373354 970.0
719.026592473366 711.0
719.2801890755527 798.0
719.5337771794311 782.0
719.7873567845179 779.0
720.0409278903304 780.0
720.294490496385 808.0
720.5480446021987 785.0
720.8015902072887 789.0
721.0551273111711 793.0
721.3086559133636 960.0
721.5621760133826 717.0
721.815687610745 772.0
722.0691907049679 791.0
722.3226852955679 796.0
722.5761713820622 785.0
722.8296489639672 781.0
723.0831180408002 788.0
723.3365786120778 795.0
723.5900306773169 772.0
723.8434742360346 952.0
724.0969092877473 713.0
724.3503358319725 796.0
724.6037538682267 801.0
724.8571633960265 793.0
725.1105644148894 804.0
725.3639569243315 804.0
725.6173409238706 800.0
725.8707164130229 795.0
726.1240833913054 785.0
726.3774418582351 952.0
726.6307918133285 712.0
726.8841332561029 792.0
727.137466186075 796.0
727.3907906027619 801.0
727.6441065056802 795.0
727.8974138943464 799.0
728.1507127682783 798.0
728.4040031269918 809.0
728.6572849700045 798.0
728.9105582968331 976.0
729.1638231069941 708.0
729.4170794000048 770.0
729.6703271753817 792.0
729.923566432642 791.0
730.1767971713025 786.0
730.4300193908798 799.0
730.6832330908911 797.0
730.936438270853 795.0
731.1896349302828 792.0
731.442823068697 952.0
731.6960026856123 713.0
731.949173780546 774.0
732.2023363530145 795.0
732.4554904025351 794.0
732.7086359286245 794.0
732.9617729307997 796.0
733.2149014085775 780.0
733.4680213614745 791.0
733.7211327890079 779.0
733.9742356906943 941.0
734.2273300660511 710.0
734.4804159145946 772.0
734.7334932358416 797.0
734.9865620293094 799.0
735.2396222945147 803.0
735.4926740309744 786.0
735.7457172382054 788.0
735.9987519157243 791.0
736.2517780630484 790.0
736.504795679694 948.0
736.7578047651785 702.0
737.0108053190187 780.0
737.2637973407312 794.0
737.516780829833 782.0
737.769755785841 790.0
738.0227222082721 798.0
738.2756800966428 782.0
738.5286294504706 807.0
738.781570269272 791.0
739.0345025525638 970.0
739.2874262998632 710.0
739.5403415106866 785.0
739.7932481845512 779.0
740.046146320974 794.0
740.2990359194714 792.0
740.5519169795606 800.0
740.8047895007583 789.0
741.0576534825816 798.0
741.3105089245472 783.0
741.563355826172 952.0
741.8161941869729 714.0
742.0690240064664 785.0
742.3218452841702 803.0
742.5746580196005 792.0
742.8274622122741 796.0
743.0802578617083 808.0
743.3330449674197 798.0
743.5858235289254 798.0
743.8385935457418 777.0
744.0913550173865 965.0
744.3441079433758 712.0
744.5968523232264 788.0
744.8495881564559 797.0
745.1023154425804 789.0
745.3550341811174 796.0
745.6077443715835 801.0
745.8604460134952 796.0
746.1131391063701 792.0
746.3658236497243 789.0
746.6184996430754 962.0
746.87116708594 709.0
747.1238259778346 781.0
747.3764763182764 789.0
747.6291181067822 794.0
747.8817513428692 787.0
748.1343760260539 792.0
748.3869921558529 790.0
748.6395997317837 795.0
748.8921987533628 790.0
749.1447892201071 971.0
749.3973711315336 712.0
749.6499444871589 782.0
749.9025092865003 803.0
750.1550655290741 789.0
750.4076132143978 795.0
750.6601523419877 798.0
750.912682911361 801.0
751.1652049220347 784.0
751.4177183735251 789.0
751.6702232653497 953.0
751.9227195970248 710.0
752.1752073680677 789.0
752.4276865779954 789.0
752.680157226324 785.0
752.9326193125712 798.0
753.1850728362533 781.0
753.4375177968876 788.0
753.6899541939908 806.0
753.9423820270795 780.0
754.194801295671 957.0
754.4472119992819 706.0
754.6996141374291 783.0
754.9520077096296 789.0
755.2043927154 798.0
755.4567691542577 797.0
755.7091370257187 782.0
755.9614963293008 780.0
756.2138470645202 806.0
756.4661892308942 788.0
756.7185228279395 970.0
756.9708478551728 700.0
757.2231643121112 776.0
757.4754721982714 785.0
757.7277715131704 795.0
757.9800622563251 791.0
758.2323444272521 801.0
758.4846180254688 785.0
758.7368830504913 805.0
758.9891395018373 800.0
759.2413873790232 958.0
759.4936266815657 712.0
759.7458574089821 794.0
759.9980795607888 798.0
760.2502931365033 807.0
760.502498135642 801.0
760.7546945577217 798.0
761.0068824022595 814.0
761.2590616687722 805.0
761.5112323567769 798.0
761.7633944657899 957.0
762.0155479953288 704.0
762.26769294491 782.0
762.5198293140501 798.0
762.7719571022666 795.0
763.024076309076 787.0
763.2761869339953 787.0
763.5282889765415 796.0
763.780382436231 815.0
764.032467312581 795.0
764.2845436051083 971.0
764.53661131333 717.0
764.7886704367629 769.0
765.0407209749233 778.0
765.2927629273288 777.0
765.5447962934958 808.0
765.7968210729414 801.0
766.0488372651824 802.0
766.3008448697357 793.0
766.5528438861181 792.0
766.8048343138464 954.0
767.0568161524378 705.0
767.3087894014087 789.0
767.5607540602764 802.0
767.8127101285577 795.0
768.0646576057691 799.0
768.3165964914278 804.0
768.5685267850505 791.0
768.8204484861544 790.0
769.0723615942561 776.0
769.3242661088722 964.0
769.5761620295201 706.0
769.8280493557162 767.0
770.0799280869778 790.0
770.3317982228216 793.0
770.5836597627642 798.0
770.835512706323 801.0
771.0873570530143 810.0
771.3391928023555 803.0
771.591019953863 793.0
771.8428385070538 959.0
772.094648461445 712.0
772.3464498165532 771.0
772.5982425718955 806.0
772.8500267269885 794.0
773.1018022813494 813.0
773.3535692344948 794.0
773.6053275859415 795.0
773.8570773352067 794.0
774.108818481807 800.0
774.3605510252594 973.0
774.6122749650807 708.0
774.8639903007878 795.0
775.1156970318975 780.0
775.3673951579267 795.0
775.6190846783925 790.0
775.8707655928115 797.0
776.1224379007004 800.0
776.3741016015766 796.0
776.6257566949563 795.0
776.8774031803571 972.0
777.1290410572955 711.0
777.3806703252881 776.0
777.6322909838522 792.0
777.8839030325043 788.0
778.1355064707618 790.0
778.3871012981411 800.0
778.6386875141592 794.0
778.890265118333 798.0
779.1418341101793 778.0
779.3933944892151 980.0
779.6449462549571 720.0
779.8964894069222 783.0
780.1480239446275 795.0
780.3995498675895 796.0
780.6510671753255 798.0
780.9025758673517 792.0
781.1540759431858 792.0
781.4055674023442 782.0
781.6570502443437 781.0
781.9085244687013 959.0
782.159990074934 711.0
782.4114470625585 774.0
782.6628954310918 798.0
782.9143351800503 802.0
783.1657663089516 804.0
783.4171888173119 804.0
783.6686027046486 803.0
783.9200079704783 810.0
784.1714046143178 780.0
784.4227926356843 966.0
784.6741720340941 700.0
784.9255428090647 772.0
785.1769049601126 814.0
785.4282584867548 797.0
785.6796033885082 792.0
785.9309396648893 791.0
786.1822673154155 781.0
786.4335863396033 796.0
786.6848967369698 786.0
786.9361985070317 972.0
787.1874916493058 710.0
787.4387761633094 780.0
787.6900520485588 805.0
787.9413193045713 797.0
788.1925779308636 782.0
788.4438279269523 804.0
788.6950692923548 792.0
788.9463020265875 793.0
789.1975261291677 784.0
789.448741599612 966.0
789.6999484374371 712.0
789.9511466421604 783.0
790.2023362132982 796.0
790.4535171503677 804.0
790.7046894528855 801.0
790.9558531203689 799.0
791.2070081523347 804.0
791.458154548299 796.0
791.7092923077797 795.0
791.9604214302931 951.0
792.2115419153562 693.0
792.462653762486 774.0
792.7137569711989 803.0
792.9648515410123 775.0
793.2159374714428 803.0
793.4670147620074 798.0
793.718083412223 796.0
793.9691434216061 805.0
794.220194789674 798.0
794.4712375159432 956.0
794.722271599931 697.0
794.9732970411541 782.0
795.2243138391292 779.0
795.4753219933733 792.0
795.7263215034031 783.0
795.9773123687357 785.0
796.2282945888878 789.0
796.4792681633767 798.0
796.7302330917187 790.0
796.9811893734307 944.0
797.23213700803 704.0
797.483075995033 776.0
797.7340063339569 788.0
797.9849280243186 794.0
798.2358410656345 808.0
798.4867454574222 795.0
798.7376411991978 790.0
798.9885282904788 801.0
799.2394067307818 777.0
799.4902765196234 945.0
799.741137656521 702.0
799.9919901409909 766.0
800.2428339725506 798.0
800.4936691507165 794.0
800.7444956750055 796.0
800.9953135449347 791.0
801.2461227600207 795.0
801.4969233197808 810.0
801.7477152237312 804.0
801.9984984713894 964.0
802.2492730622722 709.0
802.5000389958959 772.0
802.7507962717781 783.0
803.0015448894349 780.0
803.252284848384 792.0
803.5030161481417 793.0
803.7537387882248 800.0
804.0044527681507 793.0
804.2551580874358 784.0
804.5058547455972 971.0
804.7565427421519 713.0
805.0072220766161 776.0
805.2578927485075 803.0
805.5085547573423 796.0
805.7592081026379 789.0
806.009852783911 784.0
806.2604888006782 800.0
806.5111161524568 798.0
806.7617348387631 778.0
807.0123448591147 962.0
807.2629462130279 708.0
807.5135389000196 793.0
807.7641229196071 779.0
808.0146982713067 780.0
808.2652649546358 795.0
808.5158229691108 785.0
808.7663723142489 790.0
809.016912989567 806.0
809.2674449945815 794.0
809.5179683288098 953.0
809.7684829917686 712.0
810.0189889829746 790.0
810.269486301945 786.0
810.5199749481961 790.0
810.7704549212456 777.0
811.0209262206095 788.0
811.2713888458052 791.0
811.5218427963496 786.0
811.7722880717591 776.0
812.022724671551 965.0
812.2731525952421 708.0
812.5235718423493 772.0
812.7739824123893 805.0
813.0243843048788 780.0
813.2747775193352 800.0
813.5251620552749 792.0
813.7755379122152 804.0
814.0259050896724 797.0
814.276263587164 775.0
814.5266134042064 944.0
814.7769545403165 728.0
815.0272869950115 782.0
815.2776107678079 793.0
815.5279258582229 796.0
815.7782322657732 805.0
816.0285299899754 803.0
816.2788190303468 801.0
816.529099386404 797.0
816.7793710576641 775.0
817.0296340436439 943.0
817.2798883438601 720.0
817.5301339578298 802.0
817.7803708850694 799.0
818.0305991250964 788.0
818.2808186774273 789.0
818.531029541579 791.0
818.7812317170685 796.0
819.0314252034124 800.0
819.281610000128 788.0
819.5317861067317 955.0
819.7819535227408 704.0
820.0321122476719 778.0
820.2822622810417 800.0
820.5324036223675 786.0
820.7825362711658 791.0
821.0326602269538 798.0
821.2827754892483 799.0
821.5328820575656 797.0
821.7829799314234 779.0
822.033069110338 959.0
822.2831495938267 714.0
822.5332213814061 777.0
822.7832844725929 798.0
823.0333388669044 796.0
823.283384563857 803.0
823.533421562968 794.0
823.7834498637541 790.0
824.033469465732 782.0
824.2834803684189 782.0
824.5334825713311 957.0
824.7834760739862 712.0
825.0334608759005 764.0
825.2834369765912 790.0
825.5334043755751 787.0
825.7833630723688 785.0
826.0333130664897 795.0
826.2832543574541 796.0
826.5331869447793 793.0
826.783110827982 780.0
827.0330260065789 948.0
827.2829324800872 706.0
827.5328302480233 766.0
827.7827193099047 777.0
828.032599665248 796.0
828.2824713135695 804.0
828.532334254387 790.0
828.7821884872168 787.0
829.0320340115759 795.0
829.2818708269813 787.0
829.5316989329494 957.0
829.7815183289979 728.0
830.0313290146428 778.0
830.2811309894015 793.0
830.5309242527906 782.0
830.7807088043272 795.0
831.0304846435281 792.0
831.2802517699099 810.0
831.5300101829899 798.0
831.7797598822846 798.0
832.0295008673112 962.0
832.2792331375864 702.0
832.5289566926268 769.0
832.7786715319497 796.0
833.0283776550717 782.0
833.27807506151 783.0
833.5277637507811 786.0
833.7774437224018 787.0
834.0271149758895 796.0
834.2767775107606 787.0
834.526431326532 969.0
834.7760764227208 718.0
835.0257127988438 764.0
835.2753404544177 792.0
835.5249593889594 793.0
835.774569601986 790.0
836.0241710930143 801.0
836.2737638615607 790.0
836.5233479071428 775.0
836.7729232292768 777.0
837.0224898274802 953.0
837.2720477012693 713.0
837.5215968501614 777.0
837.7711372736733 793.0
838.0206689713215 797.0
838.2701919426232 796.0
838.5197061870952 791.0
838.7692117042545 780.0
839.0187084936177 781.0
839.2681965547017 769.0
839.5176758870236 945.0
839.7671464901001 717.0
840.0166083634483 759.0
840.2660615065847 777.0
840.5155059190262 772.0
840.7649416002901 794.0
841.0143685498927 792.0
841.2637867673512 786.0
841.5131962521828 792.0
841.7625970039035 785.0
842.0119890220308 957.0
842.2613723060813 716.0
842.5107468555723 762.0
842.76011267002 796.0
843.0094697489418 789.0
843.2588180918546 804.0
843.5081576982747 793.0
843.7574885677194 781.0
844.0068106997054 786.0
844.25612409375 788.0
844.5054287493696 954.0
844.754724666081 698.0
845.0040118434015 772.0
845.2532902808475 779.0
845.5025599779364 776.0
845.7518209341847 790.0
846.0010731491091 784.0
846.2503166222269 784.0
846.4995513530547 796.0
846.7487773411094 784.0
846.9979945859081 952.0
847.2472030869674 718.0
847.4964028438043 782.0
847.7455938559353 793.0
847.994776122878 775.0
848.2439496441485 784.0
848.4931144192642 793.0
848.7422704477419 795.0
848.9914177290981 790.0
849.2405562628502 768.0
849.4896860485144 942.0
849.7388070856083 705.0
849.9879193736485 781.0
850.2370229121515 795.0
850.4861177006346 786.0
850.7352037386146 779.0
850.9842810256082 797.0
851.2333495611326 785.0
851.482409344704 793.0
851.7314603758401 776.0
851.9805026540571 945.0
852.2295361788724 704.0
852.4785609498026 781.0
852.7275769663643 768.0
852.9765842280748 796.0
853.2255827344507 785.0
853.4745724850093 802.0
853.7235534792667 792.0
853.9725257167406 790.0
854.2214891969475 781.0
854.4704439194039 952.0
854.7193898836274 712.0
854.9683270891342 773.0
855.2172555354416 775.0
855.4661752220665 792.0
855.7150861485252 793.0
855.9639883143353 786.0
856.212881719013 787.0
856.4617663620759 788.0
856.7106422430403 777.0
856.9595093614231 929.0
857.2083677167415 695.0
857.4572173085119 769.0
857.7060581362517 784.0
857.9548901994776 776.0
858.2037134977061 789.0
858.4525280304546 784.0
858.7013337972394 789.0
858.950130797578 787.0
859.1989190309868 785.0
859.4476984969828 954.0
859.696469195083 707.0
859.9452311248039 766.0
860.1939842856627 793.0
860.4427286771763 791.0
860.6914642988615 790.0
860.9401911502351 788.0
861.1889092308139 776.0
861.437618540115 779.0
861.686319077655 779.0
861.935010842951 976.0
862.1836938355198 708.0
862.432368054878 760.0
862.6810335005429 779.0
862.9296901720311 784.0
863.1783380688596 789.0
863.4269771905452 792.0
863.6756075366046 794.0
863.9242291065551 788.0
864.1728418999131 777.0
864.4214459161959 949.0
864.6700411549201 706.0
864.9186276156024 776.0
865.1672052977602 782.0
865.4157742009098 791.0
865.6643343245685 781.0
865.9128856682528 791.0
866.1614282314799 783.0
866.4099620137665 781.0
866.6584870146295 775.0
866.9070032335858 950.0
867.155510670152 700.0
867.4040093238455 778.0
867.6524991941827 785.0
867.9009802806806 787.0
868.1494525828563 787.0
868.3979161002262 791.0
868.6463708323078 785.0
868.8948167786174 793.0
869.1432539386718 768.0
869.3916823119887 949.0
869.6401018980839 693.0
869.8885126964751 770.0
870.1369147066789 795.0
870.3853079282118 800.0
870.6336923605911 789.0
870.8820680033335 782.0
871.1304348559562 790.0
871.3787929179755 777.0
871.6271421889087 769.0
871.8754826682726 960.0
872.1238143555837 685.0
872.3721372503595 769.0
872.6204513521162 786.0
872.8687566603713 790.0
873.1170531746413 788.0
873.365340894443 801.0
873.6136198192935 781.0
873.8618899487094 798.0
874.110151282208 787.0
874.3584038193057 940.0
874.6066475595196 695.0
874.8548825023668 782.0
875.1031086473636 791.0
875.3513259940273 784.0
875.5995345418747 807.0
875.8477342904224 774.0
876.0959252391877 791.0
876.3441073876871 783.0
876.5922807354377 776.0
876.8404452819562 957.0
877.0886010267599 701.0
877.3367479693651 772.0
877.5848861092887 788.0
877.8330154460481 783.0
878.0811359791594 784.0
878.3292477081402 772.0
878.5773506325071 785.0
878.8254447517768 793.0
879.0735300654665 775.0
879.3216065730924 955.0
879.5696742741723 693.0
879.8177331682225 778.0
880.0657832547598 782.0
880.3138245333014 792.0
880.5618570033639 781.0
880.8098806644645 793.0
881.0578955161196 774.0
881.3059015578464 780.0
881.5538987891618 776.0
881.8018872095822 955.0
882.0498668186252 717.0
882.297837615807 794.0
882.5457996006451 789.0
882.7937527726558 790.0
883.041697131356 787.0
883.2896326762632 789.0
883.5375594068934 783.0
883.7854773227642 783.0
884.0333864233922 771.0
884.2812867082938 949.0
884.5291781769868 705.0
884.7770608289871 773.0
885.0249346638125 792.0
885.2727996809792 796.0
885.5206558800041 787.0
885.7685032604046 783.0
886.0163418216969 782.0
886.2641715633982 774.0
886.5119924850256 790.0
886.7598045860955 950.0
887.007607866125 708.0
887.2554023246308 770.0
887.5031879611303 789.0
887.7509647751398 792.0
887.9987327661763 788.0
888.2464919337567 785.0
888.4942422773979 787.0
888.7419837966169 777.0
888.9897164909302 781.0
889.2374403598551 954.0
889.4851554029083 704.0
889.7328616196063 769.0
889.9805590094667 788.0
890.2282475720056 786.0
890.4759273067405 791.0
890.7235982131879 793.0
890.9712602908646 800.0
891.218913539288 807.0
891.4665579579743 784.0
891.7141935464408 962.0
891.9618203042044 711.0
892.2094382307815 762.0
892.4570473256895 769.0
892.7046475884449 776.0
892.9522390185649 791.0
893.1998216155661 785.0
893.4473953789653 782.0
893.6949603082797 782.0
893.9425164030258 769.0
894.1900636627211 976.0
894.4376020868815 733.0
894.6851316750246 778.0
894.9326524266672 789.0
895.1801643413257 781.0
895.4276674185177 795.0
895.6751616577593 782.0
895.922647058568 788.0
896.1701236204603 791.0
896.4175913429531 790.0
896.6650502255636 953.0
896.912500267808 711.0
897.159941469204 771.0
897.4073738292678 805.0
897.6547973475165 786.0
897.9022120234671 772.0
898.1496178566362 784.0
898.3970148465409 792.0
898.644402992698 784.0
898.8917822946241 773.0
899.1391527518367 952.0
899.386514363852 712.0
899.6338671301874 769.0
899.8812110503592 786.0
900.1285461238849 774.0
900.375872350281 783.0
900.6231897290643 799.0
900.8704982597519 784.0
901.1177979418604 796.0
901.3650887749071 774.0
901.6123707584086 953.0
901.8596438918815 707.0
902.106908174843 774.0
902.35416360681 805.0
902.6014101872993 795.0
902.8486479158278 794.0
903.095876791912 794.0
903.3430968150694 794.0
903.5903079848164 793.0
903.83751030067 773.0
904.0847037621473 953.0
904.3318883687646 705.0
904.5790641200394 784.0
904.826231015488 780.0
905.0733890546279 781.0
905.3205382369753 781.0
905.5676785620476 799.0
905.8148100293615 788.0
906.0619326384336 770.0
906.3090463887813 779.0
906.5561512799208 959.0
906.8032473113697 711.0
907.0503344826443 769.0
907.2974127932616 776.0
907.5444822427387 781.0
907.7915428305921 785.0
908.038594556339 786.0
908.2856374194963 784.0
908.5326714195803 772.0
908.7796965561088 780.0
909.0267128285976 954.0
909.2737202365645 704.0
909.520718779526 781.0
909.7677084569985 791.0
910.0146892684998 790.0
910.261661213546 787.0
910.5086242916544 793.0
910.7555785023416 804.0
911.0025238451248 788.0
911.2494603195206 777.0
911.4963879250456 957.0
911.7433066612174 710.0
911.9902165275522 781.0
912.2371175235672 788.0
912.4840096487795 793.0
912.7308929027052 796.0
912.9777672848619 789.0
913.2246327947661 792.0
913.4714894319347 797.0
913.7183371958849 781.0
913.965176086133 950.0
914.2120061021965 705.0
914.4588272435916 785.0
914.7056395098358 773.0
914.9524429004457 785.0
915.1992374149379 781.0
915.4460230528298 772.0
915.6927998136375 794.0
915.9395676968788 792.0
916.1863267020701 770.0
916.4330768287281 962.0
916.67981807637 713.0
916.9265504445123 765.0
917.1732739326723 789.0
917.4199885403666 795.0
917.6666942671121 796.0
917.9133911124259 779.0
918.1600790758242 787.0
918.4067581568248 789.0
918.6534283549438 790.0
918.9000896696987 949.0
919.1467421006058 688.0
919.3933856471822 784.0
919.6400203089449 786.0
919.8866460854103 778.0
920.1332629760961 781.0
920.3798709805186 799.0
920.6264700981943 781.0
920.8730603286409 800.0
921.1196416713748 779.0
921.3662141259131 952.0
921.6127776917724 704.0
921.8593323684695 774.0
922.1058781555217 792.0
922.3524150524454 801.0
922.598943058758 795.0
922.8454621739758 797.0
923.0919723976159 786.0
923.3384737291954 792.0
923.5849661682307 775.0
923.8314497142393 948.0
924.0779243667373 713.0
924.3243901252423 777.0
924.5708469892709 798.0
924.8172949583395 781.0
925.0637340319656 795.0
925.3101642096658 787.0
925.5565854909571 779.0
925.8029978753563 788.0
926.04940136238 779.0
926.2957959515456 950.0
926.5421816423694 710.0
926.7885584343687 770.0
927.0349263270604 786.0
927.281285319961 780.0
927.5276354125876 788.0
927.7739766044568 794.0
928.020308895086 794.0
928.2666322839915 784.0
928.5129467706906 767.0
928.7592523547 957.0
929.0055490355364 705.0
929.2518368127171 775.0
929.4981156857584 789.0
929.7443856541778 802.0
929.9906467174917 810.0
930.2368988752169 789.0
930.4831421268707 788.0
930.7293764719695 780.0
930.9756019100306 762.0
931.2218184405708 931.0
931.4680260631065 696.0
931.7142247771553 755.0
931.9604145822334 787.0
932.2065954778582 791.0
932.4527674635461 797.0
932.6989305388141 785.0
932.9450847031794 805.0
933.1912299561584 784.0
933.4373662972685 785.0
933.6834937260257 949.0
933.929612241948 696.0
934.1757218445516 772.0
934.4218225333533 789.0
934.6679143078701 780.0
934.913997167619 789.0
935.1600711121167 787.0
935.4061361408803 788.0
935.6521922534262 777.0
935.8982394492718 773.0
936.1442777279336 954.0
936.3903070889288 718.0
936.636327531774 789.0
936.882339055986 791.0
937.128341661082 785.0
937.3743353465785 788.0
937.6203201119927 797.0
937.8662959568414 773.0
938.1122628806411 764.0
938.3582208829092 768.0
938.6041699631621 960.0
938.8501101209171 713.0
939.0960413556905 762.0
939.341963667 786.0
939.5878770543618 793.0
939.8337815172929 782.0
940.0796770553103 771.0
940.3255636679306 786.0
940.5714413546712 786.0
940.8173101150486 776.0
941.0631699485793 956.0
941.309020854781 702.0
941.5548628331699 762.0
941.8006958832632 770.0
942.0465200045778 801.0
942.2923351966301 793.0
942.5381414589376 790.0
942.7839387910167 774.0
943.0297271923846 795.0
943.275506662558 773.0
943.5212772010536 956.0
943.7670388073888 708.0
944.0127914810797 774.0
944.2585352216438 802.0
944.504270028598 800.0
944.7499959014584 793.0
944.9957128397427 785.0
945.2414208429674 776.0
945.4871199106495 782.0
945.7328100423057 779.0
945.978491237453 960.0
946.2241634956084 697.0
946.4698268162882 773.0
946.71548119901 788.0
946.9611266432901 790.0
947.2067631486459 771.0
947.4523907145939 788.0
947.6980093406509 790.0
947.943619026334 782.0
948.1892197711599 769.0
948.4348115746456 960.0
948.680394436308 701.0
948.9259683556636 766.0
949.17153333223 776.0
949.4170893655231 779.0
949.6626364550607 787.0
949.9081746003591 788.0
950.1537038009352 797.0
950.3992240563063 788.0
950.6447353659886 790.0
950.8902377294995 958.0
951.1357311463555 713.0
951.381215616074 767.0
951.6266911381715 790.0
951.8721577121647 781.0
952.1176153375708 776.0
952.3630640139064 780.0
952.6085037406887 793.0
952.8539345174344 795.0
953.09935634366 786.0
953.3447692188829 962.0
953.5901731426196 717.0
953.8355681143876 780.0
954.080954133703 780.0
954.326331200083 790.0
954.5716993130445 779.0
954.8170584721041 792.0
955.0624086767792 791.0
955.3077499265863 793.0
955.5530822210421 775.0
955.798405559664 946.0
956.0437199419682 717.0
956.2890253674723 775.0
956.5343218356925 781.0
956.7796093461461 794.0
957.02488789835 785.0
957.2701574918206 802.0
957.5154181260752 794.0
957.7606698006304 790.0
958.0059125150034 774.0
958.2511462687107 958.0
958.4963710612694 694.0
958.7415868921963 771.0
958.9867937610082 796.0
959.2319916672224 799.0
959.4771806103552 794.0
959.7223605899235 782.0
959.9675316054446 793.0
960.2126936564348 795.0
960.4578467424116 795.0
960.7029908628915 966.0
960.9481260173911 693.0
961.193252205428 766.0
961.4383694265184 791.0
961.6834776801796 796.0
961.9285769659282 801.0
962.1736672832812 799.0
962.4187486317555 793.0
962.6638210108677 783.0
962.908884420135 782.0
963.153938859074 963.0
963.3989843272019 720.0
963.6440208240352 792.0
963.889048349091 795.0
964.1340669018862 792.0
964.3790764819373 798.0
964.6240770887617 788.0
964.8690687218761 785.0
965.114051380797 788.0
965.3590250650417 785.0
965.6039897741268 781.0
965.8489455075695 783.0
966.0938922648864 794.0
966.3388300455941 788.0
966.5837588492103 808.0
966.8286786752509 804.0
967.0735895232334 785.0
967.3184913926743 810.0
967.5633842830911 792.0
967.808268194 796.0
968.0531431249179 801.0
968.2980090753622 787.0
968.5428660448491 791.0
968.7877140328961 795.0
969.0325530390197 799.0
969.2773830627367 788.0
969.5222041035643 790.0
969.7670161610189 792.0
970.0118192346179 792.0
970.2566133238779 793.0
970.5013984283155 793.0
970.746174547448 789.0
970.990941680792 797.0
971.2356998278649 796.0
971.480448988183 786.0
971.725189161263 785.0
971.9699203466223 778.0
972.2146425437775 787.0
972.4593557522456 778.0
972.7040599715434 790.0
972.9487552011876 799.0
973.1934414406954 791.0
973.4381186895833 786.0
973.6827869473685 790.0
973.9274462135677 798.0
974.1720964876979 800.0
974.4167377692759 788.0
974.6613700578182 790.0
974.9059933528424 797.0
975.1506076538647 798.0
975.3952129604023 788.0
975.6398092719721 798.0
975.8843965880908 800.0
976.1289749082755 795.0
976.3735442320426 793.0
976.6181045589096 796.0
976.862655888393 797.0
977.1071982200094 807.0
977.3517315532764 786.0
977.5962558877101 791.0
977.840771222828 793.0
978.0852775581467 806.0
978.3297748931827 792.0
978.5742632274536 795.0
978.8187425604756 789.0
979.063212891766 797.0
979.3076742208415 789.0
979.5521265472191 792.0
979.7965698704156 788.0
980.0410041899477 807.0
980.2854295053326 788.0
980.5298458160865 784.0
980.7742531217272 800.0
981.0186514217711 782.0
981.2630407157347 779.0
981.5074210031356 777.0
981.7517922834901 809.0
981.9961545563154 784.0
982.2405078211283 793.0
982.4848520774455 786.0
982.729187324784 795.0
982.9735135626606 794.0
983.2178307905924 795.0
983.4621390080961 802.0
983.7064382146882 791.0
983.9507284098863 781.0
984.1950095932067 785.0
984.4392817641666 794.0
984.6835449222825 792.0
984.9277990670716 795.0
985.1720441980509 808.0
985.4162803147366 789.0
985.6605074166464 795.0
985.9047255032964 791.0
986.1489345742042 786.0
986.3931346288863 792.0
986.6373256668593 790.0
986.8815076876406 779.0
987.1256806907464 781.0
987.3698446756944 776.0
987.613999642001 794.0
987.8581455891829 803.0
988.1022825167574 794.0
988.3464104242408 785.0
988.5905293111508 785.0
988.8346391770036 784.0
989.0787400213161 787.0
989.3228318436055 795.0
989.5669146433884 792.0
989.8109884201817 783.0
990.0550531735024 792.0
990.2991089028674 790.0
990.5431556077934 792.0
990.7871932877973 783.0
991.031221942396 782.0
991.2752415711062 790.0
991.5192521734452 794.0
991.7632537489297 799.0
992.0072462970761 782.0
992.251229817402 794.0
992.4952043094236 790.0
992.7391697726582 804.0
992.9831262066227 803.0
993.2270736108336 800.0
993.4710119848082 780.0
993.7149413280629 787.0
993.958861640115 791.0
994.2027729204812 788.0
994.4466751686781 788.0
994.6905683842231 787.0
994.9344525666326 796.0
995.1783277154237 778.0
995.4221938301132 784.0
995.6660509102181 790.0
995.9098989552552 789.0
996.1537379647411 790.0
996.3975679381932 784.0
996.6413888751279 779.0
996.8852007750622 807.0
997.1290036375133 788.0
997.3727974619973 784.0
997.6165822480319 808.0
997.8603579951333 798.0
998.104124702819 802.0
998.3478823706055 790.0
998.5916309980095 790.0
998.8353705845483 781.0
999.0791011297383 788.0
999.3228226330968 780.0
999.5665350941406 796.0
999.8102385123861 781.0
1000.0539328873509 787.0
1000.2976182185512 788.0
1000.5412945055043 796.0
1000.7849617477269 789.0
1001.0286199447357 795.0
1001.2722690960481 788.0
1001.5159092011804 795.0
1001.75954025965 796.0
1002.003162270973 802.0
1002.246775234667 794.0
1002.4903791502487 790.0
1002.7339740172346 793.0
1002.9775598351421 801.0
1003.2211366034876 801.0
1003.4647043217884 790.0
1003.7082629895611 778.0
1003.9518126063224 787.0
1004.1953531715895 800.0
1004.4388846848791 786.0
1004.6824071457083 789.0
1004.9259205535938 785.0
1005.1694249080521 793.0
1005.4129202086007 797.0
1005.6564064547559 792.0
1005.8998836460353 782.0
1006.1433517819551 783.0
1006.3868108620323 796.0
1006.6302608857841 786.0
1006.8737018527269 793.0
1007.1171337623779 798.0
1007.3605566142537 781.0
1007.6039704078715 797.0
1007.8473751427481 788.0
1008.0907708184001 775.0
1008.3341574343445 789.0
1008.5775349900982 789.0
1008.8209034851784 791.0
1009.0642629191013 788.0
1009.3076132913841 789.0
1009.5509546015439 789.0
1009.7942868490973 783.0
1010.0376100335611 786.0
1010.2809241544525 793.0
1010.5242292112879 786.0
1010.7675252035845 778.0
1011.010812130859 776.0
1011.2540899926286 788.0
1011.4973587884098 797.0
1011.7406185177194 787.0
1011.9838691800747 796.0
1012.2271107749921 806.0
1012.470343301989 797.0
1012.7135667605817 794.0
1012.9567811502875 794.0
1013.1999864706231 796.0
1013.4431827211052 788.0
1013.686369901251 786.0
1013.929548010577 810.0
1014.1727170486006 795.0
1014.4158770148383 785.0
1014.6590279088067 789.0
1014.9021697300233 786.0
1015.1453024780044 790.0
1015.3884261522674 803.0
1015.6315407523286 798.0
1015.8746462777051 794.0
1016.1177427279141 793.0
1016.3608301024719 804.0
1016.603908400896 793.0
1016.8469776227028 778.0
1017.0900377674091 791.0
1017.3330888345322 794.0
1017.5761308235883 787.0
1017.8191637340951 795.0
1018.0621875655689 789.0
1018.3052023175269 802.0
1018.5482079894858 798.0
1018.7912045809622 802.0
1019.0341920914735 793.0
1019.2771705205361 790.0
1019.5201398676672 798.0
1019.7631001323837 797.0
1020.006051314202 807.0
1020.2489934126395 798.0
1020.4919264272125 805.0
1020.7348503574386 797.0
1020.9777652028342 796.0
1021.2206709629161 793.0
1021.4635676372014 800.0
1021.7064552252067 785.0
1021.9493337264495 789.0
1022.1922031404459 793.0
1022.4350634667132 794.0
1022.6779147047681 792.0
1022.9207568541273 799.0
1023.1635899143083 795.0
1023.4064138848273 795.0
1023.6492287652015 796.0
1023.8920345549478 802.0
1024.134831253583 794.0
1024.377618860624 801.0
1024.6203973755871 797.0
1024.8631667979898 788.0
1025.1059271273493 793.0
1025.3486783631818 796.0
1025.5914205050044 790.0
1025.8341535523336 770.0
1026.076877504687 773.0
1026.3195923615808 796.0
1026.5622981225324 781.0
1026.8049947870584 774.0
1027.0476823546753 783.0
1027.2903608249007 803.0
1027.5330301972513 788.0
1027.7756904712435 801.0
1028.0183416463947 781.0
1028.260983722221 781.0
1028.5036166982402 784.0
1028.7462405739689 782.0
1028.9888553489234 796.0
1029.2314610226213 793.0
1029.474057594579 792.0
1029.7166450643138 805.0
1029.9592234313418 806.0
1030.2017926951808 794.0
1030.4443528553472 778.0
1030.6869039113576 805.0
1030.9294458627296 798.0
1031.1719787089794 788.0
1031.414502449624 798.0
1031.6570170841808 804.0
1031.8995226121658 798.0
1032.1420190330966 789.0
1032.3845063464896 792.0
1032.6269845518618 795.0
1032.8694536487305 802.0
1033.111913636612 802.0
1033.3543645150232 795.0
1033.596806283481 796.0
1033.8392389415026 796.0
1034.081662488605 792.0
1034.324076924304 801.0
1034.566482248118 797.0
1034.8088784595625 789.0
1035.0512655581551 786.0
1035.2936435434124 795.0
1035.5360124148515 785.0
1035.778372171989 795.0
1036.020722814342 786.0
1036.2630643414275 788.0
1036.5053967527615 787.0
1036.7477200478622 798.0
1036.9900342262456 778.0
1037.2323392874284 794.0
1037.4746352309282 797.0
1037.7169220562612 773.0
1037.9591997629448 787.0
1038.2014683504956 798.0
1038.4437278184303 796.0
1038.685978166266 792.0
1038.9282193935196 798.0
1039.170451499708 792.0
1039.4126744843477 794.0
1039.6548883469559 794.0
1039.8970930870496 791.0
1040.1392887041452 777.0
1040.3814751977598 780.0
1040.6236525674105 793.0
1040.8658208126137 801.0
1041.107979932887 800.0
1041.3501299277466 794.0
1041.5922707967095 789.0
1041.8344025392926 784.0
1042.0765251550129 795.0
1042.3186386433872 796.0
1042.5607430039322 780.0
1042.802838236165 812.0
1043.0449243396022 801.0
1043.2870013137613 780.0
1043.5290691581586 770.0
1043.7711278723107 801.0
1044.013177455735 798.0
1044.2552179079482 792.0
1044.4972492284676 805.0
1044.7392714168093 790.0
1044.9812844724902 791.0
1045.223288395028 793.0
1045.4652831839387 785.0
1045.70726883874 787.0
1045.949245358948 790.0
1046.1912127440798 781.0
1046.4331709936528 801.0
1046.675120107183 803.0
1046.9170600841878 795.0
1047.1589909241836 784.0
1047.400912626688 800.0
1047.6428251912175 793.0
1047.8847286172886 803.0
1048.1266229044188 798.0
1048.3685080521243 779.0
1048.6103840599228 778.0
1048.8522509273307 782.0
1049.0941086538646 810.0
1049.3359572390418 795.0
1049.577796682379 799.0
1049.819626983393 796.0
1050.061448141601 785.0
1050.3032601565194 798.0
1050.5450630276655 782.0
1050.7868567545556 793.0
1051.0286413367073 786.0
1051.270416773637 794.0
1051.5121830648616 785.0
1051.7539402098982 781.0
1051.9956882082631 776.0
1052.237427059474 786.0
1052.479156763047 795.0
1052.7208773184996 792.0
1052.9625887253483 784.0
1053.2042909831098 784.0
1053.4459840913016 782.0
1053.6876680494397 796.0
1053.929342857042 795.0
1054.1710085136244 792.0
1054.4126650187043 785.0
1054.6543123717986 780.0
1054.8959505724238 797.0
1055.1375796200969 798.0
1055.3791995143351 792.0
1055.620810254655 801.0
1055.8624118405735 792.0
1056.1040042716074 800.0
1056.3455875472737 804.0
1056.5871616670893 803.0
1056.8287266305706 786.0
1057.070282437235 781.0
1057.3118290865991 789.0
1057.5533665781802 796.0
1057.7948949114943 788.0
1058.0364140860593 804.0
1058.2779241013916 785.0
1058.5194249570077 789.0
1058.760916652425 789.0
1059.0023991871599 788.0
1059.24387256073 789.0
1059.4853367726514 800.0
1059.7267918224413 785.0
1059.968237709617 798.0
1060.2096744336943 784.0
1060.451101994191 790.0
1060.6925203906237 781.0
1060.933929622509 778.0
1061.1753296893642 799.0
1061.4167205907056 800.0
1061.6581023260508 796.0
1061.8994748949162 801.0
1062.1408382968189 791.0
1062.3821925312755 790.0
1062.6235375978026 812.0
1062.8648734959181 806.0
1063.1062002251376 799.0
1063.3475177849793 788.0
1063.588826174959 803.0
1063.830125394594 796.0
1064.0714154434013 779.0
1064.312696320897 792.0
1064.553968026599 796.0
1064.7952305600238 803.0
1065.036483920688 793.0
1065.2777281081087 797.0
1065.5189631218025 785.0
1065.7601889612868 789.0
1066.001405626078 797.0
1066.2426131156928 789.0
1066.4838114296492 781.0
1066.7250005674625 794.0
1066.9661805286507 784.0
1067.2073513127305 786.0
1067.4485129192178 785.0
1067.689665347631 795.0
1067.9308085974856 788.0
1068.1719426682996 798.0
1068.413067559589 793.0
1068.654183270871 786.0
1068.8952898016628 794.0
1069.1363871514804 798.0
1069.3774753198418 781.0
1069.618554306263 794.0
1069.8596241102612 802.0
1070.100684731353 799.0
1070.3417361690556 781.0
1070.582778422886 793.0
1070.8238114923604 799.0
1071.0648353769964 800.0
1071.3058500763104 782.0
1071.5468555898192 774.0
1071.7878519170404 800.0
1072.02883905749 797.0
1072.2698170106853 783.0
1072.5107857761434 798.0
1072.75174535338 795.0
1072.9926957419138 787.0
1073.23363694126 792.0
1073.4745689509368 793.0
1073.7154917704597 786.0
1073.9564053993467 784.0
1074.1973098371145 791.0
1074.4382050832794 796.0
1074.6790911373587 796.0
1074.9199679988692 795.0
1075.1608356673278 786.0
1075.4016941422512 781.0
1075.6425434231562 784.0
1075.8833835095604 798.0
1076.1242144009796 801.0
1076.3650360969316 798.0
1076.6058485969324 797.0
1076.8466519004996 786.0
1077.0874460071498 788.0
1077.3282309163997 788.0
1077.5690066277664 793.0
1077.8097731407665 784.0
1078.0505304549172 788.0
1078.2912785697354 792.0
1078.5320174847377 790.0
1078.772747199441 779.0
1079.0134677133622 769.0
1079.2541790260184 785.0
1079.4948811369263 784.0
1079.7355740456023 778.0
1079.9762577515642 783.0
1080.2169322543277 789.0
1080.4575975534112 777.0
1080.6982536483301 790.0
1080.9389005386022 784.0
1081.179538223744 772.0
1081.4201667032721 781.0
1081.6607859767041 798.0
1081.9013960435564 787.0
1082.1419969033457 795.0
1082.382588555589 803.0
1082.6231709998035 781.0
1082.863744235506 796.0
1083.104308262213 793.0
1083.3448630794412 787.0
1083.5854086867082 800.0
1083.8259450835303 785.0
1084.0664722694248 778.0
1084.306990243908 781.0
1084.5474990064974 809.0
1084.7879985567097 799.0
1085.0284888940612 801.0
1085.2689700180695 785.0
1085.509441928251 785.0
1085.749904624123 790.0
1085.990358105202 798.0
1086.2308023710048 792.0
1086.4712374210485 804.0
1086.71166325485 794.0
1086.9520798719261 779.0
1087.1924872717937 783.0
1087.4328854539694 794.0
1087.6732744179706 789.0
1087.9136541633134 780.0
1088.1540246895156 789.0
1088.3943859960934 788.0
1088.6347380825637 810.0
1088.8750809484436 789.0
1089.1154145932499 784.0
1089.3557390164995 785.0
1089.5960542177095 787.0
1089.836360196396 783.0
1090.0766569520767 778.0
1090.3169444842679 794.0
1090.557222792487 794.0
1090.7974918762502 793.0
1091.037751735075 769.0
1091.2780023684782 778.0
1091.518243775976 785.0
1091.7584759570861 784.0
1091.9986989113247 797.0
1092.2389126382093 800.0
1092.4791171372563 797.0
1092.7193124079827 779.0
1092.9594984499054 771.0
1093.1996752625412 778.0
1093.4398428454072 777.0
1093.68000119802 788.0
1093.9201503198965 802.0
1094.1602902105537 793.0
1094.4004208695083 804.0
1094.6405422962773 796.0
1094.8806544903778 799.0
1095.120757451326 785.0
1095.3608511786392 796.0
1095.6009356718341 780.0
1095.8410109304282 796.0
1096.0810769539376 796.0
1096.3211337418795 804.0
1096.5611812937707 790.0
1096.8012196091279 796.0
1097.0412486874682 789.0
1097.2812685283084 778.0
1097.5212791311658 789.0
1097.7612804955563 783.0
1098.0012726209975 800.0
1098.2412555070064 791.0
1098.4812291530989 783.0
1098.721193558793 777.0
1098.961148723605 789.0
1099.2010946470518 796.0
1099.4410313286503 783.0
1099.6809587679172 776.0
1099.92087696437 787.0
1100.1607859175251 796.0
1100.400685626899 782.0
1100.640576092009 789.0
1100.880457312372 791.0
1101.1203292875052 790.0
1101.3601920169247 791.0
1101.6000455001479 788.0
1101.8398897366915 797.0
1102.079724726072 780.0
1102.3195504678072 784.0
1102.559366961413 810.0
1102.7991742064069 785.0
1103.0389722023056 796.0
1103.2787609486254 791.0
1103.5185404448844 796.0
1103.7583106905984 800.0
1103.9980716852845 794.0
1104.23782342846 804.0
1104.4775659196412 789.0
1104.7172991583454 789.0
1104.9570231440887 788.0
1105.1967378763893 787.0
1105.436443354763 779.0
1105.6761395787273 792.0
1105.9158265477986 789.0
1106.1555042614937 806.0
1106.3951727193298 805.0
1106.6348319208234 784.0
1106.8744818654923 782.0
1107.1141225528525 778.0
1107.3537539824208 786.0
1107.5933761537144 793.0
1107.8329890662503 794.0
1108.072592719545 793.0
1108.3121871131157 799.0
1108.551772246479 793.0
1108.7913481191517 797.0
1109.030914730651 794.0
1109.2704720804938 784.0
1109.5100201681967 783.0
1109.7495589932764 776.0
1109.9890885552504 782.0
1110.2286088536348 798.0
1110.4681198879473 789.0
1110.707621657704 785.0
1110.9471141624224 801.0
1111.1865974016187 784.0
1111.4260713748101 779.0
1111.665536081514 787.0
1111.9049915212463 777.0
1112.1444376935244 773.0
1112.3838745978653 793.0
1112.6233022337854 780.0
1112.8627206008023 792.0
1113.102129698432 782.0
1113.3415295261918 793.0
1113.5809200835986 777.0
1113.820301370169 797.0
1114.0596733854206 794.0
1114.2990361288694 779.0
1114.5383896000326 782.0
1114.7777337984273 789.0
1115.0170687235698 793.0
1115.2563943749778 800.0
1115.4957107521673 798.0
1115.7350178546556 793.0
1115.9743156819598 797.0
1116.213604233596 797.0
1116.452883509082 787.0
1116.692153507934 796.0
1116.9314142296694 803.0
1117.1706656738045 789.0
1117.4099078398563 793.0
1117.6491407273422 786.0
1117.8883643357783 789.0
1118.1275786646822 787.0
1118.36678371357 789.0
1118.6059794819594 794.0
1118.8451659693665 792.0
1119.0843431753085 785.0
1119.3235110993026 786.0
1119.5626697408647 793.0
1119.8018190995128 802.0
1120.0409591747637 773.0
1120.2800899661331 788.0
1120.519211473139 774.0
1120.7583236952978 772.0
1120.9974266321262 774.0
1121.236520283142 789.0
1121.4756046478608 786.0
1121.7146797258001 793.0
1121.9537455164768 792.0
1122.192802019408 788.0
1122.4318492341101 793.0
1122.6708871601 790.0
1122.909915796895 801.0
1123.1489351440111 794.0
1123.3879452009662 802.0
1123.6269459672762 788.0
1123.865937442459 775.0
1124.1049196260308 790.0
1124.3438925175087 781.0
